0.000000 0.000000 -0.000000 0.000000 0.000000 0.000000 -0.000000 1.000000
0.103873 0.012102 0.000447 0.126728 0.000507 0.007704 -0.000687 0.999970
0.207745 0.030218 0.000979 0.268623 0.000290 0.018033 -0.002065 0.999835
0.311874 0.059875 0.002308 0.430540 -0.000413 0.031394 -0.002869 0.999503
0.415872 0.105041 0.003322 0.603461 -0.001597 0.048124 -0.002786 0.998836
0.519999 0.165296 0.005265 0.787009 -0.002673 0.067079 -0.001401 0.997743
0.624120 0.240194 0.007625 0.981257 -0.002860 0.086945 0.000192 0.996209
0.728245 0.322055 0.011212 1.185453 -0.003493 0.108768 0.000226 0.994061
0.832496 0.417005 0.014745 1.399473 -0.004732 0.133265 -0.000043 0.991069
0.936622 0.531827 0.013617 1.620036 -0.008211 0.157956 0.000802 0.987412
1.040770 0.677219 0.013042 1.841928 -0.011737 0.182473 0.005023 0.983128
1.144873 0.832805 0.016016 2.063052 -0.013482 0.209234 0.007419 0.977744
1.248998 0.999102 0.019082 2.286905 -0.015193 0.237299 0.007498 0.971289
1.353147 1.188050 0.024165 2.512800 -0.017553 0.265388 0.007665 0.963951
1.457124 1.399778 0.030702 2.733367 -0.019181 0.293921 0.009370 0.955591
1.561124 1.634196 0.036538 2.948016 -0.020187 0.322915 0.011536 0.946142
1.665128 1.890112 0.045999 3.160521 -0.020969 0.350985 0.013122 0.936054
1.768997 2.166152 0.059950 3.369735 -0.020825 0.378175 0.014520 0.925386
1.872875 2.465897 0.075811 3.579897 -0.020890 0.404907 0.015148 0.913994
1.976766 2.784666 0.092325 3.792151 -0.022523 0.430519 0.014153 0.902190
2.080499 3.131897 0.107799 4.000366 -0.023434 0.454191 0.013749 0.890490
2.184123 3.507611 0.124132 4.202254 -0.023867 0.475798 0.013816 0.879122
2.287894 3.909356 0.139237 4.402127 -0.024817 0.495778 0.014355 0.867976
2.391499 4.338561 0.157556 4.600410 -0.025229 0.514321 0.013677 0.857118
2.495127 4.794196 0.177527 4.791823 -0.024727 0.531760 0.013270 0.846430
2.598751 5.277728 0.198795 4.974126 -0.022759 0.547467 0.013426 0.836410
2.702273 5.789743 0.222015 5.152037 -0.020564 0.560852 0.013731 0.827547
2.805874 6.329744 0.245396 5.330723 -0.018726 0.572221 0.013711 0.819771
2.909375 6.895352 0.268641 5.510973 -0.017619 0.581248 0.013967 0.813416
3.012876 7.490216 0.290902 5.692965 -0.017254 0.587719 0.014513 0.808751
3.116499 8.109243 0.313121 5.878028 -0.017230 0.592615 0.015481 0.805153
3.220123 8.752695 0.336787 6.068197 -0.018429 0.597213 0.015801 0.801715
3.323750 9.421853 0.362688 6.260273 -0.019714 0.601628 0.015901 0.798375
3.427371 10.112010 0.390265 6.449695 -0.020593 0.605797 0.016272 0.795186
3.531001 10.825970 0.419316 6.636983 -0.021668 0.609984 0.016625 0.791943
3.634758 11.559710 0.451452 6.820541 -0.022255 0.614289 0.017182 0.788580
3.738395 12.311460 0.486118 7.000760 -0.022574 0.618426 0.017607 0.785321
3.842137 13.082270 0.523362 7.178249 -0.024268 0.622645 0.018254 0.781915
3.945774 13.862030 0.563145 7.350290 -0.026060 0.627138 0.018752 0.778246
4.049501 14.649940 0.603490 7.512325 -0.028081 0.631916 0.019990 0.774270
4.153250 15.444310 0.644343 7.663696 -0.029174 0.636970 0.020574 0.770062
4.257002 16.241240 0.684979 7.803818 -0.029364 0.642448 0.020746 0.765485
4.360751 17.045990 0.727244 7.933466 -0.029246 0.648020 0.020108 0.760796
4.464541 17.856990 0.767991 8.048258 -0.028811 0.654317 0.019711 0.755414
4.568398 18.672730 0.806454 8.147356 -0.028785 0.662034 0.018529 0.748692
4.672274 19.495760 0.845649 8.228210 -0.029576 0.671515 0.016811 0.740210
4.776128 20.322010 0.885008 8.284769 -0.030572 0.682575 0.015471 0.730012
4.880125 21.156270 0.923278 8.311045 -0.031069 0.694544 0.014431 0.718634
4.984148 21.992720 0.958563 8.306307 -0.031092 0.706774 0.013888 0.706619
5.088126 22.830060 0.992926 8.271717 -0.030499 0.718694 0.013418 0.694528
5.192023 23.668300 1.025646 8.211107 -0.029905 0.730031 0.012207 0.682650
5.295877 24.504830 1.056280 8.124873 -0.029498 0.741041 0.010440 0.670731
5.399752 25.338630 1.084175 8.006449 -0.026944 0.751906 0.009801 0.658647
5.503628 26.168910 1.109162 7.855574 -0.022973 0.762345 0.009854 0.646688
5.607400 26.991550 1.128261 7.679836 -0.018538 0.772268 0.009638 0.634954
5.711251 27.811610 1.143099 7.478533 -0.014652 0.781528 0.010086 0.623616
5.815003 28.630970 1.152061 7.246691 -0.010011 0.790427 0.011113 0.612374
5.918752 29.438030 1.152695 6.997717 -0.005096 0.798714 0.009953 0.601608
6.022375 30.230070 1.146023 6.731675 0.001207 0.806688 0.005556 0.590950
6.126131 31.011650 1.131823 6.452447 0.007057 0.814358 -0.001357 0.580318
6.229773 31.783040 1.108614 6.157692 0.011721 0.821990 -0.008225 0.569322
6.333503 32.550860 1.070947 5.836955 0.015855 0.829451 -0.011636 0.558234
6.437129 33.310090 1.026378 5.495463 0.017826 0.836516 -0.012412 0.547512
6.540880 34.061480 0.979089 5.135804 0.018573 0.843240 -0.010975 0.537105
6.644505 34.804100 0.931990 4.758144 0.018307 0.849283 -0.007608 0.527565
6.748254 35.532100 0.886977 4.363872 0.019395 0.854594 -0.003367 0.518923
6.851878 36.249090 0.842691 3.963231 0.020974 0.858656 -0.002283 0.512118
6.955504 36.954120 0.802550 3.562206 0.022672 0.861914 -0.002388 0.506542
7.059005 37.648220 0.763024 3.157985 0.024100 0.864784 -0.003034 0.501557
7.162754 38.339410 0.718993 2.756405 0.022395 0.867823 -0.005918 0.496333
7.266377 39.028840 0.675754 2.346023 0.020889 0.871153 -0.005838 0.490533
7.370130 39.707370 0.634835 1.915654 0.022168 0.873661 -0.005576 0.485997
7.473752 40.387000 0.591596 1.476584 0.024123 0.875698 -0.005459 0.482225
7.577401 41.078460 0.548704 1.032647 0.025296 0.876826 -0.006807 0.480094
7.681003 41.784150 0.507750 0.581090 0.025822 0.876773 -0.007836 0.480146
7.784655 42.507450 0.462197 0.121543 0.026582 0.875877 -0.007105 0.481749
7.888275 43.252240 0.415768 -0.337836 0.025643 0.874277 -0.007011 0.484698
7.991881 44.016520 0.369608 -0.795229 0.024809 0.872342 -0.007477 0.488209
8.095633 44.798470 0.322920 -1.255569 0.024217 0.870335 -0.007993 0.491800
8.199389 45.597970 0.275242 -1.718077 0.023023 0.868543 -0.008542 0.495005
8.303130 46.416710 0.225120 -2.182613 0.021285 0.867247 -0.009612 0.497330
8.407006 47.253440 0.172128 -2.652713 0.019078 0.866801 -0.010353 0.498182
8.510755 48.102440 0.119194 -3.132580 0.017373 0.866926 -0.010633 0.498020
8.614628 48.961560 0.066144 -3.622610 0.016493 0.867233 -0.010667 0.497515
8.718382 49.829130 0.015434 -4.119797 0.016292 0.867362 -0.010400 0.497301
8.822133 50.709860 -0.033975 -4.626524 0.016042 0.867424 -0.010029 0.497210
8.925883 51.600920 -0.084612 -5.138527 0.015941 0.867435 -0.009665 0.497201
9.029629 52.496600 -0.135979 -5.654198 0.015700 0.867459 -0.009567 0.497169
9.133505 53.399380 -0.188942 -6.170360 0.014781 0.867527 -0.009621 0.497077
9.237279 54.298980 -0.242812 -6.686856 0.014346 0.867521 -0.009371 0.497105
9.341007 55.197500 -0.298703 -7.201418 0.013824 0.867365 -0.009649 0.497386
9.444755 56.094710 -0.353125 -7.714224 0.013265 0.867038 -0.009155 0.497981
9.548508 56.992270 -0.406771 -8.225644 0.012762 0.866462 -0.007820 0.499018
9.652155 57.889050 -0.458755 -8.733355 0.012425 0.865774 -0.006873 0.500233
9.755883 58.782940 -0.509048 -9.236703 0.012391 0.865107 -0.006528 0.501391
9.859630 59.676030 -0.559250 -9.738335 0.012743 0.864480 -0.006462 0.502465
9.963509 60.568300 -0.609398 -10.237180 0.012799 0.864223 -0.006700 0.502902
10.067270 61.453890 -0.661784 -10.731110 0.013019 0.864366 -0.007680 0.502635
10.171130 62.335320 -0.714447 -11.224610 0.013116 0.865173 -0.009204 0.501218
10.275010 63.209030 -0.767391 -11.720560 0.012958 0.866431 -0.010106 0.499026
10.378880 64.079730 -0.819584 -12.224850 0.012761 0.868006 -0.009271 0.496303
10.482760 64.940070 -0.874991 -12.737470 0.012396 0.869605 -0.007276 0.493539
10.586510 65.794730 -0.928203 -13.245590 0.011025 0.871097 -0.007493 0.490929
10.690390 66.637500 -0.980535 -13.759190 0.012438 0.872500 -0.007891 0.488392
10.794130 67.472690 -1.033058 -14.273780 0.013223 0.873859 -0.009038 0.485916
10.898010 68.306160 -1.087156 -14.789450 0.012713 0.875247 -0.009908 0.483407
11.001750 69.131680 -1.141061 -15.308060 0.012544 0.876317 -0.010670 0.481453
11.105390 69.952410 -1.192211 -15.830390 0.012487 0.877254 -0.009889 0.479761
11.209130 70.774870 -1.238526 -16.359280 0.011150 0.877998 -0.006255 0.478494
11.312890 71.594960 -1.282215 -16.886750 0.008494 0.878623 -0.001713 0.477438
11.416630 72.408860 -1.318045 -17.411310 0.006998 0.879126 0.000375 0.476537
11.520390 73.207180 -1.352730 -17.930420 0.009478 0.879424 -0.002926 0.475935
11.624010 73.999280 -1.391231 -18.451010 0.011672 0.879703 -0.005154 0.475353
11.727800 74.791830 -1.430026 -18.975780 0.014553 0.879831 -0.004654 0.475040
11.831510 75.585180 -1.475622 -19.500110 0.015692 0.879765 -0.002952 0.475140
11.935260 76.381600 -1.517748 -20.017690 0.014664 0.879615 -0.001879 0.475456
12.038930 77.177660 -1.553839 -20.533580 0.013211 0.879414 -0.000182 0.475874
12.142640 77.976200 -1.590768 -21.045650 0.010479 0.879192 0.001731 0.476349
12.246380 78.773350 -1.622926 -21.545110 0.006165 0.879064 0.000815 0.476663
12.350150 79.570910 -1.647452 -22.043290 0.002888 0.878654 -0.000773 0.477450
12.453880 80.359750 -1.672576 -22.550030 0.003435 0.878087 0.000568 0.478488
12.557630 81.144860 -1.699977 -23.055510 0.005349 0.877200 0.001454 0.480094
12.661390 81.931660 -1.723704 -23.552040 0.007341 0.875767 0.000367 0.482678
12.765050 82.721600 -1.744715 -24.045560 0.009772 0.873566 0.001969 0.486604
12.868760 83.517150 -1.770218 -24.535070 0.012261 0.871227 0.004584 0.490705
12.972400 84.318810 -1.788533 -25.002800 0.012021 0.868415 0.003672 0.495679
13.076170 85.130890 -1.805753 -25.457240 0.010837 0.865288 0.003581 0.501145
13.179930 85.944840 -1.822552 -25.905910 0.009764 0.861927 0.005221 0.506911
13.283680 86.759450 -1.839846 -26.339280 0.009286 0.858674 0.005751 0.512406
13.387430 87.583520 -1.851770 -26.763470 0.009366 0.855208 0.006363 0.518161
13.491130 88.405370 -1.869075 -27.177590 0.010439 0.851682 0.006855 0.523910
13.594890 89.230850 -1.893883 -27.575080 0.010983 0.848111 0.005273 0.529678
13.698760 90.052030 -1.917750 -27.962520 0.015307 0.844638 0.001862 0.535116
13.802490 90.880710 -1.943851 -28.339270 0.017073 0.840882 -0.000466 0.540949
13.906260 91.722220 -1.977509 -28.702010 0.015396 0.837408 0.000556 0.546361
14.010030 92.567280 -2.011590 -29.055560 0.013913 0.833831 0.001780 0.551842
14.113800 93.409030 -2.046250 -29.395080 0.013295 0.830835 0.000110 0.556360
14.217640 94.248770 -2.082058 -29.721930 0.013186 0.828638 -0.003406 0.559619
14.321530 95.091560 -2.119871 -30.042180 0.013149 0.827097 -0.008392 0.561843
14.425390 95.936820 -2.163160 -30.363570 0.012867 0.826005 -0.010453 0.563418
14.529260 96.783670 -2.209948 -30.683100 0.012152 0.824872 -0.011166 0.565078
14.633120 97.627970 -2.254489 -30.999950 0.012399 0.823394 -0.011085 0.567226
14.736910 98.478260 -2.300639 -31.310960 0.010823 0.821680 -0.010538 0.569748
14.840760 99.333370 -2.347890 -31.616560 0.009099 0.820091 -0.008930 0.572091
14.944510 100.184800 -2.394151 -31.914080 0.008043 0.818340 -0.008130 0.574621
15.048260 101.038300 -2.436801 -32.195590 0.005149 0.816564 -0.010595 0.577135
15.152010 101.891300 -2.479664 -32.468990 0.002828 0.814652 -0.014126 0.579771
15.255760 102.738700 -2.524306 -32.746220 0.004055 0.812563 -0.014889 0.582670
15.359530 103.588500 -2.567807 -33.023550 0.006191 0.810342 -0.015288 0.585725
15.463280 104.445500 -2.610933 -33.289180 0.005453 0.808303 -0.014911 0.588553
15.567140 105.306500 -2.657199 -33.553570 0.003588 0.806214 -0.013021 0.591469
15.670890 106.170900 -2.704158 -33.809880 0.002198 0.804027 -0.012182 0.594464
15.774640 107.028600 -2.745462 -34.057650 0.002687 0.801986 -0.014073 0.597170
15.878390 107.889600 -2.790316 -34.298460 0.003519 0.800001 -0.015145 0.599798
15.982160 108.752300 -2.835895 -34.533990 0.003666 0.797873 -0.016283 0.602595
16.086050 109.620500 -2.882830 -34.763640 0.002965 0.795735 -0.015933 0.605428
16.189760 110.487000 -2.928512 -34.993230 0.004074 0.793254 -0.014555 0.608703
16.293510 111.353500 -2.973590 -35.218470 0.005496 0.790805 -0.013320 0.611898
16.397260 112.222300 -3.017837 -35.432390 0.006173 0.788699 -0.012738 0.614616
16.501030 113.094500 -3.062720 -35.631080 0.004106 0.786569 -0.014659 0.617314
16.604760 113.968900 -3.106520 -35.824320 0.002326 0.784703 -0.015509 0.619674
16.708640 114.841800 -3.150123 -36.023230 0.002850 0.783198 -0.014429 0.621599
16.812390 115.714700 -3.193868 -36.218190 0.003391 0.781685 -0.013789 0.623512
16.916160 116.585700 -3.239438 -36.407850 0.004426 0.780189 -0.014458 0.625361
17.020010 117.462400 -3.279199 -36.601690 0.005770 0.778351 -0.011502 0.627697
17.123760 118.336800 -3.318375 -36.794500 0.007704 0.776669 -0.008145 0.629810
17.227520 119.210100 -3.361858 -36.974840 0.008146 0.775078 -0.006651 0.631778
17.331410 120.085000 -3.401094 -37.144660 0.008378 0.773700 -0.008032 0.633446
17.435140 120.956100 -3.438516 -37.311260 0.008563 0.772510 -0.009275 0.634877
17.539040 121.830400 -3.481415 -37.474600 0.007352 0.771896 -0.009919 0.635629
17.642890 122.703900 -3.521474 -37.638780 0.006727 0.771614 -0.009604 0.635983
17.746640 123.575400 -3.558368 -37.808670 0.006347 0.771257 -0.007549 0.636448
17.850540 124.452400 -3.596100 -37.976270 0.004132 0.770918 -0.005621 0.636896
17.954270 125.320500 -3.631060 -38.141460 0.003035 0.770667 -0.004645 0.637214
18.058140 126.178100 -3.664261 -38.305940 0.004897 0.770185 -0.006496 0.637768
18.161890 127.033700 -3.697685 -38.469730 0.006371 0.770147 -0.008090 0.637783
18.265770 127.891600 -3.731608 -38.629380 0.005059 0.770195 -0.008821 0.637728
18.369580 128.749000 -3.773125 -38.789160 0.004406 0.769982 -0.009245 0.637983
18.473380 129.601900 -3.812511 -38.954630 0.005032 0.769860 -0.007885 0.638144
18.577160 130.448500 -3.847217 -39.115380 0.006149 0.769496 -0.009041 0.638558
18.680990 131.294400 -3.890191 -39.254810 0.004023 0.769542 -0.012898 0.638454
18.784860 132.134300 -3.932338 -39.395530 0.002111 0.769434 -0.015782 0.638528
18.888520 132.969800 -3.974607 -39.545930 0.004155 0.769256 -0.016378 0.638717
18.992370 133.800300 -4.018902 -39.697620 0.004780 0.769144 -0.015892 0.638861
19.096040 134.623100 -4.063364 -39.844310 0.005148 0.768567 -0.016822 0.639528
19.199890 135.449500 -4.105477 -39.999790 0.007243 0.768032 -0.013544 0.640227
19.303520 136.267300 -4.146973 -40.152820 0.008433 0.766914 -0.010105 0.641615
19.407390 137.090800 -4.188573 -40.300570 0.007786 0.766304 -0.006306 0.642400
19.511150 137.902300 -4.226372 -40.437800 0.008116 0.765130 -0.005769 0.643798
19.614770 138.705700 -4.266655 -40.571180 0.010382 0.763419 -0.006786 0.645784
19.718390 139.506000 -4.303913 -40.696140 0.011483 0.761379 -0.007657 0.648160
19.822140 140.305400 -4.337506 -40.812240 0.012628 0.758594 -0.008159 0.651390
19.925670 141.108200 -4.377901 -40.918610 0.011339 0.755447 -0.005787 0.655086
20.029410 141.906200 -4.419464 -41.018620 0.011961 0.751521 -0.003550 0.659591
20.132890 142.696400 -4.456348 -41.109930 0.014659 0.746926 -0.002806 0.664740
20.236640 143.486200 -4.491871 -41.184130 0.015037 0.742119 -0.003327 0.670091
20.340390 144.276000 -4.527880 -41.248450 0.015717 0.737406 -0.002605 0.675262
20.444020 145.055000 -4.567642 -41.303540 0.016918 0.732722 -0.002881 0.680311
20.547770 145.827400 -4.612403 -41.344840 0.017905 0.728014 -0.005760 0.685305
20.651520 146.590300 -4.657895 -41.366860 0.019201 0.723542 -0.011547 0.689916
20.755270 147.350200 -4.704613 -41.381820 0.020773 0.718730 -0.015893 0.694797
20.859140 148.116900 -4.754981 -41.390150 0.021291 0.713958 -0.016642 0.699667
20.962890 148.886400 -4.810016 -41.384520 0.018678 0.709799 -0.016346 0.703967
21.066770 149.647200 -4.866196 -41.364920 0.016012 0.705975 -0.016629 0.707861
21.170640 150.394500 -4.922570 -41.337850 0.016979 0.702595 -0.019963 0.711107
21.274520 151.136700 -4.975189 -41.307450 0.019161 0.700030 -0.023787 0.713460
21.378530 151.883600 -5.025972 -41.271710 0.019208 0.698725 -0.026251 0.714651
21.482520 152.640300 -5.085267 -41.243160 0.017279 0.698744 -0.025684 0.714702
21.586400 153.394500 -5.150084 -41.216650 0.014216 0.699405 -0.024564 0.714161
21.690420 154.148400 -5.204637 -41.192870 0.013743 0.700491 -0.023068 0.713156
21.794280 154.896300 -5.253941 -41.171990 0.014780 0.701493 -0.022340 0.712173
21.898270 155.641200 -5.309298 -41.157670 0.015325 0.702774 -0.022035 0.710907
22.002150 156.392600 -5.366278 -41.138670 0.013996 0.704511 -0.021667 0.709224
22.106150 157.139500 -5.416962 -41.129290 0.014465 0.706337 -0.022096 0.707383
22.210070 157.885700 -5.470893 -41.122250 0.013265 0.708454 -0.021909 0.705292
22.313900 158.630200 -5.528080 -41.121490 0.012389 0.710613 -0.020113 0.703187
22.417770 159.364300 -5.577823 -41.123040 0.012680 0.712424 -0.020506 0.701335
22.521520 160.095200 -5.628365 -41.126380 0.012506 0.714308 -0.021499 0.699389
22.625400 160.821500 -5.683305 -41.133080 0.012869 0.715739 -0.022552 0.697885
22.729170 161.541500 -5.738588 -41.143410 0.013446 0.716630 -0.023329 0.696934
22.832900 162.255900 -5.787286 -41.159100 0.015117 0.717237 -0.023103 0.696282
22.936520 162.974800 -5.840496 -41.173040 0.015921 0.717107 -0.021410 0.696452
23.040140 163.691100 -5.895410 -41.184580 0.015385 0.715852 -0.019030 0.697824
23.143770 164.399400 -5.950404 -41.185950 0.015523 0.713363 -0.018316 0.700383
23.247420 165.098900 -6.001598 -41.183910 0.017021 0.709506 -0.017608 0.704273
23.351020 165.794600 -6.048437 -41.169840 0.018137 0.704389 -0.016596 0.709388
23.454650 166.485800 -6.093238 -41.139910 0.017518 0.698945 -0.015992 0.714782
23.558270 167.170500 -6.137223 -41.090750 0.013881 0.693209 -0.015903 0.720428
23.662020 167.853000 -6.181673 -41.036680 0.011301 0.687276 -0.013891 0.726176
23.765650 168.530100 -6.221562 -40.975300 0.008698 0.681106 -0.011502 0.732043
23.869400 169.200100 -6.257878 -40.901540 0.005929 0.674634 -0.008865 0.738075
23.973020 169.861400 -6.291791 -40.814300 0.002918 0.668199 -0.007506 0.743939
24.076780 170.510600 -6.321698 -40.718020 0.001574 0.661506 -0.006776 0.749908
24.180540 171.157700 -6.345942 -40.614740 0.002035 0.654621 -0.005684 0.755933
24.284160 171.785700 -6.364809 -40.498720 0.001228 0.647923 -0.005855 0.761682
24.387900 172.413600 -6.383917 -40.368410 -0.000445 0.641624 -0.007071 0.766987
24.491650 173.035000 -6.398487 -40.234370 -0.003108 0.635973 -0.006622 0.771676
24.595400 173.656900 -6.414475 -40.100850 -0.003430 0.631105 -0.004438 0.775677
24.699270 174.272000 -6.429852 -39.961620 -0.002743 0.626742 -0.002959 0.779216
24.803110 174.873500 -6.445461 -39.804780 -0.003141 0.622754 -0.005442 0.782393
24.906780 175.466100 -6.462030 -39.643440 -0.002450 0.619170 -0.009113 0.785200
25.010540 176.053400 -6.476780 -39.489360 0.001805 0.615400 -0.012084 0.788120
25.114270 176.644300 -6.491511 -39.337280 0.006554 0.611945 -0.012388 0.790776
25.218040 177.238400 -6.503706 -39.176700 0.006765 0.609226 -0.011494 0.792885
25.321770 177.840900 -6.523425 -38.998190 0.002587 0.606828 -0.010153 0.794764
25.425520 178.445700 -6.542753 -38.817720 -0.003154 0.605091 -0.007956 0.796110
25.529390 179.051200 -6.563672 -38.637820 -0.007827 0.604222 -0.005799 0.796757
25.633210 179.649700 -6.577018 -38.468240 -0.006630 0.603803 -0.004172 0.797095
25.737020 180.245300 -6.587494 -38.298500 -0.004076 0.603245 -0.003930 0.797536
25.840800 180.842400 -6.589823 -38.130090 -0.002794 0.602580 -0.002524 0.798050
25.944520 181.441700 -6.592495 -37.953870 -0.004267 0.601863 -0.002890 0.798582
26.048150 182.043400 -6.599489 -37.773640 -0.005849 0.600769 -0.001592 0.799400
26.151900 182.654500 -6.610135 -37.585090 -0.008084 0.599466 0.000151 0.800360
26.255540 183.267800 -6.618163 -37.393230 -0.008934 0.597723 0.001566 0.801651
26.359150 183.883100 -6.622539 -37.195870 -0.008818 0.595147 0.002701 0.803564
26.462800 184.499200 -6.624971 -36.994200 -0.009332 0.591779 0.004282 0.806035
26.566610 185.111800 -6.625315 -36.787290 -0.009292 0.587748 0.005642 0.808971
26.670290 185.720600 -6.626474 -36.568560 -0.009115 0.583011 0.004796 0.812399
26.773900 186.326400 -6.629118 -36.336250 -0.008242 0.578064 0.003153 0.815944
26.877670 186.937200 -6.630873 -36.097590 -0.007144 0.573055 0.001783 0.819484
26.981280 187.555500 -6.636302 -35.847290 -0.006387 0.567917 0.001883 0.823059
27.085020 188.179600 -6.641727 -35.586660 -0.007285 0.562874 0.003157 0.826505
27.188790 188.795200 -6.647005 -35.311670 -0.008725 0.557965 0.003168 0.829813
27.292530 189.408900 -6.647317 -35.032110 -0.009570 0.552835 0.003061 0.833230
27.396270 190.033300 -6.646563 -34.744990 -0.012195 0.548472 0.002192 0.836077
27.500020 190.658200 -6.645353 -34.453510 -0.013037 0.545162 0.000743 0.838229
27.603900 191.298300 -6.646441 -34.158280 -0.014628 0.543130 0.001264 0.839520
27.707780 191.950900 -6.642430 -33.866980 -0.015570 0.541960 0.003408 0.840253
27.811650 192.598500 -6.636461 -33.577010 -0.012772 0.541832 0.004168 0.840379
27.915520 193.254300 -6.629339 -33.280430 -0.012332 0.542380 0.004598 0.840030
28.019400 193.922400 -6.624605 -32.984310 -0.010190 0.542723 0.005312 0.839833
28.123280 194.607600 -6.620022 -32.689870 -0.008867 0.542795 0.006869 0.839790
28.227150 195.293500 -6.613679 -32.392180 -0.010373 0.543055 0.009780 0.839576
28.330900 195.981900 -6.607632 -32.091960 -0.011414 0.543525 0.010850 0.839245
28.434770 196.668900 -6.601884 -31.788810 -0.012566 0.544252 0.011566 0.838748
28.538650 197.357700 -6.590085 -31.484500 -0.012821 0.544875 0.011712 0.838337
28.642420 198.044700 -6.577998 -31.179470 -0.013454 0.545773 0.011277 0.837749
28.746150 198.728600 -6.568027 -30.878100 -0.013485 0.546573 0.010805 0.837233
28.849900 199.413600 -6.558335 -30.578490 -0.011890 0.547160 0.010061 0.836883
28.953800 200.096400 -6.544179 -30.282730 -0.008738 0.547520 0.008505 0.836703
29.057520 200.778400 -6.530959 -29.982090 -0.008068 0.547988 0.006660 0.836420
29.161270 201.464500 -6.520036 -29.678790 -0.009866 0.548662 0.007017 0.835956
29.264900 202.149000 -6.508843 -29.377620 -0.012309 0.549166 0.007391 0.835590
29.368650 202.832800 -6.500732 -29.074680 -0.013969 0.550251 0.006300 0.834859
29.472530 203.518600 -6.489796 -28.776100 -0.015046 0.552394 0.005235 0.833431
29.576300 204.205200 -6.476282 -28.490440 -0.015133 0.555249 0.005775 0.831526
29.680170 204.896500 -6.466747 -28.212340 -0.015321 0.559157 0.005852 0.828900
29.783900 205.585500 -6.460876 -27.946820 -0.014127 0.563549 0.006315 0.825938
29.887780 206.280400 -6.457291 -27.683360 -0.012618 0.568192 0.005365 0.822782
29.991660 206.977600 -6.451620 -27.425320 -0.013353 0.573256 0.004179 0.819257
30.095530 207.684700 -6.442866 -27.181720 -0.015041 0.577993 0.007808 0.815866
30.199280 208.395100 -6.431564 -26.949400 -0.016830 0.581641 0.012345 0.813178
30.303050 209.099700 -6.412693 -26.716540 -0.018710 0.584700 0.014384 0.810906
30.406780 209.804000 -6.390837 -26.477070 -0.021531 0.586716 0.012957 0.809403
30.510400 210.511400 -6.368113 -26.248260 -0.022177 0.587747 0.013739 0.808624
30.614030 211.226700 -6.344077 -26.016160 -0.021972 0.588445 0.014357 0.808111
30.717780 211.937800 -6.316282 -25.782350 -0.021265 0.588885 0.013923 0.807817
30.821410 212.653100 -6.288388 -25.542730 -0.021552 0.589096 0.012112 0.807685
30.925160 213.374600 -6.266484 -25.306550 -0.022346 0.588903 0.012144 0.807804
31.028780 214.099200 -6.250693 -25.074140 -0.023092 0.588147 0.012259 0.808331
31.132530 214.826000 -6.233950 -24.841570 -0.023278 0.587555 0.013256 0.808741
31.236300 215.556500 -6.215613 -24.610080 -0.022221 0.586881 0.014684 0.809235
31.340050 216.292000 -6.192151 -24.367270 -0.022304 0.585571 0.015426 0.810168
31.443650 217.025900 -6.170889 -24.115450 -0.023494 0.583735 0.015671 0.811453
31.547410 217.764100 -6.141465 -23.852830 -0.026275 0.581570 0.016200 0.812911
31.651030 218.499600 -6.107629 -23.588660 -0.028225 0.579291 0.017085 0.814453
31.754790 219.237300 -6.076588 -23.317850 -0.028659 0.577374 0.016958 0.815800
31.858530 219.973000 -6.048783 -23.037390 -0.029903 0.575514 0.013882 0.817127
31.962280 220.708100 -6.010950 -22.752940 -0.028591 0.573546 0.010744 0.818604
32.066030 221.445500 -5.978570 -22.466040 -0.028832 0.571570 0.008489 0.820003
32.169650 222.187200 -5.953439 -22.175040 -0.030065 0.569589 0.007828 0.821343
32.273410 222.924600 -5.925935 -21.880970 -0.030286 0.567836 0.006685 0.822557
32.377150 223.667300 -5.900824 -21.584010 -0.029166 0.566065 0.005723 0.823824
32.480910 224.411000 -5.878524 -21.285660 -0.029011 0.564029 0.005566 0.825227
32.584530 225.151900 -5.852608 -20.985740 -0.029869 0.561991 0.006046 0.826582
32.688280 225.887600 -5.821468 -20.687600 -0.028624 0.560057 0.007262 0.827927
32.791900 226.617200 -5.786416 -20.389140 -0.027240 0.558120 0.008200 0.829272
32.895660 227.344400 -5.748608 -20.081150 -0.026270 0.556251 0.007328 0.830567
32.999410 228.072000 -5.713135 -19.761640 -0.028692 0.554331 0.006089 0.831779
33.103170 228.794300 -5.670054 -19.441960 -0.030426 0.552239 0.005250 0.833114
33.206780 229.508300 -5.635042 -19.129900 -0.028508 0.550423 0.005266 0.834383
33.310530 230.220200 -5.598456 -18.813360 -0.025031 0.548613 0.003746 0.835693
33.414280 230.931800 -5.563405 -18.484870 -0.024614 0.547133 0.000077 0.836684
33.518170 231.651500 -5.531661 -18.149590 -0.027818 0.545741 -0.001934 0.837490
33.621780 232.380100 -5.500836 -17.819580 -0.032519 0.544513 0.001050 0.838121
33.725530 233.112800 -5.462204 -17.491360 -0.036215 0.543616 0.005872 0.838532
33.829280 233.842600 -5.421735 -17.155090 -0.040368 0.542839 0.008119 0.838827
33.933050 234.567900 -5.383327 -16.817990 -0.042674 0.541864 0.008309 0.839341
34.036660 235.283700 -5.338707 -16.486120 -0.040367 0.540601 0.007301 0.840278
34.140410 235.999300 -5.291877 -16.152190 -0.037008 0.538699 0.005889 0.841664
34.244030 236.713000 -5.248129 -15.809910 -0.034951 0.536734 0.004660 0.843015
34.347780 237.426400 -5.210063 -15.465160 -0.033444 0.534785 0.004526 0.844314
34.451530 238.136700 -5.166998 -15.117580 -0.032175 0.532880 0.004022 0.845569
34.555160 238.851800 -5.126556 -14.765210 -0.032043 0.531055 0.004988 0.846716
34.658910 239.571800 -5.089701 -14.406610 -0.034162 0.529431 0.006591 0.847640
34.762530 240.293100 -5.054711 -14.046730 -0.035919 0.527996 0.008885 0.848441
34.866280 241.017000 -5.014917 -13.683470 -0.037728 0.526769 0.011076 0.849098
34.970030 241.740400 -4.967915 -13.317510 -0.039423 0.525803 0.013270 0.849589
35.073910 242.468400 -4.919889 -12.948650 -0.041959 0.525019 0.015694 0.849911
35.177560 243.189400 -4.866153 -12.578710 -0.042674 0.524185 0.016103 0.850382
35.281280 243.892700 -4.820597 -12.202690 -0.041693 0.523468 0.010526 0.850959
35.385050 244.598000 -4.768203 -11.832730 -0.036478 0.523121 0.005905 0.851457
35.488660 245.303900 -4.715412 -11.468690 -0.031800 0.522730 0.003187 0.851899
35.592410 246.024100 -4.666974 -11.097930 -0.032859 0.522748 0.003938 0.851845
35.696160 246.747600 -4.628331 -10.721070 -0.036362 0.522634 0.005366 0.851765
35.799780 247.468200 -4.585009 -10.349670 -0.036419 0.521955 0.006402 0.852171
35.903530 248.189100 -4.542905 -9.979828 -0.034896 0.521465 0.007253 0.852528
36.007180 248.916500 -4.506301 -9.608053 -0.033469 0.520781 0.009013 0.852986
36.110910 249.645100 -4.465693 -9.231011 -0.035640 0.520038 0.010555 0.853334
36.214530 250.367400 -4.419715 -8.851415 -0.037900 0.519540 0.010809 0.853536
36.318290 251.087900 -4.371330 -8.470395 -0.037875 0.519043 0.010033 0.853849
36.422040 251.806300 -4.325524 -8.090111 -0.035936 0.518483 0.009452 0.854280
36.525780 252.522400 -4.275557 -7.707069 -0.034576 0.517748 0.008892 0.854788
36.629530 253.242500 -4.220724 -7.325540 -0.034461 0.516839 0.010698 0.855322
36.733280 253.960700 -4.161421 -6.938930 -0.036018 0.515173 0.011737 0.856249
36.837040 254.677900 -4.110352 -6.545579 -0.036802 0.513399 0.012416 0.857270
36.940790 255.391900 -4.048806 -6.152612 -0.036083 0.511322 0.013277 0.858529
37.044540 256.101100 -3.990384 -5.755645 -0.035588 0.509289 0.012539 0.859768
37.148290 256.804800 -3.930085 -5.350577 -0.035925 0.507357 0.009940 0.860929
37.252040 257.507600 -3.878397 -4.948904 -0.033663 0.504873 0.008777 0.862492
37.355660 258.215000 -3.826391 -4.543629 -0.031485 0.501256 0.010017 0.864668
37.459410 258.918400 -3.779890 -4.128435 -0.029923 0.496962 0.011419 0.867181
37.563030 259.618700 -3.733326 -3.705256 -0.028954 0.491918 0.013940 0.870048
37.666660 260.307600 -3.683134 -3.272954 -0.027952 0.485501 0.014949 0.873661
37.770280 260.991700 -3.633918 -2.820165 -0.028950 0.478702 0.015162 0.877369
37.874040 261.673100 -3.580981 -2.357593 -0.030506 0.471813 0.016890 0.881009
37.977790 262.344400 -3.531769 -1.883065 -0.033199 0.465056 0.017294 0.884490
38.081530 263.004900 -3.480155 -1.397703 -0.034437 0.459297 0.015359 0.887482
38.185280 263.655600 -3.427591 -0.907790 -0.034506 0.454556 0.012274 0.889965
38.289160 264.302700 -3.373096 -0.414263 -0.034540 0.451190 0.009325 0.891711
38.393160 264.951800 -3.320578 0.084217 -0.035715 0.450142 0.006681 0.892218
38.497160 265.600400 -3.277874 0.581562 -0.036584 0.451526 0.002660 0.891504
38.601160 266.252100 -3.231419 1.068534 -0.036732 0.455338 -0.001592 0.889559
38.705160 266.911900 -3.186902 1.539702 -0.035283 0.460315 -0.004219 0.887044
38.809290 267.583000 -3.138958 1.995215 -0.032734 0.466021 -0.002556 0.884164
38.913290 268.265900 -3.095292 2.447327 -0.033532 0.471270 -0.000910 0.881351
39.017160 268.943800 -3.057266 2.900508 -0.035094 0.476449 -0.002433 0.878498
39.121160 269.632200 -3.014796 3.337088 -0.035161 0.481390 -0.001203 0.875800
39.225040 270.324900 -2.971910 3.759467 -0.032776 0.485619 0.000309 0.873556
39.328910 271.017700 -2.933541 4.180200 -0.030991 0.490203 0.001014 0.871057
39.432660 271.717200 -2.897192 4.604376 -0.031118 0.493991 -0.000362 0.868910
39.536410 272.419700 -2.857745 5.022290 -0.032282 0.497242 -0.000937 0.867011
39.640160 273.128600 -2.814492 5.441538 -0.035429 0.499841 -0.000957 0.865392
39.743820 273.842600 -2.772449 5.855792 -0.038226 0.502351 -0.000218 0.863819
39.847560 274.560900 -2.721918 6.266911 -0.040434 0.504411 0.001276 0.862515
39.951290 275.274500 -2.673153 6.675117 -0.040401 0.505844 -0.000654 0.861678
40.055040 275.984700 -2.628431 7.082604 -0.038295 0.507092 -0.005289 0.861024
40.158660 276.693900 -2.585559 7.483336 -0.033287 0.507857 -0.009388 0.860747
40.262420 277.411700 -2.538301 7.884799 -0.029856 0.508539 -0.010980 0.860451
40.366160 278.137700 -2.495085 8.291747 -0.030164 0.509195 -0.011894 0.860040
40.469910 278.872400 -2.463622 8.703796 -0.032934 0.509692 -0.011534 0.859649
40.573540 279.608800 -2.427851 9.109342 -0.033247 0.509742 -0.010112 0.859625
40.677280 280.353300 -2.392970 9.516225 -0.033095 0.509376 -0.008023 0.859870
40.781040 281.097600 -2.361052 9.935075 -0.034246 0.508560 -0.007064 0.860316
40.884790 281.842900 -2.327550 10.359080 -0.034714 0.506894 -0.006303 0.861286
40.988410 282.589900 -2.293190 10.785800 -0.034325 0.504830 -0.006321 0.862513
41.092170 283.337500 -2.259848 11.219770 -0.034732 0.502953 -0.006405 0.863592
41.195790 284.084800 -2.234216 11.663250 -0.035746 0.501183 -0.007985 0.864566
41.299420 284.827200 -2.201768 12.104990 -0.035238 0.499103 -0.008903 0.865780
41.403160 285.578400 -2.174731 12.544850 -0.032226 0.496897 -0.007757 0.867176
41.506790 286.327800 -2.157485 12.987660 -0.029962 0.494271 -0.007797 0.868756
41.610540 287.079800 -2.141208 13.442010 -0.028537 0.490974 -0.007733 0.870673
41.714170 287.831600 -2.116997 13.911530 -0.029489 0.487056 -0.007275 0.872842
41.817920 288.581000 -2.092276 14.395100 -0.032787 0.483489 -0.007320 0.874706
41.921540 289.335100 -2.064174 14.888670 -0.036282 0.479899 -0.006914 0.876546
42.025300 290.088700 -2.028438 15.396350 -0.040405 0.476227 -0.006697 0.878368
42.128920 290.838200 -1.994986 15.905190 -0.042323 0.472581 -0.006675 0.880245
42.232670 291.580800 -1.953998 16.416650 -0.041230 0.468547 -0.007224 0.882446
42.336290 292.311900 -1.909983 16.932960 -0.037592 0.464514 -0.008180 0.884730
42.440040 293.039100 -1.864125 17.443830 -0.033741 0.460410 -0.010068 0.887008
42.543790 293.766600 -1.824438 17.959660 -0.029749 0.456702 -0.009601 0.889070
42.647420 294.493900 -1.789217 18.481610 -0.026219 0.452924 -0.008215 0.891126
42.751180 295.226700 -1.755458 19.012740 -0.025207 0.449353 -0.004202 0.892989
42.854790 295.976000 -1.733893 19.543720 -0.026130 0.445193 -0.000972 0.895053
42.958540 296.720900 -1.707063 20.090920 -0.028722 0.441062 0.002609 0.897013
43.062290 297.464500 -1.676369 20.641900 -0.029886 0.436975 0.004686 0.898965
43.166060 298.192200 -1.635982 21.212280 -0.031357 0.433368 0.005307 0.900656
43.269790 298.978300 -1.657067 21.804860 -0.032602 0.429581 0.003527 0.902433
43.373560 299.778800 -1.693639 22.416950 -0.034665 0.426052 0.001705 0.904033
43.477330 300.585200 -1.732539 23.024340 -0.034762 0.423456 0.003296 0.905244
43.581040 301.361000 -1.747050 23.633810 -0.034663 0.420915 0.002650 0.906434
43.684940 302.127900 -1.749939 24.245010 -0.032448 0.418453 0.002826 0.907654
43.788690 302.892600 -1.762461 24.860590 -0.029591 0.415476 0.002301 0.909120
43.892430 303.645300 -1.757056 25.487530 -0.029830 0.413110 0.002810 0.910188
43.996060 304.394000 -1.753708 26.128710 -0.032738 0.410692 0.002061 0.911184
44.099960 305.133200 -1.736061 26.778970 -0.036165 0.408338 0.002365 0.912111
44.203560 305.870300 -1.718076 27.427630 -0.035320 0.405725 0.002494 0.913309
44.307300 306.583000 -1.694224 28.076340 -0.033669 0.403179 0.000301 0.914502
44.411040 307.302600 -1.677575 28.735540 -0.031561 0.400572 -0.000748 0.915721
44.514790 308.019400 -1.655528 29.387000 -0.029399 0.398038 0.001630 0.916896
44.618540 308.735500 -1.635678 30.046490 -0.029562 0.395452 0.003984 0.918002
44.722330 309.438600 -1.610963 30.706900 -0.028606 0.392758 0.006978 0.919171
44.826160 310.140700 -1.585427 31.374480 -0.027506 0.389618 0.009154 0.920520
44.929790 310.835900 -1.557699 32.040090 -0.026857 0.386878 0.012531 0.921655
45.033540 311.519700 -1.531653 32.716330 -0.027754 0.384245 0.012370 0.922731
45.137340 312.194800 -1.502226 33.399420 -0.028682 0.382163 0.011788 0.923575
45.241040 312.862900 -1.471946 34.075830 -0.027261 0.379500 0.011765 0.924715
45.344810 313.526600 -1.442106 34.765410 -0.027397 0.377041 0.010329 0.925734
45.448540 314.189200 -1.405865 35.447230 -0.027066 0.374517 0.013102 0.926732
45.552290 314.843500 -1.378314 36.137990 -0.028239 0.371363 0.012758 0.927970
45.656170 315.489400 -1.346387 36.827400 -0.026981 0.369118 0.012674 0.928905
45.759920 316.138800 -1.312849 37.517350 -0.026061 0.366369 0.014543 0.929991
45.863670 316.780700 -1.280517 38.218020 -0.028146 0.364263 0.013929 0.930766
45.967420 317.414100 -1.250716 38.925250 -0.030941 0.362490 0.011226 0.931406
46.071290 318.049100 -1.209970 39.628100 -0.031657 0.360591 0.010936 0.932123
46.175050 318.687200 -1.166319 40.328630 -0.033326 0.359342 0.013040 0.932520
46.278790 319.314400 -1.130942 41.029510 -0.034843 0.357972 0.012109 0.933003
46.382670 319.943200 -1.094331 41.728570 -0.031553 0.357046 0.011051 0.933488
46.486540 320.569900 -1.055116 42.420290 -0.027695 0.356564 0.010832 0.933797
46.590420 321.197900 -1.019788 43.118840 -0.027313 0.356888 0.010879 0.933684
46.694170 321.828600 -0.985590 43.822610 -0.029072 0.357479 0.010830 0.933406
46.798050 322.464500 -0.946947 44.527780 -0.031208 0.358305 0.011433 0.933013
46.901920 323.105800 -0.906178 45.233470 -0.032156 0.359897 0.011821 0.932363
47.005800 323.748400 -0.865048 45.934260 -0.032101 0.362244 0.011433 0.931460
47.109670 324.392100 -0.825081 46.633180 -0.030907 0.365184 0.008738 0.930381
47.213560 325.043700 -0.786528 47.326770 -0.029383 0.368605 0.006830 0.929096
47.317420 325.706500 -0.749624 48.018020 -0.028014 0.372033 0.006871 0.927771
47.421170 326.376600 -0.715794 48.709170 -0.028635 0.375940 0.006352 0.926180
47.525050 327.055700 -0.682180 49.394820 -0.028582 0.379807 0.006673 0.924600
47.628800 327.739600 -0.643796 50.080930 -0.030822 0.383399 0.005734 0.923050
47.732670 328.437700 -0.600211 50.765310 -0.034223 0.387517 0.006648 0.921203
47.836440 329.139100 -0.556063 51.448590 -0.038332 0.391659 0.006293 0.919290
47.940170 329.840400 -0.508270 52.117880 -0.037520 0.395863 0.004580 0.917531
48.043920 330.548700 -0.461060 52.778000 -0.033820 0.399441 0.002770 0.916131
48.147690 331.266800 -0.417499 53.434090 -0.030965 0.402886 0.002098 0.914724
48.251420 331.997600 -0.378688 54.088750 -0.030625 0.406281 0.003104 0.913229
48.355050 332.736800 -0.341161 54.744020 -0.031949 0.409438 0.003864 0.911770
48.458800 333.479100 -0.303308 55.397190 -0.032880 0.412320 0.004049 0.910437
48.562550 334.230000 -0.260802 56.046050 -0.033287 0.414950 0.004828 0.909223
48.666190 334.982600 -0.217742 56.696100 -0.034223 0.417466 0.004429 0.908037
48.769940 335.738700 -0.173048 57.349500 -0.035472 0.419987 0.002968 0.906832
48.873550 336.499800 -0.128099 57.995180 -0.036028 0.422290 0.002038 0.905742
48.977300 337.267200 -0.084330 58.640490 -0.036454 0.424374 0.001054 0.904752
49.080930 338.039600 -0.039228 59.283090 -0.036460 0.426500 0.000181 0.903753
49.184670 338.816900 0.007916 59.925620 -0.036628 0.428563 -0.000965 0.902769
49.288320 339.599500 0.053905 60.560280 -0.036478 0.430424 -0.000263 0.901889
49.392050 340.389000 0.101152 61.199430 -0.036709 0.432143 -0.000175 0.901058
49.495800 341.178100 0.150229 61.833440 -0.037208 0.433872 -0.000104 0.900206
49.599420 341.968800 0.197176 62.466320 -0.038311 0.435435 -0.001067 0.899404
49.703170 342.762800 0.243271 63.097580 -0.039424 0.437237 -0.001384 0.898481
49.806800 343.554900 0.287612 63.722300 -0.039606 0.438939 -0.002255 0.897640
49.910550 344.351400 0.331581 64.341450 -0.038093 0.440683 -0.003060 0.896849
50.014170 345.150900 0.377041 64.959230 -0.037965 0.441814 -0.002785 0.896299
50.117990 345.957800 0.421119 65.576790 -0.039260 0.442407 -0.000028 0.895955
50.221580 346.769500 0.470770 66.191590 -0.042035 0.442686 0.003861 0.895682
50.325300 347.581400 0.527358 66.807200 -0.044223 0.443053 0.005923 0.895384
50.428990 348.386500 0.583138 67.418200 -0.043521 0.443551 0.006189 0.895170
50.532690 349.189600 0.637394 68.022240 -0.039687 0.443905 0.005606 0.895177
50.636450 349.993400 0.686756 68.626830 -0.035873 0.444315 0.004550 0.895140
50.740210 350.801500 0.730696 69.229240 -0.033853 0.444906 0.005219 0.894922
50.843990 351.618100 0.771935 69.835760 -0.034155 0.445535 0.006911 0.894586
50.947600 352.436300 0.811863 70.436990 -0.035292 0.446147 0.009660 0.894212
51.051200 353.254100 0.857017 71.038830 -0.036491 0.446501 0.011951 0.893959
51.154950 354.072000 0.906118 71.641910 -0.037196 0.446840 0.013714 0.893735
51.258560 354.884900 0.955382 72.242240 -0.037450 0.447057 0.014462 0.893604
51.362310 355.698600 1.004715 72.844900 -0.036145 0.447076 0.014546 0.893647
51.465930 356.509500 1.054302 73.443680 -0.034219 0.447039 0.014598 0.893741
51.569680 357.324100 1.105041 74.048480 -0.034271 0.446952 0.014991 0.893776
51.673320 358.141800 1.154416 74.650950 -0.035312 0.447090 0.016565 0.893638
51.776930 358.954900 1.205514 75.252100 -0.036016 0.447303 0.017351 0.893489
51.880670 359.770400 1.255258 75.852610 -0.034618 0.447665 0.017423 0.893361
51.984300 360.583100 1.307541 76.452920 -0.033574 0.447933 0.017514 0.893265
52.088050 361.398600 1.358613 77.053440 -0.033337 0.448189 0.018337 0.893129
52.191670 362.213000 1.409611 77.655930 -0.034402 0.448195 0.019297 0.893065
52.295430 363.026300 1.463455 78.255900 -0.034106 0.448097 0.020811 0.893092
52.399170 363.837600 1.518440 78.854580 -0.033846 0.447863 0.022767 0.893171
52.502930 364.646500 1.575087 79.451740 -0.033366 0.447641 0.025335 0.893231
52.606680 365.452200 1.632868 80.044720 -0.032905 0.447287 0.028544 0.893329
52.710430 366.256800 1.693095 80.634830 -0.031566 0.446942 0.031951 0.893435
52.814180 367.052700 1.755061 81.229810 -0.031547 0.446302 0.033719 0.893690
52.917930 367.845000 1.818981 81.823410 -0.031364 0.445742 0.035546 0.893906
53.021680 368.627400 1.881295 82.414470 -0.031991 0.445089 0.036406 0.894174
53.125430 369.401800 1.943287 82.999510 -0.032554 0.444390 0.036952 0.894479
53.229180 370.166400 2.005374 83.579750 -0.031943 0.443655 0.037670 0.894836
53.332930 370.920400 2.065452 84.155070 -0.032155 0.442860 0.038428 0.895189
53.436550 371.662700 2.125331 84.724360 -0.033133 0.442078 0.039339 0.895501
53.540300 372.393300 2.185990 85.288160 -0.035225 0.441567 0.039440 0.895669
53.644050 373.110700 2.251081 85.848680 -0.039499 0.441374 0.039093 0.895601
53.747800 373.810700 2.316552 86.401800 -0.043883 0.441420 0.037327 0.895449
53.851550 374.497600 2.384074 86.944540 -0.046644 0.441646 0.034943 0.895294
53.955300 375.169300 2.455947 87.475000 -0.048866 0.441882 0.032380 0.895156
54.059050 375.829600 2.525397 87.991990 -0.050415 0.442248 0.029735 0.894981
54.162800 376.478000 2.593374 88.495560 -0.050931 0.442701 0.027861 0.894788
54.266550 377.115900 2.658386 88.984820 -0.050708 0.443039 0.026742 0.894667
54.370180 377.746800 2.722154 89.463490 -0.049575 0.443334 0.026551 0.894590
54.473930 378.371000 2.782431 89.933730 -0.049367 0.443589 0.026908 0.894465
54.577570 378.984700 2.839420 90.397670 -0.049212 0.443844 0.026535 0.894358
54.681310 379.588400 2.895644 90.854530 -0.049392 0.444708 0.026156 0.893930
54.785060 380.183400 2.953651 91.300940 -0.049989 0.446302 0.025762 0.893114
54.888800 380.772900 3.009361 91.740080 -0.051426 0.448760 0.024310 0.891840
54.992680 381.357600 3.062328 92.163410 -0.052382 0.451898 0.024141 0.890203
55.096430 381.933000 3.112642 92.573690 -0.052795 0.454858 0.022798 0.888705
55.200180 382.504900 3.160924 92.976410 -0.051078 0.458147 0.020435 0.887173
55.304050 383.079300 3.210042 93.373000 -0.049153 0.461793 0.017440 0.885453
55.407810 383.660900 3.261727 93.763590 -0.048151 0.466156 0.016029 0.883246
55.511680 384.258400 3.311365 94.152170 -0.049065 0.471382 0.015820 0.880421
55.615430 384.862200 3.360853 94.540980 -0.052962 0.476738 0.015793 0.877306
55.719180 385.476400 3.416745 94.921870 -0.055718 0.481703 0.017042 0.874395
55.822930 386.100300 3.475179 95.297500 -0.057748 0.486804 0.018211 0.871410
55.926680 386.725600 3.536985 95.666170 -0.058252 0.491806 0.019229 0.868541
56.030430 387.358800 3.601461 96.029350 -0.056971 0.496613 0.019823 0.865873
56.134050 387.996000 3.664976 96.384880 -0.054367 0.500565 0.020481 0.863747
56.237800 388.641800 3.731560 96.734990 -0.050536 0.504029 0.021673 0.861935
56.341580 389.297900 3.798926 97.086300 -0.047844 0.506919 0.023816 0.860335
56.445350 389.961900 3.869983 97.441020 -0.048143 0.509496 0.027210 0.858694
56.549070 390.644900 3.945355 97.802320 -0.053514 0.511644 0.032008 0.856932
56.652940 391.333900 4.027034 98.175050 -0.060740 0.513319 0.035605 0.855305
56.756680 392.024900 4.116231 98.545350 -0.068406 0.515483 0.038668 0.853289
56.860440 392.717800 4.211579 98.907210 -0.070091 0.518063 0.039870 0.851533
56.964280 393.414000 4.312938 99.266980 -0.069281 0.520593 0.038665 0.850111
57.068060 394.115100 4.416686 99.623940 -0.068444 0.523430 0.038075 0.848461
57.171890 394.831400 4.526817 99.975360 -0.069009 0.526115 0.041233 0.846605
57.275560 395.549800 4.640894 100.322500 -0.070940 0.528759 0.044180 0.844648
57.379330 396.275800 4.754188 100.660700 -0.071353 0.531643 0.047161 0.842639
57.483060 396.993800 4.868321 100.993600 -0.071320 0.534022 0.049213 0.841019
57.586810 397.704500 4.987048 101.322500 -0.070150 0.536701 0.049693 0.839382
57.690560 398.414400 5.103503 101.647300 -0.069381 0.539419 0.049571 0.837709
57.794300 399.121400 5.219817 101.968000 -0.069896 0.542284 0.049375 0.835826
57.898200 399.824200 5.332589 102.279600 -0.070759 0.545827 0.048903 0.833471
58.001930 400.526100 5.443658 102.578600 -0.070615 0.549937 0.049035 0.830770
58.105810 401.222700 5.551546 102.862500 -0.069978 0.554423 0.049836 0.827789
58.209680 401.916600 5.657436 103.140900 -0.070201 0.558932 0.050227 0.824709
58.313440 402.602700 5.762673 103.408000 -0.070870 0.563263 0.050224 0.821700
58.417310 403.279800 5.866325 103.659100 -0.069533 0.567695 0.051057 0.818707
58.521060 403.950600 5.964650 103.902700 -0.067796 0.572243 0.049494 0.815777
58.624930 404.617000 6.061249 104.142000 -0.065458 0.577552 0.045001 0.812480
58.728680 405.280100 6.151740 104.375300 -0.064611 0.583472 0.039293 0.808605
58.832680 405.959700 6.239906 104.590800 -0.063332 0.590459 0.036284 0.803760
58.936580 406.631800 6.325233 104.779900 -0.061196 0.598351 0.035921 0.798086
59.040430 407.317000 6.405908 104.953000 -0.058835 0.606808 0.035459 0.791874
59.144310 408.011000 6.481032 105.108200 -0.054788 0.615480 0.035031 0.785465
59.248190 408.702300 6.551585 105.246000 -0.050303 0.623850 0.034784 0.779148
59.352060 409.419300 6.619282 105.371300 -0.046123 0.632020 0.035853 0.772747
59.455810 410.135100 6.691065 105.485400 -0.043908 0.639696 0.036906 0.766485
59.559560 410.872500 6.763749 105.594600 -0.045091 0.646675 0.038786 0.760443
59.663310 411.617200 6.838057 105.700000 -0.048676 0.652428 0.040779 0.755185
59.766940 412.361000 6.919003 105.790800 -0.051598 0.657326 0.045202 0.750477
59.870680 413.112500 7.000377 105.879400 -0.053412 0.661006 0.047347 0.746978
59.974310 413.866500 7.082022 105.970000 -0.055190 0.664010 0.047369 0.744178
60.078080 414.624700 7.167742 106.058600 -0.057389 0.666840 0.046416 0.741536
60.181800 415.389200 7.261742 106.137100 -0.059651 0.669636 0.047812 0.738744
60.285560 416.148400 7.350541 106.212000 -0.061948 0.672149 0.047001 0.736322
60.389310 416.897400 7.427760 106.297800 -0.063603 0.674699 0.038174 0.734356
60.493060 417.643200 7.505022 106.375000 -0.059208 0.677239 0.028681 0.732816
60.596810 418.392000 7.589414 106.434600 -0.051709 0.678998 0.023736 0.731932
60.700580 419.163900 7.668172 106.506600 -0.053345 0.680399 0.021252 0.730588
60.804180 419.950400 7.739703 106.585900 -0.060782 0.680531 0.021582 0.729875
60.907960 420.732300 7.809960 106.655500 -0.064367 0.679783 0.023591 0.730202
61.011600 421.493300 7.865259 106.727000 -0.060510 0.678917 0.017084 0.731518
61.115330 422.229900 7.916668 106.800000 -0.051424 0.677974 0.007705 0.733245
61.218940 422.977000 7.971700 106.871500 -0.043846 0.675921 -0.000012 0.735668
61.322690 423.737200 8.020692 106.947800 -0.044949 0.674229 -0.001377 0.737152
61.426430 424.501200 8.059333 107.035200 -0.052648 0.672971 0.001510 0.737791
61.530190 425.249800 8.093652 107.118900 -0.056377 0.672002 0.003771 0.738391
61.633820 425.977100 8.129462 107.191600 -0.053275 0.671212 0.004367 0.739336
61.737600 426.689100 8.167187 107.262600 -0.047889 0.670134 0.002668 0.740688
61.841310 427.397800 8.202315 107.339300 -0.044275 0.669256 0.001730 0.741710
61.945060 428.102800 8.233718 107.420100 -0.042489 0.668267 0.002088 0.742704
62.048840 428.797300 8.264055 107.501200 -0.039996 0.668119 0.002085 0.742975
62.152610 429.478400 8.290819 107.583700 -0.037652 0.668353 -0.000077 0.742890
62.256400 430.149200 8.313589 107.670800 -0.036754 0.668603 -0.002306 0.742707
62.360060 430.810000 8.332906 107.757000 -0.037112 0.669197 -0.005594 0.742137
62.463960 431.467400 8.346583 107.837600 -0.037924 0.671472 -0.008153 0.740014
62.567930 432.117500 8.355373 107.907600 -0.039159 0.675988 -0.010380 0.735798
62.671810 432.765000 8.365156 107.960000 -0.039288 0.682096 -0.012187 0.730104
62.775810 433.398200 8.376060 107.991400 -0.038105 0.688883 -0.012115 0.723769
62.879830 434.025800 8.381937 108.008100 -0.036871 0.695727 -0.010471 0.717282
62.983690 434.624800 8.387456 108.018900 -0.035498 0.702148 -0.009647 0.711080
63.087560 435.199900 8.390719 108.016400 -0.033996 0.708393 -0.009215 0.704939
63.191440 435.758200 8.395461 108.009100 -0.033335 0.714632 -0.009151 0.698646
63.295440 436.291500 8.399452 107.990100 -0.034134 0.720832 -0.009574 0.692202
63.399310 436.808900 8.403295 107.968400 -0.035789 0.727413 -0.010233 0.685190
63.503190 437.299000 8.401479 107.930500 -0.034858 0.733965 -0.009611 0.678224
63.607060 437.752500 8.394344 107.883100 -0.032089 0.739723 -0.010192 0.672069
63.710810 438.179200 8.385082 107.826300 -0.026224 0.745179 -0.011219 0.666254
63.814680 438.581000 8.378120 107.769400 -0.020492 0.750142 -0.013459 0.660823
63.918440 438.955800 8.371887 107.717800 -0.016888 0.754425 -0.016261 0.655968
64.022190 439.319600 8.371096 107.666900 -0.015598 0.757902 -0.019983 0.651876
64.125960 439.666200 8.368543 107.607000 -0.013955 0.761044 -0.021230 0.648203
64.229690 439.997200 8.358794 107.544800 -0.011962 0.763821 -0.020720 0.644985
64.333310 440.311700 8.348141 107.476000 -0.009323 0.765938 -0.017793 0.642600
64.437070 440.608900 8.339225 107.409000 -0.006337 0.767662 -0.014075 0.640669
64.540710 440.891200 8.330838 107.359800 -0.007551 0.769316 -0.013576 0.638679
64.644440 441.153900 8.320060 107.323400 -0.010250 0.770914 -0.014980 0.636680
64.748080 441.398700 8.312378 107.289400 -0.013464 0.772066 -0.016512 0.635185
64.851690 441.621500 8.308381 107.253900 -0.014840 0.773044 -0.016737 0.633958
64.955310 441.819700 8.302167 107.215900 -0.013916 0.773768 -0.016547 0.633100
65.059060 441.992900 8.292936 107.179100 -0.011719 0.774394 -0.015762 0.632399
65.162710 442.148900 8.284685 107.146600 -0.009576 0.774672 -0.014852 0.632116
65.266320 442.298800 8.284115 107.125400 -0.007900 0.774617 -0.015111 0.632201
65.370060 442.448600 8.281336 107.110700 -0.007803 0.774101 -0.016636 0.632795
65.473690 442.600300 8.281351 107.093100 -0.007254 0.773351 -0.015963 0.633736
65.577440 442.754800 8.282708 107.063400 -0.005401 0.772070 -0.011547 0.635410
65.681060 442.905900 8.285099 107.038600 -0.003940 0.770381 -0.008639 0.637513
65.784810 443.052900 8.283272 107.022900 -0.002487 0.769051 -0.008313 0.639129
65.888570 443.199700 8.280202 107.016900 -0.002987 0.767820 -0.009886 0.640582
65.992190 443.346800 8.276204 107.014100 -0.003917 0.766314 -0.011647 0.642349
66.095940 443.496600 8.273670 107.009200 -0.004280 0.764584 -0.013269 0.644373
66.199690 443.658900 8.271518 106.999500 -0.004150 0.762655 -0.013629 0.646649
66.303310 443.836000 8.270710 106.989300 -0.004323 0.760573 -0.013571 0.649096
66.407070 444.031800 8.272879 106.984700 -0.006813 0.758442 -0.014654 0.651540
66.510690 444.246700 8.274685 106.988900 -0.010641 0.755514 -0.016571 0.654836
66.614310 444.473000 8.271421 106.989500 -0.013524 0.752511 -0.017891 0.658197
66.718090 444.707000 8.261392 106.976400 -0.013526 0.749430 -0.016084 0.661750
66.821690 444.954100 8.252821 106.957800 -0.011675 0.745738 -0.012955 0.666011
66.925440 445.205500 8.244671 106.946300 -0.010430 0.741896 -0.010776 0.670347
67.029070 445.469900 8.242657 106.942800 -0.009319 0.736800 -0.009626 0.675978
67.132820 445.741000 8.242741 106.943100 -0.007655 0.731261 -0.008177 0.682005
67.236440 446.012900 8.236481 106.953300 -0.007897 0.725256 -0.007606 0.688392
67.340070 446.302400 8.230851 106.972700 -0.008093 0.718066 -0.006890 0.695894
67.443690 446.602800 8.226772 106.999500 -0.007920 0.710392 -0.006920 0.703727
67.547320 446.902800 8.225666 107.033600 -0.007671 0.702652 -0.007969 0.711448
67.651080 447.225600 8.225759 107.086700 -0.008725 0.694337 -0.011578 0.719504
67.754690 447.558500 8.226509 107.149700 -0.009313 0.685956 -0.014429 0.727441
67.858320 447.889800 8.222854 107.210000 -0.010438 0.676529 -0.015328 0.736183
67.962080 448.249900 8.217450 107.277100 -0.009676 0.667052 -0.013438 0.744827
68.065690 448.605000 8.211699 107.351600 -0.009303 0.657553 -0.011810 0.753258
68.169320 448.987400 8.207744 107.446500 -0.009533 0.647621 -0.011549 0.761815
68.273070 449.381400 8.204227 107.556600 -0.009920 0.637517 -0.011643 0.770284
68.376700 449.773500 8.201329 107.675600 -0.010634 0.627319 -0.012172 0.778595
68.480320 450.189500 8.198927 107.822200 -0.010034 0.617194 -0.011841 0.786658
68.584070 450.611300 8.195762 108.004100 -0.009977 0.607503 -0.011426 0.794173
68.687820 451.037600 8.192056 108.199700 -0.009869 0.598518 -0.010592 0.800979
68.791570 451.491100 8.188818 108.402100 -0.009904 0.590121 -0.010366 0.807188
68.895320 451.949400 8.186495 108.618100 -0.009909 0.582185 -0.010025 0.812934
68.999070 452.432200 8.183530 108.844000 -0.009916 0.574582 -0.010278 0.818323
69.102840 452.928900 8.181836 109.084800 -0.009203 0.567059 -0.009345 0.823573
69.206570 453.435300 8.179648 109.318700 -0.008351 0.559424 -0.007679 0.828804
69.310320 453.963600 8.182570 109.546600 -0.007163 0.551529 -0.005891 0.834104
69.413950 454.502200 8.183837 109.798100 -0.005621 0.543572 -0.004166 0.839334
69.517690 455.042700 8.183922 110.066700 -0.005257 0.536051 -0.003833 0.844160
69.621440 455.597500 8.182013 110.360300 -0.005140 0.529133 -0.004586 0.848511
69.725320 456.158200 8.181664 110.666600 -0.005436 0.522813 -0.005424 0.852413
69.829070 456.749300 8.169620 110.983100 -0.006243 0.517289 -0.005224 0.855772
69.932840 457.354400 8.152796 111.308300 -0.006994 0.512513 -0.004913 0.858637
70.036720 457.971900 8.132884 111.646100 -0.008491 0.508727 -0.004578 0.860874
70.140570 458.597100 8.119070 111.998800 -0.009655 0.505676 -0.004251 0.862659
70.244320 459.233500 8.106465 112.359200 -0.010041 0.503351 -0.004547 0.864012
70.348200 459.877400 8.100209 112.735800 -0.010509 0.501537 -0.004880 0.865059
70.451940 460.535600 8.092042 113.118400 -0.010961 0.500061 -0.005265 0.865905
70.555820 461.201600 8.086262 113.514500 -0.010844 0.498757 -0.005810 0.866655
70.659570 461.883200 8.079735 113.914900 -0.010329 0.497484 -0.005350 0.867395
70.763330 462.574100 8.076379 114.326800 -0.009393 0.496206 -0.004957 0.868140
70.867190 463.277600 8.070543 114.748700 -0.008530 0.494998 -0.004963 0.868838
70.970820 463.988700 8.064325 115.182000 -0.007848 0.493736 -0.005184 0.869561
71.074690 464.710100 8.056835 115.622500 -0.006783 0.492555 -0.005097 0.870240
71.178440 465.440100 8.048223 116.067300 -0.005827 0.491483 -0.004151 0.870858
71.282190 466.175500 8.039721 116.517700 -0.004760 0.490632 -0.003052 0.871349
71.385950 466.923200 8.029741 116.979400 -0.004256 0.489705 -0.002410 0.871874
71.489570 467.673000 8.017194 117.449500 -0.003443 0.488974 -0.003562 0.872285
71.593330 468.435400 8.005046 117.924700 -0.001663 0.488375 -0.003990 0.872623
71.697200 469.205700 7.993850 118.408700 -0.000392 0.488228 -0.004569 0.872704
71.800950 469.987000 7.980812 118.903800 -0.001703 0.488003 -0.005243 0.872825
71.904720 470.781100 7.967282 119.404400 -0.002871 0.488018 -0.004513 0.872817
72.008470 471.583700 7.952083 119.909300 -0.004172 0.487710 -0.004182 0.872986
72.112200 472.397400 7.942587 120.416200 -0.003325 0.487482 -0.003153 0.873121
72.215950 473.219400 7.932442 120.926800 -0.001967 0.487040 -0.002371 0.873374
72.319700 474.051900 7.920100 121.447200 -0.001064 0.486752 -0.001342 0.873538
72.423450 474.892100 7.908537 121.975400 -0.000842 0.486357 -0.000686 0.873760
72.527200 475.743400 7.896328 122.510800 -0.000552 0.485957 0.000148 0.873983
72.630950 476.601300 7.882709 123.053800 -0.000511 0.485572 0.000547 0.874196
72.734700 477.467500 7.870021 123.602000 -0.000123 0.485246 0.000331 0.874377
72.838470 478.344300 7.856526 124.160400 -0.000041 0.484796 -0.000463 0.874627
72.942200 479.229700 7.842703 124.722900 -0.000305 0.484615 -0.000755 0.874727
73.045950 480.118100 7.816016 125.286300 -0.000860 0.484764 -0.000295 0.874645
73.149700 480.992000 7.799868 125.864000 -0.002274 0.485176 -0.002205 0.874411
73.253450 481.878900 7.784641 126.440700 -0.002403 0.486110 -0.004052 0.873885
73.357220 482.772500 7.768610 127.015900 -0.001574 0.487809 -0.005746 0.872930
73.461070 483.679900 7.748165 127.592900 -0.002069 0.490959 -0.008317 0.871141
73.564950 484.590900 7.723347 128.164700 -0.002785 0.495279 -0.011608 0.868652
73.668820 485.515900 7.702777 128.724600 -0.003065 0.500913 -0.014190 0.865376
73.772700 486.447600 7.689090 129.273600 -0.003932 0.507432 -0.015786 0.861538
73.876700 487.387300 7.675900 129.806300 -0.005349 0.514516 -0.016062 0.857314
73.980600 488.350000 7.659760 130.325100 -0.007462 0.521866 -0.016174 0.852842
74.084450 489.320000 7.644658 130.826500 -0.008738 0.529492 -0.017041 0.848099
74.188450 490.295900 7.627582 131.305300 -0.007606 0.537277 -0.017814 0.843183
74.292330 491.286100 7.608299 131.768200 -0.006551 0.545386 -0.019800 0.837926
74.396200 492.282900 7.577623 132.213200 -0.005869 0.553999 -0.020636 0.832241
74.500110 493.301800 7.529603 132.653000 -0.007338 0.563097 -0.020738 0.826098
74.603820 494.335000 7.486674 133.059400 -0.007857 0.572733 -0.019970 0.819461
74.707830 495.358000 7.441737 133.438200 -0.006684 0.582825 -0.020968 0.812299
74.811700 496.405800 7.395897 133.793700 -0.004842 0.593349 -0.024618 0.804554
74.915450 497.446200 7.343661 134.115900 -0.002653 0.604151 -0.026182 0.796435
75.019330 498.513800 7.291952 134.409800 -0.003542 0.615781 -0.030696 0.787311
75.123330 499.593400 7.239981 134.660600 -0.000665 0.627955 -0.030649 0.777646
75.227100 500.656100 7.179209 134.878100 -0.001796 0.639802 -0.033464 0.767808
75.330950 501.751100 7.107864 135.064200 0.000332 0.651055 -0.033823 0.758276
75.434820 502.830800 7.030874 135.211200 0.003767 0.661643 -0.035060 0.748990
75.538570 503.934200 6.948783 135.333400 0.006493 0.671470 -0.035064 0.740174
75.642200 505.042300 6.859950 135.427700 0.007843 0.680440 -0.034514 0.731949
75.745950 506.147200 6.768053 135.492100 0.008597 0.688758 -0.034257 0.724131
75.849580 507.272300 6.675050 135.535900 0.008890 0.696792 -0.035310 0.716348
75.953320 508.395000 6.580157 135.556900 0.010034 0.704699 -0.036513 0.708496
76.056950 509.510800 6.485308 135.551100 0.010940 0.712162 -0.036587 0.700975
76.160580 510.642400 6.389289 135.522900 0.010977 0.718600 -0.034119 0.694499
76.264200 511.770400 6.294291 135.475700 0.012338 0.723323 -0.031807 0.689667
76.367700 512.907100 6.208165 135.416200 0.015763 0.726438 -0.030136 0.686390
76.471330 514.044000 6.119894 135.357000 0.018254 0.728491 -0.030333 0.684140
76.574950 515.185000 6.025495 135.299200 0.018087 0.729997 -0.030859 0.682514
76.678580 516.326100 5.928454 135.238600 0.017581 0.731203 -0.031306 0.681214
76.782200 517.471800 5.832641 135.171800 0.018164 0.732288 -0.032210 0.679991
76.885860 518.623000 5.734027 135.097900 0.019756 0.733417 -0.033057 0.678687
76.989560 519.785600 5.634750 135.017300 0.021529 0.734502 -0.033310 0.677446
77.093250 520.958800 5.532390 134.932900 0.021745 0.735536 -0.032792 0.676342
77.196950 522.144800 5.430448 134.847000 0.020053 0.736561 -0.031488 0.675340
77.300580 523.337400 5.330952 134.757400 0.018935 0.737318 -0.030576 0.674587
77.404200 524.535400 5.231821 134.669600 0.018205 0.737800 -0.031583 0.674035
77.507830 525.734400 5.131118 134.578800 0.019394 0.737917 -0.033524 0.673779
77.611580 526.947200 5.024148 134.484500 0.020556 0.737843 -0.034524 0.673776
77.715200 528.167100 4.913715 134.388400 0.021225 0.737707 -0.033844 0.673938
77.818950 529.399100 4.801178 134.293800 0.020677 0.737697 -0.034014 0.673958
77.922710 530.637800 4.687869 134.200800 0.020122 0.737765 -0.035105 0.673844
78.026330 531.880400 4.575691 134.108700 0.019354 0.737954 -0.036191 0.673602
78.130080 533.133700 4.462482 134.010400 0.018795 0.738687 -0.035924 0.672828
78.233830 534.397500 4.347459 133.909700 0.017618 0.739681 -0.035964 0.671765
78.337450 535.661300 4.234970 133.799500 0.019135 0.740322 -0.035904 0.671020
78.441200 536.936600 4.119557 133.686300 0.019462 0.741105 -0.035815 0.670150
78.544830 538.218500 4.003077 133.572100 0.018787 0.742123 -0.036069 0.669029
78.648580 539.508700 3.885044 133.450400 0.018760 0.743327 -0.035527 0.667720
78.752330 540.806000 3.768101 133.326000 0.017760 0.744530 -0.036121 0.666375
78.855950 542.130600 3.670993 133.185500 0.017119 0.745728 -0.035428 0.665087
78.959710 543.462800 3.573109 133.042400 0.016541 0.746759 -0.035862 0.663921
79.063330 544.802000 3.476816 132.892300 0.016761 0.747685 -0.036378 0.662844
79.167080 546.142600 3.370720 132.740300 0.016985 0.748578 -0.036462 0.661826
79.270830 547.492900 3.267103 132.579200 0.017060 0.749403 -0.036073 0.660911
79.374460 548.848400 3.156546 132.415900 0.017765 0.750205 -0.036434 0.659962
79.478210 550.209900 3.041963 132.248500 0.018025 0.751096 -0.036533 0.658935
79.581950 551.575200 2.913270 132.077700 0.017800 0.752126 -0.036689 0.657756
79.685700 552.948000 2.783757 131.900800 0.017363 0.753315 -0.036882 0.656396
79.789450 554.326100 2.656796 131.715900 0.017449 0.754657 -0.036482 0.654871
79.893210 555.711800 2.528567 131.526100 0.017384 0.755923 -0.036584 0.653406
79.996970 557.104100 2.399866 131.327900 0.017824 0.757138 -0.036417 0.651995
80.100580 558.499800 2.269903 131.126200 0.018289 0.757984 -0.036654 0.650985
80.204330 559.907600 2.138770 130.916800 0.018790 0.758713 -0.036549 0.650127
80.307980 561.317500 2.008314 130.706600 0.018857 0.759353 -0.036511 0.649380
80.411710 562.739400 1.875610 130.490500 0.019050 0.759844 -0.036412 0.648806
80.515330 564.165700 1.742310 130.273900 0.019226 0.760247 -0.036175 0.648341
80.619080 565.599800 1.607277 130.051200 0.019826 0.760666 -0.036009 0.647840
80.722740 567.038400 1.473204 129.825800 0.020466 0.761031 -0.035756 0.647406
80.826440 568.489200 1.338244 129.596200 0.020194 0.761406 -0.034623 0.647035
80.930080 569.941500 1.204765 129.367300 0.020356 0.761718 -0.035172 0.646633
81.033840 571.403300 1.070450 129.136500 0.020023 0.762102 -0.035124 0.646194
81.137500 572.870700 0.934715 128.904700 0.019120 0.762498 -0.035040 0.645759
81.241210 574.351700 0.794871 128.666500 0.018362 0.762935 -0.033949 0.645322
81.344940 575.828100 0.659611 128.428200 0.018874 0.763201 -0.033498 0.645016
81.448590 577.301200 0.526595 128.190900 0.019972 0.763220 -0.034212 0.644923
81.552330 578.779700 0.391161 127.953800 0.020046 0.763224 -0.033967 0.644929
81.656060 580.259700 0.252798 127.717900 0.019892 0.763320 -0.034523 0.644791
81.759710 581.745800 0.101615 127.487100 0.019911 0.763288 -0.034080 0.644852
81.863460 583.237100 -0.055880 127.258900 0.020021 0.763155 -0.034725 0.644972
81.967080 584.727300 -0.215731 127.031000 0.020688 0.762922 -0.035206 0.645200
82.070830 586.219200 -0.372868 126.798600 0.022169 0.762612 -0.034829 0.645537
82.174460 587.713000 -0.529125 126.567300 0.022568 0.762085 -0.033970 0.646192
82.278210 589.205600 -0.683936 126.336600 0.022846 0.761379 -0.032121 0.647108
82.381960 590.706300 -0.834954 126.107500 0.022684 0.760751 -0.031665 0.647874
82.485710 592.202000 -0.985595 125.884700 0.022718 0.760328 -0.032141 0.648345
82.589430 593.696500 -1.133189 125.660400 0.022792 0.760140 -0.031143 0.648612
82.693080 595.189400 -1.279919 125.439600 0.022720 0.759815 -0.031510 0.648977
82.796920 596.683800 -1.425223 125.215200 0.023389 0.759517 -0.031372 0.649309
82.900600 598.176500 -1.569485 124.993500 0.022951 0.759253 -0.031381 0.649634
83.004230 599.665600 -1.713634 124.775800 0.022615 0.758998 -0.032128 0.649907
83.107850 601.149700 -1.855775 124.558400 0.021263 0.758839 -0.032566 0.650116
83.211580 602.634800 -1.996259 124.333900 0.021571 0.758780 -0.031387 0.650232
83.315210 604.119300 -2.134326 124.105400 0.022016 0.758516 -0.030478 0.650569
83.418960 605.601500 -2.266799 123.870200 0.024350 0.758239 -0.027410 0.650945
83.522590 607.079900 -2.402032 123.638500 0.025841 0.757906 -0.027441 0.651274
83.626210 608.555000 -2.539860 123.412600 0.027211 0.757638 -0.028692 0.651476
83.729960 610.038700 -2.682651 123.194200 0.026119 0.757565 -0.029726 0.651559
83.833580 611.521000 -2.824801 122.977000 0.024331 0.757312 -0.029860 0.651917
83.937350 613.002200 -2.963844 122.762900 0.023528 0.756933 -0.030211 0.652370
84.040960 614.483600 -3.099679 122.547100 0.023118 0.756613 -0.030858 0.652726
84.144710 615.965800 -3.235243 122.335400 0.022471 0.756292 -0.031905 0.653069
84.248350 617.444500 -3.370905 122.116600 0.021966 0.756074 -0.031920 0.653338
84.352100 618.926400 -3.509590 121.903400 0.021035 0.756047 -0.032196 0.653387
84.455710 620.401900 -3.644953 121.686000 0.022092 0.756166 -0.031658 0.653240
84.559380 621.877500 -3.782481 121.471000 0.022647 0.756110 -0.031568 0.653290
84.662980 623.350300 -3.919619 121.254400 0.023532 0.756028 -0.030270 0.653415
84.766730 624.823900 -4.058322 121.035200 0.023461 0.755687 -0.029072 0.653867
84.870340 626.288100 -4.197430 120.822900 0.024113 0.755105 -0.029415 0.654500
84.973960 627.741900 -4.339425 120.615400 0.024752 0.754533 -0.031513 0.655038
85.077720 629.195000 -4.485251 120.415100 0.023473 0.754287 -0.032224 0.655333
85.181330 630.637700 -4.631806 120.216000 0.021104 0.753885 -0.032955 0.655840
85.285090 632.071600 -4.772113 120.016600 0.020558 0.753575 -0.032095 0.656257
85.388710 633.493600 -4.906253 119.812200 0.019912 0.753543 -0.030639 0.656382
85.492460 634.910400 -5.039168 119.610700 0.020730 0.753467 -0.029595 0.656492
85.596110 636.318800 -5.173869 119.412600 0.020643 0.753422 -0.029609 0.656546
85.699750 637.716800 -5.306799 119.215800 0.021062 0.753633 -0.029812 0.656281
85.803450 639.107700 -5.440214 119.020500 0.020620 0.753961 -0.029803 0.655919
85.907110 640.484000 -5.573172 118.825100 0.020030 0.754244 -0.029980 0.655603
86.010840 641.844600 -5.704481 118.632600 0.019452 0.754436 -0.030306 0.655385
86.114460 643.180500 -5.829779 118.442200 0.019159 0.754675 -0.029945 0.655135
86.218210 644.497600 -5.952741 118.256100 0.017748 0.755023 -0.029017 0.654816
86.321830 645.787800 -6.069315 118.070300 0.016511 0.755363 -0.028133 0.654494
86.425590 647.050400 -6.180966 117.884400 0.016830 0.755500 -0.028409 0.654316
86.529210 648.278400 -6.293647 117.698400 0.019234 0.755572 -0.029664 0.654111
86.632980 649.485100 -6.410502 117.520500 0.019933 0.755618 -0.030093 0.654017
86.736730 650.669500 -6.526455 117.344800 0.019013 0.755522 -0.028439 0.654230
86.840340 651.817400 -6.633894 117.176000 0.018576 0.755095 -0.027596 0.654771
86.944090 652.933200 -6.736937 117.015900 0.018159 0.754562 -0.027553 0.655398
87.047710 654.015700 -6.834140 116.863000 0.017233 0.753944 -0.027520 0.656135
87.151360 655.064500 -6.928940 116.712400 0.016738 0.753181 -0.026204 0.657078
87.254960 656.073800 -7.019342 116.566600 0.015759 0.752508 -0.024586 0.657935
87.358710 657.050900 -7.109623 116.439900 0.014050 0.752194 -0.025019 0.658317
87.462460 657.980700 -7.194317 116.314200 0.014727 0.752026 -0.024814 0.658502
87.566210 658.870300 -7.275101 116.193600 0.015963 0.751737 -0.025379 0.658781
87.669860 659.721100 -7.356354 116.076700 0.015715 0.751685 -0.025718 0.658834
87.773590 660.526400 -7.432865 115.964600 0.015171 0.751642 -0.026413 0.658868
87.877340 661.292900 -7.506423 115.857900 0.013685 0.752513 -0.027620 0.657855
87.981210 662.020300 -7.573766 115.750500 0.012541 0.755436 -0.029108 0.654456
88.085210 662.701100 -7.640330 115.630800 0.011157 0.760640 -0.030675 0.648352
88.189210 663.355000 -7.700834 115.505800 0.009504 0.768164 -0.032473 0.639359
88.293330 663.979900 -7.758066 115.358600 0.009865 0.777230 -0.033793 0.628231
88.397460 664.544000 -7.812578 115.185100 0.011051 0.787444 -0.034793 0.615304
88.501590 665.139400 -7.870549 114.999300 0.013569 0.799187 -0.034554 0.599935
88.605840 665.652800 -7.927666 114.787000 0.013776 0.812478 -0.034694 0.581796
88.710100 666.220700 -7.985695 114.557800 0.013525 0.826798 -0.034375 0.561285
88.814340 666.780900 -8.042231 114.306400 0.013348 0.841395 -0.033969 0.539186
88.918590 667.216400 -8.095726 114.016500 0.012818 0.856164 -0.033192 0.515477
89.022840 667.731400 -8.155080 113.722400 0.013437 0.871210 -0.033371 0.489591
89.127090 668.081400 -8.211820 113.381100 0.014792 0.886135 -0.034278 0.461921
89.231340 668.539500 -8.265600 113.042100 0.015031 0.900719 -0.035933 0.432653
89.335590 668.815500 -8.309868 112.652100 0.016373 0.914470 -0.037735 0.402558
89.439590 669.189500 -8.364714 112.268300 0.020248 0.927012 -0.038361 0.372516
89.543710 669.534400 -8.419548 111.859000 0.024624 0.938470 -0.037360 0.342451
89.647840 669.721700 -8.469077 111.420600 0.025362 0.949182 -0.037328 0.311476
89.751840 670.017300 -8.521558 110.986000 0.024812 0.958806 -0.037242 0.280513
89.855840 670.150600 -8.567497 110.513200 0.025282 0.967460 -0.036517 0.249095
89.959740 670.375000 -8.624582 110.040000 0.028385 0.974943 -0.035688 0.217730
90.063710 670.571500 -8.670623 109.553100 0.031520 0.981340 -0.036498 0.186137
90.167590 670.600200 -8.721843 109.039300 0.033139 0.986720 -0.040054 0.153885
90.271490 670.743500 -8.762155 108.532100 0.033498 0.991136 -0.043803 0.120864
90.375470 670.719300 -8.809700 107.991400 0.034534 0.994463 -0.045993 0.087948
90.479340 670.798900 -8.866096 107.453600 0.034106 0.996875 -0.044840 0.055383
90.583090 670.853700 -8.926874 106.905800 0.034255 0.998215 -0.043573 0.022221
90.686970 670.720800 -8.988273 106.334900 0.034708 0.998336 -0.044605 -0.011423
90.790840 670.691500 -9.044011 105.779600 0.035532 0.997226 -0.047166 -0.045304
90.894590 670.479600 -9.110009 105.203700 0.035398 0.994993 -0.049569 -0.079239
90.998490 670.375900 -9.163384 104.646000 0.035593 0.991567 -0.052058 -0.113218
91.102090 670.212100 -9.217767 104.083400 0.035936 0.987238 -0.053437 -0.145653
91.205840 669.886200 -9.275436 103.505000 0.037619 0.982077 -0.053662 -0.176721
91.309470 669.637400 -9.333919 102.943100 0.038185 0.976303 -0.054262 -0.205983
91.412970 669.341400 -9.389779 102.380500 0.038820 0.970262 -0.054388 -0.232651
91.516590 668.934000 -9.442521 101.811700 0.039589 0.964020 -0.055660 -0.256905
91.620220 668.570500 -9.490074 101.253500 0.040780 0.957914 -0.057757 -0.278212
91.723710 668.170700 -9.542441 100.695900 0.041124 0.952451 -0.058690 -0.296145
91.827240 667.713400 -9.598010 100.128500 0.042204 0.947646 -0.057746 -0.311211
91.930590 667.257000 -9.654688 99.569180 0.042587 0.943567 -0.055186 -0.323762
92.034130 666.784000 -9.711829 98.999970 0.040882 0.939997 -0.052131 -0.334689
92.137720 666.284600 -9.763801 98.431790 0.038963 0.936620 -0.049816 -0.344592
92.241220 665.778800 -9.817338 97.872030 0.038216 0.933214 -0.048239 -0.354011
92.344860 665.233200 -9.854248 97.301810 0.036937 0.929743 -0.045868 -0.363470
92.448600 664.691900 -9.902523 96.730170 0.033171 0.926018 -0.042388 -0.373623
92.552220 664.140600 -9.951545 96.167030 0.029656 0.922175 -0.038111 -0.383747
92.655970 663.548000 -9.983917 95.613480 0.028752 0.917873 -0.035248 -0.394258
92.759720 662.951100 -10.019190 95.069520 0.026338 0.913288 -0.030105 -0.405345
92.863470 662.337300 -10.051440 94.534640 0.023260 0.908232 -0.025026 -0.417069
92.967220 661.693100 -10.074720 94.009720 0.020191 0.902826 -0.021262 -0.429006
93.070970 661.045400 -10.092930 93.515090 0.020111 0.896990 -0.020043 -0.441137
93.174720 660.361200 -10.108910 93.031880 0.020475 0.890886 -0.018818 -0.453375
93.278470 659.681200 -10.125510 92.568890 0.021664 0.884609 -0.016512 -0.465537
93.382090 658.978100 -10.132140 92.108080 0.023701 0.878620 -0.013946 -0.476730
93.485840 658.249800 -10.140380 91.661450 0.026254 0.873231 -0.012996 -0.486426
93.589470 657.520700 -10.142280 91.230780 0.028367 0.868894 -0.011688 -0.494046
93.693120 656.784000 -10.147710 90.796840 0.028697 0.865927 -0.010068 -0.499244
93.796720 656.026900 -10.146310 90.355450 0.029532 0.864052 -0.007376 -0.502482
93.900350 655.265100 -10.145000 89.905920 0.029448 0.863294 -0.004258 -0.503823
94.003970 654.501500 -10.144010 89.445100 0.026776 0.863120 -0.000523 -0.504287
94.107640 653.733200 -10.141590 88.982240 0.023718 0.863405 0.000838 -0.503953
94.211350 652.963100 -10.136610 88.523700 0.020371 0.864097 -0.000566 -0.502913
94.314990 652.178300 -10.133020 88.060580 0.018180 0.865132 -0.004341 -0.501196
94.418590 651.392200 -10.135770 87.592510 0.015846 0.866611 -0.006836 -0.498685
94.522220 650.592000 -10.144520 87.111930 0.016411 0.867985 -0.008026 -0.496253
94.625970 649.787300 -10.162220 86.622730 0.016132 0.869540 -0.006493 -0.493556
94.729720 648.983800 -10.181360 86.119080 0.014382 0.870515 -0.006359 -0.491891
94.833490 648.178800 -10.206600 85.610300 0.011048 0.871022 -0.007663 -0.491059
94.937220 647.361600 -10.234910 85.108610 0.009734 0.870912 -0.009783 -0.491245
95.040970 646.531300 -10.265260 84.593920 0.008387 0.871056 -0.009599 -0.491018
95.144720 645.693400 -10.299760 84.073430 0.007513 0.871203 -0.008961 -0.490784
95.248350 644.842400 -10.324920 83.549870 0.009291 0.871591 -0.008228 -0.490077
95.352090 643.980500 -10.352830 83.021900 0.011642 0.871927 -0.008172 -0.489429
95.455870 643.118100 -10.375860 82.482840 0.012162 0.872633 -0.006073 -0.488187
95.559540 642.252000 -10.394510 81.948280 0.013152 0.873371 -0.006181 -0.486838
95.663110 641.392700 -10.414070 81.410520 0.013959 0.874270 -0.006372 -0.485197
95.766850 640.535000 -10.432700 80.869110 0.014882 0.875238 -0.006882 -0.483414
95.870470 639.681300 -10.450770 80.324390 0.016643 0.876251 -0.006673 -0.481521
95.974250 638.831200 -10.467910 79.767970 0.017275 0.877443 -0.007217 -0.479316
96.077860 637.985900 -10.484720 79.212100 0.016165 0.878470 -0.008235 -0.477452
96.181600 637.149300 -10.508130 78.658370 0.016371 0.879231 -0.008986 -0.476029
96.285350 636.315000 -10.537040 78.099060 0.016709 0.879770 -0.007557 -0.475046
96.389100 635.487400 -10.565090 77.540320 0.017435 0.880145 -0.007008 -0.474333
96.492870 634.666500 -10.582810 76.993840 0.016630 0.880588 -0.007418 -0.473533
96.596600 633.852400 -10.602490 76.448640 0.016149 0.880831 -0.008925 -0.473071
96.700350 633.051700 -10.630170 75.905260 0.016021 0.880999 -0.008035 -0.472778
96.803990 632.251900 -10.648110 75.355150 0.017172 0.880871 -0.005668 -0.473012
96.907730 631.456800 -10.657850 74.808410 0.016461 0.881004 -0.005306 -0.472792
97.011470 630.665800 -10.662450 74.270090 0.016094 0.881164 -0.006681 -0.472489
97.115100 629.879500 -10.671610 73.738570 0.016792 0.881328 -0.007790 -0.472143
97.218890 629.106500 -10.688660 73.211000 0.016905 0.881717 -0.007590 -0.471414
97.322500 628.343400 -10.708140 72.684620 0.017164 0.882324 -0.007909 -0.470264
97.426220 627.590500 -10.721300 72.163550 0.016942 0.883010 -0.008951 -0.468962
97.529990 626.844700 -10.730870 71.637110 0.016691 0.883612 -0.007736 -0.467858
97.633720 626.110700 -10.739100 71.120890 0.018175 0.884231 -0.006648 -0.466648
97.737470 625.387200 -10.747820 70.610050 0.018194 0.885017 -0.005546 -0.465171
97.841240 624.684300 -10.751190 70.103110 0.016370 0.885635 -0.006953 -0.464041
97.945070 623.995100 -10.755930 69.605830 0.015582 0.886229 -0.007395 -0.462927
98.048750 623.318500 -10.757170 69.115660 0.015507 0.886634 -0.007069 -0.462158
98.152470 622.661500 -10.759000 68.635810 0.015601 0.886849 -0.006216 -0.461754
98.256230 622.027100 -10.753550 68.166000 0.014329 0.887023 -0.005492 -0.461471
98.359970 621.410500 -10.759590 67.709240 0.012774 0.887340 -0.005468 -0.460906
98.463720 620.808600 -10.768150 67.272590 0.014486 0.887686 -0.004682 -0.460197
98.567470 620.226400 -10.775070 66.851240 0.016737 0.888230 -0.004810 -0.459069
98.671230 619.670100 -10.783810 66.436970 0.016780 0.888684 -0.002546 -0.458206
98.774870 619.142100 -10.794620 66.035720 0.015623 0.889115 -0.001413 -0.457414
98.878600 618.633700 -10.802890 65.655830 0.016198 0.889600 -0.001758 -0.456450
98.982350 618.153900 -10.815500 65.289110 0.015637 0.890046 -0.001425 -0.455601
99.086100 617.697000 -10.824040 64.944780 0.015591 0.890442 -0.002534 -0.454823
99.189730 617.268500 -10.835640 64.627930 0.016517 0.890735 -0.003846 -0.454207
99.293480 616.867100 -10.844590 64.327580 0.017559 0.890943 -0.004092 -0.453758
99.397230 616.490900 -10.850550 64.046120 0.017438 0.891191 -0.005738 -0.453256
99.500850 616.146600 -10.852540 63.778470 0.015220 0.891267 -0.005095 -0.453196
99.604600 615.819600 -10.847520 63.530860 0.013905 0.891246 -0.003864 -0.453291
99.708350 615.513900 -10.842640 63.315550 0.015284 0.891628 -0.003807 -0.452496
99.811980 615.229700 -10.845140 63.117740 0.018268 0.891999 -0.005186 -0.451638
99.915730 614.973800 -10.841480 62.932120 0.018318 0.891959 -0.006206 -0.451702
100.019300 614.744100 -10.842110 62.757960 0.017228 0.892194 -0.006456 -0.451277
100.123100 614.530300 -10.836000 62.604200 0.016874 0.892671 -0.006339 -0.450348
100.226700 614.330800 -10.838890 62.461620 0.017732 0.892721 -0.006112 -0.450220
100.330500 614.152900 -10.839350 62.326410 0.017854 0.892701 -0.005823 -0.450257
100.434100 613.979400 -10.833080 62.196370 0.017334 0.892962 -0.007739 -0.449731
100.537900 613.811100 -10.824750 62.069300 0.016855 0.893134 -0.009373 -0.449377
100.641500 613.645200 -10.823080 61.944940 0.017049 0.892953 -0.010170 -0.449712
100.745200 613.478900 -10.813300 61.821000 0.017405 0.893040 -0.010575 -0.449517
100.848900 613.313200 -10.805820 61.694250 0.017845 0.893148 -0.010439 -0.449288
100.952600 613.152200 -10.803970 61.569660 0.017636 0.893107 -0.010348 -0.449379
101.056200 612.991000 -10.798000 61.447620 0.017222 0.893071 -0.010527 -0.449463
101.160000 612.830400 -10.791460 61.322490 0.016242 0.893133 -0.010855 -0.449369
101.263600 612.671400 -10.784980 61.198080 0.015760 0.893203 -0.010756 -0.449248
101.367400 612.507100 -10.781370 61.073690 0.016159 0.893239 -0.010137 -0.449177
101.471000 612.348000 -10.781610 60.956790 0.016891 0.893264 -0.010206 -0.449099
101.574700 612.191600 -10.787520 60.841820 0.017692 0.893362 -0.010547 -0.448865
101.678400 612.043700 -10.793760 60.731340 0.017851 0.893370 -0.010679 -0.448840
101.782100 611.900500 -10.802930 60.618970 0.017300 0.893358 -0.010489 -0.448891
101.885900 611.757100 -10.805450 60.506420 0.016829 0.893424 -0.010499 -0.448776
101.989600 611.615100 -10.812550 60.400310 0.017138 0.893490 -0.010429 -0.448634
102.093200 611.476100 -10.818760 60.298910 0.017901 0.893454 -0.010280 -0.448680
102.197000 611.343900 -10.819890 60.201320 0.018152 0.893453 -0.009980 -0.448678
102.300700 611.223100 -10.817830 60.104890 0.017570 0.893456 -0.009832 -0.448698
102.404500 611.109300 -10.824280 60.011850 0.016503 0.893465 -0.010042 -0.448716
102.508300 610.995800 -10.833160 59.923840 0.016320 0.893510 -0.010554 -0.448622
102.611900 610.881700 -10.839230 59.841080 0.017232 0.893507 -0.011269 -0.448577
102.715600 610.766100 -10.840230 59.758400 0.018500 0.893446 -0.012014 -0.448628
102.819400 610.657200 -10.841910 59.671280 0.018623 0.893363 -0.011927 -0.448792
102.923000 610.544000 -10.835600 59.577610 0.018010 0.893476 -0.010101 -0.448637
103.026700 610.434000 -10.830020 59.483890 0.016823 0.893527 -0.008208 -0.448619
103.130500 610.330200 -10.833720 59.397580 0.015710 0.893489 -0.007935 -0.448740
103.234100 610.229100 -10.841600 59.316640 0.015299 0.893519 -0.008765 -0.448680
103.337900 610.127300 -10.850350 59.236310 0.015364 0.893551 -0.009706 -0.448593
103.441500 610.025000 -10.856720 59.154710 0.015463 0.893542 -0.009950 -0.448604
103.545200 609.920600 -10.858000 59.069990 0.015301 0.893596 -0.009996 -0.448499
103.649000 609.810600 -10.853830 58.983200 0.014950 0.893672 -0.010378 -0.448352
103.752600 609.692500 -10.846770 58.890470 0.014470 0.893739 -0.011070 -0.448218
103.856400 609.566800 -10.845320 58.792750 0.014055 0.893937 -0.012539 -0.447796
103.960100 609.426900 -10.845300 58.683240 0.013639 0.894199 -0.014469 -0.447227
104.063700 609.266800 -10.847240 58.556810 0.013289 0.894561 -0.016072 -0.446459
104.167400 609.086600 -10.851410 58.410270 0.012562 0.895186 -0.016800 -0.445198
104.271000 608.885000 -10.858370 58.245010 0.011768 0.896094 -0.017435 -0.443366
104.374600 608.658100 -10.862680 58.063650 0.012178 0.897273 -0.018066 -0.440938
104.478200 608.407800 -10.859400 57.864750 0.013189 0.898533 -0.019568 -0.438270
104.582000 608.141400 -10.850980 57.643250 0.012998 0.899983 -0.021112 -0.435219
104.685700 607.854900 -10.851040 57.398120 0.011845 0.901883 -0.020484 -0.431333
104.789400 607.553600 -10.857290 57.141450 0.012842 0.903903 -0.021432 -0.427007
104.893000 607.226200 -10.847630 56.864850 0.014574 0.905954 -0.022314 -0.422536
104.996700 606.885600 -10.845160 56.571740 0.016078 0.908074 -0.022015 -0.417922
105.100500 606.534100 -10.847570 56.254890 0.016964 0.910241 -0.020651 -0.413216
105.204100 606.175100 -10.852400 55.922830 0.015661 0.912486 -0.021358 -0.408250
105.307700 605.798900 -10.851920 55.571090 0.015481 0.914560 -0.022030 -0.403552
105.411500 605.402200 -10.851010 55.200070 0.017672 0.916514 -0.020484 -0.399086
105.515300 604.988800 -10.848090 54.815760 0.020159 0.918364 -0.019465 -0.394744
105.618900 604.575600 -10.849140 54.412480 0.020556 0.920192 -0.018586 -0.390486
105.722600 604.157100 -10.848970 53.983600 0.018801 0.921637 -0.015774 -0.387278
105.826500 603.721000 -10.849000 53.539790 0.018654 0.922787 -0.013186 -0.384632
105.930200 603.280700 -10.857620 53.086780 0.016706 0.923806 -0.012729 -0.382284
106.034100 602.824400 -10.861770 52.614970 0.015255 0.924211 -0.011182 -0.381413
106.137900 602.357600 -10.863180 52.129810 0.013060 0.924572 -0.009099 -0.380675
106.241700 601.873400 -10.863700 51.634830 0.013481 0.925122 -0.009346 -0.379315
106.345500 601.377700 -10.868600 51.124610 0.013636 0.925473 -0.009017 -0.378460
106.449200 600.872200 -10.878760 50.598950 0.014452 0.925668 -0.009934 -0.377931
106.553000 600.366500 -10.890510 50.057760 0.010129 0.926211 -0.011534 -0.376692
106.656800 599.849600 -10.907220 49.500710 0.006175 0.926484 -0.013114 -0.376056
106.760500 599.313100 -10.924260 48.940800 0.006043 0.926785 -0.016245 -0.375193
106.864200 598.757400 -10.945630 48.365070 0.009220 0.927143 -0.017772 -0.374174
106.968000 598.199700 -10.974940 47.764810 0.008444 0.927329 -0.015017 -0.373849
107.071800 597.636500 -11.008940 47.153860 0.007301 0.927586 -0.013596 -0.373290
107.175500 597.061300 -11.040190 46.531140 0.007018 0.928052 -0.011942 -0.372194
107.279100 596.478100 -11.066570 45.902160 0.007241 0.928527 -0.012772 -0.370975
107.382900 595.881100 -11.098640 45.248230 0.008653 0.929107 -0.011796 -0.369522
107.486500 595.275800 -11.122930 44.589740 0.009745 0.929892 -0.011588 -0.367521
107.590200 594.671200 -11.155060 43.916190 0.009950 0.930853 -0.011586 -0.365076
107.693900 594.057800 -11.181620 43.236600 0.011992 0.931896 -0.011338 -0.362349
107.797600 593.443800 -11.216850 42.548690 0.013912 0.932947 -0.010934 -0.359577
107.901200 592.833900 -11.246810 41.858650 0.015034 0.933786 -0.011407 -0.357334
108.005000 592.228600 -11.279140 41.166150 0.014535 0.934527 -0.012334 -0.355382
108.108700 591.619800 -11.311050 40.479230 0.014894 0.934973 -0.013801 -0.354138
108.212500 591.018900 -11.347700 39.790610 0.012438 0.935256 -0.014509 -0.353455
108.316200 590.416500 -11.387020 39.097260 0.011323 0.935097 -0.015340 -0.353879
108.420000 589.811500 -11.416730 38.407610 0.009414 0.934951 -0.015515 -0.354312
108.523700 589.203400 -11.447890 37.719880 0.007068 0.934565 -0.014400 -0.355432
108.627500 588.589700 -11.475340 37.035950 0.007717 0.934272 -0.013569 -0.356218
108.731200 587.970500 -11.504940 36.345810 0.009615 0.933907 -0.014011 -0.357112
108.835100 587.348600 -11.540320 35.650090 0.010416 0.933432 -0.013443 -0.358350
108.938900 586.727400 -11.573090 34.953000 0.009710 0.932940 -0.014853 -0.359594
109.042600 586.101600 -11.606010 34.259410 0.009565 0.932465 -0.015684 -0.360794
109.146400 585.470900 -11.638270 33.563220 0.009801 0.932001 -0.015937 -0.361972
109.250100 584.835300 -11.672320 32.869090 0.009823 0.931446 -0.015924 -0.363399
109.353900 584.196600 -11.706040 32.170880 0.009315 0.930972 -0.015714 -0.364633
109.457600 583.553900 -11.745380 31.472560 0.009690 0.930458 -0.016345 -0.365904
109.561200 582.909900 -11.779700 30.778460 0.009781 0.930016 -0.016650 -0.367010
109.665000 582.261300 -11.810170 30.082450 0.009444 0.929535 -0.018174 -0.368166
109.768700 581.608900 -11.843020 29.382620 0.009332 0.929300 -0.017805 -0.368778
109.872400 580.956400 -11.881540 28.682870 0.009374 0.929173 -0.018133 -0.369082
109.976100 580.297900 -11.925180 27.977050 0.009221 0.929159 -0.016636 -0.369192
110.079700 579.639900 -11.968370 27.269710 0.008795 0.929158 -0.016982 -0.369188
110.183500 578.981900 -12.007280 26.559660 0.007945 0.929215 -0.017035 -0.369061
110.287200 578.321500 -12.043050 25.847310 0.007273 0.929411 -0.017837 -0.368544
110.390900 577.656500 -12.084680 25.130630 0.007942 0.929699 -0.017593 -0.367813
110.494600 576.989600 -12.127570 24.412110 0.008682 0.929985 -0.017282 -0.367089
110.598200 576.329300 -12.171590 23.694590 0.007517 0.930216 -0.018765 -0.366455
110.702000 575.669700 -12.217800 22.977350 0.006834 0.930534 -0.019590 -0.365617
110.805600 575.013400 -12.268290 22.261790 0.006430 0.930905 -0.021229 -0.364587
110.909200 574.360100 -12.321930 21.537520 0.006189 0.931386 -0.018603 -0.363506
111.012900 573.710500 -12.374040 20.815820 0.006916 0.931855 -0.017336 -0.362350
111.116600 573.061000 -12.420000 20.092300 0.007118 0.932341 -0.015460 -0.361179
111.220200 572.414500 -12.459570 19.376930 0.007824 0.932641 -0.016620 -0.360339
111.324000 571.772800 -12.497860 18.658150 0.007741 0.933087 -0.017038 -0.359162
111.427600 571.135300 -12.536190 17.941960 0.008206 0.933447 -0.017862 -0.358177
111.531400 570.501500 -12.579140 17.228960 0.008604 0.933902 -0.018213 -0.356962
111.635000 569.872800 -12.620440 16.521280 0.008653 0.934192 -0.019985 -0.356106
111.738700 569.253000 -12.666390 15.812370 0.007656 0.934550 -0.020661 -0.355150
111.842400 568.634600 -12.711470 15.102700 0.007156 0.934943 -0.020014 -0.354162
111.946100 568.018100 -12.753100 14.392830 0.007118 0.935317 -0.017760 -0.353293
112.049700 567.402800 -12.795280 13.684550 0.007794 0.935496 -0.015115 -0.352928
112.153500 566.796400 -12.835870 12.981060 0.006146 0.935514 -0.014870 -0.352922
112.257100 566.199000 -12.881890 12.287010 0.004171 0.935269 -0.016357 -0.353536
112.360900 565.597000 -12.926980 11.594760 0.003419 0.934979 -0.017490 -0.354256
112.464600 564.990200 -12.967500 10.911870 0.005107 0.934527 -0.018998 -0.355348
112.568200 564.381200 -13.009290 10.236100 0.008167 0.934061 -0.019343 -0.356497
112.672000 563.776800 -13.050350 9.568871 0.009740 0.933689 -0.020396 -0.357370
112.775600 563.184100 -13.099170 8.909222 0.010359 0.933307 -0.020889 -0.358321
112.879400 562.593500 -13.147780 8.255447 0.011558 0.932953 -0.021627 -0.359162
112.983000 562.016200 -13.197980 7.610878 0.010438 0.932538 -0.021886 -0.360257
113.086700 561.447800 -13.248380 6.973817 0.008502 0.932061 -0.022560 -0.361498
113.190500 560.896900 -13.298680 6.359508 0.005189 0.931544 -0.026826 -0.362600
113.294100 560.357800 -13.354780 5.761759 0.003351 0.931054 -0.029417 -0.363679
113.397800 559.830300 -13.410420 5.174447 0.000804 0.930786 -0.029503 -0.364370
113.501500 559.305200 -13.457380 4.607283 0.002886 0.930542 -0.028587 -0.365057
113.605200 558.790600 -13.502630 4.059161 0.005162 0.930456 -0.027271 -0.365351
113.709000 558.301000 -13.547440 3.537414 0.006500 0.930291 -0.028138 -0.365683
113.812600 557.837200 -13.598630 3.031586 0.006360 0.930155 -0.028736 -0.365986
113.916400 557.388800 -13.648680 2.556647 0.008554 0.930018 -0.032484 -0.365976
114.020100 556.963600 -13.696560 2.098999 0.008292 0.930082 -0.034494 -0.365635
114.123900 556.555900 -13.745470 1.653286 0.008007 0.930032 -0.033896 -0.365825
114.227600 556.166300 -13.794390 1.224300 0.006778 0.930025 -0.032603 -0.365986
114.331400 555.788200 -13.845940 0.816920 0.008055 0.930233 -0.032537 -0.365436
114.435000 555.428900 -13.903090 0.423318 0.007265 0.930233 -0.033170 -0.365396
114.538700 555.086800 -13.953150 0.038120 0.004591 0.930045 -0.035113 -0.365735
114.642500 554.751500 -14.001560 -0.339994 0.002107 0.930012 -0.035254 -0.365829
114.746300 554.419200 -14.043770 -0.707363 0.001951 0.929987 -0.034787 -0.365939
114.850000 554.091900 -14.090130 -1.065239 0.002539 0.930030 -0.033966 -0.365902
114.953800 553.770700 -14.131440 -1.417053 0.003351 0.929950 -0.032658 -0.366218
115.057400 553.460500 -14.172130 -1.759813 0.001478 0.929918 -0.031709 -0.366396
115.161100 553.156200 -14.206410 -2.093206 0.000711 0.929758 -0.031427 -0.366826
115.264900 552.853900 -14.239710 -2.416138 0.000864 0.929673 -0.031548 -0.367030
115.368600 552.555900 -14.270670 -2.730761 0.002748 0.929478 -0.032467 -0.367436
115.472400 552.265400 -14.300440 -3.039119 0.004141 0.929413 -0.032926 -0.367546
115.576100 551.981100 -14.330040 -3.341352 0.005149 0.929385 -0.033564 -0.367547
115.679700 551.708400 -14.357670 -3.635664 0.005318 0.929369 -0.033416 -0.367597
115.783500 551.446200 -14.390620 -3.918816 0.005852 0.929325 -0.034118 -0.367637
115.887100 551.192100 -14.425240 -4.191369 0.006496 0.929469 -0.034931 -0.367185
115.990900 550.948500 -14.469420 -4.451915 0.007093 0.929514 -0.035377 -0.367017
116.094600 550.714900 -14.506860 -4.709150 0.006075 0.929566 -0.035908 -0.366854
116.198300 550.490900 -14.549710 -4.953978 0.005615 0.929651 -0.037394 -0.366496
116.302000 550.270000 -14.588970 -5.187168 0.006401 0.929802 -0.039794 -0.365846
116.405600 550.055400 -14.627690 -5.411455 0.007899 0.930026 -0.041707 -0.365035
116.509400 549.848200 -14.656010 -5.634374 0.008874 0.930569 -0.042158 -0.363573
116.613300 549.654100 -14.683420 -5.853434 0.008044 0.931253 -0.042671 -0.361776
116.716700 549.472200 -14.709960 -6.063502 0.006808 0.931666 -0.042758 -0.360727
116.820500 549.302000 -14.735400 -6.264490 0.005242 0.932101 -0.042884 -0.359612
116.924200 549.141300 -14.764420 -6.454319 0.004459 0.932656 -0.042266 -0.358255
117.028000 548.991400 -14.792720 -6.627882 0.004355 0.933122 -0.042149 -0.357055
117.131600 548.845500 -14.814270 -6.789741 0.004836 0.933552 -0.042469 -0.355883
117.235400 548.710100 -14.836070 -6.943462 0.005357 0.933989 -0.042814 -0.354687
117.339100 548.582100 -14.859330 -7.090666 0.005774 0.934265 -0.043279 -0.353897
117.442900 548.466800 -14.883910 -7.227784 0.005203 0.934272 -0.043966 -0.353801
117.546700 548.360100 -14.906230 -7.359144 0.003715 0.934188 -0.044635 -0.353959
117.650400 548.257600 -14.921580 -7.479973 0.003581 0.934046 -0.045439 -0.354231
117.754000 548.160100 -14.935360 -7.592526 0.003990 0.933906 -0.046010 -0.354524
117.857700 548.069600 -14.948310 -7.701283 0.004137 0.933746 -0.046609 -0.354864
117.961500 547.987500 -14.961490 -7.803179 0.003762 0.933800 -0.047174 -0.354652
118.065100 547.909300 -14.973810 -7.899460 0.003487 0.933996 -0.047474 -0.354097
118.168900 547.834900 -14.985860 -7.988359 0.003658 0.934048 -0.047419 -0.353967
118.272500 547.768900 -14.999900 -8.070234 0.003488 0.934087 -0.047594 -0.353841
118.376300 547.708200 -15.011460 -8.149215 0.002649 0.934139 -0.047959 -0.353662
118.479900 547.651400 -15.024250 -8.224501 0.001512 0.934213 -0.048005 -0.353468
118.583600 547.592600 -15.033380 -8.293718 0.001325 0.934292 -0.048099 -0.353247
118.687200 547.534800 -15.042380 -8.355707 0.001945 0.934364 -0.048320 -0.353024
118.791000 547.485400 -15.051290 -8.414013 0.002260 0.934422 -0.048564 -0.352833
118.894800 547.438700 -15.058010 -8.468806 0.001773 0.934517 -0.048675 -0.352570
118.998500 547.392000 -15.058390 -8.519784 0.001334 0.934572 -0.048907 -0.352394
119.102100 547.351200 -15.064660 -8.566595 0.001211 0.934629 -0.049186 -0.352205
119.205900 547.312300 -15.075400 -8.609266 0.001522 0.934688 -0.049383 -0.352020
119.309600 547.276200 -15.083570 -8.650922 0.001664 0.934731 -0.049568 -0.351878
119.413200 547.243100 -15.091530 -8.690682 0.001752 0.934778 -0.049877 -0.351708
119.517000 547.212800 -15.097210 -8.727030 0.001609 0.934817 -0.050018 -0.351585
119.620700 547.184800 -15.104180 -8.759968 0.001567 0.934860 -0.050204 -0.351445
119.724400 547.160300 -15.110540 -8.788951 0.001610 0.934898 -0.050442 -0.351310
119.828100 547.137900 -15.117920 -8.816118 0.001684 0.934923 -0.050563 -0.351226
119.931900 547.119800 -15.124230 -8.840305 0.001604 0.934945 -0.050605 -0.351160
120.035500 547.104500 -15.130470 -8.861118 0.001515 0.934961 -0.050658 -0.351111
120.139200 547.093000 -15.134450 -8.878200 0.001263 0.934985 -0.050742 -0.351036
120.242900 547.083900 -15.137150 -8.892504 0.001117 0.935010 -0.050770 -0.350966
120.346600 547.076500 -15.139580 -8.904703 0.001034 0.935020 -0.050803 -0.350936
120.450200 547.069500 -15.138530 -8.915003 0.001020 0.935011 -0.050953 -0.350938
120.554000 547.062600 -15.136080 -8.925013 0.000901 0.935019 -0.051197 -0.350881
120.657600 547.056100 -15.133920 -8.935045 0.000711 0.935033 -0.051551 -0.350791
120.761400 547.040300 -15.126260 -8.948208 0.000549 0.935027 -0.051905 -0.350756
120.865000 547.025300 -15.119980 -8.962217 0.000481 0.935037 -0.052098 -0.350702
120.968600 547.001000 -15.109520 -8.980742 0.000463 0.935040 -0.052202 -0.350677
121.072400 546.977500 -15.102460 -9.002351 0.000492 0.935066 -0.052073 -0.350629
121.176000 546.951800 -15.097100 -9.025308 0.000505 0.935106 -0.052012 -0.350530
121.279700 546.928700 -15.095800 -9.049068 0.000596 0.935086 -0.051948 -0.350592
121.383400 546.906300 -15.096070 -9.075048 0.000490 0.935085 -0.051778 -0.350621
121.487100 546.881100 -15.096730 -9.104930 0.000499 0.935106 -0.051825 -0.350559
121.590900 546.853200 -15.098100 -9.137999 0.000507 0.935112 -0.051711 -0.350558
121.694500 546.823300 -15.099990 -9.175395 0.000539 0.935081 -0.051558 -0.350663
121.798200 546.791900 -15.103530 -9.215737 0.000487 0.935080 -0.051327 -0.350699
121.902000 546.756100 -15.111780 -9.260733 0.000271 0.935109 -0.051233 -0.350638
122.005600 546.717900 -15.119660 -9.307750 0.000116 0.935117 -0.051184 -0.350624
122.109400 546.673500 -15.130960 -9.359431 0.000082 0.935157 -0.051247 -0.350506
122.213100 546.627000 -15.142220 -9.413047 0.000262 0.935209 -0.051374 -0.350350
122.316800 546.577700 -15.156410 -9.471357 0.000496 0.935207 -0.051413 -0.350349
122.420500 546.525500 -15.171020 -9.532990 0.000662 0.935169 -0.051581 -0.350425
122.524300 546.469800 -15.188330 -9.598824 0.000716 0.935169 -0.051687 -0.350408
122.628000 546.411500 -15.204660 -9.667371 0.000629 0.935212 -0.051681 -0.350296
122.731600 546.350000 -15.221170 -9.738525 0.000802 0.935237 -0.051652 -0.350233
122.835200 546.286600 -15.239780 -9.816256 0.000741 0.935243 -0.051370 -0.350259
122.939000 546.222400 -15.255570 -9.896104 0.000469 0.935285 -0.050992 -0.350202
123.042600 546.157300 -15.275890 -9.976974 0.000220 0.935285 -0.050774 -0.350234
123.146200 546.088000 -15.290900 -10.057760 0.000211 0.935291 -0.051119 -0.350168
123.250000 546.013600 -15.308130 -10.141830 0.000742 0.935271 -0.051478 -0.350169
123.353600 545.939000 -15.326160 -10.227620 0.001042 0.935194 -0.051711 -0.350338
123.457400 545.862500 -15.346510 -10.313620 0.001445 0.935226 -0.051744 -0.350246
123.561000 545.783400 -15.364520 -10.398320 0.002842 0.935257 -0.052140 -0.350097
123.664800 545.705800 -15.385550 -10.482530 0.004226 0.935179 -0.052168 -0.350287
123.768500 545.635200 -15.409390 -10.566000 0.004377 0.935201 -0.051738 -0.350290
123.872100 545.569500 -15.430890 -10.646660 0.003986 0.935260 -0.051351 -0.350194
123.975900 545.507000 -15.451070 -10.724490 0.003749 0.935202 -0.051428 -0.350341
124.079600 545.445200 -15.466030 -10.798010 0.003889 0.935240 -0.051443 -0.350234
124.183200 545.387700 -15.483700 -10.868510 0.003964 0.935385 -0.051235 -0.349878
124.287000 545.334200 -15.499520 -10.933490 0.004197 0.935485 -0.050939 -0.349651
124.390600 545.286300 -15.518310 -10.994910 0.004160 0.935568 -0.050343 -0.349516
124.494400 545.242600 -15.530840 -11.049650 0.004195 0.935708 -0.050033 -0.349183
