#Image Rect[ms], Image Resize[ms], ORB ext[ms], Stereo match[ms], IMU preint[ms], Pose pred[ms], LM track[ms], KF dec[ms], Total[ms]
0.000000,0.000000,30.508082,0.000000,0.000000,9.258042,3.184314,0.068773,65.081099
0.000000,0.000000,27.907984,0.000000,0.000000,2.715498,2.429723,0.059780,50.380774
0.000000,0.000000,22.915530,0.000000,0.000000,2.697808,2.234528,0.059151,37.836891
0.000000,0.000000,26.428202,0.000000,0.000000,2.760480,2.240558,0.062650,39.883797
0.000000,0.000000,24.381408,0.000000,0.000000,2.288963,2.019542,0.456327,38.352026
0.000000,0.000000,24.639745,0.000000,0.000000,3.068945,2.396927,0.373134,38.163082
0.000000,0.000000,28.080867,0.000000,0.000000,3.121804,2.654914,0.059297,43.169673
0.000000,0.000000,21.707421,0.000000,0.000000,2.773869,2.560009,0.100441,38.901921
0.000000,0.000000,24.058505,0.000000,0.000000,2.034650,2.814631,0.540580,39.302336
0.000000,0.000000,24.847532,0.000000,0.000000,3.432683,3.774131,0.111710,39.929618
0.000000,0.000000,26.918951,0.000000,0.000000,2.508524,3.079555,0.113089,44.005350
0.000000,0.000000,24.771078,0.000000,0.000000,2.034999,4.347581,0.254519,39.793004
0.000000,0.000000,24.713223,0.000000,0.000000,1.770947,2.640896,0.488325,41.578775
0.000000,0.000000,23.246075,0.000000,0.000000,3.136877,3.251760,0.113081,36.999218
0.000000,0.000000,25.421492,0.000000,0.000000,2.160464,2.764484,0.054977,42.247243
0.000000,0.000000,23.863206,0.000000,0.000000,2.437656,3.025535,0.096522,38.151355
0.000000,0.000000,24.093975,0.000000,0.000000,1.485712,2.359304,0.432793,39.452542
0.000000,0.000000,22.708597,0.000000,0.000000,2.620142,3.997502,0.116972,36.345047
0.000000,0.000000,24.306677,0.000000,0.000000,2.419487,3.511853,0.116920,40.801656
0.000000,0.000000,25.561198,0.000000,0.000000,1.580454,2.383952,0.452346,42.195633
0.000000,0.000000,21.889736,0.000000,0.000000,2.455431,2.751375,0.045613,36.132818
0.000000,0.000000,22.484152,0.000000,0.000000,1.885571,2.443753,0.045579,37.665531
0.000000,0.000000,24.192997,0.000000,0.000000,1.547462,2.391832,0.495993,38.576586
0.000000,0.000000,22.167112,0.000000,0.000000,2.806143,2.904094,0.054314,35.543327
0.000000,0.000000,22.939357,0.000000,0.000000,1.960682,2.985365,0.099903,38.359679
0.000000,0.000000,21.927657,0.000000,0.000000,1.690566,2.747932,0.545830,36.453522
0.000000,0.000000,21.377816,0.000000,0.000000,2.970659,3.030574,0.065123,35.325299
0.000000,0.000000,24.827732,0.000000,0.000000,1.763027,2.948260,0.561036,39.739089
0.000000,0.000000,24.689776,0.000000,0.000000,2.962466,3.315368,0.124459,39.245609
0.000000,0.000000,21.855301,0.000000,0.000000,2.193422,4.068914,0.630720,38.913969
0.000000,0.000000,21.829309,0.000000,0.000000,2.789361,4.146081,0.110314,38.861240
0.000000,0.000000,22.300018,0.000000,0.000000,2.234865,3.625354,0.701085,39.163667
0.000000,0.000000,22.120773,0.000000,0.000000,2.916465,3.520179,0.058904,38.283524
0.000000,0.000000,27.824116,0.000000,0.000000,1.678255,3.960354,1.254499,44.350427
0.000000,0.000000,22.047854,0.000000,0.000000,3.380563,4.287971,0.142441,39.106041
0.000000,0.000000,24.813654,0.000000,0.000000,1.876263,3.654555,0.629249,42.934333
0.000000,0.000000,26.191110,0.000000,0.000000,2.616868,3.256143,0.057481,41.864729
0.000000,0.000000,22.195685,0.000000,0.000000,1.695577,3.927357,0.877668,37.831087
0.000000,0.000000,23.206358,0.000000,0.000000,2.873883,3.468631,0.057131,39.340779
0.000000,0.000000,26.437285,0.000000,0.000000,1.820562,4.142871,0.767356,43.194097
0.000000,0.000000,22.658159,0.000000,0.000000,3.294010,4.978278,0.124211,39.050406
0.000000,0.000000,23.299524,0.000000,0.000000,1.539649,4.093824,0.751747,42.307461
0.000000,0.000000,22.844293,0.000000,0.000000,2.620913,3.541130,0.062231,40.976212
0.000000,0.000000,21.549879,0.000000,0.000000,1.580556,4.093803,0.666064,37.809888
0.000000,0.000000,21.810961,0.000000,0.000000,2.843409,3.765730,0.057232,37.387057
0.000000,0.000000,21.164184,0.000000,0.000000,1.959417,3.313468,0.569201,36.929742
0.000000,0.000000,22.885762,0.000000,0.000000,3.117657,4.433128,0.151311,38.499210
0.000000,0.000000,22.356562,0.000000,0.000000,1.755602,3.557266,0.594888,40.871119
0.000000,0.000000,21.494044,0.000000,0.000000,3.349132,5.681748,0.124003,36.646714
0.000000,0.000000,23.785616,0.000000,0.000000,1.706172,3.901765,0.730111,47.621915
0.000000,0.000000,22.144922,0.000000,0.000000,2.949805,5.651845,0.179071,38.584833
0.000000,0.000000,22.350120,0.000000,0.000000,1.480698,4.388108,0.815012,42.122472
0.000000,0.000000,23.269672,0.000000,0.000000,4.247225,5.805480,0.402262,40.610058
0.000000,0.000000,25.079660,0.000000,0.000000,1.357366,3.551475,0.658841,47.598664
0.000000,0.000000,21.967341,0.000000,0.000000,2.991072,5.060625,0.126208,39.160510
0.000000,0.000000,23.189300,0.000000,0.000000,1.598612,4.731720,0.905588,42.953595
0.000000,0.000000,22.804915,0.000000,0.000000,3.028058,5.139076,0.204169,41.179876
0.000000,0.000000,23.708731,0.000000,0.000000,1.595126,3.830479,0.825774,43.039339
0.000000,0.000000,22.764552,0.000000,0.000000,2.747200,5.001568,0.158957,39.138352
0.000000,0.000000,22.539184,0.000000,0.000000,1.158265,3.131305,2.203226,41.292160
0.000000,0.000000,22.274616,0.000000,0.000000,3.142277,4.727916,0.073550,38.711281
0.000000,0.000000,23.135476,0.000000,0.000000,1.457901,3.925217,1.075143,41.895423
0.000000,0.000000,23.588404,0.000000,0.000000,4.572231,6.342445,0.218686,40.688162
0.000000,0.000000,23.414057,0.000000,0.000000,1.288073,3.075055,0.566772,45.166404
0.000000,0.000000,21.035975,0.000000,0.000000,2.443574,4.380250,0.129339,36.054388
0.000000,0.000000,22.219948,0.000000,0.000000,1.336514,3.508053,0.647107,39.697340
0.000000,0.000000,20.396224,0.000000,0.000000,2.366882,3.752641,0.066265,34.547860
0.000000,0.000000,20.975860,0.000000,0.000000,1.328345,3.688324,0.716563,36.314631
0.000000,0.000000,20.585556,0.000000,0.000000,4.407918,6.911615,0.167184,35.729395
0.000000,0.000000,22.722120,0.000000,0.000000,1.445330,4.316484,0.676632,44.667022
0.000000,0.000000,25.485031,0.000000,0.000000,4.165039,5.530461,0.168851,41.376351
0.000000,0.000000,24.623483,0.000000,0.000000,1.307787,3.463020,0.566607,44.947848
0.000000,0.000000,22.167689,0.000000,0.000000,3.289311,4.830720,0.143973,37.289199
0.000000,0.000000,22.246850,0.000000,0.000000,1.492404,4.709809,0.816899,41.271086
0.000000,0.000000,23.534966,0.000000,0.000000,2.999901,5.746280,0.193640,41.042973
0.000000,0.000000,23.217255,0.000000,0.000000,1.725946,4.995875,1.293797,43.233316
0.000000,0.000000,21.908677,0.000000,0.000000,3.165320,5.826596,0.197463,40.832033
0.000000,0.000000,23.845985,0.000000,0.000000,1.574305,3.626151,0.742694,43.439959
0.000000,0.000000,22.399142,0.000000,0.000000,2.838302,5.920178,0.171713,38.777457
0.000000,0.000000,23.699711,0.000000,0.000000,1.485463,4.617473,0.762482,43.695496
0.000000,0.000000,21.444755,0.000000,0.000000,4.398603,8.740312,0.253364,38.976017
0.000000,0.000000,22.641737,0.000000,0.000000,1.381943,4.070570,0.638489,47.023878
0.000000,0.000000,21.429350,0.000000,0.000000,2.856799,5.744818,0.172887,37.602735
0.000000,0.000000,22.755152,0.000000,0.000000,1.585892,5.959223,0.858485,44.978446
0.000000,0.000000,22.378778,0.000000,0.000000,3.247754,5.897574,0.210833,41.890382
0.000000,0.000000,23.383686,0.000000,0.000000,1.115642,3.682576,0.692903,43.674742
0.000000,0.000000,23.808171,0.000000,0.000000,2.381441,6.100709,0.193382,38.799658
0.000000,0.000000,21.889289,0.000000,0.000000,1.098741,4.593516,1.089268,41.866799
0.000000,0.000000,26.898262,0.000000,0.000000,2.864429,6.504663,0.203208,43.594048
0.000000,0.000000,23.873930,0.000000,0.000000,1.233062,5.984924,1.086749,46.099332
0.000000,0.000000,24.207313,0.000000,0.000000,2.965049,5.555799,0.215842,43.776280
0.000000,0.000000,23.342018,0.000000,0.000000,1.236614,4.769144,1.370604,42.476450
0.000000,0.000000,23.316436,0.000000,0.000000,2.888123,6.299499,0.194295,41.549112
0.000000,0.000000,24.197006,0.000000,0.000000,1.472468,4.561872,0.920824,44.967101
0.000000,0.000000,23.471531,0.000000,0.000000,2.823954,6.291477,0.176362,40.379257
0.000000,0.000000,23.790431,0.000000,0.000000,1.490754,5.449005,0.940422,44.548785
0.000000,0.000000,22.821558,0.000000,0.000000,3.497559,6.098544,0.175941,41.697591
0.000000,0.000000,22.296777,0.000000,0.000000,1.471084,5.005214,0.894367,46.919070
0.000000,0.000000,22.298262,0.000000,0.000000,2.644732,5.568274,0.131612,39.896353
0.000000,0.000000,22.290706,0.000000,0.000000,1.031739,3.871780,0.795773,40.507113
0.000000,0.000000,21.257952,0.000000,0.000000,2.896474,5.654994,0.140654,39.640184
0.000000,0.000000,20.434960,0.000000,0.000000,1.552565,6.163748,1.571755,38.605465
0.000000,0.000000,22.211943,0.000000,0.000000,3.589793,6.147668,0.198212,41.916455
0.000000,0.000000,24.624545,0.000000,0.000000,1.348081,4.804354,1.206433,45.686104
0.000000,0.000000,24.068438,0.000000,0.000000,2.819436,5.602972,0.192872,41.425835
0.000000,0.000000,24.891505,0.000000,0.000000,1.246537,3.286111,0.741182,45.510847
0.000000,0.000000,20.955729,0.000000,0.000000,2.644246,3.807655,0.088949,36.125549
0.000000,0.000000,20.770274,0.000000,0.000000,1.472528,3.368719,0.722856,37.572065
0.000000,0.000000,21.817264,0.000000,0.000000,5.248268,5.718376,0.172199,37.164481
0.000000,0.000000,22.231049,0.000000,0.000000,1.570882,4.302582,1.568623,44.347447
0.000000,0.000000,23.839276,0.000000,0.000000,3.564982,6.090356,0.174728,42.176631
0.000000,0.000000,24.620351,0.000000,0.000000,2.663149,4.083799,0.814279,45.935786
0.000000,0.000000,23.150889,0.000000,0.000000,3.568697,9.715846,0.231061,41.071115
0.000000,0.000000,24.262507,0.000000,0.000000,1.734007,6.650341,0.162224,50.446365
0.000000,0.000000,23.157644,0.000000,0.000000,1.678718,4.907743,1.125659,41.837162
0.000000,0.000000,23.191555,0.000000,0.000000,3.280399,4.251261,0.072059,40.509434
0.000000,0.000000,22.171587,0.000000,0.000000,2.081186,4.913844,0.183651,39.970426
0.000000,0.000000,23.990710,0.000000,0.000000,1.392208,4.740128,1.158447,41.694177
0.000000,0.000000,22.330679,0.000000,0.000000,3.444657,4.379945,0.097922,40.147229
0.000000,0.000000,22.933155,0.000000,0.000000,2.111825,5.526845,0.232146,41.659143
0.000000,0.000000,22.699594,0.000000,0.000000,1.392625,4.381852,0.874479,41.874956
0.000000,0.000000,23.159571,0.000000,0.000000,3.721153,5.086127,0.225252,39.780654
0.000000,0.000000,24.517624,0.000000,0.000000,2.316446,5.016065,2.802123,43.913137
0.000000,0.000000,23.026659,0.000000,0.000000,1.691863,4.814931,1.508072,43.722531
0.000000,0.000000,21.713884,0.000000,0.000000,4.885887,4.587747,0.124321,42.085906
0.000000,0.000000,23.873390,0.000000,0.000000,1.951229,4.978379,0.170678,45.006313
0.000000,0.000000,23.085169,0.000000,0.000000,1.211354,4.481100,1.150552,40.490247
0.000000,0.000000,21.376166,0.000000,0.000000,3.638307,8.481555,0.230969,38.718704
0.000000,0.000000,23.196505,0.000000,0.000000,1.591260,4.666567,0.162777,46.975397
0.000000,0.000000,22.497421,0.000000,0.000000,1.000942,4.153736,1.195834,40.577324
0.000000,0.000000,21.554460,0.000000,0.000000,3.465797,5.007537,0.192265,37.984902
0.000000,0.000000,23.952945,0.000000,0.000000,1.396150,3.716630,0.098755,43.955009
0.000000,0.000000,21.162456,0.000000,0.000000,1.078668,3.453178,1.147984,35.831567
0.000000,0.000000,22.379081,0.000000,0.000000,4.106076,4.771881,0.143390,39.946243
0.000000,0.000000,22.791146,0.000000,0.000000,1.494974,3.983516,0.163851,44.824938
0.000000,0.000000,25.357423,0.000000,0.000000,1.046647,4.096904,4.934533,41.206943
0.000000,0.000000,22.290518,0.000000,0.000000,3.420010,6.668347,0.112459,41.293312
0.000000,0.000000,21.365728,0.000000,0.000000,2.155841,4.298287,0.160538,43.786739
0.000000,0.000000,23.686903,0.000000,0.000000,1.326948,3.728607,1.272729,40.154807
0.000000,0.000000,22.842594,0.000000,0.000000,3.609081,5.967230,0.146864,39.178105
0.000000,0.000000,24.621936,0.000000,0.000000,1.543267,3.964135,1.176342,44.499132
0.000000,0.000000,23.212913,0.000000,0.000000,3.230791,4.186903,0.149452,39.640252
0.000000,0.000000,22.841967,0.000000,0.000000,1.163842,3.909336,1.424021,42.316262
0.000000,0.000000,24.430357,0.000000,0.000000,2.695554,4.134667,0.118520,41.371495
0.000000,0.000000,22.398432,0.000000,0.000000,1.234864,3.133608,0.098466,43.651670
0.000000,0.000000,22.053591,0.000000,0.000000,0.995366,3.821751,2.174548,36.336829
0.000000,0.000000,25.142640,0.000000,0.000000,3.144894,5.993303,0.147471,42.751686
0.000000,0.000000,23.941118,0.000000,0.000000,1.375698,4.317837,1.263656,47.102870
0.000000,0.000000,22.253280,0.000000,0.000000,5.104805,5.213053,0.174193,39.291936
0.000000,0.000000,23.572998,0.000000,0.000000,1.621058,6.569275,1.344966,46.065159
0.000000,0.000000,23.700933,0.000000,0.000000,4.708827,5.473234,0.180771,43.232276
0.000000,0.000000,24.344828,0.000000,0.000000,2.193812,4.957029,1.420656,47.158067
0.000000,0.000000,25.340524,0.000000,0.000000,3.649968,4.617390,0.179259,44.717247
0.000000,0.000000,24.688626,0.000000,0.000000,1.326333,4.271490,1.354045,46.721825
0.000000,0.000000,24.160453,0.000000,0.000000,3.542926,4.914745,0.152808,41.738497
0.000000,0.000000,23.823718,0.000000,0.000000,1.084246,4.639526,1.271800,45.111078
0.000000,0.000000,24.123143,0.000000,0.000000,4.091020,5.755671,0.133502,42.644062
0.000000,0.000000,25.315101,0.000000,0.000000,1.147656,4.579372,0.175331,47.355355
0.000000,0.000000,23.755869,0.000000,0.000000,0.759833,4.611452,1.224270,40.456274
0.000000,0.000000,23.132883,0.000000,0.000000,3.390758,10.683757,0.143942,39.547569
0.000000,0.000000,25.699489,0.000000,0.000000,1.350932,4.770313,0.276663,51.265218
0.000000,0.000000,23.562993,0.000000,0.000000,1.404004,4.905499,1.217100,40.536364
0.000000,0.000000,23.012903,0.000000,0.000000,3.489424,5.140945,0.178768,40.737444
0.000000,0.000000,23.953340,0.000000,0.000000,1.731362,5.323258,0.165703,43.609365
0.000000,0.000000,23.973918,0.000000,0.000000,1.310225,3.691164,1.084339,41.711786
0.000000,0.000000,24.978839,0.000000,0.000000,3.290718,4.846878,0.142269,41.428861
0.000000,0.000000,23.259854,0.000000,0.000000,1.671007,4.120828,1.033763,45.924225
0.000000,0.000000,21.801534,0.000000,0.000000,3.648461,4.456740,0.108385,38.598884
0.000000,0.000000,23.321216,0.000000,0.000000,1.697652,3.286627,0.986907,42.379609
0.000000,0.000000,24.240746,0.000000,0.000000,3.467700,4.914125,0.142139,40.655788
0.000000,0.000000,23.754705,0.000000,0.000000,1.739029,7.621127,1.186545,43.147602
0.000000,0.000000,22.784812,0.000000,0.000000,3.128829,5.528527,0.145235,42.914040
0.000000,0.000000,21.426592,0.000000,0.000000,1.801408,4.960524,0.906966,39.907611
0.000000,0.000000,21.787665,0.000000,0.000000,3.323938,5.914258,0.172526,39.864651
0.000000,0.000000,23.648306,0.000000,0.000000,1.734431,3.679451,0.770498,44.144076
0.000000,0.000000,22.840417,0.000000,0.000000,3.503585,3.873916,0.791449,39.059389
0.000000,0.000000,21.291555,0.000000,0.000000,3.305440,5.327468,0.191602,38.820664
0.000000,0.000000,27.114593,0.000000,0.000000,1.745625,4.588388,0.845952,46.942459
0.000000,0.000000,24.389202,0.000000,0.000000,3.444062,4.796843,0.107353,42.973597
0.000000,0.000000,23.546336,0.000000,0.000000,1.379632,4.395163,1.109240,43.283744
0.000000,0.000000,21.424909,0.000000,0.000000,2.947712,3.858466,0.067007,38.196952
0.000000,0.000000,21.964622,0.000000,0.000000,1.433925,4.314029,1.099642,38.897546
0.000000,0.000000,22.439761,0.000000,0.000000,3.935753,6.389489,0.153370,39.560220
0.000000,0.000000,21.762970,0.000000,0.000000,1.522726,7.629220,1.284353,42.540313
0.000000,0.000000,21.998239,0.000000,0.000000,3.652472,5.853654,0.169431,42.744041
0.000000,0.000000,22.047846,0.000000,0.000000,1.710962,3.528386,0.165253,41.890752
0.000000,0.000000,23.533240,0.000000,0.000000,1.002660,3.710963,1.951569,38.734900
0.000000,0.000000,21.953347,0.000000,0.000000,3.319857,5.400408,0.155034,38.258798
0.000000,0.000000,23.466865,0.000000,0.000000,1.065539,4.263701,0.144444,42.859157
0.000000,0.000000,23.590899,0.000000,0.000000,1.337525,4.039737,1.133018,38.595507
0.000000,0.000000,24.629848,0.000000,0.000000,3.149682,6.079106,0.196965,41.666707
0.000000,0.000000,23.951655,0.000000,0.000000,1.229930,3.932823,0.149704,45.280636
0.000000,0.000000,23.478472,0.000000,0.000000,0.911290,4.133249,1.223731,38.832539
0.000000,0.000000,24.220618,0.000000,0.000000,3.320901,4.757089,0.161805,40.614977
0.000000,0.000000,22.894008,0.000000,0.000000,1.214726,4.091818,0.208765,42.853838
0.000000,0.000000,23.604840,0.000000,0.000000,0.779616,3.422911,1.223491,39.395603
0.000000,0.000000,22.896136,0.000000,0.000000,3.257740,4.194602,0.160593,39.044095
0.000000,0.000000,23.529993,0.000000,0.000000,1.338416,4.174519,0.178093,42.196929
0.000000,0.000000,22.569891,0.000000,0.000000,0.862678,2.844917,1.383793,38.267885
0.000000,0.000000,22.043505,0.000000,0.000000,3.265544,4.606362,0.116288,36.763176
0.000000,0.000000,23.426557,0.000000,0.000000,1.296256,3.700508,0.192718,42.414369
0.000000,0.000000,22.481299,0.000000,0.000000,0.710378,2.322883,0.917491,37.520944
0.000000,0.000000,22.069969,0.000000,0.000000,2.705924,3.196540,0.106111,35.080490
0.000000,0.000000,20.736629,0.000000,0.000000,1.255156,2.722473,0.090203,35.846933
0.000000,0.000000,21.042841,0.000000,0.000000,0.754554,2.950160,1.148284,34.118312
0.000000,0.000000,26.502542,0.000000,0.000000,3.400406,3.797442,0.140810,40.951591
0.000000,0.000000,24.771486,0.000000,0.000000,1.736675,3.469745,0.225875,42.587338
0.000000,0.000000,22.417840,0.000000,0.000000,0.992138,2.699464,2.198592,39.651968
0.000000,0.000000,21.929309,0.000000,0.000000,3.605220,4.306554,0.135911,37.693196
0.000000,0.000000,22.497417,0.000000,0.000000,2.156512,4.048063,0.139718,42.648921
0.000000,0.000000,21.660335,0.000000,0.000000,1.369111,3.724202,0.137344,37.586646
0.000000,0.000000,23.536660,0.000000,0.000000,1.136205,3.284182,0.982904,38.594683
0.000000,0.000000,22.714119,0.000000,0.000000,3.753402,3.530611,0.143334,36.946796
0.000000,0.000000,23.970819,0.000000,0.000000,2.088816,4.137616,0.135230,41.811300
0.000000,0.000000,23.021493,0.000000,0.000000,1.069030,3.273514,1.603571,39.259584
0.000000,0.000000,23.528155,0.000000,0.000000,3.906472,5.405405,0.165281,39.321910
0.000000,0.000000,24.388751,0.000000,0.000000,1.621592,4.412193,0.292688,45.430483
0.000000,0.000000,22.414961,0.000000,0.000000,1.345242,3.767749,0.156527,39.042415
0.000000,0.000000,24.095375,0.000000,0.000000,1.088054,3.903831,1.236497,39.605134
0.000000,0.000000,23.732267,0.000000,0.000000,3.768431,6.812397,0.114956,41.655575
0.000000,0.000000,23.917452,0.000000,0.000000,2.015434,3.179477,0.073906,45.765758
0.000000,0.000000,25.956537,0.000000,0.000000,1.667261,3.214998,0.156076,41.403900
0.000000,0.000000,23.627998,0.000000,0.000000,1.118646,2.853352,1.199444,38.900962
0.000000,0.000000,23.977173,0.000000,0.000000,3.764805,4.129475,0.143104,40.855432
0.000000,0.000000,22.561712,0.000000,0.000000,2.271520,3.962572,0.205240,44.308495
0.000000,0.000000,24.580101,0.000000,0.000000,1.490381,3.414731,0.165152,41.566393
0.000000,0.000000,22.948140,0.000000,0.000000,1.101478,3.345473,1.509012,38.497787
0.000000,0.000000,23.062053,0.000000,0.000000,3.709874,4.316007,0.181339,39.620881
0.000000,0.000000,23.715227,0.000000,0.000000,1.667843,3.347046,0.107603,42.924607
0.000000,0.000000,22.652677,0.000000,0.000000,1.168011,3.561271,1.034484,40.572518
0.000000,0.000000,23.531925,0.000000,0.000000,3.422715,4.727990,0.187610,39.323695
0.000000,0.000000,24.033881,0.000000,0.000000,1.298544,4.133757,1.056221,44.047037
0.000000,0.000000,26.717756,0.000000,0.000000,3.511186,4.947678,0.159081,43.852996
0.000000,0.000000,22.224562,0.000000,0.000000,1.453662,3.046676,6.629947,42.207240
0.000000,0.000000,22.341779,0.000000,0.000000,3.176328,6.244845,0.199270,43.616149
0.000000,0.000000,23.302962,0.000000,0.000000,1.655424,4.905296,1.327494,45.599654
0.000000,0.000000,30.545533,0.000000,0.000000,3.626970,5.010325,0.136312,49.416881
0.000000,0.000000,25.912772,0.000000,0.000000,1.592706,4.266646,0.977147,47.196864
0.000000,0.000000,24.189955,0.000000,0.000000,3.028515,4.667190,0.116119,42.256960
0.000000,0.000000,24.303678,0.000000,0.000000,1.517077,3.665230,0.955950,43.995982
0.000000,0.000000,22.290314,0.000000,0.000000,3.001128,4.055466,0.119043,38.800196
0.000000,0.000000,22.738359,0.000000,0.000000,1.262794,3.899242,0.856061,40.414315
0.000000,0.000000,22.959920,0.000000,0.000000,2.876301,3.821109,0.084224,38.952703
0.000000,0.000000,22.090103,0.000000,0.000000,1.496183,4.147336,0.132596,39.314727
0.000000,0.000000,23.843298,0.000000,0.000000,1.151043,3.449826,1.044432,39.898930
0.000000,0.000000,26.067613,0.000000,0.000000,3.028391,3.564802,0.063298,41.623776
0.000000,0.000000,21.821515,0.000000,0.000000,1.701282,4.042246,0.143334,38.217615
0.000000,0.000000,21.489663,0.000000,0.000000,1.101199,3.817594,1.025880,37.456313
0.000000,0.000000,21.428950,0.000000,0.000000,2.280501,3.294310,0.056456,36.904131
0.000000,0.000000,21.616189,0.000000,0.000000,1.257826,2.923508,0.601626,37.006836
0.000000,0.000000,23.668079,0.000000,0.000000,2.677540,4.228416,0.123020,37.174792
0.000000,0.000000,20.900841,0.000000,0.000000,1.496705,3.861750,0.113764,37.641561
0.000000,0.000000,22.350184,0.000000,0.000000,1.317333,3.421999,0.807969,37.732807
0.000000,0.000000,22.486893,0.000000,0.000000,2.720293,8.822517,0.200632,37.619894
0.000000,0.000000,26.626492,0.000000,0.000000,1.738287,5.307078,0.125054,49.876498
0.000000,0.000000,22.347810,0.000000,0.000000,1.254101,4.800202,0.157378,39.235014
0.000000,0.000000,21.713927,0.000000,0.000000,1.086224,3.354921,1.252904,37.839077
0.000000,0.000000,27.091577,0.000000,0.000000,3.150031,3.999812,0.108490,42.400353
0.000000,0.000000,23.451079,0.000000,0.000000,1.861383,3.407031,0.135070,41.713916
0.000000,0.000000,20.763161,0.000000,0.000000,2.035748,4.307520,0.104031,35.762662
0.000000,0.000000,21.104184,0.000000,0.000000,1.273852,4.828101,0.965502,36.438221
0.000000,0.000000,22.362548,0.000000,0.000000,3.734662,4.471341,0.092485,39.108397
0.000000,0.000000,21.836560,0.000000,0.000000,2.059020,4.550907,0.155870,43.579047
0.000000,0.000000,21.136591,0.000000,0.000000,1.113734,4.593443,1.183812,37.782063
0.000000,0.000000,21.313621,0.000000,0.000000,2.921650,4.165630,0.124646,37.563188
0.000000,0.000000,19.834506,0.000000,0.000000,1.601911,5.528973,0.149070,36.701473
0.000000,0.000000,21.586694,0.000000,0.000000,2.040609,4.872170,0.856664,39.957559
0.000000,0.000000,22.013412,0.000000,0.000000,3.900847,5.169712,0.107460,39.449963
0.000000,0.000000,22.363940,0.000000,0.000000,2.399457,5.083354,0.179220,41.978552
0.000000,0.000000,21.652285,0.000000,0.000000,1.195808,3.928834,1.338240,39.862864
0.000000,0.000000,25.865499,0.000000,0.000000,2.847384,3.530657,0.061348,44.575341
0.000000,0.000000,20.217818,0.000000,0.000000,1.567256,3.410937,0.130476,36.597470
0.000000,0.000000,21.329719,0.000000,0.000000,0.987914,3.296562,1.227352,38.687784
0.000000,0.000000,22.154080,0.000000,0.000000,3.388068,4.639821,0.105554,37.188702
0.000000,0.000000,21.105379,0.000000,0.000000,1.410659,3.249064,1.514602,40.221530
0.000000,0.000000,21.091135,0.000000,0.000000,2.774619,3.379108,0.058063,37.581751
0.000000,0.000000,21.773598,0.000000,0.000000,1.878197,3.738028,1.010393,37.984146
0.000000,0.000000,21.909208,0.000000,0.000000,4.621569,6.234925,0.300502,40.326056
0.000000,0.000000,22.083498,0.000000,0.000000,1.798743,4.173339,0.907777,43.632713
0.000000,0.000000,22.591270,0.000000,0.000000,3.557988,4.641117,0.103788,39.474334
0.000000,0.000000,21.639580,0.000000,0.000000,1.878994,5.465945,1.205983,40.482522
0.000000,0.000000,23.910091,0.000000,0.000000,3.809533,4.349608,0.108879,43.590958
0.000000,0.000000,21.855517,0.000000,0.000000,1.293296,4.225050,0.986010,40.815137
0.000000,0.000000,22.778283,0.000000,0.000000,3.399700,4.697458,0.100420,39.384659
0.000000,0.000000,22.046403,0.000000,0.000000,1.513320,4.401355,0.901805,40.799379
0.000000,0.000000,22.132339,0.000000,0.000000,3.910740,5.222744,0.147784,38.393148
0.000000,0.000000,23.730841,0.000000,0.000000,1.304130,4.237623,1.036966,43.428928
0.000000,0.000000,21.865183,0.000000,0.000000,2.737646,3.977269,0.059325,38.267641
0.000000,0.000000,20.926686,0.000000,0.000000,1.360058,3.446622,0.797050,37.372468
0.000000,0.000000,25.374329,0.000000,0.000000,2.955454,4.319401,0.061288,40.590249
0.000000,0.000000,21.485105,0.000000,0.000000,1.694147,5.036085,0.151870,39.180162
0.000000,0.000000,21.657701,0.000000,0.000000,1.388710,4.173433,1.637991,38.463578
0.000000,0.000000,22.135704,0.000000,0.000000,4.012776,5.269967,0.144702,39.484840
0.000000,0.000000,21.469947,0.000000,0.000000,1.999620,4.561120,0.130029,41.630839
0.000000,0.000000,21.760646,0.000000,0.000000,1.639564,5.130317,0.878715,38.065954
0.000000,0.000000,21.232812,0.000000,0.000000,3.771146,4.493469,0.072747,38.248963
0.000000,0.000000,21.704880,0.000000,0.000000,1.605124,5.452680,0.171538,39.869966
0.000000,0.000000,23.461290,0.000000,0.000000,1.229050,4.885449,1.663187,40.786772
0.000000,0.000000,23.048976,0.000000,0.000000,3.433768,4.771905,0.136792,41.228590
0.000000,0.000000,23.254422,0.000000,0.000000,1.551896,3.350946,0.085513,41.906696
0.000000,0.000000,21.023252,0.000000,0.000000,1.252831,4.453667,1.306157,35.566303
0.000000,0.000000,22.452517,0.000000,0.000000,3.390766,5.808339,0.142882,40.013473
0.000000,0.000000,23.576614,0.000000,0.000000,1.656305,5.145422,0.138969,43.514405
0.000000,0.000000,26.836781,0.000000,0.000000,1.133101,3.806725,1.655215,43.484801
0.000000,0.000000,22.016679,0.000000,0.000000,3.412021,3.966216,0.097955,38.872535
0.000000,0.000000,21.731430,0.000000,0.000000,2.474879,5.094346,0.151281,39.459078
0.000000,0.000000,22.296431,0.000000,0.000000,1.176800,4.014767,1.096960,40.032646
0.000000,0.000000,22.404915,0.000000,0.000000,3.293940,5.169560,0.115150,38.456726
0.000000,0.000000,21.551447,0.000000,0.000000,1.470546,4.476326,0.117408,40.002211
0.000000,0.000000,21.277797,0.000000,0.000000,1.253648,4.413481,0.973054,36.417802
0.000000,0.000000,23.878089,0.000000,0.000000,3.703988,4.789701,0.097293,40.246099
0.000000,0.000000,22.856741,0.000000,0.000000,2.294319,4.988027,0.127159,41.672620
0.000000,0.000000,21.321439,0.000000,0.000000,1.259866,4.928226,1.014525,38.620278
0.000000,0.000000,21.363147,0.000000,0.000000,3.414677,9.586325,0.145608,38.533607
0.000000,0.000000,23.195686,0.000000,0.000000,1.790304,5.102133,0.155557,47.008237
0.000000,0.000000,21.443797,0.000000,0.000000,1.595632,4.907546,1.075377,38.040593
0.000000,0.000000,23.544873,0.000000,0.000000,4.251388,5.581390,0.129122,41.318817
0.000000,0.000000,24.655972,0.000000,0.000000,1.650062,3.724234,0.708274,45.194254
0.000000,0.000000,22.541884,0.000000,0.000000,3.372569,4.553451,0.144402,38.357673
0.000000,0.000000,21.451231,0.000000,0.000000,1.582411,4.920067,1.114366,39.375104
0.000000,0.000000,22.560863,0.000000,0.000000,3.943895,7.869198,0.287523,40.026292
0.000000,0.000000,23.627739,0.000000,0.000000,1.644790,4.689232,0.951254,47.175508
0.000000,0.000000,23.019196,0.000000,0.000000,3.136030,5.256243,0.201924,40.476638
0.000000,0.000000,21.331135,0.000000,0.000000,1.654462,4.822998,0.984345,40.528769
0.000000,0.000000,23.271441,0.000000,0.000000,3.779914,5.104326,0.159538,40.694275
0.000000,0.000000,22.912455,0.000000,0.000000,1.894334,4.800173,0.895477,42.944502
0.000000,0.000000,21.812215,0.000000,0.000000,4.284716,5.686303,0.164030,39.723101
0.000000,0.000000,22.756450,0.000000,0.000000,2.075586,4.779045,0.865809,43.443833
0.000000,0.000000,21.860758,0.000000,0.000000,3.342485,8.134819,0.183825,41.485925
0.000000,0.000000,24.303688,0.000000,0.000000,1.526071,4.706862,0.131107,47.384560
0.000000,0.000000,26.077481,0.000000,0.000000,1.088784,4.150345,1.159336,42.608051
0.000000,0.000000,21.428657,0.000000,0.000000,3.153508,6.221603,0.084417,38.179690
0.000000,0.000000,21.295262,0.000000,0.000000,1.272967,3.741934,0.064853,41.387185
0.000000,0.000000,20.513264,0.000000,0.000000,1.154671,4.907129,0.872126,36.119267
0.000000,0.000000,22.738546,0.000000,0.000000,3.036380,6.199104,0.192764,39.914230
0.000000,0.000000,21.779910,0.000000,0.000000,1.341999,5.301446,0.202601,45.998147
0.000000,0.000000,20.867665,0.000000,0.000000,1.467318,6.056262,1.001304,37.711008
0.000000,0.000000,21.627878,0.000000,0.000000,3.019951,4.940540,0.114637,39.946932
0.000000,0.000000,22.841689,0.000000,0.000000,1.960542,3.789413,0.167794,41.228615
0.000000,0.000000,21.654620,0.000000,0.000000,1.635808,4.617309,1.031939,37.875454
0.000000,0.000000,23.689188,0.000000,0.000000,5.533144,7.370932,0.189319,42.626996
0.000000,0.000000,22.538650,0.000000,0.000000,1.420872,6.954886,1.082109,46.761690
0.000000,0.000000,22.483870,0.000000,0.000000,3.747647,7.572357,0.149460,42.071853
0.000000,0.000000,22.511590,0.000000,0.000000,2.457083,7.217777,0.929128,45.493344
0.000000,0.000000,22.582788,0.000000,0.000000,4.233848,7.237435,0.223010,44.163417
0.000000,0.000000,24.297790,0.000000,0.000000,1.842704,5.138820,0.711788,48.335074
0.000000,0.000000,22.836863,0.000000,0.000000,3.820057,6.494028,0.187536,40.242599
0.000000,0.000000,24.755067,0.000000,0.000000,1.953352,5.090034,1.231067,46.642850
0.000000,0.000000,23.169834,0.000000,0.000000,5.003629,6.672695,0.247025,42.173468
0.000000,0.000000,22.741964,0.000000,0.000000,2.489718,5.418618,0.132979,46.189686
0.000000,0.000000,21.724579,0.000000,0.000000,2.257142,6.088559,1.006518,40.135369
0.000000,0.000000,21.388960,0.000000,0.000000,4.532402,5.754596,0.186656,41.216678
0.000000,0.000000,23.909952,0.000000,0.000000,1.343064,5.777831,0.140556,45.909174
0.000000,0.000000,23.171982,0.000000,0.000000,1.075724,4.607632,1.047343,40.904134
0.000000,0.000000,22.338059,0.000000,0.000000,3.476014,6.652069,0.155962,40.697045
0.000000,0.000000,24.345311,0.000000,0.000000,2.047549,5.450638,0.137903,45.740304
0.000000,0.000000,22.226183,0.000000,0.000000,2.202645,4.709805,1.055670,39.942081
0.000000,0.000000,22.615412,0.000000,0.000000,3.290873,8.680143,0.294554,45.491853
0.000000,0.000000,22.788228,0.000000,0.000000,2.160984,5.683703,0.164295,47.182505
0.000000,0.000000,22.741654,0.000000,0.000000,1.179446,3.894059,0.163407,40.645949
0.000000,0.000000,22.572313,0.000000,0.000000,0.959260,4.224506,1.246870,37.836622
0.000000,0.000000,23.069280,0.000000,0.000000,4.183285,5.402824,0.181069,39.747554
0.000000,0.000000,23.603587,0.000000,0.000000,1.713614,6.676386,0.163617,48.488012
0.000000,0.000000,26.909814,0.000000,0.000000,1.384493,5.245403,0.179223,45.935728
0.000000,0.000000,24.894753,0.000000,0.000000,1.250292,5.328924,1.119615,41.975233
0.000000,0.000000,22.446714,0.000000,0.000000,3.757763,6.284412,0.178864,39.849031
0.000000,0.000000,22.179720,0.000000,0.000000,2.014204,5.493552,0.292838,43.067507
0.000000,0.000000,22.576590,0.000000,0.000000,1.954238,5.330322,1.133894,45.229802
0.000000,0.000000,22.375068,0.000000,0.000000,3.679520,6.125885,0.159776,40.734172
0.000000,0.000000,22.574900,0.000000,0.000000,1.664599,4.253237,0.965672,43.685332
0.000000,0.000000,22.596256,0.000000,0.000000,3.824150,6.842285,0.173404,39.861321
0.000000,0.000000,23.072078,0.000000,0.000000,2.159361,4.037860,0.075091,49.150560
0.000000,0.000000,21.151936,0.000000,0.000000,1.244398,5.637795,1.254442,36.814933
0.000000,0.000000,21.684554,0.000000,0.000000,2.797105,7.234251,0.135834,39.668638
0.000000,0.000000,21.906574,0.000000,0.000000,1.355761,3.887839,0.920564,43.309959
0.000000,0.000000,20.624106,0.000000,0.000000,3.163604,5.530203,0.265838,36.833224
0.000000,0.000000,22.116161,0.000000,0.000000,2.520161,4.327415,1.338050,43.995212
0.000000,0.000000,20.652569,0.000000,0.000000,4.250320,7.211266,0.152552,42.552987
0.000000,0.000000,22.405493,0.000000,0.000000,1.983361,6.136588,0.222146,48.724086
0.000000,0.000000,21.259263,0.000000,0.000000,1.544643,4.853318,1.140896,40.252033
0.000000,0.000000,21.268282,0.000000,0.000000,2.886728,5.646815,0.136650,41.296477
0.000000,0.000000,20.514251,0.000000,0.000000,1.752894,6.662759,0.169384,42.872446
0.000000,0.000000,23.505004,0.000000,0.000000,1.541656,5.742190,1.144793,44.184924
0.000000,0.000000,22.506671,0.000000,0.000000,4.850428,7.107159,0.185846,41.760336
0.000000,0.000000,25.120759,0.000000,0.000000,1.844280,5.514602,0.303858,49.771259
0.000000,0.000000,24.114714,0.000000,0.000000,1.486009,4.724967,0.939833,42.843190
0.000000,0.000000,22.304741,0.000000,0.000000,2.683800,5.372206,0.130983,38.908674
0.000000,0.000000,21.220524,0.000000,0.000000,1.588830,6.259535,0.162152,39.273105
0.000000,0.000000,21.695378,0.000000,0.000000,1.340006,5.186780,1.294406,41.193032
0.000000,0.000000,23.671890,0.000000,0.000000,3.342211,6.966303,0.174443,41.528518
0.000000,0.000000,22.462486,0.000000,0.000000,2.169194,4.923146,0.121165,43.727980
0.000000,0.000000,21.201043,0.000000,0.000000,1.973320,5.175519,0.140248,38.375338
0.000000,0.000000,24.106165,0.000000,0.000000,1.203301,4.050030,1.078604,41.716548
0.000000,0.000000,22.247908,0.000000,0.000000,3.621147,6.290576,0.157095,38.099288
0.000000,0.000000,22.600550,0.000000,0.000000,3.428854,5.351814,0.140298,43.605521
0.000000,0.000000,21.384333,0.000000,0.000000,1.327664,5.542158,0.221457,40.468737
0.000000,0.000000,22.124711,0.000000,0.000000,1.484801,4.528169,1.492546,39.384893
0.000000,0.000000,22.050710,0.000000,0.000000,4.303032,6.836402,0.231735,39.861949
0.000000,0.000000,23.158744,0.000000,0.000000,2.079081,6.365256,0.221436,48.853608
0.000000,0.000000,24.002298,0.000000,0.000000,2.215294,7.090172,0.181179,43.556082
0.000000,0.000000,23.820710,0.000000,0.000000,1.551135,4.688716,1.545539,43.746946
0.000000,0.000000,21.567656,0.000000,0.000000,4.202157,6.755920,0.198561,41.483959
0.000000,0.000000,23.295975,0.000000,0.000000,1.813276,6.159387,0.167277,49.791349
0.000000,0.000000,21.728474,0.000000,0.000000,1.577561,4.937096,1.090424,44.398742
0.000000,0.000000,22.192958,0.000000,0.000000,4.101877,6.783493,0.207119,39.692515
0.000000,0.000000,22.317553,0.000000,0.000000,1.949037,6.132445,0.166587,46.466737
0.000000,0.000000,23.032740,0.000000,0.000000,1.701813,4.865171,1.697007,42.461357
0.000000,0.000000,22.537793,0.000000,0.000000,3.857827,7.639976,0.189009,41.257856
0.000000,0.000000,23.365662,0.000000,0.000000,1.709368,4.849564,0.230437,45.959065
0.000000,0.000000,21.876412,0.000000,0.000000,1.549853,6.633445,1.239162,39.233181
0.000000,0.000000,27.176372,0.000000,0.000000,3.680646,5.915428,0.149006,47.594901
0.000000,0.000000,22.110125,0.000000,0.000000,1.750671,4.600455,0.116943,46.345028
0.000000,0.000000,21.674215,0.000000,0.000000,1.444585,4.471999,0.866851,37.816228
0.000000,0.000000,22.538398,0.000000,0.000000,4.566472,5.992182,0.187571,38.955174
0.000000,0.000000,25.281111,0.000000,0.000000,1.978003,5.201043,0.137696,48.267612
0.000000,0.000000,21.668149,0.000000,0.000000,1.652726,4.437918,1.171310,39.247735
0.000000,0.000000,22.974206,0.000000,0.000000,4.128895,5.121809,0.229489,40.645702
0.000000,0.000000,23.445897,0.000000,0.000000,3.004112,5.316570,0.150403,43.694869
0.000000,0.000000,22.382548,0.000000,0.000000,1.571485,4.411426,0.935216,40.561712
0.000000,0.000000,21.035318,0.000000,0.000000,4.149886,7.541640,0.159117,37.942078
0.000000,0.000000,22.626556,0.000000,0.000000,1.916881,6.247758,0.201213,50.654786
0.000000,0.000000,21.244395,0.000000,0.000000,2.059683,5.262199,1.447927,40.473230
0.000000,0.000000,22.824857,0.000000,0.000000,4.226000,6.062105,0.162466,42.285466
0.000000,0.000000,24.436766,0.000000,0.000000,1.984421,5.358563,0.149269,46.397486
0.000000,0.000000,23.681351,0.000000,0.000000,1.861849,4.912251,1.567514,42.463612
0.000000,0.000000,22.859655,0.000000,0.000000,4.668554,5.764568,0.113902,43.192903
0.000000,0.000000,22.903586,0.000000,0.000000,1.909606,6.668519,0.166915,44.297786
0.000000,0.000000,23.308221,0.000000,0.000000,1.391322,5.117343,1.474882,43.074050
0.000000,0.000000,22.577590,0.000000,0.000000,3.702001,5.844332,0.100223,41.814702
0.000000,0.000000,23.075810,0.000000,0.000000,2.311906,6.133563,0.151501,43.698597
0.000000,0.000000,22.644800,0.000000,0.000000,1.980855,5.643431,1.568305,41.320360
0.000000,0.000000,23.264076,0.000000,0.000000,4.618025,5.763891,0.161589,43.386589
0.000000,0.000000,25.579990,0.000000,0.000000,1.969195,5.492114,0.143480,47.956864
0.000000,0.000000,24.784769,0.000000,0.000000,1.200209,4.982069,1.120115,42.726945
0.000000,0.000000,21.990753,0.000000,0.000000,2.829150,5.116837,0.202173,39.338259
0.000000,0.000000,22.742579,0.000000,0.000000,2.120675,5.037753,0.907477,42.141160
0.000000,0.000000,21.505598,0.000000,0.000000,3.462404,4.813758,0.105769,39.776619
0.000000,0.000000,23.027528,0.000000,0.000000,1.550786,4.675872,1.536758,41.772164
0.000000,0.000000,22.090764,0.000000,0.000000,3.419890,5.975616,0.188746,40.256457
0.000000,0.000000,23.943509,0.000000,0.000000,1.620820,5.200883,1.074791,47.477780
0.000000,0.000000,22.002425,0.000000,0.000000,3.303604,4.305911,0.077777,40.146245
0.000000,0.000000,22.296827,0.000000,0.000000,1.396076,4.855092,1.570932,43.866010
0.000000,0.000000,22.562331,0.000000,0.000000,3.136241,6.706732,0.183183,41.273364
0.000000,0.000000,22.062847,0.000000,0.000000,1.632217,5.083762,1.698595,46.903749
0.000000,0.000000,23.079558,0.000000,0.000000,3.607594,7.695017,0.165761,43.424924
0.000000,0.000000,22.890219,0.000000,0.000000,1.516513,5.411076,1.612233,50.840288
0.000000,0.000000,21.735229,0.000000,0.000000,3.536132,6.700758,0.260989,41.061686
0.000000,0.000000,22.617330,0.000000,0.000000,1.822806,4.836778,1.842184,48.713572
0.000000,0.000000,21.667275,0.000000,0.000000,4.253352,6.229803,0.169148,41.517838
0.000000,0.000000,22.573424,0.000000,0.000000,1.766456,5.218167,1.027800,44.721598
0.000000,0.000000,23.112307,0.000000,0.000000,4.353099,6.869617,0.162492,41.328299
0.000000,0.000000,22.768506,0.000000,0.000000,1.626717,5.265698,1.296819,47.077665
0.000000,0.000000,21.843723,0.000000,0.000000,4.823651,6.466249,0.112419,40.630759
0.000000,0.000000,22.511682,0.000000,0.000000,1.981414,4.479070,1.773211,47.252258
0.000000,0.000000,21.301162,0.000000,0.000000,4.510928,6.478377,0.201474,43.024965
0.000000,0.000000,23.049650,0.000000,0.000000,1.847417,5.322948,0.210412,48.306096
0.000000,0.000000,21.204138,0.000000,0.000000,1.581429,4.489771,1.509829,40.137413
0.000000,0.000000,22.485317,0.000000,0.000000,3.778468,7.551405,0.169164,45.056497
0.000000,0.000000,23.256533,0.000000,0.000000,1.943658,5.332927,0.223579,47.947360
0.000000,0.000000,26.064952,0.000000,0.000000,1.289851,3.279380,0.903991,44.311174
0.000000,0.000000,21.910872,0.000000,0.000000,4.062540,6.848509,0.187876,40.791488
0.000000,0.000000,23.431036,0.000000,0.000000,2.432666,5.374505,0.204786,50.816933
0.000000,0.000000,22.004261,0.000000,0.000000,1.491360,4.592043,0.997112,43.455059
0.000000,0.000000,22.745648,0.000000,0.000000,4.153805,6.806582,0.331635,43.249971
0.000000,0.000000,22.882061,0.000000,0.000000,1.717592,5.576250,0.197824,50.298494
0.000000,0.000000,22.609268,0.000000,0.000000,1.605099,4.279491,0.998989,41.765364
0.000000,0.000000,21.350586,0.000000,0.000000,4.536495,6.407285,0.206401,42.494702
0.000000,0.000000,22.847739,0.000000,0.000000,1.835083,4.025442,0.178575,51.318600
0.000000,0.000000,21.692548,0.000000,0.000000,2.020723,4.484824,0.168033,39.838843
0.000000,0.000000,22.164206,0.000000,0.000000,1.521239,3.698758,1.338088,44.823029
0.000000,0.000000,22.028938,0.000000,0.000000,4.141754,5.372348,0.196394,43.983599
0.000000,0.000000,21.658431,0.000000,0.000000,2.249508,5.322189,0.505951,43.950231
0.000000,0.000000,22.298035,0.000000,0.000000,2.341257,4.077705,0.133720,41.321568
0.000000,0.000000,22.424849,0.000000,0.000000,2.008978,3.815314,1.388595,42.729887
0.000000,0.000000,21.017374,0.000000,0.000000,3.830896,5.040964,0.148143,45.080791
0.000000,0.000000,24.614586,0.000000,0.000000,2.186886,4.717267,0.315719,46.297224
0.000000,0.000000,22.789885,0.000000,0.000000,1.523374,3.577930,0.075544,43.611511
0.000000,0.000000,22.291077,0.000000,0.000000,1.713840,4.508176,1.260842,41.291470
0.000000,0.000000,21.661544,0.000000,0.000000,3.958750,5.316867,0.137863,46.412641
0.000000,0.000000,23.407203,0.000000,0.000000,2.281417,4.756254,0.286006,48.956237
0.000000,0.000000,22.807826,0.000000,0.000000,1.924085,4.774808,0.146866,43.972587
0.000000,0.000000,22.245974,0.000000,0.000000,1.838319,3.972024,1.271051,44.389447
0.000000,0.000000,22.085722,0.000000,0.000000,4.709522,6.809219,0.164204,43.947848
0.000000,0.000000,25.413399,0.000000,0.000000,2.234787,5.066463,0.248755,56.998356
0.000000,0.000000,23.131621,0.000000,0.000000,1.578431,4.426120,0.111827,42.384666
0.000000,0.000000,21.825918,0.000000,0.000000,1.587523,4.387312,1.269529,39.060597
0.000000,0.000000,22.102162,0.000000,0.000000,3.915365,5.432560,0.166925,46.309054
0.000000,0.000000,24.870147,0.000000,0.000000,2.369945,4.970128,0.280073,48.200428
0.000000,0.000000,22.669415,0.000000,0.000000,1.745367,4.596093,1.271540,44.229987
0.000000,0.000000,22.332408,0.000000,0.000000,4.019088,6.962486,0.287292,45.540394
0.000000,0.000000,22.687505,0.000000,0.000000,1.742736,5.039838,1.553288,50.999157
0.000000,0.000000,21.942625,0.000000,0.000000,3.021080,5.251515,0.172754,46.053375
0.000000,0.000000,23.183036,0.000000,0.000000,1.478902,4.803666,2.088054,46.323883
0.000000,0.000000,21.509292,0.000000,0.000000,3.061050,7.607415,0.188027,45.654568
0.000000,0.000000,25.731327,0.000000,0.000000,1.525354,4.536021,1.531504,49.487586
0.000000,0.000000,22.975109,0.000000,0.000000,3.397822,5.399674,0.172111,41.328732
0.000000,0.000000,23.722287,0.000000,0.000000,1.157865,4.956747,0.134567,44.078803
0.000000,0.000000,22.956752,0.000000,0.000000,1.162180,3.629765,1.082122,39.152976
0.000000,0.000000,20.896588,0.000000,0.000000,3.778972,5.602282,0.192938,40.829813
0.000000,0.000000,22.174401,0.000000,0.000000,1.927684,4.858261,0.184934,49.397323
0.000000,0.000000,21.224749,0.000000,0.000000,1.568290,4.420888,0.186779,44.129321
0.000000,0.000000,21.615345,0.000000,0.000000,1.337072,4.458683,1.353022,46.354438
0.000000,0.000000,21.760327,0.000000,0.000000,4.001015,6.173860,0.180609,43.521097
0.000000,0.000000,22.783543,0.000000,0.000000,3.308097,5.635832,0.239455,46.044322
0.000000,0.000000,22.536064,0.000000,0.000000,1.881038,5.491935,0.176708,47.060288
0.000000,0.000000,22.859767,0.000000,0.000000,1.244707,4.836704,1.879018,43.115486
0.000000,0.000000,23.284391,0.000000,0.000000,3.299254,4.396794,0.162381,41.721524
0.000000,0.000000,21.643538,0.000000,0.000000,1.998615,4.635193,0.102695,42.562497
0.000000,0.000000,21.522899,0.000000,0.000000,2.021709,4.066144,1.319849,41.660689
0.000000,0.000000,22.169461,0.000000,0.000000,3.888862,6.294041,0.424041,46.032629
0.000000,0.000000,23.264582,0.000000,0.000000,2.407690,5.019269,0.386907,49.682034
0.000000,0.000000,21.302629,0.000000,0.000000,1.483498,4.598109,1.293792,44.862541
0.000000,0.000000,22.660798,0.000000,0.000000,3.916251,6.356437,0.179217,43.339876
0.000000,0.000000,21.920180,0.000000,0.000000,1.979122,4.275159,0.083121,49.262851
0.000000,0.000000,21.795387,0.000000,0.000000,1.997522,4.612571,1.007952,40.287200
0.000000,0.000000,22.047602,0.000000,0.000000,3.951821,6.150269,0.143253,45.363759
0.000000,0.000000,22.081591,0.000000,0.000000,2.602919,5.434519,0.254998,45.660510
0.000000,0.000000,21.655320,0.000000,0.000000,2.177829,4.174676,1.084357,46.012037
0.000000,0.000000,21.967497,0.000000,0.000000,4.518792,6.285105,0.305388,48.580211
0.000000,0.000000,23.110917,0.000000,0.000000,2.169741,4.477917,0.183018,46.399434
0.000000,0.000000,22.564909,0.000000,0.000000,2.202656,4.518948,0.164385,40.214481
0.000000,0.000000,23.654458,0.000000,0.000000,1.044293,5.151293,1.526912,41.008922
0.000000,0.000000,22.079049,0.000000,0.000000,3.505102,5.441778,0.187717,39.925762
0.000000,0.000000,21.958734,0.000000,0.000000,2.463315,4.361939,0.148246,42.651652
0.000000,0.000000,21.147064,0.000000,0.000000,2.061932,4.592418,0.177958,42.755668
0.000000,0.000000,23.762438,0.000000,0.000000,1.565850,3.377290,1.646452,47.819738
0.000000,0.000000,22.085254,0.000000,0.000000,3.371374,5.081476,0.149161,46.110260
0.000000,0.000000,22.743863,0.000000,0.000000,2.849234,4.670851,0.160759,41.507670
0.000000,0.000000,22.501727,0.000000,0.000000,1.366819,3.894223,0.169791,40.375987
0.000000,0.000000,22.029954,0.000000,0.000000,1.533445,3.507241,1.242895,37.649399
0.000000,0.000000,23.434042,0.000000,0.000000,4.241265,5.209540,0.220830,45.307653
0.000000,0.000000,21.301211,0.000000,0.000000,2.136128,3.633443,0.178784,50.834864
0.000000,0.000000,22.564863,0.000000,0.000000,1.702642,3.852418,0.170083,41.773485
0.000000,0.000000,21.659161,0.000000,0.000000,1.671038,3.791681,0.160538,44.517880
0.000000,0.000000,22.488753,0.000000,0.000000,1.361113,3.157063,1.223338,45.314416
0.000000,0.000000,21.903510,0.000000,0.000000,3.736509,3.027809,0.134401,45.236995
0.000000,0.000000,23.286241,0.000000,0.000000,2.313797,4.054882,0.168864,47.205634
0.000000,0.000000,23.913287,0.000000,0.000000,1.321825,3.169753,0.943584,46.328433
0.000000,0.000000,23.804111,0.000000,0.000000,4.357015,4.472251,0.188161,39.537477
0.000000,0.000000,23.004834,0.000000,0.000000,1.910544,5.472049,0.178114,43.721396
0.000000,0.000000,22.187339,0.000000,0.000000,1.672964,4.084703,1.231682,40.872803
0.000000,0.000000,21.294685,0.000000,0.000000,3.881199,5.040046,0.183456,41.718752
0.000000,0.000000,21.931291,0.000000,0.000000,2.885047,4.778627,0.226058,47.829815
0.000000,0.000000,23.690370,0.000000,0.000000,1.813119,3.806565,1.033604,47.548536
0.000000,0.000000,22.982069,0.000000,0.000000,4.136864,5.220755,0.176544,43.844365
0.000000,0.000000,21.954321,0.000000,0.000000,2.276082,3.977881,0.140392,49.678913
0.000000,0.000000,23.084718,0.000000,0.000000,1.614115,2.771324,1.188639,42.821634
0.000000,0.000000,24.624903,0.000000,0.000000,3.856066,5.020279,0.250113,46.365253
0.000000,0.000000,22.800937,0.000000,0.000000,1.568593,3.354018,0.219906,50.258736
0.000000,0.000000,22.548981,0.000000,0.000000,1.036477,4.136053,1.249680,39.551807
0.000000,0.000000,22.121743,0.000000,0.000000,3.967449,4.893677,0.308005,41.950831
0.000000,0.000000,22.513990,0.000000,0.000000,2.383932,4.051240,0.116709,46.378967
0.000000,0.000000,21.509460,0.000000,0.000000,2.011564,3.249345,0.144270,44.144103
0.000000,0.000000,21.243409,0.000000,0.000000,1.803176,2.918876,1.236808,45.765261
0.000000,0.000000,21.741687,0.000000,0.000000,4.377059,5.425370,0.155172,44.224325
0.000000,0.000000,21.339713,0.000000,0.000000,2.543869,3.919456,0.166113,51.470652
0.000000,0.000000,21.414614,0.000000,0.000000,2.073388,4.475300,0.966059,45.648512
0.000000,0.000000,21.646404,0.000000,0.000000,4.352198,5.543115,0.172706,47.068053
0.000000,0.000000,26.835093,0.000000,0.000000,2.247664,4.351999,0.222914,52.491123
0.000000,0.000000,23.400780,0.000000,0.000000,1.444420,4.374232,1.045765,41.588787
0.000000,0.000000,22.441478,0.000000,0.000000,4.287040,5.117411,0.177744,40.545817
0.000000,0.000000,21.902084,0.000000,0.000000,2.336199,4.334721,0.171918,49.438906
0.000000,0.000000,22.004398,0.000000,0.000000,2.115674,3.986929,0.102142,44.929532
0.000000,0.000000,20.861866,0.000000,0.000000,1.280275,3.015115,0.960641,46.151003
0.000000,0.000000,19.912546,0.000000,0.000000,4.864900,5.282869,0.169682,42.650367
0.000000,0.000000,22.519315,0.000000,0.000000,2.044316,3.967020,0.143332,48.686832
0.000000,0.000000,23.292264,0.000000,0.000000,1.703401,3.272973,0.822816,41.494480
0.000000,0.000000,20.709418,0.000000,0.000000,4.609977,5.353260,0.157265,44.549643
0.000000,0.000000,23.457673,0.000000,0.000000,1.843770,4.398624,1.458279,51.121591
0.000000,0.000000,21.527600,0.000000,0.000000,4.206268,4.882111,0.208148,43.964094
0.000000,0.000000,21.604014,0.000000,0.000000,2.160081,4.323822,1.648706,50.180390
0.000000,0.000000,21.595765,0.000000,0.000000,3.382293,4.905473,0.214137,46.996128
0.000000,0.000000,21.715212,0.000000,0.000000,1.935397,3.637811,1.364492,45.716148
0.000000,0.000000,20.258585,0.000000,0.000000,3.517310,3.643513,0.175284,45.577171
0.000000,0.000000,21.599427,0.000000,0.000000,2.353434,4.902887,0.275537,49.810664
0.000000,0.000000,21.631872,0.000000,0.000000,2.288804,4.406464,2.232510,47.103217
0.000000,0.000000,20.584565,0.000000,0.000000,4.329177,4.927119,0.188502,50.503408
0.000000,0.000000,25.840458,0.000000,0.000000,3.042063,6.692681,0.263280,50.625886
0.000000,0.000000,22.549195,0.000000,0.000000,2.107641,3.791405,1.278597,43.884360
0.000000,0.000000,21.886908,0.000000,0.000000,4.016603,5.032531,0.246191,47.225178
0.000000,0.000000,23.935827,0.000000,0.000000,2.598799,5.512214,0.178852,50.569750
0.000000,0.000000,24.577109,0.000000,0.000000,2.460414,6.306766,1.220492,44.592521
0.000000,0.000000,23.246916,0.000000,0.000000,5.317827,7.268025,0.147123,43.607246
0.000000,0.000000,24.407059,0.000000,0.000000,2.819739,4.841658,0.183262,53.817737
0.000000,0.000000,24.121174,0.000000,0.000000,2.087261,4.345240,1.153944,44.111669
0.000000,0.000000,24.302539,0.000000,0.000000,4.652064,5.251557,0.177211,46.688500
0.000000,0.000000,23.596451,0.000000,0.000000,2.662579,5.319299,0.179211,52.058717
0.000000,0.000000,22.987932,0.000000,0.000000,2.926953,4.524771,0.514463,41.898092
0.000000,0.000000,22.195144,0.000000,0.000000,1.912393,4.485150,1.209291,47.969367
0.000000,0.000000,26.944573,0.000000,0.000000,4.449291,5.165188,0.283784,45.813598
0.000000,0.000000,23.008544,0.000000,0.000000,2.691942,5.198119,0.263087,50.924927
0.000000,0.000000,22.119249,0.000000,0.000000,1.576132,3.999039,1.068995,47.143094
0.000000,0.000000,22.726847,0.000000,0.000000,3.614901,6.397713,0.118885,40.050519
0.000000,0.000000,23.224609,0.000000,0.000000,2.096959,3.708871,0.079455,43.743860
0.000000,0.000000,20.453847,0.000000,0.000000,2.106334,4.317753,1.244334,37.270183
0.000000,0.000000,22.048377,0.000000,0.000000,4.160373,4.793940,0.229050,49.668305
0.000000,0.000000,22.457130,0.000000,0.000000,2.476339,4.924312,0.149062,52.730776
0.000000,0.000000,21.717400,0.000000,0.000000,2.133453,4.672639,1.211116,42.256487
0.000000,0.000000,24.069200,0.000000,0.000000,3.876799,8.202393,0.180953,51.041411
0.000000,0.000000,25.270406,0.000000,0.000000,1.964542,5.520874,0.166762,50.261746
0.000000,0.000000,23.760146,0.000000,0.000000,2.276668,5.860607,0.171240,42.607084
0.000000,0.000000,23.225531,0.000000,0.000000,2.247984,4.456384,1.511844,46.269828
0.000000,0.000000,22.667938,0.000000,0.000000,6.220603,9.021636,0.155278,43.078774
0.000000,0.000000,25.736505,0.000000,0.000000,4.130410,5.029577,0.165192,52.906613
0.000000,0.000000,22.551670,0.000000,0.000000,2.314551,4.680242,0.187343,42.431344
0.000000,0.000000,21.363487,0.000000,0.000000,2.453041,4.330253,0.151685,40.136560
0.000000,0.000000,21.592126,0.000000,0.000000,2.027324,4.300278,0.152103,44.934377
0.000000,0.000000,22.141528,0.000000,0.000000,2.040636,4.042160,1.096566,46.231080
0.000000,0.000000,22.297781,0.000000,0.000000,5.184826,6.821595,0.185002,48.303466
0.000000,0.000000,23.756224,0.000000,0.000000,2.861542,5.394831,0.179483,55.303455
0.000000,0.000000,22.282340,0.000000,0.000000,2.569450,4.768583,0.153453,45.619595
0.000000,0.000000,25.205463,0.000000,0.000000,1.596288,3.510125,0.089984,48.708493
0.000000,0.000000,20.760614,0.000000,0.000000,2.473515,4.687521,0.112429,39.539226
0.000000,0.000000,22.595423,0.000000,0.000000,2.040384,4.244280,0.145548,49.102701
0.000000,0.000000,23.506362,0.000000,0.000000,1.769806,4.123030,1.200372,47.948557
0.000000,0.000000,20.910858,0.000000,0.000000,5.665481,5.827283,0.151637,45.409361
0.000000,0.000000,22.463847,0.000000,0.000000,3.424817,5.681902,0.174102,45.453808
0.000000,0.000000,22.806128,0.000000,0.000000,2.517322,5.019815,0.148585,48.408452
0.000000,0.000000,21.484443,0.000000,0.000000,3.044908,4.380466,0.235897,44.720890
0.000000,0.000000,22.687847,0.000000,0.000000,2.864922,4.808388,0.412817,48.609030
0.000000,0.000000,22.594650,0.000000,0.000000,2.700300,5.918445,0.342200,49.036967
0.000000,0.000000,22.546838,0.000000,0.000000,1.991378,4.605553,0.157238,49.012975
0.000000,0.000000,22.920188,0.000000,0.000000,2.392681,3.900493,0.073001,40.142797
0.000000,0.000000,22.619040,0.000000,0.000000,2.352205,5.715100,0.244950,45.812931
0.000000,0.000000,23.189125,0.000000,0.000000,2.136141,4.667869,0.150218,54.325629
0.000000,0.000000,21.905281,0.000000,0.000000,1.943986,4.339916,1.357275,48.595086
0.000000,0.000000,22.750999,0.000000,0.000000,5.559223,5.374623,0.162228,46.365741
0.000000,0.000000,22.949661,0.000000,0.000000,4.565761,6.126941,0.175967,53.016175
0.000000,0.000000,21.254292,0.000000,0.000000,4.744257,6.919046,0.240405,51.724446
0.000000,0.000000,21.527578,0.000000,0.000000,3.407774,5.630565,0.234589,51.708151
0.000000,0.000000,21.139565,0.000000,0.000000,3.853807,5.224918,0.209111,45.578302
0.000000,0.000000,21.401704,0.000000,0.000000,2.953062,5.146245,0.164342,49.050481
0.000000,0.000000,21.815328,0.000000,0.000000,3.132528,5.771445,0.158525,41.844190
0.000000,0.000000,20.885227,0.000000,0.000000,3.966024,5.795957,0.197456,49.706380
0.000000,0.000000,24.863053,0.000000,0.000000,3.439719,6.227427,0.149939,52.132682
0.000000,0.000000,21.936401,0.000000,0.000000,3.265404,6.185604,0.307984,41.771675
0.000000,0.000000,21.880580,0.000000,0.000000,2.255342,5.013088,0.173198,47.027699
0.000000,0.000000,21.384002,0.000000,0.000000,2.530492,3.865554,0.075186,40.160628
0.000000,0.000000,20.861710,0.000000,0.000000,2.686881,5.389687,0.139695,42.732979
0.000000,0.000000,21.185357,0.000000,0.000000,2.528588,5.511126,0.274072,51.341434
0.000000,0.000000,22.437237,0.000000,0.000000,2.259285,3.997191,0.079416,46.746448
0.000000,0.000000,21.183388,0.000000,0.000000,1.988093,3.660890,0.075037,39.288731
0.000000,0.000000,20.804034,0.000000,0.000000,2.332123,4.830595,0.113710,44.323832
0.000000,0.000000,21.639796,0.000000,0.000000,2.341590,4.743061,1.210338,50.422976
0.000000,0.000000,22.099936,0.000000,0.000000,4.853820,6.070059,0.277170,48.011357
0.000000,0.000000,22.177808,0.000000,0.000000,5.050630,8.152202,0.156030,52.112628
0.000000,0.000000,21.992967,0.000000,0.000000,3.317774,5.488640,0.143711,50.215501
0.000000,0.000000,21.891306,0.000000,0.000000,3.658505,6.108395,0.156837,43.548494
0.000000,0.000000,22.624122,0.000000,0.000000,3.214981,5.146478,0.175487,51.299562
0.000000,0.000000,21.805502,0.000000,0.000000,3.336232,5.315360,0.216031,48.972849
0.000000,0.000000,21.915535,0.000000,0.000000,2.386916,5.571423,0.150425,49.817164
0.000000,0.000000,23.242648,0.000000,0.000000,1.868986,4.211777,0.137774,41.903502
0.000000,0.000000,21.282704,0.000000,0.000000,2.347661,4.825213,0.121251,37.541431
0.000000,0.000000,21.648585,0.000000,0.000000,2.374832,4.465373,1.053125,45.316098
0.000000,0.000000,22.453488,0.000000,0.000000,4.562039,5.573260,0.092845,48.942286
0.000000,0.000000,21.414619,0.000000,0.000000,3.516245,5.381318,0.153565,50.955276
0.000000,0.000000,22.788094,0.000000,0.000000,2.659568,4.438935,0.131967,48.408196
0.000000,0.000000,21.757735,0.000000,0.000000,2.945252,4.626611,0.228119,48.122411
0.000000,0.000000,22.246765,0.000000,0.000000,2.601157,5.013457,0.092370,49.541724
0.000000,0.000000,22.172015,0.000000,0.000000,2.356904,4.694006,1.079946,47.794712
0.000000,0.000000,24.104840,0.000000,0.000000,4.754293,7.750594,0.166844,49.705784
0.000000,0.000000,23.267301,0.000000,0.000000,2.721583,5.800722,0.133465,53.955521
0.000000,0.000000,22.117464,0.000000,0.000000,2.451153,6.173980,0.181612,40.631407
0.000000,0.000000,21.944969,0.000000,0.000000,2.657785,5.012756,0.159182,41.881380
0.000000,0.000000,23.091730,0.000000,0.000000,2.333208,5.048115,1.275931,47.990022
0.000000,0.000000,23.055577,0.000000,0.000000,3.982952,5.097743,0.085632,48.085846
0.000000,0.000000,19.882021,0.000000,0.000000,2.635023,4.451744,0.101556,46.486406
0.000000,0.000000,20.753147,0.000000,0.000000,2.911978,5.563834,0.432115,43.532010
0.000000,0.000000,21.813934,0.000000,0.000000,2.470274,5.244885,1.008838,48.696446
0.000000,0.000000,22.977367,0.000000,0.000000,4.073767,7.827651,0.150737,50.850915
0.000000,0.000000,24.017071,0.000000,0.000000,2.921894,5.327557,0.144857,56.923120
0.000000,0.000000,20.465356,0.000000,0.000000,2.716851,4.192237,0.757065,45.216102
0.000000,0.000000,20.409607,0.000000,0.000000,3.269727,4.541139,0.160653,44.472482
0.000000,0.000000,20.169621,0.000000,0.000000,3.004101,5.556588,0.188068,37.868884
0.000000,0.000000,22.365647,0.000000,0.000000,2.622589,5.350263,1.092491,45.821400
0.000000,0.000000,25.344031,0.000000,0.000000,4.283784,8.241231,0.221799,48.152532
0.000000,0.000000,22.903559,0.000000,0.000000,2.895094,8.518537,1.390313,58.723299
0.000000,0.000000,22.693875,0.000000,0.000000,4.208106,7.608822,0.193978,48.440853
0.000000,0.000000,23.640938,0.000000,0.000000,3.163408,5.667564,0.686713,48.446220
0.000000,0.000000,22.335023,0.000000,0.000000,3.794444,4.733425,0.126811,42.248786
0.000000,0.000000,21.316030,0.000000,0.000000,3.625998,7.431369,1.593590,41.010059
0.000000,0.000000,24.090943,0.000000,0.000000,4.496494,6.790729,0.230741,55.917710
0.000000,0.000000,22.729699,0.000000,0.000000,2.780919,5.737113,1.393875,50.577272
0.000000,0.000000,22.502186,0.000000,0.000000,4.232338,6.922893,0.171633,49.971445
0.000000,0.000000,22.854420,0.000000,0.000000,2.634367,5.915246,1.332208,49.131801
0.000000,0.000000,22.163888,0.000000,0.000000,4.131836,6.205718,0.228953,49.955871
0.000000,0.000000,25.763822,0.000000,0.000000,2.512840,5.443566,0.943479,53.634496
0.000000,0.000000,21.546922,0.000000,0.000000,3.753318,4.687329,0.150147,50.467629
0.000000,0.000000,21.875742,0.000000,0.000000,2.049978,4.264888,0.587402,46.152115
0.000000,0.000000,20.582391,0.000000,0.000000,3.801355,6.648099,0.364495,43.867617
0.000000,0.000000,21.798786,0.000000,0.000000,2.384003,4.666328,0.605029,57.524403
0.000000,0.000000,22.638215,0.000000,0.000000,3.599259,6.536955,0.203128,48.123665
0.000000,0.000000,21.645127,0.000000,0.000000,2.339314,5.088574,0.730257,51.702184
0.000000,0.000000,21.964554,0.000000,0.000000,3.684152,5.978676,0.495631,48.597506
0.000000,0.000000,27.087047,0.000000,0.000000,3.404969,6.643737,0.970919,55.106931
0.000000,0.000000,26.096285,0.000000,0.000000,3.680317,4.824385,0.129101,51.853817
0.000000,0.000000,22.621634,0.000000,0.000000,1.812828,4.311656,0.566318,51.336046
0.000000,0.000000,20.706591,0.000000,0.000000,4.628593,6.944351,0.197906,45.342573
0.000000,0.000000,23.235292,0.000000,0.000000,2.174743,4.876923,1.119152,53.990713
0.000000,0.000000,22.507838,0.000000,0.000000,3.703343,5.875587,0.177462,47.788829
0.000000,0.000000,24.375027,0.000000,0.000000,2.346591,4.674039,0.884065,55.107537
0.000000,0.000000,22.947854,0.000000,0.000000,3.350199,5.712656,0.164827,50.257820
0.000000,0.000000,24.695781,0.000000,0.000000,1.644163,4.832259,0.790804,55.450290
0.000000,0.000000,22.721664,0.000000,0.000000,3.519609,5.567855,0.144772,41.561715
0.000000,0.000000,21.942114,0.000000,0.000000,1.966998,4.623700,0.812951,54.257340
0.000000,0.000000,22.096638,0.000000,0.000000,3.175331,5.547362,0.161803,49.791839
0.000000,0.000000,24.536831,0.000000,0.000000,1.772284,4.250862,0.709823,54.354266
0.000000,0.000000,20.605613,0.000000,0.000000,3.062297,5.143648,0.113946,45.581575
0.000000,0.000000,20.024977,0.000000,0.000000,1.689073,5.092735,1.043537,51.721840
0.000000,0.000000,22.743254,0.000000,0.000000,3.238793,6.041794,0.148243,41.440066
0.000000,0.000000,21.758786,0.000000,0.000000,1.914108,4.182535,0.700473,49.962773
0.000000,0.000000,21.690786,0.000000,0.000000,2.907426,5.353275,0.159719,48.333576
0.000000,0.000000,21.720272,0.000000,0.000000,1.647332,4.263874,0.739717,54.468178
0.000000,0.000000,22.318117,0.000000,0.000000,3.009744,5.159911,0.126126,50.603774
0.000000,0.000000,26.209637,0.000000,0.000000,2.055526,4.104777,0.141354,56.406163
0.000000,0.000000,22.510071,0.000000,0.000000,1.621600,3.779257,0.916869,51.788786
0.000000,0.000000,22.191549,0.000000,0.000000,3.092752,4.545652,0.062746,47.753237
0.000000,0.000000,21.557208,0.000000,0.000000,1.842025,3.597507,0.056058,53.586568
0.000000,0.000000,21.298639,0.000000,0.000000,1.662891,4.053497,1.001593,49.694754
0.000000,0.000000,22.541209,0.000000,0.000000,3.511365,6.566607,0.194223,52.118775
0.000000,0.000000,23.296254,0.000000,0.000000,2.172755,4.584765,0.218525,57.673670
0.000000,0.000000,23.779281,0.000000,0.000000,1.783283,3.691807,0.891561,50.172913
0.000000,0.000000,21.346167,0.000000,0.000000,3.243432,7.673535,0.147823,50.398419
0.000000,0.000000,24.753725,0.000000,0.000000,1.794178,4.964019,0.141566,47.207884
0.000000,0.000000,22.488254,0.000000,0.000000,1.439646,3.713485,1.012314,40.878667
0.000000,0.000000,22.179049,0.000000,0.000000,3.137959,3.793407,0.077035,49.260834
0.000000,0.000000,21.025271,0.000000,0.000000,2.429950,4.418929,0.144543,50.678896
0.000000,0.000000,22.443541,0.000000,0.000000,1.392187,3.008786,0.892699,42.860955
0.000000,0.000000,23.067332,0.000000,0.000000,3.087210,4.827036,0.105121,51.243525
0.000000,0.000000,23.800459,0.000000,0.000000,1.531408,4.710479,0.799559,52.116806
0.000000,0.000000,22.505959,0.000000,0.000000,3.161506,4.839436,0.101264,39.945058
0.000000,0.000000,23.021870,0.000000,0.000000,1.773874,4.181173,1.013542,44.816637
0.000000,0.000000,22.196339,0.000000,0.000000,3.611728,5.676286,0.157620,50.758031
0.000000,0.000000,21.788157,0.000000,0.000000,1.951915,3.446967,0.081405,51.120805
0.000000,0.000000,23.610247,0.000000,0.000000,1.211008,15.960794,0.767575,47.652963
0.000000,0.000000,20.715881,0.000000,0.000000,3.241099,17.713660,0.148686,47.619594
0.000000,0.000000,20.577410,0.000000,0.000000,2.535272,4.351298,0.153465,51.760442
0.000000,0.000000,21.999687,0.000000,0.000000,1.717961,3.279730,0.777797,48.691374
0.000000,0.000000,23.534436,0.000000,0.000000,3.348695,4.212379,0.092526,48.550212
0.000000,0.000000,20.787300,0.000000,0.000000,2.519640,4.821621,0.146531,49.093490
0.000000,0.000000,22.371545,0.000000,0.000000,2.020288,4.555260,1.069480,51.334595
0.000000,0.000000,21.925107,0.000000,0.000000,3.827565,5.275299,0.159952,51.352189
0.000000,0.000000,21.766038,0.000000,0.000000,2.496591,5.436922,0.129871,53.772265
0.000000,0.000000,21.929517,0.000000,0.000000,2.008245,4.487302,1.006230,51.717355
0.000000,0.000000,20.708002,0.000000,0.000000,3.777161,4.740343,0.118623,51.244522
0.000000,0.000000,21.647955,0.000000,0.000000,2.374757,4.603751,0.177928,51.066301
0.000000,0.000000,21.185930,0.000000,0.000000,2.070413,4.355718,1.027917,49.031126
0.000000,0.000000,21.501527,0.000000,0.000000,3.858315,6.207607,0.249341,52.319946
0.000000,0.000000,23.233464,0.000000,0.000000,2.084750,4.343534,0.137332,58.324362
0.000000,0.000000,21.888516,0.000000,0.000000,1.617479,2.856103,0.812874,47.100777
0.000000,0.000000,19.896949,0.000000,0.000000,3.612747,5.018634,0.141186,41.518921
0.000000,0.000000,22.734893,0.000000,0.000000,2.628232,4.260103,0.148118,54.125121
0.000000,0.000000,20.616358,0.000000,0.000000,1.695341,3.871387,1.140167,49.717571
0.000000,0.000000,23.172394,0.000000,0.000000,3.699469,3.910305,0.162562,51.647200
0.000000,0.000000,22.083313,0.000000,0.000000,1.745635,3.022934,0.822143,54.933627
0.000000,0.000000,21.177560,0.000000,0.000000,3.475945,5.247721,0.182553,44.796940
0.000000,0.000000,21.674722,0.000000,0.000000,2.323487,4.335689,1.034539,56.054813
0.000000,0.000000,21.896936,0.000000,0.000000,2.804486,5.481143,0.263789,49.993438
0.000000,0.000000,21.396151,0.000000,0.000000,1.663168,2.887972,0.918154,40.495446
0.000000,0.000000,21.693885,0.000000,0.000000,3.941217,5.802506,0.155924,44.201483
0.000000,0.000000,22.166237,0.000000,0.000000,1.620679,3.514711,1.993927,56.720651
0.000000,0.000000,22.455287,0.000000,0.000000,3.005679,3.455807,0.130426,40.344914
0.000000,0.000000,21.583957,0.000000,0.000000,1.283515,17.558622,0.756979,47.842318
0.000000,0.000000,21.075141,0.000000,0.000000,3.449597,5.662288,0.132981,50.315472
0.000000,0.000000,25.163469,0.000000,0.000000,2.082814,4.793182,1.164623,45.861834
0.000000,0.000000,21.535957,0.000000,0.000000,3.289982,5.071676,0.146514,46.203359
0.000000,0.000000,26.973951,0.000000,0.000000,1.530234,2.959342,0.812071,55.596455
0.000000,0.000000,20.762410,0.000000,0.000000,3.042209,4.241321,0.201686,44.417292
0.000000,0.000000,21.582448,0.000000,0.000000,1.230901,17.949179,1.075991,54.427313
0.000000,0.000000,19.279519,0.000000,0.000000,3.722702,4.632604,0.098302,49.604147
0.000000,0.000000,21.611209,0.000000,0.000000,1.948596,18.328249,0.149292,53.410917
0.000000,0.000000,20.597123,0.000000,0.000000,0.940463,17.890093,0.925259,50.924491
0.000000,0.000000,19.333681,0.000000,0.000000,2.847983,16.578509,0.121198,51.931539
0.000000,0.000000,22.919885,0.000000,0.000000,1.575692,3.246036,0.068259,51.832709
0.000000,0.000000,19.862015,0.000000,0.000000,1.215710,12.744249,0.914795,37.220964
0.000000,0.000000,20.559221,0.000000,0.000000,3.652799,20.008303,0.134453,44.183407
0.000000,0.000000,20.535257,0.000000,0.000000,1.468792,12.396040,0.094673,55.485958
0.000000,0.000000,20.718727,0.000000,0.000000,1.041453,2.627613,0.670334,44.052638
0.000000,0.000000,19.940325,0.000000,0.000000,2.784944,3.461198,0.063934,32.839680
0.000000,0.000000,20.450336,0.000000,0.000000,1.394018,3.281345,0.737008,35.297778
0.000000,0.000000,20.806999,0.000000,0.000000,2.752221,4.330786,0.120425,35.733504
0.000000,0.000000,21.100260,0.000000,0.000000,1.348503,3.288228,1.009345,40.463621
0.000000,0.000000,21.737979,0.000000,0.000000,3.171699,4.267654,0.214451,38.323032
0.000000,0.000000,22.647855,0.000000,0.000000,1.163495,3.008772,0.877952,41.804309
0.000000,0.000000,20.885199,0.000000,0.000000,3.605128,5.161946,0.148102,35.489579
0.000000,0.000000,22.284892,0.000000,0.000000,2.075216,4.682471,1.207864,57.058199
0.000000,0.000000,22.414768,0.000000,0.000000,3.814370,4.447230,0.156269,51.482709
0.000000,0.000000,22.012048,0.000000,0.000000,2.111360,3.666527,0.146721,50.254500
0.000000,0.000000,21.802883,0.000000,0.000000,0.970193,18.250319,1.164299,51.307738
0.000000,0.000000,21.569975,0.000000,0.000000,3.114754,18.884242,0.142094,51.385469
0.000000,0.000000,23.356159,0.000000,0.000000,1.490006,17.945799,0.134988,55.584468
0.000000,0.000000,20.690565,0.000000,0.000000,0.799553,2.980235,15.983343,51.512619
0.000000,0.000000,20.031659,0.000000,0.000000,3.172591,19.571414,0.147553,48.881301
0.000000,0.000000,21.936483,0.000000,0.000000,1.388510,18.963260,0.144623,55.541764
0.000000,0.000000,21.345636,0.000000,0.000000,0.693953,2.051664,1.054633,53.028040
0.000000,0.000000,20.825304,0.000000,0.000000,2.568559,3.236814,0.115344,33.971404
0.000000,0.000000,25.301159,0.000000,0.000000,1.282717,3.801849,0.153531,43.180149
0.000000,0.000000,21.852818,0.000000,0.000000,0.925055,2.898449,0.965621,36.592501
0.000000,0.000000,20.764258,0.000000,0.000000,2.570404,3.849795,0.245879,35.125790
0.000000,0.000000,22.438955,0.000000,0.000000,1.355297,3.569210,0.110865,40.196597
0.000000,0.000000,21.527017,0.000000,0.000000,0.969606,3.176479,1.703356,36.522586
0.000000,0.000000,23.951381,0.000000,0.000000,3.512214,3.981004,0.136099,40.320351
0.000000,0.000000,21.242860,0.000000,0.000000,1.647333,2.822674,0.058812,47.799315
0.000000,0.000000,21.827327,0.000000,0.000000,0.941079,2.780290,0.737696,47.336959
0.000000,0.000000,21.153434,0.000000,0.000000,3.183724,3.990236,0.131918,44.499351
0.000000,0.000000,21.337069,0.000000,0.000000,1.781604,4.042163,0.841068,55.144632
0.000000,0.000000,24.417113,0.000000,0.000000,2.595678,20.064869,0.127598,52.925675
0.000000,0.000000,22.155225,0.000000,0.000000,1.427148,19.075485,0.141388,55.297453
0.000000,0.000000,21.059760,0.000000,0.000000,1.063795,19.120482,1.163380,51.588085
0.000000,0.000000,21.213443,0.000000,0.000000,2.759170,20.309014,0.135936,55.659613
0.000000,0.000000,21.527069,0.000000,0.000000,2.158950,3.260689,0.124747,54.831051
0.000000,0.000000,21.797545,0.000000,0.000000,1.488035,2.841717,1.055632,49.235393
0.000000,0.000000,21.657539,0.000000,0.000000,2.535894,19.075732,0.119321,52.064534
0.000000,0.000000,19.826365,0.000000,0.000000,1.279255,2.648928,0.621983,51.276813
0.000000,0.000000,21.733820,0.000000,0.000000,2.813933,3.624478,0.111627,44.951207
0.000000,0.000000,21.892182,0.000000,0.000000,1.438142,2.765357,0.716660,53.993407
0.000000,0.000000,20.506449,0.000000,0.000000,2.910117,3.929833,0.195635,53.565728
0.000000,0.000000,21.620888,0.000000,0.000000,1.611352,2.865009,1.022522,39.855992
0.000000,0.000000,21.781033,0.000000,0.000000,2.791709,19.501602,0.122276,50.750540
0.000000,0.000000,20.686788,0.000000,0.000000,1.335127,2.341199,13.871480,53.082269
0.000000,0.000000,20.802599,0.000000,0.000000,1.327859,19.799503,1.058339,48.065510
0.000000,0.000000,21.857597,0.000000,0.000000,2.621736,19.277230,0.135772,55.400532
0.000000,0.000000,21.787004,0.000000,0.000000,1.909827,3.249200,0.125250,54.731640
0.000000,0.000000,22.060778,0.000000,0.000000,1.032616,19.530231,0.905769,51.362938
0.000000,0.000000,21.843019,0.000000,0.000000,3.424486,3.862854,0.137477,52.997129
0.000000,0.000000,22.806066,0.000000,0.000000,1.522900,2.944525,0.084864,52.955771
0.000000,0.000000,21.555322,0.000000,0.000000,0.789808,15.252091,0.743627,46.957593
0.000000,0.000000,20.236384,0.000000,0.000000,2.382028,19.528521,0.120737,46.876500
0.000000,0.000000,21.956145,0.000000,0.000000,1.422586,2.929165,15.868648,53.742502
0.000000,0.000000,21.582409,0.000000,0.000000,0.843018,2.690142,0.942497,51.756013
0.000000,0.000000,21.866121,0.000000,0.000000,2.229304,2.817651,0.090215,35.873107
0.000000,0.000000,20.600493,0.000000,0.000000,1.324940,3.398211,0.108324,35.843449
0.000000,0.000000,21.499434,0.000000,0.000000,1.021833,2.812947,0.791237,36.025335
0.000000,0.000000,20.686532,0.000000,0.000000,2.856438,3.619190,0.096788,37.078497
0.000000,0.000000,22.651810,0.000000,0.000000,1.978349,4.796245,0.216483,39.404452
0.000000,0.000000,22.301159,0.000000,0.000000,1.595487,3.688061,0.791318,40.702864
0.000000,0.000000,22.036440,0.000000,0.000000,3.097661,3.401545,0.134289,38.175382
0.000000,0.000000,22.604043,0.000000,0.000000,2.427689,3.857987,0.239089,43.438025
0.000000,0.000000,21.937097,0.000000,0.000000,1.692942,3.506015,0.965070,55.374349
0.000000,0.000000,20.678900,0.000000,0.000000,3.551749,3.901269,0.146799,51.313340
0.000000,0.000000,23.165307,0.000000,0.000000,1.886220,3.808574,1.039496,54.977954
0.000000,0.000000,22.408253,0.000000,0.000000,3.206580,4.508523,0.182277,54.116700
0.000000,0.000000,22.989973,0.000000,0.000000,2.302076,4.089497,0.150283,55.505011
0.000000,0.000000,25.468681,0.000000,0.000000,1.850987,4.042976,1.106140,55.790805
0.000000,0.000000,21.591547,0.000000,0.000000,3.534297,4.486324,0.140838,50.564657
0.000000,0.000000,21.889578,0.000000,0.000000,2.404945,3.952489,0.209357,54.699342
0.000000,0.000000,22.765837,0.000000,0.000000,1.681223,19.269750,0.154945,45.331287
0.000000,0.000000,21.563856,0.000000,0.000000,1.320970,20.363156,0.878443,52.651832
0.000000,0.000000,22.650907,0.000000,0.000000,3.921335,4.666084,0.146479,55.033901
0.000000,0.000000,23.167290,0.000000,0.000000,2.280575,20.666069,0.132711,59.482675
0.000000,0.000000,20.454915,0.000000,0.000000,1.693003,20.916319,0.128417,53.278096
0.000000,0.000000,20.970607,0.000000,0.000000,1.530016,17.209949,0.149199,53.893364
0.000000,0.000000,20.564547,0.000000,0.000000,1.341110,3.244674,17.942235,49.428751
0.000000,0.000000,20.684874,0.000000,0.000000,3.500403,21.660855,0.148305,53.133956
0.000000,0.000000,22.060916,0.000000,0.000000,2.490664,19.593523,0.148987,58.024831
0.000000,0.000000,21.730126,0.000000,0.000000,2.656549,3.800676,0.141377,53.908236
0.000000,0.000000,24.082519,0.000000,0.000000,1.934618,3.689818,0.168613,53.838603
0.000000,0.000000,21.552677,0.000000,0.000000,2.248505,3.285971,1.039122,37.908875
0.000000,0.000000,21.746676,0.000000,0.000000,4.269899,18.039065,0.151068,50.133933
0.000000,0.000000,21.233789,0.000000,0.000000,2.967996,23.306590,0.156572,54.529484
0.000000,0.000000,21.679331,0.000000,0.000000,3.213896,4.329281,0.160388,58.582115
0.000000,0.000000,22.566337,0.000000,0.000000,2.691487,3.681914,0.229199,58.629263
0.000000,0.000000,21.688612,0.000000,0.000000,2.196349,3.837434,1.467005,54.832746
0.000000,0.000000,22.166322,0.000000,0.000000,5.595059,4.925941,0.149953,55.999190
0.000000,0.000000,22.109163,0.000000,0.000000,3.679935,5.031949,0.185105,43.258328
0.000000,0.000000,22.249800,0.000000,0.000000,3.351359,3.862959,0.235380,47.387136
0.000000,0.000000,22.569574,0.000000,0.000000,2.624650,5.090506,0.171231,53.814380
0.000000,0.000000,22.700914,0.000000,0.000000,2.554255,3.870218,0.211670,57.844233
0.000000,0.000000,22.761708,0.000000,0.000000,2.019339,3.358400,1.270330,55.902442
0.000000,0.000000,21.036074,0.000000,0.000000,5.553032,5.206624,0.166610,54.578998
0.000000,0.000000,22.629061,0.000000,0.000000,4.006303,4.483843,0.180431,61.162709
0.000000,0.000000,22.139557,0.000000,0.000000,3.043878,4.144623,0.156622,56.028023
0.000000,0.000000,20.376428,0.000000,0.000000,2.878334,4.731468,0.176190,52.969557
0.000000,0.000000,23.402383,0.000000,0.000000,1.614489,3.759724,0.169595,58.905069
0.000000,0.000000,22.036829,0.000000,0.000000,1.969474,3.968165,1.216467,37.978408
0.000000,0.000000,22.912491,0.000000,0.000000,5.084378,4.388618,0.169605,57.767851
0.000000,0.000000,22.034214,0.000000,0.000000,3.330020,4.125695,0.239553,56.819546
0.000000,0.000000,22.628184,0.000000,0.000000,2.684840,4.091365,0.170320,51.900852
0.000000,0.000000,21.917630,0.000000,0.000000,2.725364,3.750307,0.168023,55.320516
0.000000,0.000000,25.279048,0.000000,0.000000,2.481705,3.655552,0.147797,50.576156
0.000000,0.000000,23.244842,0.000000,0.000000,2.419637,3.329348,0.157911,54.177028
0.000000,0.000000,22.180537,0.000000,0.000000,2.032824,3.234616,0.180463,52.751055
0.000000,0.000000,21.987396,0.000000,0.000000,1.872867,2.637828,0.160965,53.335953
0.000000,0.000000,22.560074,0.000000,0.000000,1.449894,2.556272,1.644064,54.176908
0.000000,0.000000,21.560356,0.000000,0.000000,4.969205,3.999449,0.159568,37.546934
0.000000,0.000000,22.435371,0.000000,0.000000,3.085755,3.957060,0.142698,52.551988
0.000000,0.000000,21.311718,0.000000,0.000000,2.548261,3.796833,0.156851,52.745434
0.000000,0.000000,21.303427,0.000000,0.000000,1.823451,3.786295,0.165072,53.725249
0.000000,0.000000,26.903954,0.000000,0.000000,1.906731,3.373381,1.179415,53.005683
0.000000,0.000000,21.466551,0.000000,0.000000,4.650597,4.624668,0.163824,56.477276
0.000000,0.000000,20.695848,0.000000,0.000000,2.703525,4.070124,0.165891,60.562292
0.000000,0.000000,22.128778,0.000000,0.000000,2.074234,3.366975,0.159251,53.843487
0.000000,0.000000,21.563470,0.000000,0.000000,1.919379,3.203644,1.321263,50.691238
0.000000,0.000000,21.071542,0.000000,0.000000,3.825246,5.593146,0.180787,53.088833
0.000000,0.000000,22.529996,0.000000,0.000000,2.412655,3.717566,0.185840,45.246943
0.000000,0.000000,22.956956,0.000000,0.000000,1.974841,2.814673,0.090945,47.634727
0.000000,0.000000,21.809527,0.000000,0.000000,1.034625,20.157786,1.381343,50.156072
0.000000,0.000000,21.621595,0.000000,0.000000,3.517709,21.608983,0.154945,54.106441
0.000000,0.000000,20.594588,0.000000,0.000000,2.327501,3.208090,1.207641,55.541155
0.000000,0.000000,23.746732,0.000000,0.000000,3.824230,4.203505,0.163833,56.056382
0.000000,0.000000,22.216829,0.000000,0.000000,1.935594,4.413641,1.462684,57.068848
0.000000,0.000000,22.752337,0.000000,0.000000,4.141548,4.581932,0.155888,57.543101
0.000000,0.000000,22.710787,0.000000,0.000000,2.608320,3.539386,0.162074,56.733183
0.000000,0.000000,20.437624,0.000000,0.000000,1.547736,3.181510,1.514920,52.888750
0.000000,0.000000,21.825722,0.000000,0.000000,4.067989,4.165958,0.169647,55.377189
0.000000,0.000000,22.315054,0.000000,0.000000,2.137803,3.958685,0.181535,57.930086
0.000000,0.000000,22.110974,0.000000,0.000000,1.385752,2.718651,1.189324,54.498194
0.000000,0.000000,22.372849,0.000000,0.000000,3.811856,3.882966,0.128539,51.154487
0.000000,0.000000,22.456485,0.000000,0.000000,2.397351,3.438980,0.134727,58.611949
0.000000,0.000000,22.276403,0.000000,0.000000,1.910813,2.594311,0.104249,55.113982
0.000000,0.000000,21.980757,0.000000,0.000000,1.586345,3.180218,0.174986,53.737440
0.000000,0.000000,20.829427,0.000000,0.000000,1.501896,3.298650,0.132594,53.124152
0.000000,0.000000,22.221371,0.000000,0.000000,0.715747,1.906727,20.336457,51.942840
0.000000,0.000000,22.561027,0.000000,0.000000,3.305426,3.325631,0.072283,54.856005
0.000000,0.000000,21.558189,0.000000,0.000000,2.174508,3.378064,0.144351,37.436414
0.000000,0.000000,22.202061,0.000000,0.000000,1.620892,3.233369,0.154537,40.434948
0.000000,0.000000,23.098011,0.000000,0.000000,0.961068,2.851505,1.373114,38.055409
0.000000,0.000000,22.377537,0.000000,0.000000,3.086124,3.979220,0.172127,38.207074
0.000000,0.000000,22.016017,0.000000,0.000000,1.902514,3.481146,0.156439,39.385817
0.000000,0.000000,22.472760,0.000000,0.000000,0.913083,3.278411,1.625171,39.331126
0.000000,0.000000,21.929583,0.000000,0.000000,3.625791,4.320956,0.234052,38.804234
0.000000,0.000000,22.640033,0.000000,0.000000,2.224294,3.529628,0.163205,49.476211
0.000000,0.000000,22.463091,0.000000,0.000000,1.351307,3.334926,1.381508,52.967442
0.000000,0.000000,22.006723,0.000000,0.000000,3.880886,4.187542,0.166814,54.435042
0.000000,0.000000,22.375276,0.000000,0.000000,2.109897,2.877191,0.078005,57.625619
0.000000,0.000000,21.233889,0.000000,0.000000,1.142502,17.455793,1.579219,50.042474
0.000000,0.000000,21.053592,0.000000,0.000000,3.251119,19.729793,0.142455,51.238813
0.000000,0.000000,21.361090,0.000000,0.000000,1.890352,3.374258,0.157500,54.376777
0.000000,0.000000,23.697989,0.000000,0.000000,1.119074,20.059667,1.268961,56.558126
0.000000,0.000000,21.040458,0.000000,0.000000,3.287080,22.323584,0.188049,53.156641
0.000000,0.000000,20.432787,0.000000,0.000000,1.701367,2.953874,0.089336,58.196649
0.000000,0.000000,20.333926,0.000000,0.000000,1.170884,2.372434,0.763004,34.244911
0.000000,0.000000,20.889685,0.000000,0.000000,3.438933,4.218435,0.151968,34.242300
0.000000,0.000000,21.589846,0.000000,0.000000,1.656425,3.556654,0.144885,39.368443
0.000000,0.000000,20.272186,0.000000,0.000000,1.172415,2.610806,0.751788,35.415284
0.000000,0.000000,21.279484,0.000000,0.000000,3.172055,5.182462,0.174440,34.645598
0.000000,0.000000,23.104896,0.000000,0.000000,2.541581,3.954629,0.165325,43.192053
0.000000,0.000000,22.152205,0.000000,0.000000,1.775996,3.032445,1.026120,54.812459
0.000000,0.000000,22.465877,0.000000,0.000000,3.879136,4.479142,0.205091,55.035564
0.000000,0.000000,23.073063,0.000000,0.000000,1.922647,22.187451,0.155067,54.797014
0.000000,0.000000,19.702506,0.000000,0.000000,1.441764,21.308464,1.034023,53.191336
0.000000,0.000000,22.423574,0.000000,0.000000,3.021235,22.241618,0.135023,59.782063
0.000000,0.000000,22.417751,0.000000,0.000000,1.818385,20.765060,0.116390,58.321736
0.000000,0.000000,21.959684,0.000000,0.000000,2.029860,4.006895,1.493681,54.594837
0.000000,0.000000,21.405562,0.000000,0.000000,3.803204,21.100420,0.155778,59.014515
0.000000,0.000000,21.706428,0.000000,0.000000,1.925385,22.806694,0.146174,57.542596
0.000000,0.000000,21.062604,0.000000,0.000000,1.411740,21.803136,1.077728,55.712370
0.000000,0.000000,21.600480,0.000000,0.000000,3.364585,21.587898,0.152228,56.930243
0.000000,0.000000,22.704610,0.000000,0.000000,3.082867,3.977791,0.132592,58.212687
0.000000,0.000000,25.360137,0.000000,0.000000,2.000506,4.164119,1.004176,56.861479
0.000000,0.000000,21.799273,0.000000,0.000000,4.030546,4.721578,0.146313,57.143287
0.000000,0.000000,21.169247,0.000000,0.000000,2.708442,4.852207,0.166381,60.472162
0.000000,0.000000,21.618685,0.000000,0.000000,2.280016,4.047972,0.793837,56.998593
0.000000,0.000000,21.484108,0.000000,0.000000,4.418503,5.341808,0.200540,56.626962
0.000000,0.000000,21.949351,0.000000,0.000000,2.853250,5.290948,0.168443,58.864765
0.000000,0.000000,21.529536,0.000000,0.000000,2.465502,4.992705,0.163349,55.978908
0.000000,0.000000,21.897363,0.000000,0.000000,2.343669,4.864762,1.198402,55.341239
0.000000,0.000000,21.681831,0.000000,0.000000,4.745200,5.493203,0.156682,58.291928
0.000000,0.000000,23.284585,0.000000,0.000000,3.466256,5.285884,0.179210,61.543649
0.000000,0.000000,22.457815,0.000000,0.000000,2.931259,5.108034,0.162872,57.925938
0.000000,0.000000,21.855524,0.000000,0.000000,2.902466,3.876652,0.084683,57.178250
0.000000,0.000000,22.514080,0.000000,0.000000,2.577081,5.056278,0.196108,55.818933
0.000000,0.000000,23.201061,0.000000,0.000000,2.358523,4.688182,1.184980,56.975526
0.000000,0.000000,24.547664,0.000000,0.000000,4.603378,5.580671,0.141801,54.748118
0.000000,0.000000,23.152702,0.000000,0.000000,3.700345,5.544358,0.181016,57.709999
0.000000,0.000000,22.249396,0.000000,0.000000,3.377467,6.133513,0.159785,58.103713
0.000000,0.000000,23.727636,0.000000,0.000000,2.757579,4.809299,0.150265,56.089178
0.000000,0.000000,21.969173,0.000000,0.000000,2.490456,5.664139,0.154635,54.746818
0.000000,0.000000,23.329508,0.000000,0.000000,2.669644,5.012266,0.181746,60.393308
0.000000,0.000000,22.044265,0.000000,0.000000,2.623177,5.311740,0.160634,57.947111
0.000000,0.000000,22.368354,0.000000,0.000000,2.587409,4.931848,1.005842,58.557834
0.000000,0.000000,23.179629,0.000000,0.000000,5.758635,5.696759,0.171870,58.961681
0.000000,0.000000,23.229385,0.000000,0.000000,4.078571,6.599771,0.184983,62.331835
0.000000,0.000000,22.856993,0.000000,0.000000,3.804502,5.776528,0.146890,57.746081
0.000000,0.000000,23.610482,0.000000,0.000000,3.284184,5.600660,0.166317,59.285525
0.000000,0.000000,22.719146,0.000000,0.000000,3.112183,5.374069,0.157582,57.382274
0.000000,0.000000,23.883505,0.000000,0.000000,2.852920,5.046358,0.156272,56.350856
0.000000,0.000000,22.323358,0.000000,0.000000,2.702728,4.914581,0.164414,54.712208
0.000000,0.000000,22.515489,0.000000,0.000000,2.990759,5.945237,1.509677,56.190306
0.000000,0.000000,22.090883,0.000000,0.000000,5.078547,4.494304,0.079796,63.276734
0.000000,0.000000,22.629355,0.000000,0.000000,3.758397,5.824017,0.137047,57.753964
0.000000,0.000000,21.364904,0.000000,0.000000,3.585639,5.587573,0.151653,56.758053
0.000000,0.000000,22.081534,0.000000,0.000000,3.120781,5.974593,0.183460,56.630630
0.000000,0.000000,24.059692,0.000000,0.000000,2.992777,5.332944,0.158836,55.770897
0.000000,0.000000,22.848850,0.000000,0.000000,2.877199,5.410280,0.220831,56.866801
0.000000,0.000000,23.024222,0.000000,0.000000,2.495970,23.048345,0.152127,56.507481
0.000000,0.000000,21.056032,0.000000,0.000000,1.924631,23.633622,1.199994,57.813360
0.000000,0.000000,22.981334,0.000000,0.000000,5.316201,5.377554,0.177511,60.287861
0.000000,0.000000,25.126685,0.000000,0.000000,3.500408,5.607049,0.132160,63.146464
0.000000,0.000000,22.315527,0.000000,0.000000,3.449163,5.812795,0.135674,55.678472
0.000000,0.000000,25.175403,0.000000,0.000000,3.339107,5.977280,0.138768,55.407034
0.000000,0.000000,21.327309,0.000000,0.000000,3.132001,5.146732,0.190993,54.856050
0.000000,0.000000,21.547404,0.000000,0.000000,2.979713,5.649632,0.154180,57.873549
0.000000,0.000000,22.269467,0.000000,0.000000,3.191335,5.640999,0.156153,57.540404
0.000000,0.000000,22.473708,0.000000,0.000000,2.598777,5.294077,0.157796,56.400179
0.000000,0.000000,22.884005,0.000000,0.000000,2.532346,6.499547,0.252872,56.776138
0.000000,0.000000,22.739595,0.000000,0.000000,2.632814,5.584272,1.248450,60.572989
0.000000,0.000000,23.226461,0.000000,0.000000,4.521308,4.605804,0.069774,60.669028
0.000000,0.000000,23.806197,0.000000,0.000000,3.555589,6.324796,0.136063,57.691320
0.000000,0.000000,22.304016,0.000000,0.000000,3.619274,5.659824,0.145477,60.305351
0.000000,0.000000,22.823184,0.000000,0.000000,3.605743,6.000853,0.151235,57.414595
0.000000,0.000000,22.026817,0.000000,0.000000,2.962955,5.737491,0.138266,59.517438
0.000000,0.000000,22.213464,0.000000,0.000000,2.623410,5.500938,0.139037,57.202198
0.000000,0.000000,21.878915,0.000000,0.000000,2.756528,5.346017,0.135101,54.688851
0.000000,0.000000,22.544710,0.000000,0.000000,2.612450,4.681953,1.183716,57.713800
0.000000,0.000000,25.073769,0.000000,0.000000,5.140110,6.073819,0.175110,58.017157
0.000000,0.000000,22.616157,0.000000,0.000000,3.055493,6.329965,0.137241,57.399594
0.000000,0.000000,21.149962,0.000000,0.000000,2.689889,4.928572,0.096129,53.658373
0.000000,0.000000,20.630364,0.000000,0.000000,2.447806,5.609393,0.146867,54.855881
0.000000,0.000000,21.327990,0.000000,0.000000,2.336093,5.347149,1.028716,57.189401
0.000000,0.000000,22.156649,0.000000,0.000000,4.418387,5.719443,0.133759,56.656108
0.000000,0.000000,22.522564,0.000000,0.000000,3.195715,5.403850,0.166260,60.362408
0.000000,0.000000,22.206479,0.000000,0.000000,2.309900,4.683460,0.817622,58.521764
0.000000,0.000000,22.155936,0.000000,0.000000,4.321744,5.560192,0.144661,53.493779
0.000000,0.000000,22.350299,0.000000,0.000000,2.180606,4.896896,0.143552,60.185376
0.000000,0.000000,21.982067,0.000000,0.000000,2.113100,5.368134,1.120526,53.218143
0.000000,0.000000,21.895671,0.000000,0.000000,3.625768,4.025028,0.084062,59.890264
0.000000,0.000000,21.973960,0.000000,0.000000,2.227580,4.864834,1.221596,58.242011
0.000000,0.000000,22.275385,0.000000,0.000000,4.285499,5.583907,0.114808,55.062676
0.000000,0.000000,25.955740,0.000000,0.000000,2.175497,5.274828,1.265741,58.660974
0.000000,0.000000,22.621142,0.000000,0.000000,3.663795,5.940779,0.202226,49.976381
0.000000,0.000000,22.667475,0.000000,0.000000,1.909749,4.802101,1.335778,59.304785
0.000000,0.000000,23.100736,0.000000,0.000000,4.171545,5.999154,0.181482,58.427605
0.000000,0.000000,23.639761,0.000000,0.000000,1.892217,5.112619,1.381153,60.376647
0.000000,0.000000,22.193106,0.000000,0.000000,3.247611,5.194298,0.162218,54.256764
0.000000,0.000000,22.544570,0.000000,0.000000,2.007469,5.150241,1.201172,52.541424
0.000000,0.000000,21.429446,0.000000,0.000000,3.318056,5.341768,0.155738,57.889796
0.000000,0.000000,22.950115,0.000000,0.000000,1.793221,4.596308,1.172201,57.867889
0.000000,0.000000,22.487794,0.000000,0.000000,4.547662,3.666284,0.088227,57.594611
0.000000,0.000000,22.376875,0.000000,0.000000,1.514252,4.082790,0.077965,58.915222
0.000000,0.000000,20.650667,0.000000,0.000000,1.206249,24.574909,1.302049,49.454548
0.000000,0.000000,21.351132,0.000000,0.000000,4.130262,6.037993,0.120884,59.131570
0.000000,0.000000,22.382578,0.000000,0.000000,2.459366,5.025901,0.154681,62.229146
0.000000,0.000000,23.154443,0.000000,0.000000,1.298403,22.206753,1.060292,43.798190
0.000000,0.000000,21.284752,0.000000,0.000000,3.466308,23.374999,0.148462,55.676181
0.000000,0.000000,21.299003,0.000000,0.000000,1.702983,23.031765,0.936009,58.537773
0.000000,0.000000,22.199281,0.000000,0.000000,3.282366,24.316954,0.139338,58.232202
0.000000,0.000000,22.129160,0.000000,0.000000,1.557290,3.892841,0.714304,60.690202
0.000000,0.000000,20.377637,0.000000,0.000000,3.345685,5.624645,0.166881,35.878809
0.000000,0.000000,21.491095,0.000000,0.000000,1.280134,5.309011,0.847236,41.703501
0.000000,0.000000,22.201296,0.000000,0.000000,2.629676,4.784036,0.116427,40.040365
0.000000,0.000000,24.555417,0.000000,0.000000,1.373798,4.365464,1.035123,43.748018
0.000000,0.000000,25.629626,0.000000,0.000000,2.786934,3.812911,0.066710,43.083154
0.000000,0.000000,23.209356,0.000000,0.000000,1.961418,4.726367,1.012362,43.370539
0.000000,0.000000,21.597541,0.000000,0.000000,3.096353,5.119879,0.135333,46.119807
0.000000,0.000000,23.341245,0.000000,0.000000,2.246557,4.484759,0.786692,57.190237
0.000000,0.000000,24.539285,0.000000,0.000000,3.206751,4.857068,0.148295,58.568093
0.000000,0.000000,24.300782,0.000000,0.000000,1.654858,3.660135,0.652477,59.332176
0.000000,0.000000,21.302271,0.000000,0.000000,2.468014,22.582505,0.067689,56.037630
0.000000,0.000000,21.858824,0.000000,0.000000,1.532451,22.867086,0.946097,56.508146
0.000000,0.000000,22.235855,0.000000,0.000000,2.375409,3.971964,19.379032,57.693512
0.000000,0.000000,21.923084,0.000000,0.000000,1.485459,4.121108,19.864927,58.164198
0.000000,0.000000,25.355354,0.000000,0.000000,1.236641,3.736974,0.964910,60.961652
0.000000,0.000000,21.944495,0.000000,0.000000,3.383989,5.228687,0.158722,38.144387
0.000000,0.000000,23.045054,0.000000,0.000000,1.782297,4.399435,0.109121,42.855274
0.000000,0.000000,24.035314,0.000000,0.000000,1.435083,4.654861,0.969120,40.391772
0.000000,0.000000,21.640457,0.000000,0.000000,3.790896,6.030087,0.156546,38.684757
0.000000,0.000000,23.213687,0.000000,0.000000,1.999750,5.942314,1.246931,45.252801
0.000000,0.000000,23.087729,0.000000,0.000000,3.420607,5.214713,0.203258,42.837997
0.000000,0.000000,21.693027,0.000000,0.000000,2.158389,5.381107,1.324729,55.100319
0.000000,0.000000,20.178584,0.000000,0.000000,3.542813,5.612206,0.138084,55.613776
0.000000,0.000000,22.073018,0.000000,0.000000,2.426646,5.140864,1.071892,60.281204
0.000000,0.000000,25.845873,0.000000,0.000000,3.749217,5.748726,0.179397,60.568632
0.000000,0.000000,21.716829,0.000000,0.000000,1.882944,5.200289,1.205347,56.851555
0.000000,0.000000,20.608403,0.000000,0.000000,3.308639,6.019411,0.188857,45.140701
0.000000,0.000000,26.346954,0.000000,0.000000,2.000497,5.487022,1.149690,63.785414
0.000000,0.000000,21.726687,0.000000,0.000000,3.173788,4.375823,0.095611,56.092619
0.000000,0.000000,20.943016,0.000000,0.000000,1.454413,24.260165,0.144638,58.945776
0.000000,0.000000,20.916663,0.000000,0.000000,1.326846,24.953680,1.138149,56.841675
0.000000,0.000000,21.086195,0.000000,0.000000,3.627918,20.883484,0.154205,58.086113
0.000000,0.000000,21.342091,0.000000,0.000000,2.281912,5.241837,0.142442,56.589004
0.000000,0.000000,20.995608,0.000000,0.000000,1.698164,5.032940,1.333628,38.783154
0.000000,0.000000,21.053224,0.000000,0.000000,4.456211,5.817834,0.175726,39.037997
0.000000,0.000000,23.766041,0.000000,0.000000,1.919452,4.708520,1.102813,46.275749
0.000000,0.000000,23.118947,0.000000,0.000000,3.179139,5.122367,0.143891,42.632821
0.000000,0.000000,22.286220,0.000000,0.000000,2.156346,4.803493,0.748828,42.818725
0.000000,0.000000,24.769800,0.000000,0.000000,3.793724,5.986698,0.174329,42.736143
0.000000,0.000000,22.995385,0.000000,0.000000,2.628958,4.861174,1.390334,45.493698
0.000000,0.000000,23.003414,0.000000,0.000000,3.990351,5.379058,0.197231,57.610623
0.000000,0.000000,22.922319,0.000000,0.000000,2.593812,5.835441,0.160384,64.429737
0.000000,0.000000,21.963679,0.000000,0.000000,1.631481,4.926257,1.547882,60.247967
0.000000,0.000000,23.643055,0.000000,0.000000,4.050962,5.568316,0.167700,42.707427
0.000000,0.000000,23.709118,0.000000,0.000000,2.190391,4.996502,1.028635,61.512505
0.000000,0.000000,22.246792,0.000000,0.000000,3.963816,5.236876,0.243640,58.978906
0.000000,0.000000,21.793256,0.000000,0.000000,2.224930,4.843896,1.157404,67.018140
0.000000,0.000000,21.477865,0.000000,0.000000,3.664564,5.550066,0.168463,55.492804
0.000000,0.000000,23.321965,0.000000,0.000000,2.209290,5.035717,1.221242,59.892681
0.000000,0.000000,22.067349,0.000000,0.000000,3.464860,6.314357,0.185238,59.034334
0.000000,0.000000,22.120631,0.000000,0.000000,2.191554,5.360454,1.059761,61.859249
0.000000,0.000000,22.336508,0.000000,0.000000,3.895784,5.696490,0.161682,61.786583
0.000000,0.000000,22.898530,0.000000,0.000000,2.358411,5.208288,1.181004,63.133675
0.000000,0.000000,24.890839,0.000000,0.000000,3.515579,5.694922,0.173781,60.751192
0.000000,0.000000,23.231703,0.000000,0.000000,2.062465,5.562655,1.432546,59.725851
0.000000,0.000000,21.030913,0.000000,0.000000,3.430176,5.664482,0.167120,58.983213
0.000000,0.000000,24.316525,0.000000,0.000000,2.014428,6.497270,1.465905,60.599523
0.000000,0.000000,22.533166,0.000000,0.000000,3.436055,5.665944,0.170366,65.080376
0.000000,0.000000,22.105076,0.000000,0.000000,2.003273,4.932620,1.153341,64.919315
0.000000,0.000000,22.582188,0.000000,0.000000,3.735645,6.287012,0.179249,61.307518
0.000000,0.000000,24.585417,0.000000,0.000000,2.358274,5.814810,0.169301,67.041144
0.000000,0.000000,23.384636,0.000000,0.000000,2.022149,5.137475,1.584688,61.036508
0.000000,0.000000,21.964807,0.000000,0.000000,4.672560,5.763311,0.348021,59.240779
0.000000,0.000000,22.178520,0.000000,0.000000,2.766635,6.075796,0.169202,67.084326
0.000000,0.000000,22.292972,0.000000,0.000000,2.387664,4.865716,1.219265,60.557422
0.000000,0.000000,22.619605,0.000000,0.000000,5.042365,6.880373,0.199059,55.983279
0.000000,0.000000,24.335858,0.000000,0.000000,2.675808,6.398332,0.250863,67.772344
0.000000,0.000000,23.190927,0.000000,0.000000,2.391007,4.743114,0.789623,51.982082
0.000000,0.000000,23.493164,0.000000,0.000000,4.494745,6.784642,0.171443,58.409087
0.000000,0.000000,23.124796,0.000000,0.000000,2.892446,6.087755,0.176650,63.786390
0.000000,0.000000,22.811042,0.000000,0.000000,2.523590,6.002122,0.989856,57.938296
0.000000,0.000000,21.799189,0.000000,0.000000,4.262314,6.269520,0.159837,62.926707
0.000000,0.000000,22.176406,0.000000,0.000000,2.882607,4.752306,0.098023,65.613724
0.000000,0.000000,21.321666,0.000000,0.000000,2.813990,5.554519,1.135010,57.155913
0.000000,0.000000,21.336781,0.000000,0.000000,4.769864,6.661057,0.180458,63.649024
0.000000,0.000000,22.738907,0.000000,0.000000,4.258445,9.757549,0.167455,70.176523
0.000000,0.000000,21.767976,0.000000,0.000000,2.742024,5.977604,1.042150,63.453530
0.000000,0.000000,21.200328,0.000000,0.000000,4.627274,6.896074,0.156562,47.358369
0.000000,0.000000,23.577512,0.000000,0.000000,3.506385,6.806673,0.179626,65.428306
0.000000,0.000000,22.530455,0.000000,0.000000,3.242895,7.639351,1.185266,61.830088
0.000000,0.000000,22.485598,0.000000,0.000000,4.673119,9.601823,0.122052,55.402476
0.000000,0.000000,23.187861,0.000000,0.000000,3.704301,6.877261,0.188680,57.170037
0.000000,0.000000,22.209173,0.000000,0.000000,3.023955,6.464636,0.960839,56.842518
0.000000,0.000000,22.858879,0.000000,0.000000,4.540313,7.023003,0.160593,60.805494
0.000000,0.000000,23.097468,0.000000,0.000000,3.187531,7.033325,0.159880,64.910992
0.000000,0.000000,20.691555,0.000000,0.000000,3.087839,6.674201,0.977306,60.324281
0.000000,0.000000,21.580224,0.000000,0.000000,4.575325,6.417694,0.092326,64.090179
0.000000,0.000000,24.898693,0.000000,0.000000,2.591990,7.345866,0.161508,63.877359
0.000000,0.000000,20.094145,0.000000,0.000000,2.513020,5.942055,0.917823,49.874394
0.000000,0.000000,21.975526,0.000000,0.000000,4.392835,5.909715,0.093070,62.400725
0.000000,0.000000,22.108222,0.000000,0.000000,3.105272,7.342018,0.140676,65.080551
0.000000,0.000000,20.774556,0.000000,0.000000,2.816713,5.097165,0.072286,60.004726
0.000000,0.000000,21.972465,0.000000,0.000000,2.148182,27.524358,0.813114,60.023408
0.000000,0.000000,21.446332,0.000000,0.000000,4.270154,28.460803,0.259550,62.552207
0.000000,0.000000,21.926107,0.000000,0.000000,3.147177,26.837021,0.154602,66.761466
0.000000,0.000000,21.121819,0.000000,0.000000,3.669639,5.340463,0.174279,62.380353
0.000000,0.000000,21.501536,0.000000,0.000000,2.984779,6.138960,0.946435,61.402639
0.000000,0.000000,21.479123,0.000000,0.000000,5.030446,7.776194,0.284798,59.866632
0.000000,0.000000,23.150909,0.000000,0.000000,3.526218,7.325783,0.172045,69.052949
0.000000,0.000000,24.654440,0.000000,0.000000,3.151821,7.180227,0.178898,61.660808
0.000000,0.000000,23.037092,0.000000,0.000000,3.132453,7.164026,0.179560,61.561079
0.000000,0.000000,21.348469,0.000000,0.000000,2.848436,6.601473,0.154312,64.298094
0.000000,0.000000,25.118950,0.000000,0.000000,2.422240,6.558743,0.909259,62.873720
0.000000,0.000000,23.738267,0.000000,0.000000,4.158864,6.311113,0.141027,64.719682
0.000000,0.000000,21.952197,0.000000,0.000000,3.226775,7.480760,0.132661,68.035372
0.000000,0.000000,21.008781,0.000000,0.000000,3.162002,7.719679,0.146768,57.491293
0.000000,0.000000,22.227553,0.000000,0.000000,3.153306,7.037947,0.161085,65.467356
0.000000,0.000000,21.765568,0.000000,0.000000,2.934060,6.911748,0.145496,62.939917
0.000000,0.000000,20.811399,0.000000,0.000000,1.995021,6.399408,0.867424,63.317883
0.000000,0.000000,22.380012,0.000000,0.000000,4.847967,7.444870,0.169902,42.584010
0.000000,0.000000,21.970366,0.000000,0.000000,2.871282,28.714075,0.141388,65.853698
0.000000,0.000000,21.761970,0.000000,0.000000,3.098804,6.972388,0.132191,64.036575
0.000000,0.000000,24.242619,0.000000,0.000000,2.919613,7.497735,0.129255,64.957166
0.000000,0.000000,23.751427,0.000000,0.000000,2.938109,7.560856,0.161076,62.020468
0.000000,0.000000,23.663129,0.000000,0.000000,2.902641,7.455436,0.158651,62.349643
0.000000,0.000000,22.816472,0.000000,0.000000,2.763277,5.831171,0.140998,61.846689
0.000000,0.000000,22.185233,0.000000,0.000000,2.750493,6.907054,1.063780,60.987246
0.000000,0.000000,21.499871,0.000000,0.000000,5.640900,7.918706,0.161196,65.169928
0.000000,0.000000,22.620300,0.000000,0.000000,3.910046,7.047985,0.118165,68.373982
0.000000,0.000000,20.991659,0.000000,0.000000,4.050578,6.835220,0.100201,61.521539
0.000000,0.000000,22.165317,0.000000,0.000000,3.445614,6.958514,0.126370,61.002007
0.000000,0.000000,20.452439,0.000000,0.000000,3.530745,6.888311,0.150967,59.558161
0.000000,0.000000,23.395883,0.000000,0.000000,3.460381,5.492275,0.084861,63.813585
0.000000,0.000000,25.649161,0.000000,0.000000,3.608272,6.782664,0.134346,59.155015
0.000000,0.000000,22.683010,0.000000,0.000000,2.659958,5.965055,0.111643,62.484196
0.000000,0.000000,21.006391,0.000000,0.000000,3.394985,7.180806,0.142812,57.304686
0.000000,0.000000,21.732272,0.000000,0.000000,2.827856,6.936822,0.150216,64.589895
0.000000,0.000000,21.650376,0.000000,0.000000,2.960258,6.296222,0.152660,44.594637
0.000000,0.000000,22.132651,0.000000,0.000000,2.223144,27.237117,0.143944,62.354102
0.000000,0.000000,21.138852,0.000000,0.000000,1.769501,27.656986,0.892280,61.437646
0.000000,0.000000,21.085520,0.000000,0.000000,5.665249,10.982121,0.193949,63.277971
0.000000,0.000000,23.295180,0.000000,0.000000,4.186063,7.594504,0.132181,76.040470
0.000000,0.000000,22.371299,0.000000,0.000000,4.322801,7.940002,0.128906,62.330207
0.000000,0.000000,23.592295,0.000000,0.000000,3.129489,5.585602,0.113236,63.190508
0.000000,0.000000,21.112704,0.000000,0.000000,2.685161,5.364861,0.083018,58.383031
0.000000,0.000000,20.652226,0.000000,0.000000,2.080167,24.950773,0.113005,56.821953
0.000000,0.000000,21.496535,0.000000,0.000000,1.959998,25.270532,0.153963,58.765950
0.000000,0.000000,20.370058,0.000000,0.000000,1.813288,5.118912,0.680648,58.243103
0.000000,0.000000,20.257131,0.000000,0.000000,4.104047,6.918795,0.174533,37.840664
0.000000,0.000000,21.723458,0.000000,0.000000,2.368076,5.251745,0.062670,44.134467
0.000000,0.000000,20.435602,0.000000,0.000000,2.372269,6.838476,0.155427,38.066095
0.000000,0.000000,21.604567,0.000000,0.000000,2.215580,7.961520,0.141099,42.325098
0.000000,0.000000,21.809379,0.000000,0.000000,2.854129,6.598027,0.154195,42.809732
0.000000,0.000000,20.970006,0.000000,0.000000,2.719993,6.378297,1.018505,55.377496
0.000000,0.000000,21.062381,0.000000,0.000000,5.588139,9.311016,0.188641,62.154925
0.000000,0.000000,24.241321,0.000000,0.000000,4.149843,7.062915,0.135518,73.589717
0.000000,0.000000,20.911099,0.000000,0.000000,2.837659,7.020453,0.173531,63.284975
0.000000,0.000000,21.756106,0.000000,0.000000,2.222948,6.929683,0.157396,43.330740
0.000000,0.000000,21.344796,0.000000,0.000000,2.725800,6.232373,0.149197,41.962888
0.000000,0.000000,21.114772,0.000000,0.000000,1.901604,26.056156,0.127917,57.604075
0.000000,0.000000,20.185660,0.000000,0.000000,1.513330,4.957047,21.448118,60.013565
0.000000,0.000000,19.649910,0.000000,0.000000,4.916971,30.693757,0.195655,60.641177
0.000000,0.000000,22.281924,0.000000,0.000000,3.595584,7.185530,0.209133,69.454738
0.000000,0.000000,21.292173,0.000000,0.000000,2.314833,6.970206,0.157338,43.274958
0.000000,0.000000,20.765935,0.000000,0.000000,2.189044,5.982662,0.142188,44.105221
0.000000,0.000000,20.788957,0.000000,0.000000,1.989328,6.534056,0.147998,39.256418
0.000000,0.000000,23.066546,0.000000,0.000000,1.931003,7.614961,0.160062,43.645868
0.000000,0.000000,21.175021,0.000000,0.000000,2.561352,6.026576,0.238495,41.573217
0.000000,0.000000,21.089110,0.000000,0.000000,2.395609,5.720911,1.101137,51.396333
0.000000,0.000000,21.795407,0.000000,0.000000,4.807460,26.143210,0.176914,62.431211
0.000000,0.000000,21.810930,0.000000,0.000000,3.284151,25.379476,0.125104,63.887895
0.000000,0.000000,20.479254,0.000000,0.000000,2.919731,29.283876,0.163519,58.955546
0.000000,0.000000,21.818054,0.000000,0.000000,10703578.041169,0.000000,0.000000,66.179707
