#Image Rect[ms], Image Resize[ms], ORB ext[ms], Stereo match[ms], IMU preint[ms], Pose pred[ms], LM track[ms], KF dec[ms], Total[ms]
0.000000,0.000000,28.905196,0.000000,0.000000,10.950632,2.746346,0.638892,45.528683
0.000000,0.000000,25.779497,0.000000,0.000000,2.769016,2.594339,0.587058,48.532527
0.000000,0.000000,24.809847,0.000000,0.000000,2.350315,2.452491,0.058797,39.819138
0.000000,0.000000,19.816966,0.000000,0.000000,1.359043,2.303923,0.604470,33.323633
0.000000,0.000000,25.306182,0.000000,0.000000,2.082250,2.349335,0.055261,38.243005
0.000000,0.000000,22.296845,0.000000,0.000000,1.051393,2.184386,0.576158,35.367191
0.000000,0.000000,20.356675,0.000000,0.000000,2.107145,2.483449,0.057986,32.655477
0.000000,0.000000,20.635622,0.000000,0.000000,0.865405,2.213328,0.576339,33.659413
0.000000,0.000000,20.175025,0.000000,0.000000,2.166032,2.353884,0.052826,32.327480
0.000000,0.000000,19.602222,0.000000,0.000000,1.181169,2.032118,0.529684,32.628778
0.000000,0.000000,19.307036,0.000000,0.000000,2.835821,3.100883,0.071991,31.113038
0.000000,0.000000,21.224755,0.000000,0.000000,1.387565,2.413633,0.050462,36.101447
0.000000,0.000000,20.079580,0.000000,0.000000,0.926467,2.184828,0.575568,32.152882
0.000000,0.000000,19.816269,0.000000,0.000000,2.373281,2.983552,0.242572,31.511973
0.000000,0.000000,20.158932,0.000000,0.000000,1.542298,2.603751,0.631129,34.571629
0.000000,0.000000,20.874876,0.000000,0.000000,2.319072,2.830263,0.054680,34.546828
0.000000,0.000000,19.768672,0.000000,0.000000,1.190538,2.582502,0.601064,33.577723
0.000000,0.000000,20.507217,0.000000,0.000000,2.246290,2.883099,0.070207,33.131201
0.000000,0.000000,21.848217,0.000000,0.000000,0.959106,2.580359,0.601926,35.902535
0.000000,0.000000,21.933393,0.000000,0.000000,1.935618,2.560814,0.064625,35.747253
0.000000,0.000000,20.035196,0.000000,0.000000,1.059135,2.524605,0.612202,34.068162
0.000000,0.000000,19.786485,0.000000,0.000000,2.063977,2.707771,0.059916,32.765867
0.000000,0.000000,20.270378,0.000000,0.000000,1.095837,2.401479,0.525996,34.022272
0.000000,0.000000,18.415989,0.000000,0.000000,2.117942,2.602978,0.049266,31.059499
0.000000,0.000000,19.515018,0.000000,0.000000,1.176803,2.418553,0.581523,33.624614
0.000000,0.000000,19.930681,0.000000,0.000000,2.059097,2.789198,0.050277,33.114820
0.000000,0.000000,18.764057,0.000000,0.000000,1.035119,2.619360,0.595931,33.139329
0.000000,0.000000,20.646324,0.000000,0.000000,2.352725,2.769199,0.804745,34.115443
0.000000,0.000000,20.285307,0.000000,0.000000,1.144651,2.613378,0.683371,34.581062
0.000000,0.000000,20.333799,0.000000,0.000000,2.361121,3.043560,0.055557,35.554142
0.000000,0.000000,19.673995,0.000000,0.000000,1.148389,2.799230,0.631851,33.672536
0.000000,0.000000,18.746419,0.000000,0.000000,2.280347,3.095432,0.058252,31.598372
0.000000,0.000000,19.952489,0.000000,0.000000,1.527563,3.158404,0.067240,34.116372
0.000000,0.000000,20.182173,0.000000,0.000000,1.109784,2.887279,0.765249,33.392915
0.000000,0.000000,19.839181,0.000000,0.000000,2.457950,3.227037,0.060737,32.866447
0.000000,0.000000,19.860002,0.000000,0.000000,1.399955,2.977775,0.055548,34.334143
0.000000,0.000000,19.275903,0.000000,0.000000,1.002137,2.955993,0.613365,31.871956
0.000000,0.000000,21.683765,0.000000,0.000000,2.532465,3.539600,0.062140,34.584347
0.000000,0.000000,20.332453,0.000000,0.000000,1.124273,3.003514,0.559912,35.377960
0.000000,0.000000,19.562246,0.000000,0.000000,2.418496,3.107298,0.058473,32.321474
0.000000,0.000000,19.649785,0.000000,0.000000,1.216732,3.249242,0.613907,33.545315
0.000000,0.000000,19.209570,0.000000,0.000000,2.223643,3.213533,0.058804,32.951689
0.000000,0.000000,19.232580,0.000000,0.000000,0.992640,2.924805,0.614758,33.265166
0.000000,0.000000,19.230160,0.000000,0.000000,2.255411,3.150592,0.053052,32.136964
0.000000,0.000000,19.154353,0.000000,0.000000,1.067685,2.907792,0.672871,33.824957
0.000000,0.000000,19.911868,0.000000,0.000000,2.203090,3.085856,0.054775,32.925769
0.000000,0.000000,19.558154,0.000000,0.000000,1.109375,2.930225,0.646279,33.194358
0.000000,0.000000,19.088355,0.000000,0.000000,3.037416,3.427957,0.083802,33.684496
0.000000,0.000000,20.809217,0.000000,0.000000,1.049639,2.925927,0.641170,36.295326
0.000000,0.000000,20.065024,0.000000,0.000000,2.486259,3.612698,0.085205,32.887916
0.000000,0.000000,19.972140,0.000000,0.000000,1.079618,3.051512,0.608978,34.766696
0.000000,0.000000,20.203438,0.000000,0.000000,2.297193,3.237823,0.054886,33.457905
0.000000,0.000000,20.696952,0.000000,0.000000,0.926703,3.076290,0.634417,35.035014
0.000000,0.000000,20.258704,0.000000,0.000000,2.163334,3.386850,0.058022,33.233360
0.000000,0.000000,21.199895,0.000000,0.000000,0.891905,3.011825,0.646009,36.216901
0.000000,0.000000,19.844263,0.000000,0.000000,2.268688,3.511602,0.151773,33.807291
0.000000,0.000000,19.456133,0.000000,0.000000,1.205312,4.085351,0.699764,34.151776
0.000000,0.000000,20.791225,0.000000,0.000000,2.627702,4.008323,0.085205,35.319615
0.000000,0.000000,18.917320,0.000000,0.000000,1.071243,3.207206,0.609930,34.110437
0.000000,0.000000,21.465725,0.000000,0.000000,2.417858,3.097013,0.128439,35.640575
0.000000,0.000000,20.663524,0.000000,0.000000,1.152681,2.882077,0.711978,34.871698
0.000000,0.000000,20.870023,0.000000,0.000000,2.724893,3.694089,0.061368,34.979345
0.000000,0.000000,20.295602,0.000000,0.000000,1.215632,3.635485,0.589100,35.427834
0.000000,0.000000,19.949933,0.000000,0.000000,2.342392,3.292522,0.056109,34.170691
0.000000,0.000000,20.806691,0.000000,0.000000,1.000947,3.715229,0.651040,34.978013
0.000000,0.000000,22.788475,0.000000,0.000000,2.330640,3.061354,0.053474,37.747603
0.000000,0.000000,20.425343,0.000000,0.000000,1.014573,2.787664,0.753067,34.703331
0.000000,0.000000,19.687435,0.000000,0.000000,2.288939,3.591363,0.076315,32.935921
0.000000,0.000000,20.106902,0.000000,0.000000,0.941601,2.906898,0.831834,34.474939
0.000000,0.000000,20.579667,0.000000,0.000000,2.278329,3.371386,0.056387,33.500897
0.000000,0.000000,19.669656,0.000000,0.000000,1.083029,3.000195,0.715884,33.783430
0.000000,0.000000,20.253981,0.000000,0.000000,2.250206,3.265396,0.054503,33.368287
0.000000,0.000000,20.161756,0.000000,0.000000,1.031601,2.765401,0.751251,34.666572
0.000000,0.000000,20.077957,0.000000,0.000000,2.321645,3.222325,0.052440,33.075332
0.000000,0.000000,20.190907,0.000000,0.000000,1.202875,2.611721,0.793261,33.992116
0.000000,0.000000,20.481260,0.000000,0.000000,1.918068,3.156760,0.061787,33.953131
0.000000,0.000000,20.030137,0.000000,0.000000,0.980285,2.474212,0.567504,33.533928
0.000000,0.000000,20.300714,0.000000,0.000000,2.310561,3.016938,0.053531,33.535288
0.000000,0.000000,19.862686,0.000000,0.000000,1.298296,2.618836,0.539481,33.592936
0.000000,0.000000,19.446178,0.000000,0.000000,2.430950,3.108062,0.049935,33.293961
0.000000,0.000000,20.526611,0.000000,0.000000,1.368690,3.068437,0.537548,34.842471
0.000000,0.000000,20.062394,0.000000,0.000000,2.478571,3.389554,0.069943,33.494590
0.000000,0.000000,20.395153,0.000000,0.000000,1.473027,2.861995,0.529051,35.203856
0.000000,0.000000,20.320743,0.000000,0.000000,2.407144,3.259918,0.056156,34.399953
0.000000,0.000000,20.191273,0.000000,0.000000,1.474971,2.610471,0.458448,34.235382
0.000000,0.000000,19.392044,0.000000,0.000000,2.641981,3.303264,0.060504,32.304288
0.000000,0.000000,19.238950,0.000000,0.000000,1.764139,2.500243,0.413352,34.062704
0.000000,0.000000,19.468925,0.000000,0.000000,2.225113,2.895571,0.047600,32.251713
0.000000,0.000000,20.478677,0.000000,0.000000,1.947186,3.967871,0.465722,34.733712
0.000000,0.000000,19.116028,0.000000,0.000000,2.468793,4.078711,0.071185,33.841202
0.000000,0.000000,19.417237,0.000000,0.000000,1.589319,3.975379,0.583525,34.207392
0.000000,0.000000,19.041562,0.000000,0.000000,2.114713,4.659467,0.597095,33.389307
0.000000,0.000000,19.462943,0.000000,0.000000,2.443716,5.002720,0.543118,35.221865
0.000000,0.000000,19.105778,0.000000,0.000000,2.216876,4.047361,0.598753,36.077896
0.000000,0.000000,20.795417,0.000000,0.000000,2.313261,4.138096,0.655070,36.786278
0.000000,0.000000,20.675712,0.000000,0.000000,2.445581,5.007112,0.492643,36.918147
0.000000,0.000000,20.729748,0.000000,0.000000,2.291102,4.181930,0.480830,37.871960
0.000000,0.000000,21.278242,0.000000,0.000000,3.395420,4.402878,0.489146,37.857733
0.000000,0.000000,20.876044,0.000000,0.000000,2.904751,7.000447,0.093677,38.206294
0.000000,0.000000,21.556804,0.000000,0.000000,1.109451,4.368683,0.491100,40.554060
0.000000,0.000000,20.529849,0.000000,0.000000,2.164589,4.575736,0.088788,35.132804
0.000000,0.000000,21.025257,0.000000,0.000000,1.205783,5.086723,0.512210,36.501406
0.000000,0.000000,19.146028,0.000000,0.000000,2.210106,5.668374,0.062268,34.559968
0.000000,0.000000,21.184138,0.000000,0.000000,1.258074,3.630818,0.490198,37.674847
0.000000,0.000000,19.805111,0.000000,0.000000,2.369399,3.718966,0.078830,34.710179
0.000000,0.000000,20.912509,0.000000,0.000000,1.130461,3.552980,0.557426,36.840254
0.000000,0.000000,20.487413,0.000000,0.000000,2.214115,4.303212,0.076696,34.563431
0.000000,0.000000,21.321384,0.000000,0.000000,1.244077,3.080025,0.508554,37.471520
0.000000,0.000000,20.751355,0.000000,0.000000,1.739686,3.618977,0.065524,35.071283
0.000000,0.000000,21.135121,0.000000,0.000000,1.128829,3.091337,0.452628,36.387376
0.000000,0.000000,20.105009,0.000000,0.000000,1.867619,3.701893,0.075242,33.917006
0.000000,0.000000,21.264325,0.000000,0.000000,1.150561,2.683993,0.500106,36.241850
0.000000,0.000000,21.034070,0.000000,0.000000,1.902695,2.870826,0.046771,34.662433
0.000000,0.000000,19.663402,0.000000,0.000000,1.134642,2.195992,0.534633,33.495271
0.000000,0.000000,20.702630,0.000000,0.000000,2.118532,2.793706,0.054826,33.333397
0.000000,0.000000,21.390067,0.000000,0.000000,1.130844,2.535607,0.561945,35.252855
0.000000,0.000000,20.159971,0.000000,0.000000,2.038899,3.124205,0.062961,34.062615
0.000000,0.000000,20.708935,0.000000,0.000000,0.912483,2.508356,0.534532,35.757419
0.000000,0.000000,20.815207,0.000000,0.000000,2.046803,2.920852,0.064555,35.106232
0.000000,0.000000,21.772796,0.000000,0.000000,0.957529,2.577278,0.554992,35.833105
0.000000,0.000000,19.880321,0.000000,0.000000,2.166715,3.049219,0.067741,33.714192
0.000000,0.000000,20.613868,0.000000,0.000000,1.294562,2.591919,0.052582,35.155405
0.000000,0.000000,20.191927,0.000000,0.000000,0.938493,2.361924,0.541707,34.097445
0.000000,0.000000,19.934510,0.000000,0.000000,2.197446,3.797338,0.084713,33.410410
0.000000,0.000000,20.776507,0.000000,0.000000,1.169340,2.830740,0.048604,35.601454
0.000000,0.000000,22.198555,0.000000,0.000000,0.784266,2.507529,0.688761,35.368223
0.000000,0.000000,21.108715,0.000000,0.000000,2.408523,3.131721,0.052472,34.502220
0.000000,0.000000,20.603242,0.000000,0.000000,1.271167,2.781865,0.058984,34.934424
0.000000,0.000000,21.723688,0.000000,0.000000,0.678381,2.653778,0.648283,37.528847
0.000000,0.000000,21.426543,0.000000,0.000000,2.008641,3.074501,0.050848,34.063140
0.000000,0.000000,20.958490,0.000000,0.000000,0.916051,2.403025,0.533140,35.330289
0.000000,0.000000,21.211142,0.000000,0.000000,2.027539,3.101305,0.049385,33.942439
0.000000,0.000000,20.726485,0.000000,0.000000,1.033369,2.837855,0.594760,35.153393
0.000000,0.000000,20.375005,0.000000,0.000000,2.035785,2.611408,0.067200,34.530588
0.000000,0.000000,19.672668,0.000000,0.000000,0.899799,2.273856,0.597736,33.528144
0.000000,0.000000,19.949558,0.000000,0.000000,2.163282,2.502417,0.054195,32.917261
0.000000,0.000000,20.345619,0.000000,0.000000,0.923074,2.532887,0.594690,34.115663
0.000000,0.000000,19.930095,0.000000,0.000000,2.135348,2.726921,0.053694,33.678892
0.000000,0.000000,20.394753,0.000000,0.000000,0.988410,2.513588,0.602525,34.914010
0.000000,0.000000,20.933294,0.000000,0.000000,2.248262,2.784373,0.098637,34.765733
0.000000,0.000000,20.559843,0.000000,0.000000,1.112615,2.281612,0.603102,35.556484
0.000000,0.000000,19.696664,0.000000,0.000000,2.156517,3.206470,0.090572,32.933664
0.000000,0.000000,21.988363,0.000000,0.000000,1.099511,2.601455,0.619561,37.166925
0.000000,0.000000,20.995914,0.000000,0.000000,2.363759,3.130895,0.056532,34.553588
0.000000,0.000000,20.498271,0.000000,0.000000,1.551583,3.359746,0.679308,34.789772
0.000000,0.000000,19.500593,0.000000,0.000000,2.578193,3.373841,0.107773,33.799225
0.000000,0.000000,21.611597,0.000000,0.000000,1.220368,3.339218,0.650516,36.391724
0.000000,0.000000,21.906238,0.000000,0.000000,2.582491,3.384529,0.056812,36.382719
0.000000,0.000000,21.352493,0.000000,0.000000,1.127763,3.639500,0.742662,36.256552
0.000000,0.000000,20.096170,0.000000,0.000000,2.576803,3.559386,0.082769,34.565954
0.000000,0.000000,20.065259,0.000000,0.000000,1.041849,3.088210,0.635611,35.348708
0.000000,0.000000,20.691171,0.000000,0.000000,2.150369,3.984929,0.197395,33.891163
0.000000,0.000000,23.223049,0.000000,0.000000,0.973346,2.839043,0.727925,40.654445
0.000000,0.000000,21.308809,0.000000,0.000000,2.060687,3.427038,0.104578,34.493413
0.000000,0.000000,21.076444,0.000000,0.000000,0.996689,2.623287,0.612750,35.544560
0.000000,0.000000,21.722773,0.000000,0.000000,1.865758,2.813207,0.053656,34.372608
0.000000,0.000000,20.973368,0.000000,0.000000,1.068257,2.408020,0.567378,34.098556
0.000000,0.000000,21.866189,0.000000,0.000000,2.447683,3.149833,0.131817,34.335530
0.000000,0.000000,21.729390,0.000000,0.000000,1.251977,3.887347,0.093868,36.411857
0.000000,0.000000,21.435943,0.000000,0.000000,0.952931,3.926377,0.661337,35.468147
0.000000,0.000000,21.094158,0.000000,0.000000,2.585481,3.225700,0.062622,35.446538
0.000000,0.000000,21.795227,0.000000,0.000000,1.018460,3.599547,0.630534,36.566558
0.000000,0.000000,21.140191,0.000000,0.000000,2.201056,3.535895,0.059715,35.214879
0.000000,0.000000,20.012191,0.000000,0.000000,1.228053,2.761294,0.566971,34.382545
0.000000,0.000000,20.480022,0.000000,0.000000,2.119729,3.646227,0.105764,35.101108
0.000000,0.000000,20.241473,0.000000,0.000000,1.131708,2.851747,0.515091,34.470775
0.000000,0.000000,20.492285,0.000000,0.000000,2.321509,3.325491,0.065537,33.326372
0.000000,0.000000,20.155410,0.000000,0.000000,1.315182,3.574932,0.604203,34.508701
0.000000,0.000000,20.621918,0.000000,0.000000,1.928302,4.256123,0.093951,35.264045
0.000000,0.000000,19.035275,0.000000,0.000000,1.569691,4.255622,0.678286,34.232579
0.000000,0.000000,21.107543,0.000000,0.000000,2.166882,4.438584,0.086777,36.234954
0.000000,0.000000,21.479138,0.000000,0.000000,1.375318,3.404063,0.548866,36.978545
0.000000,0.000000,20.925283,0.000000,0.000000,2.121824,4.484804,0.070515,34.909342
0.000000,0.000000,20.882199,0.000000,0.000000,1.377522,3.239296,0.522295,36.042804
0.000000,0.000000,20.051130,0.000000,0.000000,2.366646,4.039096,0.075496,33.758186
0.000000,0.000000,22.116015,0.000000,0.000000,1.221181,4.038858,0.543777,37.439803
0.000000,0.000000,21.721119,0.000000,0.000000,3.166718,5.244119,0.096686,36.248825
0.000000,0.000000,20.376739,0.000000,0.000000,1.385739,3.189402,0.579175,37.687033
0.000000,0.000000,20.672399,0.000000,0.000000,2.412455,3.367044,0.055046,34.244103
0.000000,0.000000,21.531684,0.000000,0.000000,1.119796,3.719352,0.586630,36.199048
0.000000,0.000000,20.604539,0.000000,0.000000,2.236487,3.563783,0.094512,34.577125
0.000000,0.000000,19.606496,0.000000,0.000000,1.355970,3.591857,0.093370,34.005575
0.000000,0.000000,20.382571,0.000000,0.000000,1.049100,3.293232,0.713274,34.025323
0.000000,0.000000,20.021575,0.000000,0.000000,2.703839,4.315429,0.111445,33.777135
0.000000,0.000000,20.826446,0.000000,0.000000,1.468808,3.056127,0.267957,36.959753
0.000000,0.000000,20.036097,0.000000,0.000000,1.099287,2.778182,0.646806,33.796503
0.000000,0.000000,20.785710,0.000000,0.000000,2.360847,4.620492,0.118138,33.869274
0.000000,0.000000,21.499164,0.000000,0.000000,1.453049,3.258497,0.128698,37.779778
0.000000,0.000000,20.171278,0.000000,0.000000,1.127221,3.023865,0.679840,33.656625
0.000000,0.000000,19.782056,0.000000,0.000000,3.035828,4.359067,0.118528,34.249906
0.000000,0.000000,19.838796,0.000000,0.000000,1.585124,3.071957,0.105463,38.617160
0.000000,0.000000,20.158031,0.000000,0.000000,1.380569,2.866452,0.994245,34.416347
0.000000,0.000000,20.129226,0.000000,0.000000,2.801075,4.539103,0.141653,37.324882
0.000000,0.000000,20.431728,0.000000,0.000000,1.750934,3.826404,0.134830,36.922896
0.000000,0.000000,20.214924,0.000000,0.000000,1.183270,3.189506,0.969920,34.784088
0.000000,0.000000,20.692834,0.000000,0.000000,2.561766,4.451408,0.143256,35.239465
0.000000,0.000000,20.235954,0.000000,0.000000,1.443431,3.884796,0.217489,35.901149
0.000000,0.000000,20.492217,0.000000,0.000000,1.181296,3.251786,0.904143,34.775130
0.000000,0.000000,20.155198,0.000000,0.000000,2.645528,4.331546,0.160459,34.990816
0.000000,0.000000,20.208021,0.000000,0.000000,1.812419,4.122268,0.079954,37.172549
0.000000,0.000000,21.016537,0.000000,0.000000,1.189983,4.705087,0.117687,35.961747
0.000000,0.000000,21.766828,0.000000,0.000000,0.931365,4.699596,0.809190,37.382344
0.000000,0.000000,21.644058,0.000000,0.000000,2.896042,4.553888,0.104922,37.442641
0.000000,0.000000,22.111532,0.000000,0.000000,1.436970,4.570490,0.103129,38.782086
0.000000,0.000000,21.350826,0.000000,0.000000,1.438222,3.424891,0.737471,36.386689
0.000000,0.000000,20.853678,0.000000,0.000000,2.544054,4.785164,0.111164,35.611575
0.000000,0.000000,21.390783,0.000000,0.000000,1.546852,3.837276,0.125402,37.862587
0.000000,0.000000,21.025087,0.000000,0.000000,1.121141,4.426833,0.986041,35.719702
0.000000,0.000000,21.544038,0.000000,0.000000,2.714733,3.832407,0.076097,37.784613
0.000000,0.000000,20.983156,0.000000,0.000000,1.395729,3.105065,0.695651,38.609372
0.000000,0.000000,21.774733,0.000000,0.000000,2.456446,3.547330,0.054365,35.952671
0.000000,0.000000,19.663820,0.000000,0.000000,1.372637,3.205133,0.734377,34.662045
0.000000,0.000000,21.132614,0.000000,0.000000,3.060605,4.635627,0.112358,36.434964
0.000000,0.000000,20.197385,0.000000,0.000000,1.519939,3.524773,0.891407,36.757098
0.000000,0.000000,20.458768,0.000000,0.000000,2.711431,4.435627,0.141151,35.513520
0.000000,0.000000,19.952062,0.000000,0.000000,1.426366,3.872367,0.919729,36.855219
0.000000,0.000000,20.913458,0.000000,0.000000,3.082297,4.917458,0.119361,36.254019
0.000000,0.000000,22.680836,0.000000,0.000000,1.220145,3.591697,1.072241,42.218842
0.000000,0.000000,20.569342,0.000000,0.000000,2.264815,3.987800,0.150088,37.378256
0.000000,0.000000,23.822324,0.000000,0.000000,0.934948,3.013485,1.156728,39.714333
0.000000,0.000000,20.892428,0.000000,0.000000,2.604535,4.153780,0.127546,35.175397
0.000000,0.000000,22.274948,0.000000,0.000000,1.190761,2.871018,0.138586,37.887320
0.000000,0.000000,20.281483,0.000000,0.000000,0.841266,2.559772,0.923117,33.863430
0.000000,0.000000,20.472265,0.000000,0.000000,2.257794,3.070656,0.105225,35.954999
0.000000,0.000000,22.456910,0.000000,0.000000,1.694703,2.956656,0.178940,37.303961
0.000000,0.000000,20.193219,0.000000,0.000000,1.137774,3.191534,0.178160,37.956248
0.000000,0.000000,20.531314,0.000000,0.000000,0.960365,2.633629,1.055401,37.333376
0.000000,0.000000,19.386769,0.000000,0.000000,3.001669,3.719205,0.320753,34.799651
0.000000,0.000000,20.893254,0.000000,0.000000,1.469337,3.543483,0.128147,39.970712
0.000000,0.000000,20.410403,0.000000,0.000000,0.963171,3.375161,0.959525,36.412315
0.000000,0.000000,24.820018,0.000000,0.000000,2.600148,3.783988,0.147252,39.980112
0.000000,0.000000,20.149601,0.000000,0.000000,1.453037,3.912424,0.910383,36.170628
0.000000,0.000000,19.454055,0.000000,0.000000,2.665448,4.849277,0.134018,36.789532
0.000000,0.000000,21.494078,0.000000,0.000000,1.397434,3.862162,1.093583,38.778903
0.000000,0.000000,20.920206,0.000000,0.000000,3.626857,6.076637,0.150358,36.699938
0.000000,0.000000,21.218288,0.000000,0.000000,1.373148,3.881968,0.778846,43.577445
0.000000,0.000000,20.329018,0.000000,0.000000,2.935890,4.343324,0.149708,37.055484
0.000000,0.000000,19.887882,0.000000,0.000000,1.690499,4.141580,0.132634,37.411932
0.000000,0.000000,21.587059,0.000000,0.000000,1.395021,3.765296,1.111506,38.283709
0.000000,0.000000,20.315876,0.000000,0.000000,2.916916,4.037360,0.282334,39.528742
0.000000,0.000000,20.613647,0.000000,0.000000,1.549087,4.960935,0.114640,37.755945
0.000000,0.000000,20.706616,0.000000,0.000000,1.215676,3.829751,0.976768,36.280859
0.000000,0.000000,20.236282,0.000000,0.000000,2.724206,3.968637,0.199804,35.512843
0.000000,0.000000,21.041410,0.000000,0.000000,1.568034,4.129256,1.160921,37.233490
0.000000,0.000000,20.448190,0.000000,0.000000,3.802639,5.940297,0.124669,37.238741
0.000000,0.000000,19.762743,0.000000,0.000000,1.544137,3.986763,1.061400,40.553452
0.000000,0.000000,19.948590,0.000000,0.000000,2.993034,4.721346,0.200555,37.247096
0.000000,0.000000,20.755603,0.000000,0.000000,1.293928,4.368359,0.823453,39.909776
0.000000,0.000000,20.039105,0.000000,0.000000,2.771658,3.564793,0.191147,36.196929
0.000000,0.000000,21.288578,0.000000,0.000000,1.340808,3.102104,0.893307,38.126618
0.000000,0.000000,19.318650,0.000000,0.000000,2.464859,3.253935,0.137685,34.657620
0.000000,0.000000,21.565922,0.000000,0.000000,1.173847,3.356353,0.823363,38.313908
0.000000,0.000000,20.778138,0.000000,0.000000,2.391968,3.482014,0.169907,35.464832
0.000000,0.000000,20.191348,0.000000,0.000000,1.121907,3.240139,0.811801,35.282450
0.000000,0.000000,19.860702,0.000000,0.000000,2.330753,3.196557,0.115893,34.476471
0.000000,0.000000,20.306581,0.000000,0.000000,1.264402,3.445436,0.957290,35.555001
0.000000,0.000000,20.411885,0.000000,0.000000,2.579882,3.773857,0.190456,37.088294
0.000000,0.000000,20.087710,0.000000,0.000000,1.435661,4.440319,0.808324,37.538840
0.000000,0.000000,20.437353,0.000000,0.000000,2.460773,3.845996,0.844364,38.890799
0.000000,0.000000,20.595337,0.000000,0.000000,2.372844,4.027955,0.820007,38.768294
0.000000,0.000000,20.798536,0.000000,0.000000,2.387131,4.745246,0.616616,39.700607
0.000000,0.000000,20.387677,0.000000,0.000000,2.194931,4.708144,0.694996,40.727161
0.000000,0.000000,19.574003,0.000000,0.000000,2.129826,4.871187,0.765311,37.211159
0.000000,0.000000,21.523121,0.000000,0.000000,2.144125,4.662810,0.537163,38.464030
0.000000,0.000000,20.683707,0.000000,0.000000,2.549435,6.140025,0.145600,37.310811
0.000000,0.000000,21.911318,0.000000,0.000000,1.199288,4.746649,0.702572,43.354651
0.000000,0.000000,20.740798,0.000000,0.000000,2.083148,3.511956,0.201507,36.481937
0.000000,0.000000,20.423507,0.000000,0.000000,1.363343,3.506255,0.756756,36.080335
0.000000,0.000000,19.674326,0.000000,0.000000,2.278232,4.366640,0.172512,39.092860
0.000000,0.000000,21.670486,0.000000,0.000000,1.401737,4.056032,0.762507,40.740169
0.000000,0.000000,19.931812,0.000000,0.000000,2.370219,4.341272,0.121824,36.452119
0.000000,0.000000,20.371707,0.000000,0.000000,1.472242,4.181007,0.107667,37.252470
0.000000,0.000000,21.097223,0.000000,0.000000,1.301384,3.684680,0.624321,37.614878
0.000000,0.000000,20.143808,0.000000,0.000000,2.315936,4.379036,0.097057,37.498404
0.000000,0.000000,20.958318,0.000000,0.000000,1.778582,4.834121,0.142113,38.339932
0.000000,0.000000,20.953368,0.000000,0.000000,1.701735,4.425866,0.815499,38.051468
0.000000,0.000000,20.962436,0.000000,0.000000,2.240772,4.768265,0.158655,41.329926
0.000000,0.000000,21.211485,0.000000,0.000000,2.003295,4.256420,0.096756,39.145372
0.000000,0.000000,20.028569,0.000000,0.000000,2.055385,4.435314,0.637707,39.237078
0.000000,0.000000,21.126421,0.000000,0.000000,2.313672,6.330521,0.063101,40.514897
0.000000,0.000000,20.895307,0.000000,0.000000,1.781428,4.532030,0.104902,38.584333
0.000000,0.000000,20.556554,0.000000,0.000000,1.809165,4.486255,0.102241,36.656633
0.000000,0.000000,19.968923,0.000000,0.000000,1.838120,4.356403,0.530553,38.721660
0.000000,0.000000,20.931986,0.000000,0.000000,2.960481,6.271547,0.081302,36.216802
0.000000,0.000000,21.761788,0.000000,0.000000,2.277513,4.967156,0.100728,40.610976
0.000000,0.000000,19.555389,0.000000,0.000000,1.937275,5.525762,0.086311,36.152290
0.000000,0.000000,20.774199,0.000000,0.000000,1.631082,4.177889,0.123892,37.186266
0.000000,0.000000,20.669004,0.000000,0.000000,1.428964,3.172729,0.827840,35.682903
0.000000,0.000000,20.118793,0.000000,0.000000,2.993473,3.813317,0.148307,35.439708
0.000000,0.000000,20.819485,0.000000,0.000000,2.003701,4.022751,0.243777,40.075995
0.000000,0.000000,20.376737,0.000000,0.000000,1.899666,4.157523,0.155591,38.341519
0.000000,0.000000,19.741478,0.000000,0.000000,1.427112,3.531712,0.669573,39.176451
0.000000,0.000000,20.189442,0.000000,0.000000,3.446493,4.772975,0.150843,35.302009
0.000000,0.000000,23.531851,0.000000,0.000000,2.305019,3.602694,0.132868,45.540465
0.000000,0.000000,20.494758,0.000000,0.000000,1.876563,3.624696,0.154569,38.109047
0.000000,0.000000,20.588723,0.000000,0.000000,1.500048,3.777712,0.189505,38.892900
0.000000,0.000000,20.891070,0.000000,0.000000,1.499647,2.892515,0.073277,35.193616
0.000000,0.000000,20.542778,0.000000,0.000000,1.516048,2.883719,0.080221,35.280819
0.000000,0.000000,20.586409,0.000000,0.000000,1.436690,2.540362,1.171073,37.067194
0.000000,0.000000,21.138093,0.000000,0.000000,4.262255,4.238166,0.150632,36.721375
0.000000,0.000000,20.766066,0.000000,0.000000,3.001089,3.782333,0.199985,41.502858
0.000000,0.000000,20.789010,0.000000,0.000000,2.430462,3.423110,0.155251,36.628992
0.000000,0.000000,20.314942,0.000000,0.000000,2.375809,3.248112,0.146034,36.654039
0.000000,0.000000,18.971016,0.000000,0.000000,1.877316,6.456039,0.118953,37.581425
0.000000,0.000000,19.085089,0.000000,0.000000,1.450566,2.515531,0.064070,35.735609
0.000000,0.000000,19.454761,0.000000,0.000000,1.432994,2.273417,0.064240,31.626283
0.000000,0.000000,19.795870,0.000000,0.000000,1.237217,2.111254,0.777677,31.669324
0.000000,0.000000,19.960338,0.000000,0.000000,3.977831,3.029055,0.067125,32.263437
0.000000,0.000000,19.791963,0.000000,0.000000,2.648892,3.033041,0.070251,35.096441
0.000000,0.000000,20.196891,0.000000,0.000000,2.001365,2.702121,0.072910,34.457011
0.000000,0.000000,20.162630,0.000000,0.000000,1.721296,2.414067,0.070646,33.414737
0.000000,0.000000,19.674373,0.000000,0.000000,1.613479,2.404117,0.142343,32.248024
0.000000,0.000000,19.298461,0.000000,0.000000,1.325116,2.047262,0.070836,31.537480
0.000000,0.000000,19.837536,0.000000,0.000000,1.100274,2.114051,0.682070,31.435644
0.000000,0.000000,19.566945,0.000000,0.000000,3.309498,2.506515,0.059424,31.999919
0.000000,0.000000,20.439312,0.000000,0.000000,1.889349,2.586798,0.065656,34.663655
0.000000,0.000000,19.835769,0.000000,0.000000,1.392916,2.523288,0.064524,32.762303
0.000000,0.000000,20.949552,0.000000,0.000000,1.132386,2.388399,0.692430,33.547197
0.000000,0.000000,20.530077,0.000000,0.000000,3.217913,2.741126,0.059314,34.415596
0.000000,0.000000,19.549131,0.000000,0.000000,1.845346,2.233090,0.065737,33.981592
0.000000,0.000000,20.315314,0.000000,0.000000,1.492267,2.374873,0.678744,33.398211
0.000000,0.000000,20.890488,0.000000,0.000000,3.037977,3.350328,0.181909,40.999546
0.000000,0.000000,20.703179,0.000000,0.000000,1.935609,2.443545,0.162292,41.619006
0.000000,0.000000,20.550436,0.000000,0.000000,1.257987,6.634057,0.626764,36.701657
0.000000,0.000000,19.793981,0.000000,0.000000,2.705729,8.055795,0.136873,37.094182
0.000000,0.000000,20.417500,0.000000,0.000000,2.024230,2.291574,0.057220,40.807453
0.000000,0.000000,19.052166,0.000000,0.000000,1.041792,8.190401,0.553193,37.164185
0.000000,0.000000,19.657900,0.000000,0.000000,2.436141,5.781522,0.063572,38.990044
0.000000,0.000000,19.817117,0.000000,0.000000,1.304457,2.317083,4.321966,36.512363
0.000000,0.000000,18.686333,0.000000,0.000000,1.140802,1.997840,0.489701,35.659444
0.000000,0.000000,19.558029,0.000000,0.000000,2.139191,2.464676,0.043073,31.415277
0.000000,0.000000,19.808871,0.000000,0.000000,1.285160,2.192664,0.045818,33.798297
0.000000,0.000000,18.582194,0.000000,0.000000,0.953883,2.014331,0.440477,32.014508
0.000000,0.000000,20.000919,0.000000,0.000000,1.813656,2.461420,0.042972,31.905378
0.000000,0.000000,19.310973,0.000000,0.000000,1.108470,2.047967,0.438603,33.091107
0.000000,0.000000,18.769402,0.000000,0.000000,1.920271,2.459999,0.041440,32.236039
0.000000,0.000000,18.551192,0.000000,0.000000,1.212070,2.174450,0.455466,31.372459
0.000000,0.000000,19.358874,0.000000,0.000000,1.926083,2.393962,0.044005,32.779504
0.000000,0.000000,19.546255,0.000000,0.000000,1.133820,2.335950,0.486114,33.377053
0.000000,0.000000,21.320165,0.000000,0.000000,2.146566,2.562587,0.047311,35.466190
0.000000,0.000000,19.899384,0.000000,0.000000,1.295180,2.388241,0.444565,34.400120
0.000000,0.000000,20.619378,0.000000,0.000000,2.297767,2.625407,0.053673,35.369483
0.000000,0.000000,20.778444,0.000000,0.000000,1.085437,2.164852,0.466677,36.233745
0.000000,0.000000,20.891551,0.000000,0.000000,2.070210,2.790045,0.074042,34.230523
0.000000,0.000000,20.798840,0.000000,0.000000,1.036473,2.259334,0.485513,35.106658
0.000000,0.000000,21.770492,0.000000,0.000000,2.101000,2.930275,0.118809,36.007308
0.000000,0.000000,19.185511,0.000000,0.000000,1.120645,7.144809,0.528877,33.885466
0.000000,0.000000,19.968535,0.000000,0.000000,2.001298,7.525630,0.061107,37.548770
0.000000,0.000000,19.311522,0.000000,0.000000,1.082351,2.326794,0.509870,38.065945
0.000000,0.000000,19.797007,0.000000,0.000000,2.017359,2.790386,0.047892,34.497555
0.000000,0.000000,20.139404,0.000000,0.000000,0.971468,2.596684,0.481816,34.230400
0.000000,0.000000,19.589598,0.000000,0.000000,2.059480,2.718557,0.100343,34.028742
0.000000,0.000000,18.965774,0.000000,0.000000,0.979935,2.494648,0.527034,37.189710
0.000000,0.000000,19.723354,0.000000,0.000000,1.874218,2.631527,0.051579,37.243743
0.000000,0.000000,19.744940,0.000000,0.000000,1.015644,2.409914,0.553700,38.548599
0.000000,0.000000,19.563693,0.000000,0.000000,1.686539,6.579215,0.069142,37.919686
0.000000,0.000000,19.510031,0.000000,0.000000,0.951315,6.287127,0.552548,37.552432
0.000000,0.000000,19.079153,0.000000,0.000000,1.764953,2.666695,0.045657,36.481251
0.000000,0.000000,19.728064,0.000000,0.000000,0.957543,2.330151,0.471313,32.817177
0.000000,0.000000,18.557909,0.000000,0.000000,1.742616,2.635495,0.043774,31.713174
0.000000,0.000000,19.276334,0.000000,0.000000,0.916574,2.434390,0.460151,32.503125
0.000000,0.000000,19.707480,0.000000,0.000000,1.644760,2.718255,0.043242,32.957538
0.000000,0.000000,18.663148,0.000000,0.000000,1.047857,2.463738,0.614687,31.749934
0.000000,0.000000,20.164052,0.000000,0.000000,1.881513,2.809039,0.046399,33.830863
0.000000,0.000000,20.130377,0.000000,0.000000,0.946062,2.439651,0.512381,34.512929
0.000000,0.000000,19.843007,0.000000,0.000000,1.835685,2.715400,0.046769,33.168264
0.000000,0.000000,19.420259,0.000000,0.000000,1.004494,2.452566,0.475901,33.435596
0.000000,0.000000,19.439193,0.000000,0.000000,1.827310,2.655004,0.049004,32.909639
0.000000,0.000000,20.224047,0.000000,0.000000,1.179188,2.372834,0.585842,33.938819
0.000000,0.000000,18.898289,0.000000,0.000000,1.718701,2.611220,0.041900,32.654130
0.000000,0.000000,19.165154,0.000000,0.000000,1.040362,6.736410,0.444401,34.286955
0.000000,0.000000,19.781991,0.000000,0.000000,1.925408,2.581986,0.053753,37.452348
0.000000,0.000000,19.987523,0.000000,0.000000,1.003952,2.437428,0.469269,37.899922
0.000000,0.000000,19.796207,0.000000,0.000000,2.037152,2.922487,0.088800,38.453862
0.000000,0.000000,20.895232,0.000000,0.000000,1.079527,2.521368,0.527420,39.535073
0.000000,0.000000,19.545036,0.000000,0.000000,2.250816,2.960791,0.148554,36.659175
0.000000,0.000000,20.093586,0.000000,0.000000,1.071262,2.510909,0.559902,42.029712
0.000000,0.000000,19.680265,0.000000,0.000000,1.849592,3.048118,0.054825,33.537787
0.000000,0.000000,20.013773,0.000000,0.000000,1.086420,2.582977,0.502613,35.199330
0.000000,0.000000,19.853376,0.000000,0.000000,1.888047,2.863786,0.048633,33.721639
0.000000,0.000000,20.415253,0.000000,0.000000,1.047878,2.481314,0.482745,34.861556
0.000000,0.000000,20.299110,0.000000,0.000000,1.835677,2.906819,0.046069,33.889496
0.000000,0.000000,19.594220,0.000000,0.000000,1.107766,2.755759,0.520097,33.316679
0.000000,0.000000,21.048462,0.000000,0.000000,1.937602,3.058810,0.054675,34.747009
0.000000,0.000000,20.319078,0.000000,0.000000,0.912078,2.638124,0.600641,35.316890
0.000000,0.000000,18.489934,0.000000,0.000000,1.877307,3.188118,0.073762,32.234897
0.000000,0.000000,19.571425,0.000000,0.000000,0.772660,2.552581,0.600260,33.819042
0.000000,0.000000,18.953531,0.000000,0.000000,2.199073,3.323046,0.054124,32.757077
0.000000,0.000000,19.718557,0.000000,0.000000,1.212002,3.396157,0.089762,34.131349
0.000000,0.000000,19.067410,0.000000,0.000000,0.766468,2.597117,0.551186,32.727180
0.000000,0.000000,20.946790,0.000000,0.000000,1.831951,7.948081,0.071798,34.144941
0.000000,0.000000,19.558559,0.000000,0.000000,0.850640,2.421830,0.497663,38.264795
0.000000,0.000000,19.947524,0.000000,0.000000,1.852951,2.830243,0.050417,32.900706
0.000000,0.000000,18.781850,0.000000,0.000000,0.961102,2.969260,0.586764,32.967879
0.000000,0.000000,19.995847,0.000000,0.000000,1.835748,3.337946,0.053973,34.199134
0.000000,0.000000,20.612128,0.000000,0.000000,0.937797,2.478790,0.554984,35.799422
0.000000,0.000000,19.752540,0.000000,0.000000,2.022446,2.777603,0.046700,33.386206
0.000000,0.000000,18.897072,0.000000,0.000000,0.894184,2.991822,0.592094,33.760734
0.000000,0.000000,19.808508,0.000000,0.000000,1.962061,3.259418,0.050307,33.790941
0.000000,0.000000,20.187804,0.000000,0.000000,0.994326,2.899588,0.051880,35.518638
0.000000,0.000000,20.141215,0.000000,0.000000,0.942496,2.799286,0.816445,33.955843
0.000000,0.000000,19.907456,0.000000,0.000000,2.255754,3.412361,0.065766,33.442139
0.000000,0.000000,20.354472,0.000000,0.000000,1.153410,2.917822,0.079121,35.962479
0.000000,0.000000,19.856618,0.000000,0.000000,0.927859,3.036711,0.647892,33.973237
0.000000,0.000000,19.868402,0.000000,0.000000,2.290430,8.550889,0.058101,38.143630
0.000000,0.000000,18.760839,0.000000,0.000000,1.081022,7.396467,0.659163,37.914100
0.000000,0.000000,19.592923,0.000000,0.000000,2.319535,9.783632,0.103468,38.395683
0.000000,0.000000,19.348716,0.000000,0.000000,1.154704,2.815869,0.644355,41.491957
0.000000,0.000000,20.258558,0.000000,0.000000,2.212112,3.287843,0.061157,35.817677
0.000000,0.000000,18.656797,0.000000,0.000000,0.901217,2.370444,0.637552,34.714152
0.000000,0.000000,20.386975,0.000000,0.000000,1.932956,2.917914,0.053672,33.782034
0.000000,0.000000,20.489481,0.000000,0.000000,0.736021,2.609763,0.614618,34.932250
0.000000,0.000000,19.804697,0.000000,0.000000,1.739324,2.913395,0.047832,32.356541
0.000000,0.000000,19.454336,0.000000,0.000000,0.899725,2.620755,0.047771,33.775693
0.000000,0.000000,19.994021,0.000000,0.000000,0.661478,2.427223,0.617584,32.537038
0.000000,0.000000,19.463895,0.000000,0.000000,2.098172,3.287613,0.053232,31.726483
0.000000,0.000000,19.497319,0.000000,0.000000,1.018212,3.379461,0.100593,34.185217
0.000000,0.000000,19.727588,0.000000,0.000000,0.733797,3.511594,0.809102,33.255529
0.000000,0.000000,18.964926,0.000000,0.000000,2.732600,3.347480,0.067619,33.794172
0.000000,0.000000,19.784549,0.000000,0.000000,1.182217,3.015353,0.070264,38.294903
0.000000,0.000000,19.329595,0.000000,0.000000,1.553038,2.677765,0.604249,38.155256
0.000000,0.000000,19.440383,0.000000,0.000000,2.022548,3.302803,0.075164,37.537862
0.000000,0.000000,19.623535,0.000000,0.000000,1.516498,3.220896,0.093239,43.075118
0.000000,0.000000,20.461396,0.000000,0.000000,0.869687,2.762037,7.729231,41.003076
0.000000,0.000000,19.642435,0.000000,0.000000,2.317815,3.263007,0.088359,39.295351
0.000000,0.000000,20.156983,0.000000,0.000000,1.309844,2.823757,0.045965,35.141436
0.000000,0.000000,19.961415,0.000000,0.000000,0.850945,2.767734,0.581627,33.313035
0.000000,0.000000,19.425488,0.000000,0.000000,2.073378,3.677669,0.059120,32.046330
0.000000,0.000000,20.392709,0.000000,0.000000,1.065092,2.935233,0.049051,36.107348
0.000000,0.000000,20.309935,0.000000,0.000000,0.768543,2.844296,0.623163,33.890685
0.000000,0.000000,20.208237,0.000000,0.000000,1.982720,3.347216,0.051706,33.916342
0.000000,0.000000,19.756201,0.000000,0.000000,1.076943,2.881685,0.060392,33.714478
0.000000,0.000000,19.501739,0.000000,0.000000,0.770977,2.660295,0.470391,33.049247
0.000000,0.000000,19.517508,0.000000,0.000000,1.802517,4.131839,0.050834,33.139874
0.000000,0.000000,19.753736,0.000000,0.000000,1.251567,3.146897,0.047247,34.209365
0.000000,0.000000,19.479707,0.000000,0.000000,0.904224,8.351353,0.487553,33.901798
0.000000,0.000000,19.691739,0.000000,0.000000,1.860284,3.284661,0.043892,38.178709
0.000000,0.000000,19.740730,0.000000,0.000000,1.499196,2.981881,0.044242,33.106577
0.000000,0.000000,19.567168,0.000000,0.000000,1.054562,2.909607,0.468087,33.010889
0.000000,0.000000,19.457115,0.000000,0.000000,1.901501,3.407258,0.040846,32.361466
0.000000,0.000000,19.319189,0.000000,0.000000,1.360489,3.246981,0.041757,33.685709
0.000000,0.000000,19.741682,0.000000,0.000000,1.137155,2.783714,0.039333,33.387156
0.000000,0.000000,19.095455,0.000000,0.000000,0.939640,2.725136,0.406172,32.093901
0.000000,0.000000,19.360355,0.000000,0.000000,1.706050,3.178577,0.036989,31.673954
0.000000,0.000000,19.848386,0.000000,0.000000,1.575779,2.962807,0.047808,34.041461
0.000000,0.000000,20.453949,0.000000,0.000000,1.248662,2.895843,0.040125,33.567724
0.000000,0.000000,19.620655,0.000000,0.000000,1.073357,7.858293,0.498223,33.201936
0.000000,0.000000,19.869065,0.000000,0.000000,1.990116,8.430552,0.060802,37.886593
0.000000,0.000000,19.647165,0.000000,0.000000,1.550492,2.750644,0.036808,39.209552
0.000000,0.000000,19.932111,0.000000,0.000000,1.379986,2.875315,0.037670,32.532667
0.000000,0.000000,19.908008,0.000000,0.000000,1.263074,3.113926,0.403565,32.876216
0.000000,0.000000,19.724496,0.000000,0.000000,2.060128,3.105759,0.038083,33.023136
0.000000,0.000000,20.379205,0.000000,0.000000,1.805997,3.425255,0.045637,33.759086
0.000000,0.000000,19.501995,0.000000,0.000000,1.554353,3.316275,0.043273,33.011233
0.000000,0.000000,19.534125,0.000000,0.000000,1.421599,3.307689,0.327930,33.889360
0.000000,0.000000,19.401080,0.000000,0.000000,2.039244,4.109007,0.049044,34.033307
0.000000,0.000000,19.936968,0.000000,0.000000,2.111953,4.548220,0.060856,34.908986
0.000000,0.000000,19.992485,0.000000,0.000000,1.862474,2.819542,0.301238,35.089342
0.000000,0.000000,20.011402,0.000000,0.000000,2.845552,4.241591,0.086286,36.628496
0.000000,0.000000,19.949742,0.000000,0.000000,1.946236,3.568539,0.063923,41.114357
0.000000,0.000000,20.061613,0.000000,0.000000,2.617685,3.086925,0.387344,33.772596
0.000000,0.000000,19.665317,0.000000,0.000000,2.199273,12.543180,0.043544,39.311178
0.000000,0.000000,19.713933,0.000000,0.000000,1.962338,3.841926,0.062851,43.896846
0.000000,0.000000,20.268584,0.000000,0.000000,1.524777,10.883495,0.396110,39.225868
0.000000,0.000000,19.770145,0.000000,0.000000,2.350713,3.326166,0.041970,40.878320
0.000000,0.000000,18.575844,0.000000,0.000000,1.713670,3.495882,0.045588,32.801193
0.000000,0.000000,19.799883,0.000000,0.000000,1.778794,3.394427,0.397393,33.043439
0.000000,0.000000,19.206985,0.000000,0.000000,2.097918,4.342878,0.054885,33.562674
0.000000,0.000000,20.290125,0.000000,0.000000,1.700986,3.303763,0.398796,35.125988
0.000000,0.000000,19.865528,0.000000,0.000000,2.313842,4.468548,0.059795,34.788097
0.000000,0.000000,19.995148,0.000000,0.000000,1.707829,4.114681,0.417311,37.513865
0.000000,0.000000,20.843392,0.000000,0.000000,2.314865,3.461207,0.053222,35.995245
0.000000,0.000000,19.812093,0.000000,0.000000,1.420948,3.481386,0.565065,35.611833
0.000000,0.000000,19.403119,0.000000,0.000000,2.186058,3.516903,0.094922,34.181157
0.000000,0.000000,20.284351,0.000000,0.000000,1.408725,11.850996,0.463540,35.546449
0.000000,0.000000,19.613693,0.000000,0.000000,2.392825,3.939765,0.059645,42.669615
0.000000,0.000000,20.796273,0.000000,0.000000,1.550317,3.432261,0.579453,36.529064
0.000000,0.000000,20.120847,0.000000,0.000000,2.198411,8.124722,0.054465,36.957316
0.000000,0.000000,20.582252,0.000000,0.000000,1.318482,3.079804,6.788415,40.113528
0.000000,0.000000,19.971030,0.000000,0.000000,2.199364,9.594118,0.060757,40.350624
0.000000,0.000000,20.410692,0.000000,0.000000,1.433383,2.937602,0.434534,41.642980
0.000000,0.000000,18.721477,0.000000,0.000000,2.233539,3.232408,0.049094,32.048223
0.000000,0.000000,20.499212,0.000000,0.000000,1.502265,3.041291,0.546239,35.777796
0.000000,0.000000,18.815990,0.000000,0.000000,2.172282,3.999351,0.115432,33.166119
0.000000,0.000000,21.127057,0.000000,0.000000,1.295168,3.200678,0.469151,36.636996
0.000000,0.000000,19.947551,0.000000,0.000000,2.182672,3.599403,0.063242,34.011353
0.000000,0.000000,20.258489,0.000000,0.000000,1.331136,3.242868,0.494519,35.016713
0.000000,0.000000,21.301302,0.000000,0.000000,2.148687,3.980385,0.058522,38.998712
0.000000,0.000000,20.159178,0.000000,0.000000,1.087028,2.994863,0.520851,35.207350
0.000000,0.000000,19.488277,0.000000,0.000000,2.056280,5.040804,0.169826,33.162696
0.000000,0.000000,20.960805,0.000000,0.000000,1.024378,3.262948,0.762063,37.582936
0.000000,0.000000,20.134458,0.000000,0.000000,2.939817,3.517036,0.133016,34.261356
0.000000,0.000000,21.022654,0.000000,0.000000,1.145470,12.741187,0.674676,45.791686
0.000000,0.000000,19.861723,0.000000,0.000000,2.339233,13.596069,0.082649,43.142005
0.000000,0.000000,20.743908,0.000000,0.000000,1.231255,10.787864,0.590444,46.949790
0.000000,0.000000,20.771562,0.000000,0.000000,2.505724,14.031815,0.077249,42.050058
0.000000,0.000000,21.227859,0.000000,0.000000,1.744531,11.785800,0.682942,46.825972
0.000000,0.000000,21.347529,0.000000,0.000000,2.900716,14.665588,0.170423,44.941893
0.000000,0.000000,21.564453,0.000000,0.000000,1.334470,2.951098,0.594411,49.187381
0.000000,0.000000,19.738768,0.000000,0.000000,2.255592,3.148591,0.077772,37.814499
0.000000,0.000000,21.050950,0.000000,0.000000,0.941278,12.450700,0.784120,39.192737
0.000000,0.000000,20.699305,0.000000,0.000000,1.968845,2.759326,0.051414,43.745038
0.000000,0.000000,19.671789,0.000000,0.000000,0.898089,2.460227,0.538930,33.551222
0.000000,0.000000,18.528539,0.000000,0.000000,1.712694,2.808637,0.050643,30.985251
0.000000,0.000000,20.913889,0.000000,0.000000,0.993174,2.205930,0.521197,34.746287
0.000000,0.000000,18.770213,0.000000,0.000000,1.815334,2.650358,0.054040,31.498643
0.000000,0.000000,19.860098,0.000000,0.000000,0.949343,2.624720,0.541785,32.995818
0.000000,0.000000,19.855452,0.000000,0.000000,1.800276,2.437516,0.045844,32.877666
0.000000,0.000000,20.114028,0.000000,0.000000,0.867322,2.161901,0.520035,33.146921
0.000000,0.000000,20.241922,0.000000,0.000000,1.911981,2.507254,0.055502,32.998599
0.000000,0.000000,20.075848,0.000000,0.000000,1.128002,2.857955,0.671012,33.572653
0.000000,0.000000,20.563724,0.000000,0.000000,1.887426,2.608440,0.051144,34.116459
0.000000,0.000000,19.074979,0.000000,0.000000,0.797765,10.282834,0.582149,38.504561
0.000000,0.000000,19.490572,0.000000,0.000000,1.793374,2.851306,9.403799,40.020986
0.000000,0.000000,20.271617,0.000000,0.000000,0.921743,2.639007,0.490451,44.280668
0.000000,0.000000,20.072107,0.000000,0.000000,2.000134,2.500132,0.045563,32.747135
0.000000,0.000000,19.652086,0.000000,0.000000,0.944084,2.249792,0.596015,32.797932
0.000000,0.000000,20.388960,0.000000,0.000000,1.824130,2.455661,0.046295,33.297810
0.000000,0.000000,20.015144,0.000000,0.000000,0.906795,2.198007,0.556422,32.965381
0.000000,0.000000,20.263420,0.000000,0.000000,1.821205,2.414865,0.046064,32.891918
0.000000,0.000000,19.515746,0.000000,0.000000,0.772939,2.134300,0.533110,32.517867
0.000000,0.000000,20.083840,0.000000,0.000000,1.966341,2.506694,0.048489,32.425348
0.000000,0.000000,19.375939,0.000000,0.000000,1.130857,2.649757,0.064488,33.358223
0.000000,0.000000,19.990488,0.000000,0.000000,0.841162,2.009821,0.756630,33.221001
0.000000,0.000000,18.941545,0.000000,0.000000,1.893067,9.468887,0.049785,31.372755
0.000000,0.000000,19.772235,0.000000,0.000000,0.894599,2.161682,0.524946,39.740974
0.000000,0.000000,19.041590,0.000000,0.000000,2.236350,2.801669,0.072639,31.460524
0.000000,0.000000,21.340555,0.000000,0.000000,0.995748,2.280039,0.564562,35.460459
0.000000,0.000000,19.560978,0.000000,0.000000,2.141154,2.709162,0.057821,32.195243
0.000000,0.000000,18.642288,0.000000,0.000000,0.981561,2.323132,0.550124,31.946556
0.000000,0.000000,19.722528,0.000000,0.000000,1.957081,2.541912,0.047631,32.501640
0.000000,0.000000,19.607377,0.000000,0.000000,1.063167,2.211799,0.590692,33.016036
0.000000,0.000000,19.612457,0.000000,0.000000,2.308945,2.840794,0.059474,32.551133
0.000000,0.000000,19.561720,0.000000,0.000000,1.025045,2.326680,1.017891,33.908175
0.000000,0.000000,20.498963,0.000000,0.000000,1.952683,10.333517,0.063021,34.188474
0.000000,0.000000,19.863746,0.000000,0.000000,0.988735,2.196640,0.576605,42.072376
0.000000,0.000000,19.635138,0.000000,0.000000,1.868803,2.635161,0.057711,33.395824
0.000000,0.000000,19.944450,0.000000,0.000000,0.918521,2.150782,0.592947,33.550952
0.000000,0.000000,20.891656,0.000000,0.000000,1.854815,2.465719,0.137954,33.443716
0.000000,0.000000,20.582270,0.000000,0.000000,0.832787,1.999312,0.562067,34.446499
0.000000,0.000000,19.414344,0.000000,0.000000,1.810601,2.489762,0.049004,31.532403
0.000000,0.000000,20.554921,0.000000,0.000000,0.835421,2.332812,0.057080,34.561179
0.000000,0.000000,19.311327,0.000000,0.000000,0.634927,2.023079,0.655607,32.137363
0.000000,0.000000,20.409720,0.000000,0.000000,2.033944,2.389401,0.058823,32.781829
0.000000,0.000000,19.869623,0.000000,0.000000,0.910075,2.248801,7.559162,36.932147
0.000000,0.000000,19.102373,0.000000,0.000000,0.676918,1.873211,0.618926,40.003795
0.000000,0.000000,18.686355,0.000000,0.000000,1.915823,2.558776,0.048102,31.780589
0.000000,0.000000,19.560962,0.000000,0.000000,1.016339,2.090528,0.047170,32.314116
0.000000,0.000000,20.028749,0.000000,0.000000,0.671481,1.929970,0.595081,32.335974
0.000000,0.000000,19.539568,0.000000,0.000000,1.874173,2.376367,0.047100,31.565176
0.000000,0.000000,19.659701,0.000000,0.000000,0.927699,2.340006,0.066027,32.885738
0.000000,0.000000,19.263912,0.000000,0.000000,0.698309,2.118642,0.581134,31.931529
0.000000,0.000000,19.449806,0.000000,0.000000,1.723238,2.474315,0.082078,32.478468
0.000000,0.000000,21.094035,0.000000,0.000000,1.065082,9.299743,0.078700,34.718063
0.000000,0.000000,19.726165,0.000000,0.000000,0.718528,1.955780,0.501532,39.071240
0.000000,0.000000,19.586327,0.000000,0.000000,1.715319,2.283609,0.042882,31.089535
0.000000,0.000000,20.234280,0.000000,0.000000,1.019204,2.007850,0.043404,32.969058
0.000000,0.000000,20.293083,0.000000,0.000000,0.709080,1.776577,0.649114,31.595095
0.000000,0.000000,19.601345,0.000000,0.000000,1.755917,2.373481,0.047301,31.540280
0.000000,0.000000,19.407644,0.000000,0.000000,1.089489,2.220147,0.048724,32.542901
0.000000,0.000000,18.774500,0.000000,0.000000,0.738556,2.008232,0.588028,31.297297
0.000000,0.000000,19.990373,0.000000,0.000000,1.815362,2.662086,0.057280,33.049957
0.000000,0.000000,20.390656,0.000000,0.000000,0.957586,2.220068,0.060436,35.464416
0.000000,0.000000,19.285366,0.000000,0.000000,0.672139,1.855358,0.524206,32.040589
0.000000,0.000000,19.890557,0.000000,0.000000,1.886248,2.470959,0.042451,31.630493
0.000000,0.000000,18.846725,0.000000,0.000000,1.164918,2.102332,0.044876,32.330024
0.000000,0.000000,20.257156,0.000000,0.000000,0.804362,2.002029,0.521550,31.797693
0.000000,0.000000,19.760467,0.000000,0.000000,1.860438,2.725698,0.047732,31.605034
0.000000,0.000000,20.056475,0.000000,0.000000,1.029134,2.375024,0.547890,33.728926
0.000000,0.000000,19.725241,0.000000,0.000000,2.005757,2.470418,0.051168,32.617406
0.000000,0.000000,20.078203,0.000000,0.000000,0.903490,2.093044,0.565337,37.230872
0.000000,0.000000,19.920500,0.000000,0.000000,2.037149,2.454039,0.051476,32.474886
0.000000,0.000000,19.533535,0.000000,0.000000,0.932484,2.668032,0.610131,33.010726
0.000000,0.000000,20.881853,0.000000,0.000000,1.955487,2.421458,0.052999,33.753796
0.000000,0.000000,20.032659,0.000000,0.000000,1.070462,2.182641,0.517818,33.720042
0.000000,0.000000,20.279210,0.000000,0.000000,1.953443,2.310290,0.047599,33.330875
0.000000,0.000000,19.792359,0.000000,0.000000,0.914871,2.766253,0.918648,33.756942
0.000000,0.000000,20.289769,0.000000,0.000000,2.013495,2.531774,0.068108,34.106545
0.000000,0.000000,20.026497,0.000000,0.000000,0.887399,2.097813,0.677466,33.664778
0.000000,0.000000,19.456902,0.000000,0.000000,1.910523,2.465401,0.050133,32.143354
0.000000,0.000000,19.433926,0.000000,0.000000,1.066074,2.204213,0.056405,32.851158
0.000000,0.000000,19.715712,0.000000,0.000000,0.794045,2.148548,0.549879,32.056292
0.000000,0.000000,18.764313,0.000000,0.000000,1.934973,2.478955,0.119354,30.866226
0.000000,0.000000,20.020760,0.000000,0.000000,1.189945,2.186720,0.057898,34.448355
0.000000,0.000000,21.083491,0.000000,0.000000,0.693778,2.104826,0.739924,33.394073
0.000000,0.000000,20.561954,0.000000,0.000000,2.022032,2.505797,0.075231,33.083583
0.000000,0.000000,19.669957,0.000000,0.000000,0.853526,2.074409,0.609030,35.282075
0.000000,0.000000,19.581762,0.000000,0.000000,1.890656,2.463226,0.048400,32.119890
0.000000,0.000000,19.630403,0.000000,0.000000,0.879615,2.074610,0.552253,34.289046
0.000000,0.000000,20.021631,0.000000,0.000000,1.769510,2.369502,0.049142,32.371482
0.000000,0.000000,19.784827,0.000000,0.000000,0.941235,2.138871,0.546662,33.103230
0.000000,0.000000,20.128156,0.000000,0.000000,1.867644,2.582852,0.049743,32.807417
0.000000,0.000000,19.866991,0.000000,0.000000,1.039265,2.294332,0.755473,33.865516
0.000000,0.000000,21.272429,0.000000,0.000000,2.164172,2.952222,0.079178,34.534707
0.000000,0.000000,20.306128,0.000000,0.000000,1.143690,13.040081,0.628385,35.844207
0.000000,0.000000,19.892559,0.000000,0.000000,2.182493,2.953495,0.064410,43.890568
0.000000,0.000000,20.498283,0.000000,0.000000,1.110527,2.454612,0.556942,34.650535
0.000000,0.000000,20.154769,0.000000,0.000000,1.965737,3.174058,0.055754,33.381020
0.000000,0.000000,19.871144,0.000000,0.000000,1.182162,2.681978,0.548155,33.716803
0.000000,0.000000,20.002351,0.000000,0.000000,1.876091,2.801833,0.049575,33.728730
0.000000,0.000000,19.470779,0.000000,0.000000,0.999093,2.370638,0.581773,33.278488
0.000000,0.000000,20.191269,0.000000,0.000000,2.058209,2.883339,0.065295,33.547763
0.000000,0.000000,19.577645,0.000000,0.000000,1.074026,2.481791,0.554211,33.705486
0.000000,0.000000,20.222113,0.000000,0.000000,1.708420,12.011176,0.093800,36.109827
0.000000,0.000000,19.885312,0.000000,0.000000,0.920932,2.341541,0.506770,42.886675
0.000000,0.000000,19.853913,0.000000,0.000000,1.782502,2.804648,0.047792,32.602193
0.000000,0.000000,19.640224,0.000000,0.000000,0.929499,2.815299,0.547177,33.292556
0.000000,0.000000,20.585494,0.000000,0.000000,1.762955,2.806623,0.050346,33.952251
0.000000,0.000000,19.030633,0.000000,0.000000,0.871418,2.635455,0.510537,32.775787
0.000000,0.000000,19.163106,0.000000,0.000000,1.931307,2.955367,0.054714,32.563910
0.000000,0.000000,20.152740,0.000000,0.000000,1.431650,3.449032,0.641098,34.455602
0.000000,0.000000,20.546058,0.000000,0.000000,1.942549,3.168616,0.134658,35.679334
0.000000,0.000000,20.476339,0.000000,0.000000,1.128720,14.053614,0.662779,34.791354
0.000000,0.000000,19.953589,0.000000,0.000000,2.045035,3.344252,9.567957,45.352872
0.000000,0.000000,19.486144,0.000000,0.000000,1.078255,2.783639,0.498685,43.864064
0.000000,0.000000,19.325626,0.000000,0.000000,2.006151,3.266043,0.054845,32.555524
0.000000,0.000000,19.933406,0.000000,0.000000,1.056527,2.772318,0.574711,34.076012
0.000000,0.000000,20.346725,0.000000,0.000000,2.047421,3.224434,0.050337,34.489798
0.000000,0.000000,19.591952,0.000000,0.000000,0.833546,2.865898,0.555443,34.668201
0.000000,0.000000,19.388934,0.000000,0.000000,1.909617,3.610413,0.082458,32.546227
0.000000,0.000000,19.895835,0.000000,0.000000,0.785093,2.835990,0.656317,34.863563
0.000000,0.000000,19.105071,0.000000,0.000000,2.084201,3.139742,11.053479,32.577145
0.000000,0.000000,19.526478,0.000000,0.000000,1.153658,3.048076,0.052210,45.216682
0.000000,0.000000,19.562717,0.000000,0.000000,0.794151,3.171052,0.680673,32.907408
0.000000,0.000000,20.301211,0.000000,0.000000,1.875131,3.175530,0.055727,33.688252
0.000000,0.000000,19.415814,0.000000,0.000000,1.054319,2.902769,0.585662,33.221389
0.000000,0.000000,21.014873,0.000000,0.000000,2.016130,3.355356,0.051138,34.010179
0.000000,0.000000,20.253065,0.000000,0.000000,1.053657,2.993322,0.543230,34.429823
0.000000,0.000000,19.907593,0.000000,0.000000,2.339145,4.302674,0.065205,33.432476
0.000000,0.000000,20.396539,0.000000,0.000000,0.992049,3.319557,0.549443,35.901902
0.000000,0.000000,19.840685,0.000000,0.000000,1.872776,12.742963,0.099791,40.005701
0.000000,0.000000,19.727528,0.000000,0.000000,1.204407,3.468091,0.581453,43.566068
0.000000,0.000000,20.566414,0.000000,0.000000,2.279436,15.001769,0.145248,46.459670
0.000000,0.000000,20.615830,0.000000,0.000000,0.970740,3.065792,0.467376,47.497090
0.000000,0.000000,20.245466,0.000000,0.000000,1.848380,3.450279,0.049955,34.046578
0.000000,0.000000,20.342772,0.000000,0.000000,1.081070,3.176144,0.512962,34.614777
0.000000,0.000000,19.964297,0.000000,0.000000,1.956748,3.581500,0.053542,33.504882
0.000000,0.000000,19.670084,0.000000,0.000000,1.120336,3.321532,0.473036,34.266370
0.000000,0.000000,19.689902,0.000000,0.000000,2.052791,3.719934,0.060837,33.995701
0.000000,0.000000,20.878348,0.000000,0.000000,1.062174,3.173548,0.507122,36.113721
0.000000,0.000000,19.247665,0.000000,0.000000,1.910579,3.627858,0.054244,32.875376
0.000000,0.000000,19.172020,0.000000,0.000000,0.989586,3.110166,0.516449,38.712285
0.000000,0.000000,20.085149,0.000000,0.000000,2.048354,3.512599,0.051569,33.272235
0.000000,0.000000,20.286228,0.000000,0.000000,1.190298,3.225636,0.528670,34.658286
0.000000,0.000000,20.616729,0.000000,0.000000,2.022354,3.616989,0.064751,34.288202
0.000000,0.000000,20.194068,0.000000,0.000000,1.300383,3.476265,0.493053,34.595879
0.000000,0.000000,19.424990,0.000000,0.000000,2.083388,4.598194,0.085410,33.523821
0.000000,0.000000,20.616148,0.000000,0.000000,1.094267,3.829556,0.511116,35.968625
0.000000,0.000000,20.069846,0.000000,0.000000,2.143120,14.628683,0.060594,34.332704
0.000000,0.000000,20.338398,0.000000,0.000000,1.027943,3.631034,10.533590,45.945044
0.000000,0.000000,20.077570,0.000000,0.000000,1.818212,3.761999,0.055434,44.331214
0.000000,0.000000,19.918514,0.000000,0.000000,0.831156,3.467239,0.580226,34.359826
0.000000,0.000000,19.667988,0.000000,0.000000,1.825455,3.732967,0.087764,33.852252
0.000000,0.000000,19.039264,0.000000,0.000000,1.095210,3.531850,0.060874,34.352562
0.000000,0.000000,19.561610,0.000000,0.000000,0.663481,3.234984,0.623617,33.112531
0.000000,0.000000,18.806497,0.000000,0.000000,2.032594,4.238371,0.142627,31.944816
0.000000,0.000000,19.661667,0.000000,0.000000,1.016222,3.875684,0.059141,35.728166
0.000000,0.000000,19.541103,0.000000,0.000000,0.680824,2.974887,0.655487,37.406517
0.000000,0.000000,19.389277,0.000000,0.000000,2.138713,3.823155,0.054922,33.249466
0.000000,0.000000,19.856081,0.000000,0.000000,1.147016,3.695647,0.066845,34.607860
0.000000,0.000000,19.858455,0.000000,0.000000,0.705601,3.661504,0.666367,33.386413
0.000000,0.000000,19.767366,0.000000,0.000000,2.697049,3.736464,0.049353,33.667182
0.000000,0.000000,19.260942,0.000000,0.000000,1.015791,3.214948,0.051406,35.033415
0.000000,0.000000,19.994146,0.000000,0.000000,0.628146,3.312881,0.599543,32.987276
0.000000,0.000000,19.661752,0.000000,0.000000,2.509697,2.891212,0.066023,33.227211
0.000000,0.000000,19.852671,0.000000,0.000000,0.875389,3.351273,0.584585,40.198481
0.000000,0.000000,19.921810,0.000000,0.000000,1.502373,3.657406,0.044854,33.613818
0.000000,0.000000,20.092268,0.000000,0.000000,0.778960,2.218584,0.496379,33.935281
0.000000,0.000000,19.247404,0.000000,0.000000,1.503054,3.174141,0.042031,31.398315
0.000000,0.000000,19.806684,0.000000,0.000000,0.985094,2.266455,0.439601,33.310483
0.000000,0.000000,21.118584,0.000000,0.000000,1.636210,2.923272,0.086365,33.545652
0.000000,0.000000,21.314855,0.000000,0.000000,1.196990,2.686870,0.042010,35.513446
0.000000,0.000000,20.359948,0.000000,0.000000,1.329954,2.871673,0.456343,34.788800
0.000000,0.000000,20.022572,0.000000,0.000000,1.693119,12.829362,0.067269,42.659988
0.000000,0.000000,19.762415,0.000000,0.000000,1.138468,14.344661,0.477323,43.398815
0.000000,0.000000,19.911610,0.000000,0.000000,1.906447,3.065875,0.058962,44.315445
0.000000,0.000000,19.121389,0.000000,0.000000,1.365112,2.581037,0.417238,32.917400
0.000000,0.000000,19.706789,0.000000,0.000000,1.970930,3.030137,0.045056,32.903664
0.000000,0.000000,19.128773,0.000000,0.000000,1.594881,2.938783,0.047451,32.944814
0.000000,0.000000,19.742332,0.000000,0.000000,1.476264,2.684446,0.396498,32.813608
0.000000,0.000000,20.061904,0.000000,0.000000,2.556160,3.744705,0.057470,33.508571
0.000000,0.000000,20.508037,0.000000,0.000000,1.927818,3.227886,0.049315,35.395599
0.000000,0.000000,18.980895,0.000000,0.000000,1.697397,2.802031,0.344149,34.555995
0.000000,0.000000,20.078195,0.000000,0.000000,2.511195,3.598204,0.044605,33.380025
0.000000,0.000000,20.522374,0.000000,0.000000,2.101581,3.181587,0.045968,35.750238
0.000000,0.000000,20.896882,0.000000,0.000000,1.827917,3.275517,0.364508,34.594066
0.000000,0.000000,20.643526,0.000000,0.000000,2.675488,3.749914,0.054605,34.551064
0.000000,0.000000,20.449365,0.000000,0.000000,2.072155,3.031731,0.043884,36.509411
0.000000,0.000000,20.992104,0.000000,0.000000,1.723699,3.926454,0.425244,34.557860
0.000000,0.000000,20.236974,0.000000,0.000000,2.407406,3.661726,0.050576,34.730858
0.000000,0.000000,19.475857,0.000000,0.000000,1.977063,14.544772,0.051859,44.680988
0.000000,0.000000,20.126413,0.000000,0.000000,1.594321,14.224980,0.373084,46.089804
0.000000,0.000000,19.557093,0.000000,0.000000,2.077756,3.149757,0.042201,44.051713
0.000000,0.000000,18.935021,0.000000,0.000000,1.730892,3.277341,0.052921,32.818632
0.000000,0.000000,19.778957,0.000000,0.000000,1.567429,2.752176,0.416297,33.504931
0.000000,0.000000,20.075284,0.000000,0.000000,2.652655,2.939746,0.045878,33.033590
0.000000,0.000000,20.509676,0.000000,0.000000,2.077526,3.283052,0.051949,34.925721
0.000000,0.000000,20.095999,0.000000,0.000000,1.745791,2.920980,0.048112,34.924234
0.000000,0.000000,20.938702,0.000000,0.000000,1.682711,3.392402,0.630005,34.445110
0.000000,0.000000,19.714588,0.000000,0.000000,3.358277,12.389200,0.114048,39.818573
0.000000,0.000000,19.004210,0.000000,0.000000,2.360126,3.463167,0.071877,43.489889
0.000000,0.000000,19.956782,0.000000,0.000000,2.062577,2.928234,0.058202,34.497390
0.000000,0.000000,19.374127,0.000000,0.000000,1.717637,2.609484,0.790001,32.814800
0.000000,0.000000,18.862769,0.000000,0.000000,3.088951,3.738274,0.057249,33.030063
0.000000,0.000000,19.718757,0.000000,0.000000,2.275154,3.047191,0.061107,35.413072
0.000000,0.000000,19.875640,0.000000,0.000000,2.099549,3.659684,0.082648,34.284633
0.000000,0.000000,19.467518,0.000000,0.000000,2.149344,2.846759,0.058803,33.770744
0.000000,0.000000,19.208546,0.000000,0.000000,1.533715,12.894200,0.791775,41.273188
0.000000,0.000000,19.599073,0.000000,0.000000,3.720792,13.153597,0.214500,44.512919
0.000000,0.000000,19.857338,0.000000,0.000000,2.472683,3.237456,0.061728,45.855900
0.000000,0.000000,19.745623,0.000000,0.000000,2.158060,2.771565,0.062960,34.386966
0.000000,0.000000,19.610125,0.000000,0.000000,1.792821,2.629703,0.070214,33.387906
0.000000,0.000000,18.931586,0.000000,0.000000,1.699773,2.506998,0.132804,31.954392
0.000000,0.000000,20.212628,0.000000,0.000000,1.432733,2.518430,0.738333,33.959871
0.000000,0.000000,20.556295,0.000000,0.000000,3.397354,3.017497,0.133796,34.670419
0.000000,0.000000,19.974855,0.000000,0.000000,2.412095,2.959849,0.065103,35.541833
0.000000,0.000000,20.095004,0.000000,0.000000,1.965611,2.602624,0.065093,47.402554
0.000000,0.000000,20.832597,0.000000,0.000000,1.406826,2.203902,0.060985,42.487586
0.000000,0.000000,19.354105,0.000000,0.000000,1.320554,1.926829,0.685595,31.328776
0.000000,0.000000,19.075329,0.000000,0.000000,3.153625,2.733312,0.055855,31.519316
0.000000,0.000000,19.492427,0.000000,0.000000,1.823644,2.577246,0.057268,33.672412
0.000000,0.000000,20.601510,0.000000,0.000000,1.453765,2.360347,0.062087,33.733928
0.000000,0.000000,19.804235,0.000000,0.000000,1.112651,2.508316,0.725105,32.463389
0.000000,0.000000,20.734982,0.000000,0.000000,2.554124,3.043368,0.205598,33.902563
0.000000,0.000000,20.125057,0.000000,0.000000,1.578632,13.205648,0.092916,34.591225
0.000000,0.000000,19.617127,0.000000,0.000000,1.114084,2.076101,0.549027,42.938720
0.000000,0.000000,19.333922,0.000000,0.000000,2.349456,2.549875,0.050185,32.213965
0.000000,0.000000,19.574517,0.000000,0.000000,1.138810,2.322055,0.485658,33.306949
0.000000,0.000000,19.939927,0.000000,0.000000,2.154833,2.589180,0.055274,32.438670
0.000000,0.000000,22.048454,0.000000,0.000000,1.051205,2.372250,0.506747,36.178132
0.000000,0.000000,19.584725,0.000000,0.000000,2.206376,3.283811,0.055485,32.753996
0.000000,0.000000,20.061686,0.000000,0.000000,1.203192,2.666616,0.465389,34.407107
0.000000,0.000000,19.605474,0.000000,0.000000,2.005979,2.440509,0.053852,33.633216
0.000000,0.000000,19.633289,0.000000,0.000000,1.041300,2.358975,0.488963,33.096016
0.000000,0.000000,20.049053,0.000000,0.000000,1.783899,2.620218,0.057148,32.637454
0.000000,0.000000,19.329178,0.000000,0.000000,1.170611,2.331774,0.533197,32.538928
0.000000,0.000000,19.791771,0.000000,0.000000,2.187931,3.233818,0.067908,32.945716
0.000000,0.000000,20.156751,0.000000,0.000000,1.379496,2.938891,0.652703,35.268452
0.000000,0.000000,21.476881,0.000000,0.000000,2.261321,15.573314,0.071385,36.244576
0.000000,0.000000,20.403006,0.000000,0.000000,1.140314,13.241218,0.694733,47.748976
0.000000,0.000000,20.036945,0.000000,0.000000,2.015758,13.641305,0.064913,44.462748
0.000000,0.000000,20.417373,0.000000,0.000000,1.760866,2.756366,0.516516,44.952794
0.000000,0.000000,20.201229,0.000000,0.000000,2.037575,3.142407,0.051839,34.543923
0.000000,0.000000,20.161965,0.000000,0.000000,1.137184,2.554794,0.523872,34.129076
0.000000,0.000000,19.830061,0.000000,0.000000,2.252546,3.041986,0.049856,32.953008
0.000000,0.000000,20.011769,0.000000,0.000000,1.273955,2.686466,0.470550,34.632389
0.000000,0.000000,19.970449,0.000000,0.000000,2.230324,3.906398,0.075334,34.003677
0.000000,0.000000,19.587947,0.000000,0.000000,1.544773,3.210999,0.469417,35.401599
0.000000,0.000000,19.371484,0.000000,0.000000,2.216117,14.174288,0.083059,43.858247
0.000000,0.000000,20.096340,0.000000,0.000000,1.430204,2.867883,0.470229,45.625385
0.000000,0.000000,19.296119,0.000000,0.000000,1.887699,3.133211,0.048482,32.782353
0.000000,0.000000,19.960004,0.000000,0.000000,1.121765,2.926054,0.507590,33.729711
0.000000,0.000000,19.329840,0.000000,0.000000,2.045010,3.146065,0.052050,32.418966
0.000000,0.000000,19.471240,0.000000,0.000000,1.188813,2.729559,0.481450,33.859078
0.000000,0.000000,19.457232,0.000000,0.000000,1.979936,3.687902,0.128817,32.767872
0.000000,0.000000,19.456000,0.000000,0.000000,1.260981,16.539905,0.495468,34.065533
0.000000,0.000000,18.998495,0.000000,0.000000,2.275050,3.105408,0.051218,45.997397
0.000000,0.000000,19.492379,0.000000,0.000000,1.212518,2.794343,0.481390,33.693973
0.000000,0.000000,19.633709,0.000000,0.000000,1.891907,3.120747,0.050597,33.267247
0.000000,0.000000,20.044756,0.000000,0.000000,1.104712,2.933589,0.552346,34.154535
0.000000,0.000000,20.231759,0.000000,0.000000,1.831462,3.055122,0.051849,34.236386
0.000000,0.000000,19.422239,0.000000,0.000000,1.179095,2.591045,0.550202,34.022429
0.000000,0.000000,20.347398,0.000000,0.000000,2.249311,3.193296,0.055045,33.521390
0.000000,0.000000,20.517826,0.000000,0.000000,0.964574,2.880328,0.751818,44.625049
0.000000,0.000000,18.945368,0.000000,0.000000,2.056592,2.975069,0.051138,32.292741
0.000000,0.000000,18.887067,0.000000,0.000000,1.134590,3.278479,0.561424,32.781235
0.000000,0.000000,20.309817,0.000000,0.000000,1.965078,3.177236,0.049875,33.931294
0.000000,0.000000,19.949769,0.000000,0.000000,0.999031,3.014524,0.635866,34.317065
0.000000,0.000000,20.097552,0.000000,0.000000,2.496605,3.423588,0.065816,34.021717
0.000000,0.000000,20.551792,0.000000,0.000000,1.092058,15.638128,0.616710,40.968387
0.000000,0.000000,20.066368,0.000000,0.000000,1.977502,14.276032,0.102947,47.268940
0.000000,0.000000,19.999699,0.000000,0.000000,0.843904,2.799264,13.579170,44.863810
0.000000,0.000000,19.884668,0.000000,0.000000,1.810081,3.042919,0.057080,45.931663
0.000000,0.000000,20.096254,0.000000,0.000000,0.890533,2.899956,0.671855,34.167103
0.000000,0.000000,19.645131,0.000000,0.000000,1.780736,3.070412,0.056478,32.907014
0.000000,0.000000,19.918774,0.000000,0.000000,0.902606,2.805626,0.602893,33.423101
0.000000,0.000000,20.024706,0.000000,0.000000,2.048788,3.078387,0.047932,33.047703
0.000000,0.000000,20.734663,0.000000,0.000000,1.515639,3.266598,0.648780,34.603909
0.000000,0.000000,19.757351,0.000000,0.000000,1.883703,3.471200,0.060256,41.853082
0.000000,0.000000,19.792878,0.000000,0.000000,0.760625,2.788043,0.662758,33.983039
0.000000,0.000000,19.706633,0.000000,0.000000,1.771508,2.921438,0.072799,32.340689
0.000000,0.000000,19.388224,0.000000,0.000000,0.917855,2.735121,0.623622,33.289622
0.000000,0.000000,20.142707,0.000000,0.000000,2.266585,3.545852,0.057130,33.633061
0.000000,0.000000,20.461507,0.000000,0.000000,1.537390,3.539620,0.064043,36.176625
0.000000,0.000000,21.022690,0.000000,0.000000,0.892187,2.889727,14.510204,41.726570
0.000000,0.000000,19.609938,0.000000,0.000000,2.179339,3.514452,0.066166,46.808841
0.000000,0.000000,20.693010,0.000000,0.000000,1.247166,3.601359,0.075234,35.347950
0.000000,0.000000,19.830034,0.000000,0.000000,0.897105,3.233378,0.593859,34.052348
0.000000,0.000000,20.157922,0.000000,0.000000,2.217872,3.876379,0.064721,33.462856
0.000000,0.000000,20.239424,0.000000,0.000000,1.177960,4.049321,0.108763,35.977872
0.000000,0.000000,20.652094,0.000000,0.000000,1.393652,3.342040,0.724733,34.831425
0.000000,0.000000,19.774616,0.000000,0.000000,2.497484,3.292248,0.051686,47.923789
0.000000,0.000000,19.076783,0.000000,0.000000,1.246367,2.906467,0.082735,47.978712
0.000000,0.000000,19.876927,0.000000,0.000000,0.788512,2.857395,0.653000,32.953285
0.000000,0.000000,20.103970,0.000000,0.000000,2.316416,3.237205,0.047720,32.924841
0.000000,0.000000,19.934033,0.000000,0.000000,1.158254,2.814276,0.048089,34.184975
0.000000,0.000000,20.136937,0.000000,0.000000,0.933253,2.615705,0.628865,32.993707
0.000000,0.000000,19.973732,0.000000,0.000000,2.586951,3.534752,0.061585,32.975734
0.000000,0.000000,20.612564,0.000000,0.000000,1.100375,2.732343,0.051596,44.481882
0.000000,0.000000,20.111338,0.000000,0.000000,0.755892,2.932697,0.668919,32.460783
0.000000,0.000000,19.776743,0.000000,0.000000,2.118056,2.900747,0.050414,33.069368
0.000000,0.000000,19.810938,0.000000,0.000000,0.942520,2.844864,0.587036,33.619776
0.000000,0.000000,20.224509,0.000000,0.000000,2.017328,3.265509,0.052879,33.679621
0.000000,0.000000,21.622430,0.000000,0.000000,1.155458,3.028546,0.577228,36.483224
0.000000,0.000000,20.276869,0.000000,0.000000,2.181745,3.431750,0.053900,41.126957
0.000000,0.000000,19.415844,0.000000,0.000000,0.972557,2.886822,0.730435,48.455543
0.000000,0.000000,18.873101,0.000000,0.000000,2.051892,3.180581,0.094686,32.350402
0.000000,0.000000,20.218814,0.000000,0.000000,1.011620,2.978653,0.545168,34.504850
0.000000,0.000000,19.655813,0.000000,0.000000,2.005180,3.541104,0.049585,32.991882
0.000000,0.000000,19.308959,0.000000,0.000000,1.062038,3.642187,0.598213,34.839123
0.000000,0.000000,20.194652,0.000000,0.000000,1.982286,3.782966,0.058571,34.325275
0.000000,0.000000,19.915818,0.000000,0.000000,0.978559,3.085313,0.578384,40.547115
0.000000,0.000000,19.387280,0.000000,0.000000,2.185203,3.560340,0.051298,32.721778
0.000000,0.000000,19.463354,0.000000,0.000000,1.152332,3.333387,0.520544,34.395445
0.000000,0.000000,19.857301,0.000000,0.000000,2.028846,3.391449,0.049173,33.755030
0.000000,0.000000,19.828987,0.000000,0.000000,1.129969,3.175366,0.549720,34.711536
0.000000,0.000000,19.830390,0.000000,0.000000,2.053567,3.475098,0.108066,34.222813
0.000000,0.000000,18.227695,0.000000,0.000000,1.776133,3.483064,0.548418,32.940945
0.000000,0.000000,20.072632,0.000000,0.000000,1.980132,18.450611,0.118747,46.367111
0.000000,0.000000,20.707716,0.000000,0.000000,1.034055,3.161690,0.581922,51.022043
0.000000,0.000000,19.291170,0.000000,0.000000,2.206865,3.851738,0.069122,33.042487
0.000000,0.000000,20.315507,0.000000,0.000000,1.320903,3.389785,0.639672,35.832617
0.000000,0.000000,19.826212,0.000000,0.000000,2.304863,4.014028,0.061948,33.714732
0.000000,0.000000,21.530832,0.000000,0.000000,1.947881,5.489617,0.125940,37.870497
0.000000,0.000000,21.107594,0.000000,0.000000,1.389424,3.746427,0.789549,37.720866
0.000000,0.000000,20.982595,0.000000,0.000000,2.324230,3.484456,0.082688,48.533829
0.000000,0.000000,19.899416,0.000000,0.000000,1.398893,3.587124,0.051108,34.552718
0.000000,0.000000,19.759568,0.000000,0.000000,0.978880,3.180667,0.628421,33.380060
0.000000,0.000000,19.403349,0.000000,0.000000,2.334800,3.618202,0.054665,32.694529
0.000000,0.000000,19.798223,0.000000,0.000000,1.124970,3.388604,0.775151,35.325185
0.000000,0.000000,19.501144,0.000000,0.000000,2.174495,15.349945,0.065095,34.595652
0.000000,0.000000,19.584894,0.000000,0.000000,1.282780,15.794709,0.579677,46.019405
0.000000,0.000000,19.967420,0.000000,0.000000,2.506529,3.629315,0.057079,47.294713
0.000000,0.000000,19.938455,0.000000,0.000000,1.382030,4.209894,0.569909,35.011343
0.000000,0.000000,19.404965,0.000000,0.000000,2.316155,4.169256,0.000551,34.330912
0.000000,0.000000,19.880394,0.000000,0.000000,1.519944,6.271924,0.000561,35.717552
0.000000,0.000000,21.397341,0.000000,0.000000,1.736668,6.701104,0.815017,39.733956
0.000000,0.000000,20.310767,0.000000,0.000000,3.454180,8.377536,0.658522,39.617414
0.000000,0.000000,22.546300,0.000000,0.000000,1.522459,22.382454,0.588114,58.036677
0.000000,0.000000,21.739117,0.000000,0.000000,2.440754,26.319903,0.168973,55.888141
0.000000,0.000000,23.900260,0.000000,0.000000,1.273513,25.081244,0.059884,63.793127
0.000000,0.000000,20.283518,0.000000,0.000000,1.289504,6.065300,0.050005,56.905635
0.000000,0.000000,20.441130,0.000000,0.000000,1.385697,6.065409,0.039085,37.871294
0.000000,0.000000,21.279582,0.000000,0.000000,1.227415,5.093573,0.032852,38.637039
0.000000,0.000000,21.023471,0.000000,0.000000,1.199172,5.462799,0.031530,37.105972
0.000000,0.000000,21.388811,0.000000,0.000000,1.391148,6.287103,0.043704,37.796893
0.000000,0.000000,21.976514,0.000000,0.000000,2.187630,10.953009,0.077318,39.747611
0.000000,0.000000,22.660149,0.000000,0.000000,1.464709,6.132869,1.103609,45.908444
0.000000,0.000000,21.295256,0.000000,0.000000,4.211451,23.251164,0.169033,39.895992
0.000000,0.000000,20.917094,0.000000,0.000000,1.515335,24.406121,0.625075,58.849453
0.000000,0.000000,20.256431,0.000000,0.000000,2.306507,5.476064,0.536415,57.069443
0.000000,0.000000,20.073351,0.000000,0.000000,2.653816,7.546261,0.171408,37.958971
0.000000,0.000000,19.739389,0.000000,0.000000,1.403943,5.198925,0.027122,40.836218
0.000000,0.000000,20.137764,0.000000,0.000000,1.289965,5.259631,0.026520,36.506955
0.000000,0.000000,20.500208,0.000000,0.000000,1.251381,5.646891,0.027954,36.857706
0.000000,0.000000,20.363625,0.000000,0.000000,1.203870,5.730392,0.044014,36.874759
0.000000,0.000000,20.877407,0.000000,0.000000,1.401638,5.257228,0.028394,38.153101
0.000000,0.000000,20.022628,0.000000,0.000000,1.122613,18.001041,0.033634,47.644038
0.000000,0.000000,19.144755,0.000000,0.000000,1.171345,5.575584,0.675838,47.572414
0.000000,0.000000,20.698864,0.000000,0.000000,2.647306,8.014655,0.176995,37.552967
0.000000,0.000000,20.797821,0.000000,0.000000,1.307042,6.123991,0.082366,42.522247
0.000000,0.000000,20.843266,0.000000,0.000000,1.260504,5.641159,0.028063,39.382817
0.000000,0.000000,19.429913,0.000000,0.000000,1.225788,6.654655,0.041599,36.497591
0.000000,0.000000,21.328955,0.000000,0.000000,1.319355,5.463681,0.029927,39.219257
0.000000,0.000000,20.317072,0.000000,0.000000,1.374821,21.425231,0.696758,40.703163
0.000000,0.000000,20.302789,0.000000,0.000000,2.846112,24.943706,0.152799,53.364788
0.000000,0.000000,21.581296,0.000000,0.000000,1.461404,22.223047,0.725672,59.656858
0.000000,0.000000,20.043058,0.000000,0.000000,3.028609,26.647494,0.168609,54.372643
0.000000,0.000000,19.972503,0.000000,0.000000,1.525365,5.594431,0.589785,60.576925
0.000000,0.000000,19.576535,0.000000,0.000000,2.643670,7.485046,0.154122,36.720539
0.000000,0.000000,20.465676,0.000000,0.000000,1.292735,6.837211,0.143141,41.122194
0.000000,0.000000,20.647541,0.000000,0.000000,1.150656,5.194724,0.023905,39.373016
0.000000,0.000000,19.804386,0.000000,0.000000,1.207563,5.284154,0.024125,35.987491
0.000000,0.000000,19.765325,0.000000,0.000000,1.155867,5.292230,0.695747,35.962419
0.000000,0.000000,19.554797,0.000000,0.000000,3.262571,6.940007,0.170171,36.138075
0.000000,0.000000,20.396060,0.000000,0.000000,1.418907,19.929146,0.703099,58.353874
0.000000,0.000000,20.778483,0.000000,0.000000,2.473578,25.299363,0.190260,52.787466
0.000000,0.000000,20.132741,0.000000,0.000000,1.406581,20.487672,0.670888,58.916950
0.000000,0.000000,21.245866,0.000000,0.000000,2.572046,27.841912,0.155665,53.926721
0.000000,0.000000,20.531514,0.000000,0.000000,1.790456,26.349169,0.717126,61.847002
0.000000,0.000000,20.988229,0.000000,0.000000,3.037065,28.418328,0.183888,65.406836
0.000000,0.000000,20.526600,0.000000,0.000000,1.158161,25.040488,0.113595,63.481029
0.000000,0.000000,19.874375,0.000000,0.000000,1.005833,18.744087,0.038193,56.921177
0.000000,0.000000,20.282739,0.000000,0.000000,0.902531,6.832164,0.031740,49.779566
0.000000,0.000000,19.597759,0.000000,0.000000,1.045908,5.980332,0.716766,37.244313
0.000000,0.000000,21.298601,0.000000,0.000000,2.564541,7.687502,0.162347,38.880549
0.000000,0.000000,20.288770,0.000000,0.000000,2.008094,6.914844,0.029507,40.799248
0.000000,0.000000,20.148604,0.000000,0.000000,1.282660,6.129134,0.026400,39.891032
0.000000,0.000000,20.099241,0.000000,0.000000,1.492540,6.888595,0.040598,37.741352
0.000000,0.000000,20.540005,0.000000,0.000000,1.399192,6.486738,0.033905,39.045064
0.000000,0.000000,20.711169,0.000000,0.000000,1.224809,18.634737,0.752466,45.280272
0.000000,0.000000,20.383627,0.000000,0.000000,2.798925,28.143767,0.183901,51.072835
0.000000,0.000000,20.652871,0.000000,0.000000,1.432064,19.964446,0.726778,62.376342
0.000000,0.000000,21.059577,0.000000,0.000000,2.531273,26.142234,0.188119,53.482296
0.000000,0.000000,20.310427,0.000000,0.000000,1.143745,20.677989,0.800188,60.592274
0.000000,0.000000,20.051853,0.000000,0.000000,2.633860,28.530746,0.149326,53.434798
0.000000,0.000000,20.330866,0.000000,0.000000,1.442044,25.492197,1.003727,62.920020
0.000000,0.000000,21.918001,0.000000,0.000000,3.343780,27.448885,0.178652,60.736861
0.000000,0.000000,21.488146,0.000000,0.000000,1.575178,7.908925,0.134947,63.830129
0.000000,0.000000,21.354726,0.000000,0.000000,1.288471,6.532487,0.030258,41.491635
0.000000,0.000000,20.421022,0.000000,0.000000,1.341843,7.224328,0.028665,38.357900
0.000000,0.000000,20.728118,0.000000,0.000000,1.593203,9.231531,0.040027,39.733687
0.000000,0.000000,21.928040,0.000000,0.000000,2.305343,13.794456,0.079622,44.615210
0.000000,0.000000,22.241439,0.000000,0.000000,1.987556,53.022519,0.057109,52.694260
0.000000,0.000000,25.298108,0.000000,0.000000,1.963300,46.285518,0.052781,94.572286
0.000000,0.000000,26.059365,0.000000,0.000000,1.780000,33.881506,0.835686,89.259361
0.000000,0.000000,26.423451,0.000000,0.000000,3.368625,41.383235,0.212275,76.499339
0.000000,0.000000,21.635866,0.000000,0.000000,3.032141,9.793897,0.771103,81.126117
0.000000,0.000000,22.656756,0.000000,0.000000,4.717140,12.334319,0.221643,79.893342
0.000000,0.000000,23.404024,0.000000,0.000000,2.519703,9.082464,0.191369,86.310779
0.000000,0.000000,22.709467,0.000000,0.000000,2.423810,8.144619,0.044245,76.279969
0.000000,0.000000,21.083114,0.000000,0.000000,1.413891,21.134392,0.597401,52.891576
0.000000,0.000000,20.027427,0.000000,0.000000,3.302048,9.615327,0.260438,53.524855
0.000000,0.000000,20.476254,0.000000,0.000000,2.383033,8.464570,0.708764,64.674104
0.000000,0.000000,20.906617,0.000000,0.000000,2.937972,10.245111,0.190804,59.568691
0.000000,0.000000,22.189107,0.000000,0.000000,1.572443,8.923486,0.122224,64.303335
0.000000,0.000000,27.497005,0.000000,0.000000,1.656514,22.311702,0.513531,50.154196
0.000000,0.000000,20.685274,0.000000,0.000000,2.556404,28.475179,0.172369,55.246344
0.000000,0.000000,24.101414,0.000000,0.000000,2.668772,7.984303,0.085783,66.922809
0.000000,0.000000,20.824683,0.000000,0.000000,1.696531,23.162895,0.655047,56.793080
0.000000,0.000000,20.693462,0.000000,0.000000,2.407665,26.742245,0.157319,57.155040
0.000000,0.000000,20.846754,0.000000,0.000000,2.065898,22.574971,0.168911,65.388022
0.000000,0.000000,21.385890,0.000000,0.000000,1.380319,27.749758,0.766470,57.824189
0.000000,0.000000,21.782396,0.000000,0.000000,4.183749,55.077732,0.293449,62.787444
0.000000,0.000000,25.005259,0.000000,0.000000,4.324359,23.338383,0.908507,100.834165
0.000000,0.000000,27.424431,0.000000,0.000000,3.496197,48.604539,1.477313,96.759067
0.000000,0.000000,25.939055,0.000000,0.000000,8.860763,17.439641,0.320490,105.563866
0.000000,0.000000,28.765117,0.000000,0.000000,3.271011,16.839106,0.380374,73.276087
0.000000,0.000000,25.605799,0.000000,0.000000,2.390422,12.770000,1.497642,62.721837
0.000000,0.000000,23.649045,0.000000,0.000000,4.483941,17.143126,0.202275,72.151457
0.000000,0.000000,29.686431,0.000000,0.000000,2.630342,16.463393,1.045551,87.394325
0.000000,0.000000,28.520297,0.000000,0.000000,2.741541,7.626694,0.264584,80.192734
0.000000,0.000000,21.535843,0.000000,0.000000,2.272919,10.149439,2.151045,58.197671
0.000000,0.000000,25.357832,0.000000,0.000000,2.703950,9.215100,0.141129,71.385280
0.000000,0.000000,23.238506,0.000000,0.000000,3.288914,13.571897,1.457571,61.713581
0.000000,0.000000,24.743973,0.000000,0.000000,3.052391,9.338464,0.346340,72.875054
0.000000,0.000000,24.459813,0.000000,0.000000,2.405782,10.750554,0.183139,63.549131
0.000000,0.000000,22.400981,0.000000,0.000000,2.042370,9.408459,1.294746,63.645730
0.000000,0.000000,27.331056,0.000000,0.000000,2.845770,8.506722,0.118105,64.747619
0.000000,0.000000,24.979968,0.000000,0.000000,2.951191,9.813641,0.244676,60.271795
0.000000,0.000000,24.416805,0.000000,0.000000,3.443959,16.366903,0.326081,70.045227
0.000000,0.000000,25.314927,0.000000,0.000000,2.217704,8.448801,0.045566,76.237961
0.000000,0.000000,24.294192,0.000000,0.000000,2.307395,7.859740,0.719219,50.116132
0.000000,0.000000,22.720974,0.000000,0.000000,3.630034,8.729882,0.189391,62.629087
0.000000,0.000000,23.367542,0.000000,0.000000,2.521423,7.491580,0.172980,64.700730
0.000000,0.000000,22.928466,0.000000,0.000000,2.821324,8.895614,0.086815,56.284903
0.000000,0.000000,22.087190,0.000000,0.000000,1.519434,27.508218,0.052380,63.040187
0.000000,0.000000,22.075027,0.000000,0.000000,1.385930,22.325985,0.801747,62.067334
0.000000,0.000000,21.836554,0.000000,0.000000,3.997685,27.307555,0.185854,56.300690
0.000000,0.000000,23.391545,0.000000,0.000000,2.420640,7.053670,0.875898,65.782341
0.000000,0.000000,24.445347,0.000000,0.000000,5.292742,9.260650,0.224708,66.124201
0.000000,0.000000,25.240634,0.000000,0.000000,3.338941,8.366286,1.247334,71.641881
0.000000,0.000000,23.502223,0.000000,0.000000,3.608704,10.098637,0.174643,61.863697
0.000000,0.000000,23.042996,0.000000,0.000000,3.437619,9.781764,0.901507,68.136209
0.000000,0.000000,20.856406,0.000000,0.000000,3.663228,7.713758,0.130388,60.870714
0.000000,0.000000,22.958724,0.000000,0.000000,2.156167,10.084546,1.280633,64.456247
0.000000,0.000000,22.385192,0.000000,0.000000,3.602082,8.621915,0.272810,61.734951
0.000000,0.000000,22.461047,0.000000,0.000000,2.458513,7.254649,0.652603,62.641615
0.000000,0.000000,21.789357,0.000000,0.000000,3.307381,8.380616,0.153162,58.993257
0.000000,0.000000,22.125901,0.000000,0.000000,2.026831,6.304742,0.985863,62.226986
0.000000,0.000000,21.442525,0.000000,0.000000,23.627859,8.262502,0.166468,57.949192
0.000000,0.000000,21.260673,0.000000,0.000000,1.677214,28.767024,0.140518,64.490887
0.000000,0.000000,21.944213,0.000000,0.000000,1.523450,26.557766,0.039866,64.071759
0.000000,0.000000,21.756133,0.000000,0.000000,1.220721,6.222305,0.033815,60.436543
0.000000,0.000000,20.920498,0.000000,0.000000,1.369856,8.155558,0.049925,38.996187
0.000000,0.000000,23.175589,0.000000,0.000000,1.235520,6.476349,0.705808,44.234631
0.000000,0.000000,20.849271,0.000000,0.000000,2.817551,9.733593,0.183871,40.339067
0.000000,0.000000,24.287623,0.000000,0.000000,1.848972,9.681022,0.225201,47.702208
0.000000,0.000000,21.955304,0.000000,0.000000,2.242937,7.293011,0.042461,44.873133
0.000000,0.000000,21.745807,0.000000,0.000000,1.295806,26.174287,0.070976,56.240157
0.000000,0.000000,19.540555,0.000000,0.000000,1.182098,6.332966,0.754932,57.758778
0.000000,0.000000,19.873431,0.000000,0.000000,2.606709,8.221003,0.180234,37.856902
0.000000,0.000000,21.450012,0.000000,0.000000,1.823713,8.847600,0.164033,42.352640
0.000000,0.000000,20.544462,0.000000,0.000000,1.360058,5.629033,0.027502,42.083826
0.000000,0.000000,19.842811,0.000000,0.000000,1.393091,8.225553,0.039345,36.717265
0.000000,0.000000,21.327318,0.000000,0.000000,1.280562,8.818618,0.609536,42.364559
0.000000,0.000000,19.316189,0.000000,0.000000,3.050014,10.395201,0.150473,39.817697
0.000000,0.000000,22.883388,0.000000,0.000000,1.530256,21.620620,0.058600,49.627082
0.000000,0.000000,20.033440,0.000000,0.000000,1.330692,6.993938,0.065242,53.121648
0.000000,0.000000,20.671770,0.000000,0.000000,1.186872,7.055644,0.029646,38.886380
0.000000,0.000000,19.407473,0.000000,0.000000,1.095319,6.225462,0.662836,38.278008
0.000000,0.000000,19.679986,0.000000,0.000000,2.274535,9.254136,0.153278,36.903845
0.000000,0.000000,20.496551,0.000000,0.000000,1.329059,8.668267,0.038392,42.654986
0.000000,0.000000,22.174355,0.000000,0.000000,1.420431,7.835822,0.029746,42.632524
0.000000,0.000000,19.358615,0.000000,0.000000,1.304463,19.839980,0.038102,41.264358
0.000000,0.000000,20.096372,0.000000,0.000000,1.223039,7.633622,0.029616,51.152319
0.000000,0.000000,20.660172,0.000000,0.000000,1.303811,7.546507,0.032861,38.944707
0.000000,0.000000,20.246810,0.000000,0.000000,1.271701,6.809933,0.026350,38.534645
0.000000,0.000000,20.250863,0.000000,0.000000,1.223591,6.698644,0.030007,37.761543
0.000000,0.000000,20.010811,0.000000,0.000000,1.493158,6.249720,0.049002,37.521010
0.000000,0.000000,19.081644,0.000000,0.000000,1.327115,5.436420,0.637178,36.395323
0.000000,0.000000,19.321741,0.000000,0.000000,3.289074,7.533975,0.158588,45.399802
0.000000,0.000000,19.714276,0.000000,0.000000,1.664940,21.189850,0.054352,60.367211
0.000000,0.000000,19.580856,0.000000,0.000000,1.465406,19.537654,0.045525,51.618862
0.000000,0.000000,20.197143,0.000000,0.000000,1.687113,5.709966,0.031810,51.310583
0.000000,0.000000,20.054425,0.000000,0.000000,1.697592,6.438205,0.042930,36.791624
0.000000,0.000000,20.030700,0.000000,0.000000,1.623633,5.364766,0.030587,37.867407
0.000000,0.000000,18.631019,0.000000,0.000000,1.463291,5.527964,0.041969,34.938404
0.000000,0.000000,20.325206,0.000000,0.000000,1.524780,6.682095,0.063852,37.477764
0.000000,0.000000,21.046639,0.000000,0.000000,2.046039,5.874764,0.033564,38.717408
0.000000,0.000000,19.912468,0.000000,0.000000,2.168059,5.763091,0.031270,50.703384
0.000000,0.000000,21.393489,0.000000,0.000000,1.780589,5.705321,0.031120,51.739216
0.000000,0.000000,20.062447,0.000000,0.000000,1.195712,18.973569,0.735084,54.183312
0.000000,0.000000,20.148391,0.000000,0.000000,2.553955,27.401377,0.160958,50.116178
0.000000,0.000000,19.817381,0.000000,0.000000,1.522848,6.523462,0.047080,60.370412
0.000000,0.000000,19.770741,0.000000,0.000000,1.507017,5.371033,0.027242,38.007964
0.000000,0.000000,20.911368,0.000000,0.000000,1.395113,5.708628,0.028775,36.994961
0.000000,0.000000,19.540371,0.000000,0.000000,1.314640,5.268647,0.030598,36.136311
0.000000,0.000000,19.434068,0.000000,0.000000,1.224848,7.792456,0.035167,35.495388
0.000000,0.000000,20.257112,0.000000,0.000000,1.596047,5.454423,0.034286,38.428793
0.000000,0.000000,19.991856,0.000000,0.000000,1.411285,20.915639,0.050005,45.263211
0.000000,0.000000,20.888958,0.000000,0.000000,1.424439,7.730899,0.089882,52.889940
0.000000,0.000000,21.180204,0.000000,0.000000,1.472461,5.726853,0.668085,41.056263
0.000000,0.000000,20.508612,0.000000,0.000000,3.254993,9.744543,0.173922,37.711924
0.000000,0.000000,20.748441,0.000000,0.000000,1.917621,8.481922,0.104269,43.940285
0.000000,0.000000,20.845916,0.000000,0.000000,1.614823,7.763931,0.052871,41.856487
0.000000,0.000000,19.440102,0.000000,0.000000,1.885059,8.340924,0.657325,38.453645
0.000000,0.000000,21.497112,0.000000,0.000000,2.951776,27.397033,0.366179,55.499439
0.000000,0.000000,20.858343,0.000000,0.000000,2.003234,33.483206,0.212385,63.079182
0.000000,0.000000,20.267474,0.000000,0.000000,1.876433,26.453085,0.063190,66.982583
0.000000,0.000000,24.848514,0.000000,0.000000,2.091924,25.927090,0.049815,64.933332
0.000000,0.000000,23.044406,0.000000,0.000000,1.422406,24.672555,0.057831,62.488614
0.000000,0.000000,19.996507,0.000000,0.000000,1.326372,6.565284,0.027342,56.209029
0.000000,0.000000,21.054899,0.000000,0.000000,1.254595,6.653784,0.610816,38.681240
0.000000,0.000000,19.923468,0.000000,0.000000,2.935294,8.488618,0.164224,37.794979
0.000000,0.000000,20.478881,0.000000,0.000000,1.832199,8.509768,0.157781,42.535144
0.000000,0.000000,20.384020,0.000000,0.000000,1.444648,7.009233,0.080333,41.232667
0.000000,0.000000,20.824441,0.000000,0.000000,1.476539,9.708557,0.042281,39.615830
0.000000,0.000000,19.750852,0.000000,0.000000,1.730463,7.313664,0.037221,41.289115
0.000000,0.000000,19.453224,0.000000,0.000000,1.281176,20.809723,0.044435,50.605172
0.000000,0.000000,20.321240,0.000000,0.000000,1.433307,6.289909,0.695388,53.079497
0.000000,0.000000,19.954871,0.000000,0.000000,4.486896,12.648911,0.252242,38.499882
0.000000,0.000000,20.590525,0.000000,0.000000,1.699595,8.537863,0.119518,48.883104
0.000000,0.000000,19.063561,0.000000,0.000000,1.566261,6.648705,0.576561,39.868368
0.000000,0.000000,18.889698,0.000000,0.000000,4.015929,10.839107,0.168432,37.686581
0.000000,0.000000,22.147459,0.000000,0.000000,2.351020,10.535177,0.183480,49.053115
0.000000,0.000000,21.451000,0.000000,0.000000,1.658477,7.878695,0.637737,47.087322
0.000000,0.000000,19.684718,0.000000,0.000000,2.466099,25.015998,0.207336,47.932185
0.000000,0.000000,20.223326,0.000000,0.000000,2.174872,27.935954,0.176006,59.081024
0.000000,0.000000,20.435151,0.000000,0.000000,1.177278,5.925104,0.023195,62.628047
0.000000,0.000000,19.173011,0.000000,0.000000,1.055346,5.960331,0.022483,35.803235
0.000000,0.000000,19.056752,0.000000,0.000000,1.058311,6.491347,0.026581,35.616152
0.000000,0.000000,20.652509,0.000000,0.000000,1.471414,7.673687,0.040014,37.974257
0.000000,0.000000,20.425771,0.000000,0.000000,1.125997,7.140873,0.030135,40.285098
0.000000,0.000000,21.065322,0.000000,0.000000,1.345241,7.783399,0.801578,40.119984
0.000000,0.000000,20.475069,0.000000,0.000000,4.114094,9.366600,0.160896,40.607845
0.000000,0.000000,20.461538,0.000000,0.000000,2.495654,7.847557,0.090307,49.020593
0.000000,0.000000,20.204624,0.000000,0.000000,1.538538,24.422776,0.121524,59.155471
0.000000,0.000000,20.670282,0.000000,0.000000,1.485190,24.221448,0.050974,56.452735
0.000000,0.000000,19.894344,0.000000,0.000000,1.602346,26.581732,0.039784,55.440053
0.000000,0.000000,21.506008,0.000000,0.000000,1.491854,19.685167,0.049083,59.795680
0.000000,0.000000,19.706096,0.000000,0.000000,1.543722,6.215549,0.569997,51.035177
0.000000,0.000000,19.765469,0.000000,0.000000,3.127742,8.225651,0.179912,37.644182
0.000000,0.000000,19.977344,0.000000,0.000000,1.770826,7.901613,0.172098,43.034261
0.000000,0.000000,19.848999,0.000000,0.000000,1.529906,6.209738,0.030438,40.582193
0.000000,0.000000,20.309677,0.000000,0.000000,1.491423,7.241535,0.046349,38.071260
0.000000,0.000000,20.119124,0.000000,0.000000,1.641900,6.556099,0.036540,39.463020
0.000000,0.000000,20.663331,0.000000,0.000000,1.835539,7.226167,0.033554,44.244075
0.000000,0.000000,20.071064,0.000000,0.000000,1.496764,26.346979,0.732867,53.154678
0.000000,0.000000,20.410522,0.000000,0.000000,3.380044,28.784603,0.146840,59.593603
0.000000,0.000000,20.950198,0.000000,0.000000,1.917055,7.576525,0.109709,64.459212
0.000000,0.000000,21.175421,0.000000,0.000000,1.626582,6.522645,0.525041,42.019549
0.000000,0.000000,19.914907,0.000000,0.000000,2.646375,9.126289,0.148673,38.340595
0.000000,0.000000,20.874286,0.000000,0.000000,1.763592,8.695136,0.191926,43.304578
0.000000,0.000000,20.246750,0.000000,0.000000,1.367717,8.104030,0.528107,42.335922
0.000000,0.000000,21.098904,0.000000,0.000000,3.564912,8.585399,0.191254,41.324814
0.000000,0.000000,22.064800,0.000000,0.000000,2.616859,8.493333,0.134286,46.651967
0.000000,0.000000,20.146147,0.000000,0.000000,2.122416,7.294548,0.036359,62.323446
0.000000,0.000000,20.340161,0.000000,0.000000,1.187845,20.230781,0.631103,53.006472
0.000000,0.000000,19.343952,0.000000,0.000000,2.285618,28.532289,0.189602,50.931997
0.000000,0.000000,20.509623,0.000000,0.000000,1.256967,6.148452,0.531293,62.628937
0.000000,0.000000,20.232606,0.000000,0.000000,3.767483,11.703804,0.278902,38.606745
0.000000,0.000000,21.219838,0.000000,0.000000,1.317432,8.196307,0.124417,49.506890
0.000000,0.000000,20.884018,0.000000,0.000000,1.256837,6.513940,0.523578,41.590110
0.000000,0.000000,19.667960,0.000000,0.000000,2.747288,7.945369,0.163051,38.156336
0.000000,0.000000,20.363969,0.000000,0.000000,1.936061,8.543110,0.113777,42.136232
0.000000,0.000000,20.491070,0.000000,0.000000,1.761238,7.486269,0.595636,45.275929
0.000000,0.000000,20.064147,0.000000,0.000000,2.525074,25.201850,0.152060,50.839868
0.000000,0.000000,19.462700,0.000000,0.000000,1.515790,26.913507,0.806158,58.377546
0.000000,0.000000,20.350072,0.000000,0.000000,2.406729,7.956992,0.149946,61.130990
0.000000,0.000000,21.360553,0.000000,0.000000,1.345475,6.227835,0.040216,42.486821
0.000000,0.000000,21.164916,0.000000,0.000000,1.320097,5.971356,0.584114,39.436464
0.000000,0.000000,20.637052,0.000000,0.000000,2.580060,6.794616,0.185493,37.940595
0.000000,0.000000,21.368786,0.000000,0.000000,1.454243,8.193330,0.194390,42.354948
0.000000,0.000000,21.965725,0.000000,0.000000,2.304805,9.235019,0.937969,45.006925
0.000000,0.000000,21.156592,0.000000,0.000000,2.405607,28.341253,0.176998,61.464423
0.000000,0.000000,21.481683,0.000000,0.000000,1.781858,6.026591,0.079171,63.361890
0.000000,0.000000,21.073313,0.000000,0.000000,1.610701,5.567376,0.542885,39.461937
0.000000,0.000000,21.093162,0.000000,0.000000,2.365690,6.867024,0.145748,41.704023
0.000000,0.000000,21.024170,0.000000,0.000000,1.765377,6.905979,0.100532,40.796012
0.000000,0.000000,21.746920,0.000000,0.000000,2.097239,6.199332,0.505654,41.884873
0.000000,0.000000,21.640167,0.000000,0.000000,2.966697,6.444870,0.094541,40.095921
0.000000,0.000000,20.586057,0.000000,0.000000,1.384912,21.904802,0.613911,42.318009
0.000000,0.000000,20.765399,0.000000,0.000000,2.655694,25.871757,0.139116,54.905773
0.000000,0.000000,21.104185,0.000000,0.000000,1.627708,4.905234,0.717839,60.193337
0.000000,0.000000,20.193594,0.000000,0.000000,2.638231,7.032110,0.123195,37.417253
0.000000,0.000000,21.509458,0.000000,0.000000,1.408415,4.572580,0.686118,42.672525
0.000000,0.000000,21.763612,0.000000,0.000000,2.331295,5.640751,0.130078,39.028225
0.000000,0.000000,21.511400,0.000000,0.000000,1.358581,4.692419,0.531634,40.958532
0.000000,0.000000,22.485085,0.000000,0.000000,3.278633,6.776795,0.203739,40.105855
0.000000,0.000000,21.289722,0.000000,0.000000,-nan,0.000000,66269229072816294123481401562257256613490412848042535054140953331535396289659209070755723845736474194981350867828185148062233073695054562957837718239833909799743633805457422991524626432.000000,42.742484
