#Stereo rect[ms], MP culling[ms], MP creation[ms], LBA[ms], KF culling[ms], Total[ms]
4.995777,0.037081,0.323740,0.005354,0.005354,5.367005
0.859043,0.110839,1.742475,0.002406,0.002406,2.716514
5.719647,0.319855,2.936833,0.053075,0.053075,18.278523
5.657382,0.161478,4.011797,0.107346,0.107346,18.100648
5.187759,0.142746,5.383919,0.178407,0.178407,22.244647
5.247564,0.174693,6.138212,0.195840,0.195840,26.998272
5.318940,0.184925,8.982700,0.262318,0.262318,28.985897
6.205059,0.250094,8.796365,0.223400,0.223400,32.559061
5.600945,0.259167,9.667027,0.237628,0.237628,34.306490
5.077234,0.246500,11.406590,0.254233,0.254233,35.243580
4.894092,0.279859,12.243934,0.280796,0.280796,37.460414
6.530284,0.197422,12.181162,0.391448,0.391448,40.811844
6.325278,0.227872,12.582180,0.422655,0.422655,45.078376
5.668235,0.254777,12.435456,0.368169,0.368169,44.881025
5.417889,0.243022,13.019491,0.534112,0.534112,50.054472
5.674408,0.267349,13.127020,0.663450,0.663450,52.211752
5.349618,0.225223,13.372629,0.819567,0.819567,54.570594
5.284587,0.264913,13.378161,0.801258,0.801258,57.102276
5.447390,0.207986,14.204632,1.349337,1.349337,66.492196
5.431436,0.239492,13.900143,1.016200,1.016200,75.404271
5.674870,0.299926,14.303907,1.002771,1.002771,81.271047
6.618443,0.314191,15.639700,1.535369,1.535369,87.906748
5.840642,0.238923,14.506898,1.431166,1.431166,100.037599
5.844396,0.272171,15.323302,2.169195,2.169195,104.604816
5.538989,0.230650,15.026876,1.329237,1.329237,105.870514
5.461100,0.235642,14.550641,1.540063,1.540063,116.767575
5.954317,0.256022,15.306373,1.427819,1.427819,124.300888
5.626447,0.240533,14.934436,1.247536,1.247536,115.346801
5.314091,0.239030,16.306793,2.045083,2.045083,105.700302
7.210435,0.270589,15.141549,2.126306,2.126306,73.647674
5.754086,0.330582,15.201349,1.589576,1.589576,80.965112
5.748326,0.282037,14.949954,1.531541,1.531541,69.661525
6.071025,0.288141,14.640990,1.690837,1.690837,66.382766
5.264716,0.246105,14.358387,1.566685,1.566685,64.884729
6.060100,0.266240,13.891174,1.850207,1.850207,67.204942
5.616432,0.287899,13.544019,1.861091,1.861091,75.405406
5.840201,0.251875,13.536829,1.715828,1.715828,70.852765
5.318401,0.248848,13.412233,1.451260,1.451260,69.147562
5.827075,0.250523,13.345874,1.357307,1.357307,65.168447
5.049394,0.242371,13.203641,2.420472,2.420472,71.155583
5.248308,0.295252,13.233780,1.413360,1.413360,52.428152
5.321176,0.320620,12.964886,1.120319,1.120319,53.338427
5.408342,0.349682,13.174233,1.200209,1.200209,48.979335
5.518515,0.347646,12.942793,1.189679,1.189679,51.842220
4.828532,0.312616,13.024853,1.158737,1.158737,47.855024
5.082361,0.328158,13.049811,2.379327,2.379327,50.419382
5.186132,0.351893,13.670173,1.212688,1.212688,46.350989
4.807008,0.292281,13.456762,1.153784,1.153784,45.071211
4.852196,0.281219,13.257065,0.834796,0.834796,46.282308
5.472876,0.300469,13.662217,1.347980,1.347980,54.872380
4.943604,0.332265,13.648753,1.454372,1.454372,55.739120
5.175272,0.278466,13.793716,2.166244,2.166244,53.219566
4.994730,0.276902,13.691273,2.476912,2.476912,49.922811
5.463493,0.354802,13.917081,1.821390,1.821390,63.719432
5.290366,0.335249,14.879187,1.667263,1.667263,63.050478
5.219897,0.329387,13.900188,1.247158,1.247158,62.355697
4.881461,0.280326,13.216807,1.729743,1.729743,56.873091
4.927770,0.340923,12.970659,1.266791,1.266791,51.712042
5.125876,0.383470,13.516023,1.677786,1.677786,55.103005
5.737507,0.446417,13.841157,1.442630,1.442630,46.325139
5.451907,0.430716,13.782608,2.145102,2.145102,50.754512
5.307830,0.481237,13.325144,1.577495,1.577495,48.333575
5.210986,0.402100,13.064022,1.893960,1.893960,47.716597
4.899787,0.374413,12.997327,1.804260,1.804260,48.061073
5.222101,0.377945,11.146087,1.367697,1.367697,35.726980
5.062789,0.363142,13.569084,1.576018,1.576018,39.305577
5.026282,0.367067,15.191387,1.673352,1.673352,38.466924
5.215686,0.351458,12.474443,1.163367,1.163367,32.402082
4.711187,0.257808,14.968282,1.739273,1.739273,40.220970
6.745923,0.385747,11.609554,1.500411,1.500411,34.610867
6.096027,0.379318,12.204041,0.974814,0.974814,33.182695
5.859253,0.343265,11.803831,1.274648,1.274648,31.759028
5.516621,0.380264,11.931912,1.459799,1.459799,32.021964
4.722783,0.324452,12.009122,1.483791,1.483791,31.380484
4.770625,0.317948,12.391547,1.186474,1.186474,31.532168
4.804608,0.310717,11.415875,0.882487,0.882487,29.789015
4.793804,0.297805,12.736556,0.908313,0.908313,32.218923
4.774285,0.282920,10.739456,1.475946,1.475946,29.456908
5.350278,0.250593,12.772690,1.172921,1.172921,32.650082
6.215652,0.311234,12.488317,1.012315,1.012315,34.739802
5.735114,0.291633,13.176867,1.162021,1.162021,34.091559
5.932753,0.306334,14.774740,1.752325,1.752325,40.141243
5.263947,0.328263,13.477942,0.864536,0.864536,36.769995
5.385594,0.402721,13.883579,0.989110,0.989110,37.273690
4.963865,0.398154,14.193195,1.174110,1.174110,38.746413
5.430931,0.353903,13.786834,0.784948,0.784948,35.896729
5.424369,0.385743,10.083488,0.868581,0.868581,28.949234
5.083640,0.401177,11.006331,0.828057,0.828057,29.586819
5.165589,0.299393,12.075295,1.062971,1.062971,32.954095
5.529504,0.318457,13.007285,0.845635,0.845635,35.320132
5.274643,0.327697,13.581755,1.027005,1.027005,35.444214
5.532057,0.332714,14.820134,0.985822,0.985822,39.212782
5.768847,0.273012,14.936934,1.383613,1.383613,41.692123
6.547785,0.266644,14.664815,1.128544,1.128544,45.231839
5.546295,0.281527,14.293989,1.150809,1.150809,41.984638
5.740399,0.321899,14.538272,1.058219,1.058219,46.800753
5.717392,0.303770,13.817183,0.968494,0.968494,47.835895
5.479664,0.427383,13.624293,1.065974,1.065974,48.611827
5.323906,0.503659,13.115517,1.284648,1.284648,44.798719
5.667165,0.341018,13.675090,1.312502,1.312502,50.255787
6.356510,0.299372,13.898154,1.097925,1.097925,56.801783
6.016290,0.272517,14.156789,1.297294,1.297294,60.625714
5.668540,0.285292,14.632973,1.102433,1.102433,58.685276
5.907780,0.256341,14.455345,1.242296,1.242296,63.520871
6.314008,0.233035,14.248795,1.182781,1.182781,64.036894
6.795835,0.240914,14.702620,1.569691,1.569691,72.825930
5.881836,0.341656,14.220353,1.557964,1.557964,73.037859
6.014167,0.306080,14.253199,1.178586,1.178586,67.959063
5.914220,0.321601,13.904092,1.822535,1.822535,63.936770
5.596726,0.446475,13.515146,1.749766,1.749766,67.919522
5.769351,0.400432,13.452803,1.634989,1.634989,67.626734
5.098702,0.420736,14.178124,1.643010,1.643010,75.579887
5.054920,0.373792,14.460517,2.017292,2.017292,71.201706
5.291199,0.434237,14.412924,1.605097,1.605097,77.574377
5.295600,0.532255,13.501457,1.618208,1.618208,59.639354
5.616505,0.423847,12.818181,1.662017,1.662017,60.619577
4.945070,0.318105,12.567399,1.689392,1.689392,44.150585
4.824460,0.303016,11.929606,1.449963,1.449963,37.700074
5.438178,0.473549,10.784823,1.497791,1.497791,36.529312
5.297261,0.449717,12.216985,1.268953,1.268953,34.630724
4.878447,0.425655,11.897096,1.390302,1.390302,34.152207
6.277299,0.462441,12.085553,1.088610,1.088610,35.687260
5.757563,0.483672,11.386090,0.709746,0.709746,33.399942
6.856898,0.382001,12.552937,0.646236,0.646236,36.147087
6.410517,0.334535,10.189918,0.949600,0.949600,29.380375
6.106420,0.291927,11.922268,0.885754,0.885754,31.721008
6.861981,0.270197,9.468086,0.731673,0.731673,27.667036
6.535632,0.301558,11.731880,1.483292,1.483292,32.443471
7.229323,0.354420,9.773898,0.840557,0.840557,28.708556
4.988342,0.335316,10.362102,0.899884,0.899884,26.222143
5.314833,0.266751,10.104578,0.809943,0.809943,26.885105
4.874690,0.355166,12.134359,0.669659,0.669659,29.805266
4.608125,0.383389,11.182788,0.524808,0.524808,28.943060
5.149431,0.446454,15.774081,0.660668,0.660668,34.784881
4.573188,0.308879,9.874086,0.498106,0.498106,23.870312
4.991791,0.323969,11.199677,0.583396,0.583396,25.109724
4.850258,0.153440,14.018145,0.534798,0.534798,29.095881
7.743216,0.250947,11.411349,0.624901,0.624901,30.739006
6.444210,0.331218,12.391015,0.571035,0.571035,31.755282
5.220952,0.338487,14.338416,0.690224,0.690224,33.122057
4.978301,0.299320,15.000562,0.785225,0.785225,35.719460
4.868803,0.281697,13.578966,0.837089,0.837089,36.417374
4.701912,0.256383,9.538164,0.875271,0.875271,34.793018
4.680831,0.304806,9.630119,0.508446,0.508446,31.647681
4.924523,0.284479,8.573184,0.738952,0.738952,29.566865
5.261123,0.278162,9.846562,0.798487,0.798487,32.919620
4.995765,0.261091,10.569358,0.628293,0.628293,29.815588
4.767309,0.267550,11.829548,0.718647,0.718647,35.474615
4.839812,0.228919,11.987806,0.691357,0.691357,36.154409
5.087237,0.236828,13.248286,1.835199,1.835199,42.671725
4.996450,0.228184,13.338057,2.673735,2.673735,42.041862
5.529880,0.262530,13.892569,0.863965,0.863965,41.611494
5.303333,0.213366,13.474954,3.813745,3.813745,43.016194
4.841628,0.252788,13.440416,0.844798,0.844798,38.849498
4.810240,0.221258,13.190850,0.729583,0.729583,35.672206
5.287019,0.266001,13.953197,1.104471,1.104471,40.055785
4.886703,0.232350,13.663473,0.612265,0.612265,38.759312
4.928602,0.232249,12.991357,0.906894,0.906894,39.062397
5.099280,0.275390,13.306603,1.028311,1.028311,42.387200
5.500138,0.307170,12.543357,0.733078,0.733078,39.307322
5.154521,0.267372,10.886372,0.792779,0.792779,35.613328
5.292871,0.353843,10.338332,0.859430,0.859430,31.449786
6.031131,0.350448,13.417177,0.740111,0.740111,42.382282
5.735330,0.333319,12.572076,0.881022,0.881022,38.720395
6.690253,0.291776,12.588620,0.980077,0.980077,39.012124
6.772331,0.320825,13.520917,0.972295,0.972295,42.170780
4.964677,0.293143,16.833078,1.193991,1.193991,44.208242
5.304878,0.299483,17.054603,0.933604,0.933604,45.307799
5.512283,0.318854,18.146359,0.903771,0.903771,46.227383
5.497781,0.309077,18.013998,1.051321,1.051321,48.337654
5.123152,0.302466,17.732676,1.067638,1.067638,54.717415
5.759903,0.348011,21.042953,1.222272,1.222272,60.692876
5.388095,0.284255,14.182018,1.360975,1.360975,57.858923
5.707366,0.286921,14.567710,1.157272,1.157272,60.380208
5.629653,0.271689,13.851849,1.923548,1.923548,70.041396
5.814091,0.277496,14.139314,2.530072,2.530072,72.221490
5.891856,0.285177,14.590492,1.425090,1.425090,76.067054
6.357409,0.221688,14.229014,1.590920,1.590920,83.055857
6.268356,0.216053,14.605089,1.559720,1.559720,83.853576
5.818547,0.203362,14.522054,2.023208,2.023208,84.275611
6.349808,0.253947,15.407587,2.987057,2.987057,105.946633
6.123766,0.211922,14.833818,2.397522,2.397522,90.032847
5.893454,0.293574,15.044783,5.883916,5.883916,90.457370
5.908700,0.278943,14.588269,6.906865,6.906865,94.245896
6.074896,0.483344,15.006033,1.860940,1.860940,85.787545
7.073927,0.353842,13.988640,1.963509,1.963509,104.475134
5.639024,0.335416,17.134458,6.205885,6.205885,119.215475
8.292709,0.424183,15.662688,2.729047,2.729047,110.493753
6.263973,0.484912,20.271966,2.789717,2.789717,93.818713
5.260273,0.311011,18.557096,3.222559,3.222559,93.446837
5.284742,0.284493,16.468450,2.346213,2.346213,100.799721
5.384062,0.240134,14.869023,1.616332,1.616332,116.989195
5.794935,0.225801,19.916678,1.240952,1.240952,118.164779
5.581652,0.221948,20.434344,1.299694,1.299694,113.389432
5.897664,0.216360,19.187725,2.361949,2.361949,120.606378
5.595460,0.301246,14.602504,3.375496,3.375496,110.236097
5.486577,0.321301,14.760472,1.307537,1.307537,125.558431
5.633936,0.269027,15.042744,1.237357,1.237357,107.327775
5.616062,0.256246,14.735747,2.426295,2.426295,109.073076
6.074020,0.301055,14.974591,2.357134,2.357134,98.868473
5.635601,0.311920,14.558001,2.256777,2.256777,59.269985
6.641430,0.343717,15.218147,3.087994,3.087994,78.940076
6.762976,0.363930,16.085317,3.537361,3.537361,77.608981
5.584913,0.335266,16.893824,3.063243,3.063243,79.004793
6.237940,0.329234,19.076748,2.686535,2.686535,78.867185
5.319038,0.321791,19.991924,2.928959,2.928959,79.800864
5.384824,0.333949,13.263165,3.338562,3.338562,84.552758
5.108370,0.359429,13.389686,2.949952,2.949952,79.941433
5.856288,0.378200,13.399520,3.860734,3.860734,75.774195
5.265233,0.349493,13.471470,3.178089,3.178089,61.401900
5.148995,0.343895,13.589413,2.235121,2.235121,59.053912
5.418069,0.462670,13.831472,2.297020,2.297020,53.609777
5.977866,0.393740,13.664819,1.260128,1.260128,48.104236
5.625340,0.441147,14.765453,1.392299,1.392299,46.820377
5.266998,0.543912,13.350172,1.234603,1.234603,45.551229
6.892598,0.412173,13.800635,1.188467,1.188467,45.739225
5.840509,0.338637,14.777519,1.602244,1.602244,46.829666
5.132308,0.438363,17.472233,1.162892,1.162892,51.462119
5.030528,0.399176,12.292807,1.284903,1.284903,42.037465
4.969768,0.372006,11.247637,0.897875,0.897875,35.548607
4.810195,0.458280,10.825516,0.932814,0.932814,34.489500
5.473136,0.556863,12.028892,0.912466,0.912466,39.244917
4.966980,0.571338,10.699072,1.069854,1.069854,37.869378
5.235011,0.410486,11.515854,1.226661,1.226661,37.891343
5.013692,0.410926,9.586656,0.822974,0.822974,41.354891
5.108205,0.431311,9.419976,0.862232,0.862232,37.544973
4.587946,0.425550,9.612733,0.633347,0.633347,30.035684
4.956439,0.360960,10.525206,0.701322,0.701322,33.233238
4.998964,0.363815,10.598742,0.670293,0.670293,30.108928
5.114455,0.373841,10.059639,0.749799,0.749799,30.248530
6.439407,0.386284,11.519133,0.561511,0.561511,34.792378
8.792061,0.524173,12.948561,0.704115,0.704115,38.939942
4.611465,0.316462,16.562193,0.686386,0.686386,43.359357
5.070557,0.366753,13.086669,1.040169,1.040169,41.911815
4.744924,0.334403,13.094776,0.720421,0.720421,36.590397
5.206982,0.323432,13.306543,1.231297,1.231297,42.082634
4.975136,0.394313,13.370148,0.834762,0.834762,40.923281
4.977773,0.341483,13.926102,1.056473,1.056473,44.803078
4.908501,0.326753,14.197778,1.093392,1.093392,46.428685
5.779322,0.323297,14.189975,0.965990,0.965990,50.869130
6.357145,0.405317,14.619335,1.501709,1.501709,53.967331
6.918848,0.252783,15.453714,1.283722,1.283722,55.728151
6.016340,0.347037,19.351933,1.414532,1.414532,65.012074
5.179708,0.333755,13.643750,1.207969,1.207969,65.099751
5.133134,0.300613,14.214452,5.605537,5.605537,69.731696
5.551946,0.353489,14.765401,1.937053,1.937053,65.933198
5.977101,0.567001,14.893267,1.796755,1.796755,66.969231
5.234683,0.326363,19.242006,2.190847,2.190847,57.355062
4.777931,0.382003,11.154335,2.474439,2.474439,42.214447
4.663230,0.412436,8.026569,1.301556,1.301556,29.115221
5.339689,0.517581,7.254273,1.068137,1.068137,26.613130
5.553591,0.457267,7.669503,0.485244,0.485244,26.397041
6.591448,0.482837,9.772152,0.800917,0.800917,32.292995
4.761279,0.447835,8.151555,0.644289,0.644289,26.237329
4.977271,0.496031,9.423295,0.617036,0.617036,28.889379
5.078314,0.420346,8.143284,0.526678,0.526678,25.048426
4.824299,0.439602,9.505049,0.535180,0.535180,26.923277
6.353554,0.413364,7.950424,0.529970,0.529970,25.948812
10.025182,0.557579,10.384207,0.608109,0.608109,34.342521
4.618816,0.414736,9.377863,0.762113,0.762113,32.721187
5.030913,0.405650,8.690455,0.570902,0.570902,26.518099
5.295135,0.391220,8.562430,0.542674,0.542674,25.428055
5.363473,0.409418,9.361745,0.703668,0.703668,28.282305
4.865029,0.321456,10.594530,0.500787,0.500787,29.703128
5.169208,0.410902,11.672102,0.828105,0.828105,34.911348
6.796644,0.367635,11.314494,0.573484,0.573484,35.944920
4.965136,0.321176,19.481767,0.641730,0.641730,44.359425
5.166623,0.311316,17.473710,0.964529,0.964529,47.964373
4.892308,0.337545,12.243867,0.740296,0.740296,37.451599
5.050525,0.405821,11.650002,0.939561,0.939561,38.768340
5.536654,0.546660,11.851351,0.868279,0.868279,39.632865
6.915102,0.636915,11.722599,0.883386,0.883386,40.307995
4.845186,0.480419,14.554301,0.739243,0.739243,40.577652
4.786238,0.397825,10.108959,0.832225,0.832225,37.791033
5.332445,0.575842,11.104767,0.768657,0.768657,35.348244
5.166331,0.515097,10.872910,0.735333,0.735333,33.225841
5.032230,0.504914,10.053805,0.670107,0.670107,32.168206
4.998817,0.329631,13.087915,1.072412,1.072412,35.068586
4.946015,0.385589,19.492061,1.388851,1.388851,45.625040
4.945195,0.338289,12.273810,1.141038,1.141038,37.381537
5.297839,0.358937,12.841565,1.565870,1.565870,38.029174
4.910758,0.364790,13.781761,1.154052,1.154052,39.679865
5.095450,0.433865,14.088872,0.928968,0.928968,38.899041
5.648625,0.403221,13.794209,1.246775,1.246775,39.421175
6.712166,0.428186,14.180888,1.197660,1.197660,44.248384
10.098743,0.333339,15.417318,1.189953,1.189953,51.645834
5.011923,0.374590,19.186512,1.366334,1.366334,53.451076
5.118083,0.391457,13.494644,1.324131,1.324131,49.919937
5.152441,0.445761,13.607848,1.165805,1.165805,40.722102
5.674851,0.486691,14.268747,1.633266,1.633266,47.856935
6.681861,0.660397,15.360240,1.859346,1.859346,48.026662
4.892133,0.469396,12.440648,2.221314,2.221314,42.453129
5.206996,0.492616,14.205048,1.338217,1.338217,45.344168
5.151236,0.442104,14.088587,1.328671,1.328671,43.879332
5.097198,0.392673,14.063817,1.454327,1.454327,39.082818
8.415613,0.667446,14.107679,1.583394,1.583394,44.918102
5.343751,0.482466,14.313659,2.227059,2.227059,51.194733
5.289124,0.473936,12.405682,1.624483,1.624483,39.130412
6.603127,0.575960,12.958145,1.588478,1.588478,40.033481
5.091512,0.444507,13.892761,1.673362,1.673362,39.982735
6.772349,0.496050,14.257508,1.590213,1.590213,42.778508
5.961590,0.372375,21.259330,2.198732,2.198732,53.514290
5.793705,0.367733,13.878413,1.856377,1.856377,57.677510
5.399554,0.417411,14.029908,2.065925,2.065925,51.798023
5.052223,0.370791,13.822590,1.662258,1.662258,47.348429
5.675797,0.474920,14.319689,2.001156,2.001156,50.246155
9.639423,0.422396,16.473695,1.957141,1.957141,60.475177
5.291139,0.461830,13.683431,2.517892,2.517892,62.904845
5.095395,0.411616,13.433005,1.612562,1.612562,44.762818
5.533603,0.431207,13.124049,2.753496,2.753496,50.151473
5.693538,0.450973,13.506295,2.103672,2.103672,49.132122
8.184002,0.693734,15.024025,2.192691,2.192691,58.325449
5.211257,0.494866,11.360865,2.174916,2.174916,38.770229
5.287567,0.515413,12.374658,2.405968,2.405968,42.790416
5.767039,0.532553,12.549583,1.357530,1.357530,39.082238
5.438687,0.596583,20.029803,1.801875,1.801875,51.643158
5.089432,0.500507,8.218434,1.803267,1.803267,28.642467
5.848112,0.646664,12.306035,1.672124,1.672124,36.126121
6.884021,0.510640,10.067290,1.583914,1.583914,34.075129
4.845618,0.498451,18.305974,1.039260,1.039260,41.556296
4.956691,0.458494,10.491423,1.077804,1.077804,37.749585
4.935360,0.444116,11.414697,1.004893,1.004893,33.698156
5.253352,0.444377,10.494917,1.082706,1.082706,31.590730
5.467922,0.501714,11.479527,0.992480,0.992480,34.633371
7.271591,0.491846,12.573181,1.367086,1.367086,40.560197
5.358271,0.504458,21.616135,0.908952,0.908952,50.085515
5.498117,0.540295,13.956626,1.441658,1.441658,42.658347
5.305479,0.464432,12.877933,1.228692,1.228692,43.774765
5.151603,0.418685,12.957732,1.172691,1.172691,39.538745
6.406872,0.809108,13.286129,1.300123,1.300123,45.132558
4.906362,0.471092,11.445060,1.093569,1.093569,39.536550
5.047200,0.518186,11.440679,0.763477,0.763477,35.672423
5.486769,0.514636,12.034287,1.027911,1.027911,37.861702
5.374413,0.529323,9.166905,1.233407,1.233407,30.976111
4.828819,0.448632,7.859686,1.086949,1.086949,39.242155
4.817759,0.557580,8.714734,0.999964,0.999964,27.737359
4.974950,0.650708,8.987711,0.981996,0.981996,27.681231
6.674975,0.597058,9.516752,1.282069,1.282069,33.511555
5.032470,0.487682,7.927323,1.227786,1.227786,29.591823
5.104950,0.535285,6.680719,0.782723,0.782723,22.570533
5.412348,0.664762,7.886680,0.950121,0.950121,24.746617
6.236691,0.581916,9.657251,0.896546,0.896546,28.771189
4.683192,0.509493,8.931821,0.991222,0.991222,30.730857
5.210742,0.469886,8.971388,0.517160,0.517160,25.989240
6.724174,0.571807,10.057689,1.000489,1.000489,32.165128
4.950557,0.600315,10.413961,1.388680,1.388680,36.477171
5.108746,0.619090,8.752358,1.175203,1.175203,28.188855
5.722378,0.584584,9.389929,1.130427,1.130427,32.054547
5.024264,0.549014,10.493493,0.957546,0.957546,32.995083
5.289828,0.655307,10.344694,1.122606,1.122606,33.037618
4.721982,0.560780,11.580095,0.716984,0.716984,32.968776
6.178930,0.525360,12.280455,0.878299,0.878299,37.873338
12.077943,0.460715,13.839202,1.280952,1.280952,49.212104
4.829974,0.541927,11.242018,0.969750,0.969750,34.383532
5.428056,0.442679,9.645190,1.295282,1.295282,34.150802
4.919493,0.453495,10.429506,1.087497,1.087497,32.000383
9.811056,0.507698,12.144524,1.228077,1.228077,39.392374
4.818218,0.435533,10.790670,1.066379,1.066379,33.139993
5.039393,0.517341,11.769214,1.370800,1.370800,36.849595
5.390148,0.474024,13.177097,1.178235,1.178235,39.459663
6.728947,0.480571,12.629332,1.342752,1.342752,40.573028
5.296897,0.444832,10.450635,1.140951,1.140951,36.327356
4.856236,0.407662,10.527897,1.789915,1.789915,37.758424
6.918511,0.557795,12.425913,1.590577,1.590577,39.331613
4.932981,0.485254,10.488544,1.620186,1.620186,32.408855
4.943699,0.515274,11.400112,1.056381,1.056381,34.423062
5.369228,0.576184,11.710997,1.087423,1.087423,37.816625
9.024110,0.359287,13.165471,1.111268,1.111268,41.517763
4.853576,0.391500,12.190013,1.613177,1.613177,36.124096
5.248206,0.392151,12.898145,1.264362,1.264362,38.511485
5.568841,0.483638,10.511542,1.273680,1.273680,35.324660
6.389522,0.504512,11.828555,1.403202,1.403202,38.888238
4.973042,0.521099,19.328918,1.780100,1.780100,53.568738
5.382913,0.553148,12.981159,1.478225,1.478225,40.035656
6.030874,0.518339,13.584077,1.920844,1.920844,43.663844
5.521770,0.606962,13.838434,1.278865,1.278865,43.473875
6.807417,0.485481,14.552096,1.311159,1.311159,49.080974
5.267535,0.430217,13.389688,1.364263,1.364263,60.223920
5.098894,0.381605,12.929980,1.336178,1.336178,43.672716
5.428900,0.452390,13.016480,1.603140,1.603140,46.226326
5.592560,0.532818,23.047088,1.190596,1.190596,56.198728
4.935282,0.533449,12.027386,1.333510,1.333510,39.853320
5.005777,0.507723,12.816351,1.485243,1.485243,41.874164
5.163954,0.492137,22.528709,1.739083,1.739083,57.175793
5.029075,0.525384,7.968469,1.004073,1.004073,29.897330
5.122785,0.620544,8.833145,1.321402,1.321402,28.322004
9.701457,0.524579,11.039797,1.764756,1.764756,42.183877
5.102827,0.464944,11.516765,1.991776,1.991776,37.711807
4.967345,0.459597,12.570677,1.835539,1.835539,40.325097
5.057936,0.391715,11.705638,1.570122,1.570122,34.190271
6.800156,0.548819,13.818405,1.843472,1.843472,42.542625
5.584664,0.462949,13.045310,1.841749,1.841749,39.989847
5.075104,0.423308,12.955036,1.900017,1.900017,35.786562
5.528798,0.414308,13.747158,2.072993,2.072993,40.115748
7.103111,0.408127,14.734432,1.719172,1.719172,46.173420
5.227199,0.401443,13.916363,2.165831,2.165831,60.510955
5.384867,0.466557,13.761647,1.588609,1.588609,47.491065
7.404174,0.544785,15.166645,1.645537,1.645537,55.932246
5.226156,0.453565,12.998081,1.484678,1.484678,47.543526
5.001632,0.608042,19.211814,1.269990,1.269990,53.927058
4.948575,0.540811,7.416898,0.719367,0.719367,29.234711
5.942337,0.958227,7.370931,1.049477,1.049477,27.036383
5.288570,0.525328,5.861611,1.160865,1.160865,32.772291
5.324255,0.510967,7.092087,0.640845,0.640845,24.530703
7.338947,0.560961,6.751738,0.628715,0.628715,27.114550
4.959809,0.370112,7.708080,0.561653,0.561653,24.339053
5.507190,0.457046,8.575016,0.490091,0.490091,27.316745
7.195048,0.487145,10.475438,0.936671,0.936671,37.044797
5.243762,0.571470,11.110589,1.012433,1.012433,38.500747
5.325732,0.576942,11.599302,1.015856,1.015856,38.632617
5.174986,0.434277,13.253911,1.068005,1.068005,40.893735
4.975323,0.557966,11.544917,0.755316,0.755316,37.026459
5.885336,0.592050,12.917682,0.912114,0.912114,42.319443
5.079214,0.554737,19.969446,1.119017,1.119017,51.955388
4.874674,0.507114,11.850692,0.928392,0.928392,39.669301
5.932340,0.885534,14.438872,1.249926,1.249926,50.316663
4.896943,0.512316,10.931479,10.658767,10.658767,47.619110
5.925272,0.647926,11.939042,0.930003,0.930003,42.588336
5.187131,0.590274,10.254183,1.112937,1.112937,52.173191
5.577936,0.735703,11.425195,1.207862,1.207862,39.318978
10.129101,0.744733,15.385464,1.399467,1.399467,47.745201
4.943648,0.543724,12.996028,1.428457,1.428457,40.195472
5.480411,0.517982,13.675241,1.503002,1.503002,43.519629
5.405053,0.481201,25.152601,2.177600,2.177600,59.051603
6.492391,0.441816,13.744276,1.902553,1.902553,51.637233
5.473407,0.403594,13.504064,1.434259,1.434259,50.968382
5.841336,0.369929,13.905922,1.756896,1.756896,59.141646
7.376601,0.369500,14.741919,1.599270,1.599270,63.652230
5.521389,0.354930,28.499942,1.654185,1.654185,84.432991
5.494804,0.324872,13.772909,2.090265,2.090265,75.623838
6.356990,0.808137,15.580135,2.059162,2.059162,86.638419
6.283917,0.461531,13.992888,2.998191,2.998191,89.386649
6.083515,0.446763,31.240834,1.992966,1.992966,113.858638
6.001603,0.494700,13.138647,10.831652,10.831652,90.659944
5.596284,0.456575,11.671088,2.248274,2.248274,83.637728
7.066501,0.700780,12.272363,1.968724,1.968724,79.957623
5.420112,0.570025,7.218644,1.772717,1.772717,39.001744
5.864638,1.037544,7.598399,0.724609,0.724609,30.937779
5.349985,0.666126,7.006990,0.838075,0.838075,28.114647
4.749078,0.582804,18.610889,0.748723,0.748723,41.905387
4.865228,0.556053,7.701718,0.725188,0.725188,26.674681
5.314565,0.653128,20.775214,0.492577,0.492577,44.217742
5.801123,0.656956,8.629230,0.668431,0.668431,30.367170
4.740322,0.643136,9.727090,1.158059,1.158059,47.483548
6.856420,0.838133,8.014498,0.869250,0.869250,30.130829
5.065922,0.572126,6.843937,0.784606,0.784606,24.767503
4.874492,0.553855,6.813392,0.875037,0.875037,37.420439
5.453845,0.730629,7.291506,0.886900,0.886900,26.999781
4.932264,0.631799,8.116138,0.743499,0.743499,26.844132
4.890253,0.579863,19.678073,0.730107,0.730107,41.180183
4.986651,0.791249,8.006599,0.797062,0.797062,26.875795
5.166606,0.661724,8.523807,0.628476,0.628476,27.876630
7.049644,0.702360,8.644043,0.931170,0.931170,30.922182
4.767280,0.511084,9.349393,13.900286,13.900286,40.387887
5.170122,0.469096,11.325529,0.824514,0.824514,31.780298
5.802006,0.432373,10.625291,0.926054,0.926054,32.434098
5.239101,0.384085,11.284593,1.110913,1.110913,35.635186
5.335310,0.600299,12.241839,1.024261,1.024261,38.767275
5.291529,0.571556,11.617439,1.347468,1.347468,51.295364
5.444912,0.694176,13.962042,1.117192,1.117192,44.790359
17.739640,0.464060,17.476685,1.116971,1.116971,65.362987
5.464425,0.517562,13.071690,14.273213,14.273213,57.088323
5.835850,0.523855,13.509765,1.622794,1.622794,47.586238
7.366507,0.553988,14.730157,1.278125,1.278125,52.007266
5.123114,0.382373,13.537262,1.288571,1.288571,46.923061
5.424601,0.385329,13.920429,1.366622,1.366622,52.370354
7.068401,0.486814,15.107571,1.360934,1.360934,59.511529
5.619279,0.401945,14.202003,1.904005,1.904005,65.653756
5.543686,0.381926,14.620597,1.442603,1.442603,59.914661
5.583496,0.496246,14.119192,1.850187,1.850187,72.196565
5.781927,0.912753,15.298458,1.722406,1.722406,67.758094
5.560958,0.518655,13.964555,1.896533,1.896533,60.889497
5.131321,0.492775,27.504742,1.797174,1.797174,82.000623
6.014010,0.557557,14.191642,2.624515,2.624515,62.406653
5.079195,0.496114,13.735305,15.347149,15.347149,69.059733
5.585834,0.588527,30.739459,2.809321,2.809321,80.993429
5.463213,0.532237,11.815832,2.192767,2.192767,48.345727
5.254073,0.431456,11.711878,2.392075,2.392075,39.349111
5.279529,0.467832,10.915265,1.899306,1.899306,36.652452
4.918947,0.456815,27.729512,2.094186,2.094186,59.805850
5.040671,0.449487,11.612777,1.796008,1.796008,35.886421
5.713132,0.501126,12.425626,2.307898,2.307898,42.392076
5.082593,0.539667,11.286409,2.217438,2.217438,49.359498
5.692441,0.500389,11.820839,1.716826,1.716826,41.045475
5.455166,0.439213,13.660331,2.020928,2.020928,41.173468
5.190617,0.436483,13.273633,14.836017,14.836017,54.069285
5.530729,0.496460,13.455030,2.674842,2.674842,44.558197
15.691964,0.345775,15.889106,2.229895,2.229895,57.467774
5.446157,0.489827,14.116668,2.108771,2.108771,42.971962
13.890182,0.660426,16.467828,2.404782,2.404782,59.946055
5.571338,0.523455,14.211341,2.030475,2.030475,49.086739
5.308473,0.618692,14.297070,2.019282,2.019282,68.354177
5.208210,0.538287,13.717276,2.233606,2.233606,47.926999
5.110937,0.693023,13.058416,3.612269,3.612269,60.899085
5.333692,0.595224,13.039171,2.441015,2.441015,54.715139
7.061549,0.750118,15.203898,2.514117,2.514117,61.506339
5.315646,0.479783,13.285699,1.736158,1.736158,54.492497
5.747274,0.611656,13.432572,1.599000,1.599000,54.227903
5.104259,0.527734,28.166264,1.477879,1.477879,73.914373
5.968768,0.549260,14.195275,1.866942,1.866942,62.422750
6.269244,0.467452,14.051754,2.152450,2.152450,46.140983
6.859724,0.619809,14.648744,1.875729,1.875729,53.056086
5.210902,0.451472,13.163517,2.081956,2.081956,47.224235
6.160836,0.610529,13.912944,1.604976,1.604976,49.627107
5.369024,0.553025,12.915157,1.830999,1.830999,46.967616
5.709929,0.582625,13.490732,1.886690,1.886690,48.573088
5.362976,0.527103,14.280162,2.694726,2.694726,62.743495
5.696102,0.543954,14.522166,1.844656,1.844656,53.312232
13.555550,0.589105,16.805816,2.088790,2.088790,66.898005
5.312990,0.417319,13.164499,2.110592,2.110592,56.493964
5.126294,0.410649,14.347325,2.169914,2.169914,51.844949
5.207362,0.403717,26.317090,2.258753,2.258753,79.667171
5.113654,0.418539,14.202215,1.722716,1.722716,55.426382
6.890137,0.569274,15.152683,2.862535,2.862535,68.396829
5.514585,0.419588,14.322191,2.267891,2.267891,76.583460
7.068808,0.569237,15.084357,2.420780,2.420780,64.932217
5.734339,0.458949,12.924666,1.771739,1.771739,68.339107
5.776796,0.429032,12.724097,1.134212,1.134212,49.069972
5.006021,0.500874,11.514210,0.952697,0.952697,57.757141
5.538093,0.448565,9.522561,0.786043,0.786043,39.813096
5.129405,0.457754,9.070193,1.041108,1.041108,59.737113
5.647693,0.539634,7.862171,0.646524,0.646524,32.518202
5.057189,0.431690,7.249139,0.864601,0.864601,43.491113
6.742986,0.567718,8.934106,1.095970,1.095970,37.834833
4.997252,0.394177,8.405193,15.404439,15.404439,46.413469
5.460205,0.489169,9.502407,0.555890,0.555890,35.698231
5.204392,0.472136,9.981844,1.766102,1.766102,51.114807
5.562015,0.624866,11.060901,0.730166,0.730166,42.586527
4.878938,0.556156,25.913139,0.880047,0.880047,66.531950
5.628078,0.547594,11.951751,0.987394,0.987394,47.136080
4.780837,0.552829,23.127287,0.974800,0.974800,57.218414
4.916285,0.431788,10.164332,1.039354,1.039354,37.028691
5.192977,0.391916,12.485005,1.367899,1.367899,45.051223
5.110108,0.493685,10.589690,15.361090,15.361090,57.574268
5.838218,0.555196,13.807368,1.877502,1.877502,51.921066
5.806140,0.561966,11.002484,1.426054,1.426054,43.073846
5.387591,0.660590,30.907517,1.555660,1.555660,73.254311
5.669091,0.670676,11.528361,1.772145,1.772145,47.813952
5.285875,1.068362,13.286105,1.655829,1.655829,51.407746
5.125565,0.616402,11.365327,1.692527,1.692527,43.353071
5.091412,0.537718,28.452586,1.404508,1.404508,67.316240
5.573477,0.631588,11.725211,1.709625,1.709625,42.777949
4.970893,0.541685,10.656158,2.147303,2.147303,46.622502
5.098230,0.494128,11.380501,1.617864,1.617864,35.794178
4.928988,0.540674,9.935215,1.867319,1.867319,36.714921
5.533449,0.629544,11.361726,1.415464,1.415464,36.661939
5.349444,0.618648,9.106589,1.345993,1.345993,30.077836
5.121190,0.680086,24.130551,1.526456,1.526456,48.754739
5.930680,0.643101,10.702281,1.154745,1.154745,33.966459
5.266993,0.656787,9.486261,0.692949,0.692949,30.690418
5.131827,0.691471,25.972188,0.863303,0.863303,53.330190
5.555908,0.698172,11.103574,0.709718,0.709718,35.842924
5.247436,0.682333,10.312136,0.868597,0.868597,48.271571
5.737427,0.654035,11.686591,0.595127,0.595127,35.402062
4.819453,0.594117,10.081629,0.626104,0.626104,31.583106
5.593602,0.663148,22.708094,0.631955,0.631955,49.732373
5.822164,0.692472,9.181549,0.867883,0.867883,34.505416
5.131060,0.657792,9.252168,0.704545,0.704545,32.500882
6.042536,0.587285,10.976616,0.651736,0.651736,37.656348
5.182527,0.497063,31.107583,1.186077,1.186077,67.767362
5.094462,0.465889,11.843903,0.708511,0.708511,40.089418
5.238431,0.505065,11.020985,1.091993,1.091993,50.382826
5.882979,0.534389,11.492118,0.928123,0.928123,43.215033
5.163456,0.553550,10.343491,1.199314,1.199314,57.562600
6.786429,0.677141,10.899198,0.769598,0.769598,44.019434
5.130748,0.548547,10.886836,0.736361,0.736361,39.427648
5.608787,0.600232,11.044107,1.227254,1.227254,49.440955
5.214486,0.628565,11.403440,0.940811,0.940811,40.667052
5.393099,0.526875,25.464485,1.375565,1.375565,64.163658
5.318674,0.636439,10.412138,0.772348,0.772348,36.548937
5.167335,0.578393,9.861283,0.708669,0.708669,33.643310
5.127877,0.482448,12.443740,0.967408,0.967408,41.424579
5.514280,0.570372,12.132227,0.788079,0.788079,39.739373
5.047904,0.556301,11.246728,1.331068,1.331068,40.715983
5.457398,0.585687,11.851618,0.722303,0.722303,38.146555
5.112185,0.574011,11.450925,1.321603,1.321603,50.455045
7.400423,0.759357,12.211382,1.069588,1.069588,42.894381
6.277238,0.603293,13.332256,1.949824,1.949824,45.837889
5.267697,0.419068,12.401351,1.474454,1.474454,38.146898
4.928966,0.469925,11.815516,0.858138,0.858138,34.583616
5.027374,0.529003,10.780226,1.287713,1.287713,34.627621
4.952154,0.410171,26.584617,1.584161,1.584161,56.505076
5.494686,0.396380,13.524041,1.613881,1.613881,47.782882
7.326972,0.576281,14.204451,1.237134,1.237134,47.935846
5.462174,0.482178,13.158280,2.133790,2.133790,47.075862
5.437912,0.497767,13.462662,1.267879,1.267879,49.826695
5.276068,0.522484,12.585230,18.878970,18.878970,62.959872
5.348198,0.852858,14.263955,1.300433,1.300433,47.730566
5.419498,0.496457,12.668979,1.240735,1.240735,46.872855
6.276079,0.806356,13.993062,1.422875,1.422875,55.595174
5.250360,0.566809,12.782181,1.658502,1.658502,51.540881
6.408215,0.956915,14.502113,1.656736,1.656736,59.030354
5.231944,0.441899,13.231186,1.890763,1.890763,63.145681
5.831342,0.337208,15.008617,1.622907,1.622907,57.693017
5.143414,0.393802,12.751438,1.640436,1.640436,45.348742
7.906494,0.695850,19.066346,24.789547,24.789547,146.206527
7.509942,0.797618,15.961835,3.407319,3.407319,130.407411
5.101766,0.536415,12.794947,2.453299,2.453299,71.587812
5.654925,0.513051,15.203193,1.707838,1.707838,61.081616
5.319670,0.583767,13.165274,1.775697,1.775697,43.896285
6.138764,0.711558,16.426171,2.289446,2.289446,54.170410
5.604090,0.476909,13.130482,2.370172,2.370172,43.823158
5.457182,0.580567,10.936640,2.489121,2.489121,62.377894
6.092119,0.543070,11.255286,2.244997,2.244997,39.666576
5.428987,0.562329,10.649937,18.332546,18.332546,52.014601
7.186438,0.634340,11.909704,2.425426,2.425426,40.925468
5.016384,0.548374,9.426191,2.596374,2.596374,34.683726
4.745720,0.567915,9.361518,2.204059,2.204059,45.376782
5.348463,0.577133,9.176993,2.249415,2.249415,33.678844
5.260734,0.563199,10.177657,2.734133,2.734133,35.237633
7.175768,0.654899,11.940062,2.477125,2.477125,41.984714
5.094468,0.551175,11.568157,2.058310,2.058310,37.847023
6.004394,0.964922,11.966708,1.896380,1.896380,44.721014
5.185398,0.543266,12.631427,1.659396,1.659396,41.817128
4.991854,0.526466,12.792827,1.865492,1.865492,57.802041
5.115597,0.488448,14.610925,1.816361,1.816361,49.656880
4.975797,0.516458,12.543051,2.467547,2.467547,46.153586
5.767733,0.375359,13.877594,1.964321,1.964321,50.509532
5.404211,0.470657,12.842049,1.526307,1.526307,44.091786
6.460334,0.779926,13.929739,1.667148,1.667148,52.278528
5.508821,0.475733,12.387109,1.640103,1.640103,50.371481
5.056836,0.410814,28.746991,1.840276,1.840276,71.675233
5.882463,0.555388,13.088547,1.129321,1.129321,42.502393
5.282195,0.494042,12.571330,2.431594,2.431594,58.712761
5.445228,0.457792,14.546604,1.492490,1.492490,48.326595
5.148162,0.511138,12.663294,2.189109,2.189109,43.322789
5.027328,0.519203,12.719506,1.624967,1.624967,45.338963
5.815367,0.551199,13.878113,1.586843,1.586843,49.800120
5.195440,0.540955,13.459890,17.463354,17.463354,62.611206
5.309125,0.474405,15.389848,1.834837,1.834837,54.708264
5.603286,0.501634,14.588433,1.697803,1.697803,47.297459
5.302169,0.570795,12.147077,3.094217,3.094217,67.441868
5.497533,0.550703,13.711449,2.416130,2.416130,47.468313
6.287034,0.597988,14.269961,1.726929,1.726929,51.327578
5.657891,0.392557,13.481037,1.060207,1.060207,46.525246
5.687508,0.477684,14.304296,1.483873,1.483873,54.466146
5.560827,0.501675,11.999283,1.149350,1.149350,51.817599
5.878555,0.558289,13.162877,1.132442,1.132442,50.513126
5.403124,0.493811,14.608104,1.936675,1.936675,55.661076
5.071701,0.507756,13.435419,17.853143,17.853143,68.762750
5.343312,0.450916,16.061939,1.099849,1.099849,61.555868
5.891414,0.631384,15.068403,1.400876,1.400876,65.570517
4.994818,0.586938,13.260760,2.722881,2.722881,60.440447
6.359164,0.554558,13.893476,1.448950,1.448950,60.546636
5.692925,0.891230,12.571173,2.153706,2.153706,73.685641
5.450804,0.443885,15.019566,1.673226,1.673226,62.424453
5.187196,0.572779,13.283481,0.981955,0.981955,45.480963
5.894396,0.583353,13.952834,2.177250,2.177250,53.585784
5.374153,0.488785,15.834754,1.791293,1.791293,65.291911
5.319644,0.394508,14.035128,1.730691,1.730691,97.418660
5.835678,0.385070,14.278251,2.164537,2.164537,79.632450
6.567554,0.673012,15.512898,1.520732,1.520732,63.427535
5.307073,0.429418,13.625390,1.637217,1.637217,60.537045
5.705379,0.415351,14.994498,1.895581,1.895581,73.135895
5.251967,0.483425,13.102555,21.009046,21.009046,80.443927
5.615443,0.538527,32.079612,2.034861,2.034861,97.152835
5.545501,0.629951,13.180356,1.603815,1.603815,61.628510
5.314443,0.521558,12.239658,1.928329,1.928329,65.835637
5.217680,0.448342,13.874884,2.278279,2.278279,54.605393
5.871835,0.619627,10.522074,1.868202,1.868202,49.668113
5.056150,0.602832,10.099382,2.409888,2.409888,67.217454
5.161922,0.502371,11.886973,2.046497,2.046497,37.308674
5.446522,0.588375,10.436789,1.647930,1.647930,37.552511
5.413571,0.561577,10.016797,1.777046,1.777046,49.433594
25.095912,0.724581,10.544353,1.720641,1.720641,62.125110
5.668346,0.588628,10.622961,1.628228,1.628228,37.680618
5.219078,0.575218,11.072965,2.014689,2.014689,47.293863
6.794995,0.579691,13.150473,1.622868,1.622868,42.286755
20.598807,0.542998,16.083548,1.812804,1.812804,63.466816
4.986190,0.413361,13.831637,2.070586,2.070586,42.045883
23.887896,0.559857,16.866513,2.392972,2.392972,68.380256
5.418918,0.539145,13.354260,1.769839,1.769839,73.119649
5.406936,0.566982,14.277006,1.387920,1.387920,52.343082
5.757923,0.735895,11.034188,1.269971,1.269971,40.953512
5.176202,0.612792,10.226608,1.479709,1.479709,38.270988
5.392492,0.713519,6.392734,0.925121,0.925121,25.161919
5.123344,0.518032,6.234833,0.675237,0.675237,22.058705
4.992752,0.409006,6.083700,0.444450,0.444450,22.354271
4.929343,0.440414,6.433878,0.478875,0.478875,23.429091
5.304597,0.685157,6.130463,0.500891,0.500891,24.481900
5.303447,0.726945,7.330774,0.778364,0.778364,39.842686
5.897527,0.590306,9.342019,0.599832,0.599832,37.216385
5.344638,0.666116,9.808403,0.902224,0.902224,38.178366
5.544854,0.771632,9.063390,1.486526,1.486526,42.144013
5.315290,0.843478,9.482408,0.797660,0.797660,38.074585
5.109567,0.625483,10.024947,0.611233,0.611233,38.513257
5.082371,0.683066,9.908410,1.165572,1.165572,59.500834
5.388079,0.714374,34.581487,0.749164,0.749164,75.847712
7.361074,0.981776,11.877497,1.033650,1.033650,51.023020
5.476865,0.703000,11.175436,1.321805,1.321805,47.924610
5.588304,0.914995,12.088280,2.285604,2.285604,79.522098
21.560406,0.997379,11.867492,1.361272,1.361272,75.568838
5.931953,0.708038,12.563508,1.006909,1.006909,55.433034
5.085142,0.637161,12.247820,22.483899,22.483899,76.532628
5.301764,21.583684,15.528363,1.851746,1.851746,94.994733
8.142450,0.906151,13.354792,1.408392,1.408392,59.328155
5.343420,0.699067,12.254531,2.066139,2.066139,83.061034
22.170049,0.530420,12.234026,1.768285,1.768285,79.500036
5.685758,0.622871,12.986430,1.971851,1.971851,59.541495
5.356379,0.645292,12.361170,2.698672,2.698672,74.328445
21.322453,0.529035,15.159245,2.195818,2.195818,86.257663
5.489735,0.615610,13.028070,1.802161,1.802161,56.179775
5.521021,0.627086,12.113926,1.898875,1.898875,69.803744
5.324845,0.582870,13.722447,1.965596,1.965596,57.040683
5.932364,0.629162,12.298584,2.146979,2.146979,54.263515
5.612104,0.661907,11.986290,2.947162,2.947162,62.121484
6.257638,0.843672,14.343780,2.399329,2.399329,58.012437
5.850741,0.724803,12.317209,2.233235,2.233235,48.444546
5.004400,0.650419,10.322166,2.422372,2.422372,62.585264
5.510269,0.674406,11.224043,2.519179,2.519179,45.940708
5.886845,0.752012,10.546206,1.566616,1.566616,39.376353
5.457345,0.744981,10.305624,24.243812,24.243812,62.890683
5.747754,0.612064,12.242145,1.682607,1.682607,48.541921
5.321078,0.756922,11.401203,0.961566,0.961566,39.461912
5.702784,0.680448,10.365410,22.893036,22.893036,63.036351
5.679391,0.577691,13.126975,1.616784,1.616784,42.978862
5.118019,0.672149,9.306591,1.235867,1.235867,33.914913
5.252316,0.593368,30.243318,1.349746,1.349746,58.122658
5.695016,0.643089,10.730310,1.193210,1.193210,35.527291
5.308223,0.610175,10.134453,1.286907,1.286907,34.070879
5.405264,0.564518,11.585447,1.123788,1.123788,35.587225
5.169042,0.697077,10.598368,1.383982,1.383982,33.685429
5.076570,0.729274,9.038622,1.042788,1.042788,30.454419
5.643721,0.747591,7.972940,1.418957,1.418957,51.362762
5.494030,0.594025,9.929358,1.031241,1.031241,31.341367
5.087442,0.733573,8.604131,1.177693,1.177693,28.803933
7.080390,1.175072,10.990497,1.158291,1.158291,39.252839
5.521916,0.550808,10.151238,1.054616,1.054616,31.994237
7.251778,0.606077,11.011373,1.378040,1.378040,39.065578
5.335452,0.526070,10.339125,1.110617,1.110617,33.885499
5.595121,0.658133,11.418353,1.388830,1.388830,60.164198
5.421528,0.564683,14.772406,1.121102,1.121102,41.248141
5.039049,0.428251,12.255695,1.089289,1.089289,36.692772
5.352580,0.386170,14.505179,1.132955,1.132955,42.441180
5.246304,0.481865,12.825061,1.460807,1.460807,41.558674
5.236478,0.413260,14.190795,1.226387,1.226387,47.144749
5.827931,0.390252,12.435111,1.584007,1.584007,44.508311
5.352767,0.377906,12.588218,1.700065,1.700065,57.365370
5.613087,0.458641,13.103734,1.581601,1.581601,78.648962
5.445287,0.410130,36.826796,1.559280,1.559280,82.879697
6.229344,0.820233,37.516216,1.877148,1.877148,99.735349
26.021191,0.676157,12.729993,1.267530,1.267530,83.358822
5.706297,0.642872,13.134496,1.127656,1.127656,51.378499
5.704912,0.567659,8.529225,1.065831,1.065831,37.486508
5.236524,0.660371,5.583915,0.896562,0.896562,40.646170
5.124387,0.628595,5.765098,0.683625,0.683625,23.383513
5.018927,0.616178,5.397089,0.761713,0.761713,24.534879
5.525757,0.641340,6.766089,0.615151,0.615151,26.107468
29.379081,0.570909,8.018612,0.762367,0.762367,56.103573
6.418823,0.672846,9.219123,0.924601,0.924601,33.043601
4.760076,0.493193,8.551275,0.456557,0.456557,29.049704
5.426018,0.493949,9.744479,1.539097,1.539097,50.437054
5.343046,0.439584,13.805830,1.481523,1.481523,43.049509
5.129261,0.460045,10.482335,0.774502,0.774502,34.152463
5.971497,0.549922,10.054062,0.880345,0.880345,35.998234
5.404737,0.576297,9.830360,0.708973,0.708973,35.636691
24.161706,0.545485,11.352256,1.550793,1.550793,66.174963
7.303932,0.655021,12.505274,1.057580,1.057580,43.267621
5.471811,0.566609,12.781620,0.838810,0.838810,40.592829
5.337608,0.493723,12.561449,1.202112,1.202112,53.217170
5.183323,0.435602,13.646137,1.300629,1.300629,45.536347
5.112775,0.531850,13.184261,1.165636,1.165636,44.087375
5.012251,0.536965,13.230069,1.672832,1.672832,64.207438
6.070103,0.580785,14.442290,1.062954,1.062954,46.287299
5.526661,0.415545,16.861862,1.460052,1.460052,55.455632
5.158247,0.384489,14.047841,1.905039,1.905039,63.230274
5.512950,0.419400,13.681635,1.303985,1.303985,53.694907
5.604676,0.564106,13.244175,1.830204,1.830204,59.000544
5.326906,0.515696,14.914265,1.773328,1.773328,59.361059
5.785703,0.773022,14.189281,1.472144,1.472144,51.209534
5.323379,0.531330,12.628050,1.442636,1.442636,50.076144
4.980024,0.518321,13.190007,6.494007,6.494007,66.441180
5.520219,0.702483,13.528730,1.782095,1.782095,55.077635
5.335040,0.586240,13.236131,2.283068,2.283068,55.506291
5.461345,0.526317,14.812204,1.710867,1.710867,55.638874
5.604114,0.659066,14.508905,1.848888,1.848888,56.353862
5.369680,0.526700,13.889761,2.088214,2.088214,86.641941
5.262498,0.487854,14.775199,2.402648,2.402648,59.672475
5.573128,0.534812,37.114516,2.205557,2.205557,90.219792
5.333398,0.525529,14.253201,2.453409,2.453409,62.467105
5.474287,0.517934,13.698800,2.371647,2.371647,108.327990
5.703652,0.494695,14.463012,2.452788,2.452788,66.784576
5.425749,0.427742,14.103423,2.505381,2.505381,98.266120
6.623192,0.478570,14.905798,2.562889,2.562889,63.804377
5.586953,0.465723,37.356413,3.971743,3.971743,112.098884
6.471274,0.603670,13.547803,2.595687,2.595687,76.597184
5.415103,0.458527,13.293910,2.597503,2.597503,79.972756
5.145386,0.508220,39.490020,3.609756,3.609756,106.111505
5.459498,0.647186,16.705443,3.165045,3.165045,78.078824
5.357459,0.579997,13.701502,3.567266,3.567266,93.814789
5.994809,0.514363,16.009168,4.292006,4.292006,86.807139
5.690555,0.525071,13.938534,4.152289,4.152289,93.554403
5.662492,0.488444,15.106171,4.013010,4.013010,85.391290
5.905911,0.528193,14.098540,3.172559,3.172559,87.396392
5.627870,0.506532,15.631428,2.772223,2.772223,81.510910
5.431790,0.531534,14.267215,2.778602,2.778602,77.678314
5.843270,0.577269,14.781640,5.171644,5.171644,98.894634
5.820953,0.640500,17.766849,3.740151,3.740151,134.190947
5.971783,0.724809,14.910020,4.601173,4.601173,84.842139
5.493228,0.541527,13.631857,3.408610,3.408610,75.504972
5.334847,0.543187,14.438331,2.309676,2.309676,56.718327
5.175236,0.458580,13.211164,2.286096,2.286096,53.539459
5.264528,0.411451,15.346775,3.193575,3.193575,67.211828
5.130324,0.465780,14.423537,31.570600,31.570600,87.620099
5.728425,0.473916,17.085408,3.381645,3.381645,81.214385
5.983898,0.522005,14.272565,2.256110,2.256110,64.311514
5.437730,0.587180,14.090430,2.533325,2.533325,54.763287
5.197140,0.478322,15.396594,2.677602,2.677602,62.379499
5.640640,0.485319,13.319986,2.708705,2.708705,52.438176
4.796372,0.451244,37.770234,2.421831,2.421831,76.570171
5.685263,0.513961,14.106042,2.769464,2.769464,55.138724
4.926471,0.480475,39.834062,2.865055,2.865055,78.369951
5.476663,0.579661,14.017916,2.934871,2.934871,49.655906
6.029550,0.432892,13.754113,2.686073,2.686073,50.415643
5.390172,0.522492,38.529156,3.779113,3.779113,81.977218
5.454258,0.600212,13.971491,2.720674,2.720674,50.198797
4.988060,0.592965,12.040813,2.431320,2.431320,40.359166
4.943933,0.543788,13.115509,2.651673,2.651673,72.159951
5.665050,0.588013,13.822005,2.470266,2.470266,42.574795
5.467945,0.417147,14.316430,3.816981,3.816981,60.549304
5.322185,0.479131,13.488163,2.861945,2.861945,48.659900
4.909347,0.517920,10.699893,1.637362,1.637362,34.448839
5.275076,0.534246,10.419207,2.709914,2.709914,53.894047
5.267795,0.590388,12.539969,2.639508,2.639508,44.322274
6.797938,1.005038,11.592901,2.620201,2.620201,41.731091
5.526008,0.757517,11.523960,1.941374,1.941374,39.405758
5.066312,0.692189,35.919919,2.349004,2.349004,67.405825
5.334915,0.634324,13.196781,2.012702,2.012702,39.765999
4.987261,0.555441,44.824627,3.111639,3.111639,82.988460
5.226929,0.430705,13.565800,2.911272,2.911272,46.168581
5.263009,0.603660,11.534086,2.099737,2.099737,37.898874
5.162499,0.606376,12.834247,3.200089,3.200089,70.984182
5.583335,0.622587,14.016682,2.236373,2.236373,42.949634
5.773919,0.576389,12.869151,3.248385,3.248385,84.335351
6.515427,0.672955,14.469191,3.023540,3.023540,50.856870
7.715873,0.785068,17.215459,3.621134,3.621134,58.593937
5.185598,0.492966,12.906433,2.556862,2.556862,44.490641
5.277073,0.503537,10.153627,4.117182,4.117182,65.413379
5.486623,0.563777,11.089930,2.407641,2.407641,37.817046
5.334518,0.555225,10.761745,3.140468,3.140468,35.333826
5.173774,0.559054,11.536686,2.843677,2.843677,36.649950
5.174196,0.523844,9.757926,1.957545,1.957545,30.744843
5.034279,0.468108,13.249257,2.559295,2.559295,43.100240
5.543143,0.571793,13.326291,2.439681,2.439681,42.428714
30.500962,0.523362,13.406957,2.854397,2.854397,74.629194
5.885344,0.478506,14.845752,2.100791,2.100791,46.848588
5.078114,0.503989,12.575339,2.078639,2.078639,38.177726
5.766994,0.484998,13.640233,3.073716,3.073716,43.316281
4.973037,0.428318,11.031635,2.017816,2.017816,35.315097
5.401506,0.516428,14.459958,2.669556,2.669556,45.315996
5.309661,0.583040,12.043072,2.360484,2.360484,37.605586
5.735674,0.587906,11.420122,3.610122,3.610122,39.712321
5.176377,0.605943,37.951708,2.608953,2.608953,67.369165
5.119251,0.600547,11.857260,2.417289,2.417289,37.363984
5.665908,0.466078,13.393459,3.309743,3.309743,42.057381
4.923677,0.394543,11.927027,2.937327,2.937327,36.667866
6.408962,0.463455,13.654347,3.229007,3.229007,43.797515
5.274579,0.352518,11.529331,3.197314,3.197314,37.555236
5.484487,0.330810,12.910186,2.588251,2.588251,37.602143
5.446680,0.448604,12.801381,3.253491,3.253491,39.008748
5.177598,0.464170,39.644451,3.667051,3.667051,77.655797
5.118494,0.543340,13.202865,3.827459,3.827459,57.028843
5.399822,0.655447,12.968712,2.284241,2.284241,42.756591
5.250369,0.617444,12.312293,1.731824,1.731824,37.176546
5.339170,0.679872,9.206443,2.368805,2.368805,39.782320
5.097632,0.534703,8.614064,32.725132,32.725132,61.456599
5.500333,0.503459,11.299859,3.598578,3.598578,37.392275
5.337957,0.545538,10.569953,3.354544,3.354544,35.098112
5.388938,0.494446,12.423223,3.309324,3.309324,40.931159
5.063310,0.464463,12.014041,1.991087,1.991087,37.972028
6.473366,0.564784,14.796973,3.894482,3.894482,48.194546
5.540886,0.488070,13.031446,3.422429,3.422429,43.863241
33.603305,0.697147,14.746765,4.517882,4.517882,83.951629
6.077691,0.548395,14.929198,3.796564,3.796564,51.369017
5.557687,0.457548,14.346748,4.737885,4.737885,58.032513
5.601558,0.490083,15.718491,3.477058,3.477058,58.486549
5.742678,0.485406,14.384780,3.974709,3.974709,68.329950
7.017692,0.845595,15.564834,3.942055,3.942055,61.016360
33.838080,0.640244,17.363350,4.168693,4.168693,97.652543
6.256103,0.439841,14.753102,4.786269,4.786269,82.529254
6.538586,0.399002,19.905376,4.149421,4.149421,73.433061
6.678680,0.414109,14.716323,30.105638,30.105638,92.207204
6.285762,0.470617,13.490144,3.431727,3.431727,70.679619
5.718382,29.041592,14.985742,5.619655,5.619655,117.888628
6.329520,0.538848,15.219211,3.449386,3.449386,88.570973
5.931608,0.516549,14.303017,2.273595,2.273595,72.686184
34.794294,0.666812,14.273874,2.842631,2.842631,108.163778
5.892906,0.469214,15.794361,2.191178,2.191178,71.971790
5.471742,0.539862,13.963384,2.719778,2.719778,61.979214
27.025539,0.552823,14.957668,4.540387,4.540387,103.004467
5.917479,0.446847,15.943649,2.918460,2.918460,73.850887
5.657746,0.575064,14.998879,2.653420,2.653420,67.367281
5.078749,0.534813,13.718975,2.179968,2.179968,65.218197
5.287236,0.631560,11.779250,2.390078,2.390078,44.482302
5.608912,0.533381,15.435131,2.261764,2.261764,68.866795
5.137322,0.529325,13.827878,3.008613,3.008613,61.962981
5.718105,0.541917,15.944248,2.617785,2.617785,59.287177
6.005290,0.595152,13.995999,2.167354,2.167354,52.090970
5.007473,0.527438,42.268178,2.816448,2.816448,82.199256
5.491080,0.552481,14.933144,2.521737,2.521737,52.637820
5.417444,0.472395,14.019036,2.494214,2.494214,47.498336
5.362421,0.545420,15.813233,2.599266,2.599266,58.131111
5.798953,0.447846,16.012500,2.753770,2.753770,61.440451
5.811782,0.458137,14.231121,2.983174,2.983174,91.181857
5.499905,0.516296,14.079815,3.020140,3.020140,70.072040
5.648880,0.547864,43.102312,2.870742,2.870742,97.520431
5.531499,0.473491,15.903191,2.137332,2.137332,55.493355
6.780344,0.965107,14.860853,3.164653,3.164653,55.001459
5.934319,0.547754,13.900034,2.010323,2.010323,49.761107
5.562012,0.578777,13.862917,2.335781,2.335781,51.806498
5.897584,0.529055,11.237893,2.069634,2.069634,43.663219
4.801664,0.514115,11.124265,1.126001,1.126001,37.189260
4.836690,0.522468,10.034673,1.158060,1.158060,60.947690
30.690652,0.680039,9.524642,1.679670,1.679670,66.559088
5.427782,0.553490,11.598348,1.347762,1.347762,38.269366
6.628971,0.601173,10.485878,1.232826,1.232826,35.717498
5.416780,0.674680,10.419034,0.855280,0.855280,32.460077
5.586397,0.619537,10.221716,1.153646,1.153646,33.232220
5.378132,0.559506,8.926109,0.940833,0.940833,30.798446
5.047447,0.470952,8.506062,0.801655,0.801655,29.214337
5.091255,0.504926,9.432811,28.588033,28.588033,59.698617
27.199472,0.432520,9.709096,1.769012,1.769012,58.458428
5.382051,0.553664,10.935906,1.006865,1.006865,34.174887
4.817483,0.509774,9.249323,0.754443,0.754443,28.996808
5.360410,0.520319,13.743904,1.482924,1.482924,44.529468
4.785377,0.482205,12.319813,1.298464,1.298464,38.753894
5.271691,0.484117,15.048280,1.110130,1.110130,48.649229
33.727380,0.402045,14.268497,1.460804,1.460804,85.410527
5.400221,0.414282,12.932666,29.178414,29.178414,76.376821
5.410575,0.476381,13.980873,1.209597,1.209597,52.182207
5.787479,0.309000,17.324837,1.749899,1.749899,69.332163
6.366983,0.374257,42.314540,1.715649,1.715649,117.562990
6.324407,0.295881,14.995859,2.015131,2.015131,90.296604
6.942212,0.388064,15.844250,1.385527,1.385527,78.484669
5.793077,0.324325,14.594686,1.748375,1.748375,83.424553
6.407329,0.315801,18.286373,1.877506,1.877506,102.435854
6.497494,0.270271,43.595880,1.895744,1.895744,134.529495
6.640651,0.430445,15.801800,31.611296,31.611296,129.994226
7.000740,0.357223,18.801361,2.467394,2.467394,101.097251
6.065251,0.399427,47.331780,1.800168,1.800168,109.009100
6.154922,0.330581,15.554269,2.610674,2.610674,120.561581
6.648138,0.333357,15.758021,1.634462,1.634462,92.848137
28.315375,0.274819,17.082589,3.081732,3.081732,115.309952
6.583341,0.330315,16.028021,1.893256,1.893256,108.803363
6.401332,0.365874,15.397529,2.644139,2.644139,142.417074
5.971827,0.355130,15.091634,3.798112,3.798112,152.443130
6.074707,0.389794,16.777055,2.266485,2.266485,163.979531
5.949856,0.393706,14.450322,2.271218,2.271218,156.016031
5.720752,0.438694,45.689343,2.924020,2.924020,213.791507
5.568841,0.487559,15.974489,2.309769,2.309769,166.700758
5.845287,0.514324,16.143065,2.598987,2.598987,165.315879
6.575246,0.620796,14.896866,2.872609,2.872609,159.239022
5.445379,0.680519,14.496046,8.317491,8.317491,141.776075
5.604344,0.724970,14.256026,3.387269,3.387269,143.996592
5.323739,0.607940,14.239569,2.467415,2.467415,87.571297
5.893102,0.481566,20.196911,3.442467,3.442467,108.595765
5.361465,0.545867,13.618463,2.359813,2.359813,51.016710
4.984465,0.465994,12.317509,2.436776,2.436776,42.345761
5.169681,0.474437,10.823925,1.378085,1.378085,69.143533
5.167824,0.543378,10.871407,1.235197,1.235197,36.553411
5.462538,0.537627,11.930357,1.424414,1.424414,40.711828
7.126430,0.778175,47.741618,5.699942,5.699942,135.358594
33.581147,0.624865,11.743369,1.622470,1.622470,72.449201
5.520854,0.525550,15.366118,1.043812,1.043812,47.580930
4.992026,29.106318,10.948710,0.925199,0.925199,67.448484
4.826837,0.540564,10.621054,1.238517,1.238517,54.019435
5.468200,0.610101,12.306148,1.031867,1.031867,40.034002
5.415809,0.692111,41.850723,1.738241,1.738241,76.675233
4.906300,0.549139,10.354465,1.180589,1.180589,37.207492
5.885950,0.598953,12.763597,1.357590,1.357590,42.201689
5.312393,0.631020,10.861602,0.909798,0.909798,39.800713
5.029277,0.462385,5.432941,0.700687,0.700687,28.264602
5.170449,0.568652,38.832013,1.170653,1.170653,60.434491
5.719417,0.576107,6.931794,0.755799,0.755799,31.957853
4.998888,0.514066,7.252712,0.759718,0.759718,58.259249
5.172608,0.580592,7.757457,0.631130,0.631130,30.223318
5.505366,0.601477,8.323711,0.944140,0.944140,65.391017
5.548152,0.617867,8.923739,0.931129,0.931129,35.089842
5.201860,0.628780,10.565833,0.794484,0.794484,36.995097
4.921250,0.653831,10.792576,0.639284,0.639284,36.238322
4.918292,0.565879,11.592675,0.945268,0.945268,38.839484
5.009921,0.569410,11.675348,1.364563,1.364563,63.528149
5.448541,0.676302,11.377720,1.286538,1.286538,44.907291
5.003041,0.611295,11.842687,1.493283,1.493283,70.453651
5.852275,0.652723,15.098977,1.897755,1.897755,56.343308
6.271454,0.612454,12.486898,0.944174,0.944174,51.934915
5.493932,0.601203,12.150103,1.522331,1.522331,49.440426
6.226372,0.636989,11.925938,1.230892,1.230892,43.589212
5.484179,0.569479,12.469361,1.019496,1.019496,43.617737
6.001897,0.591166,13.619944,1.603813,1.603813,49.817660
4.977568,0.452192,13.084476,1.494734,1.494734,48.649770
5.104155,0.568549,13.380043,31.036401,31.036401,81.776920
5.724221,0.431372,13.780067,1.806820,1.806820,68.032106
5.303516,0.421058,48.683347,7.477746,7.477746,111.212085
5.169744,0.433237,13.446393,2.570646,2.570646,73.948738
5.615018,0.438762,9.192118,0.857314,0.857314,36.946136
5.493677,0.575785,8.372239,1.082942,1.082942,35.532541
5.191180,0.527323,8.762001,0.939502,0.939502,34.625323
5.123849,0.529502,7.551146,1.001870,1.001870,33.538389
5.332958,0.574813,6.700708,0.920484,0.920484,36.656735
5.389366,0.597957,7.426868,29.996574,29.996574,58.894168
5.240632,0.630833,9.035886,0.827705,0.827705,32.661374
4.993708,0.555743,9.708598,1.182816,1.182816,53.441248
6.845588,0.571382,11.387219,0.774810,0.774810,40.210632
5.574939,0.434834,11.364589,1.166967,1.166967,74.130491
5.701552,0.456916,15.116972,1.245574,1.245574,54.807272
5.428135,0.489267,13.038250,1.462019,1.462019,46.788686
5.583541,0.598630,12.850815,2.295884,2.295884,77.101901
5.009435,0.557915,11.300837,1.205570,1.205570,40.683200
5.287459,0.605691,10.379134,1.647983,1.647983,39.487590
5.189355,0.593429,10.488400,2.012193,2.012193,58.516656
33.539817,0.727867,11.361924,1.985169,1.985169,74.753741
5.318248,0.597272,11.749581,3.491178,3.491178,50.315737
5.516167,0.600734,12.480402,1.712120,1.712120,42.461949
5.304062,0.574043,14.617833,1.785009,1.785009,51.727711
5.511664,0.631934,13.878608,1.674285,1.674285,47.730830
5.635816,0.563607,14.113206,1.648848,1.648848,46.036441
5.032972,0.521812,13.338589,1.622633,1.622633,45.238405
5.394708,0.498583,46.020799,2.492783,2.492783,90.030399
5.748790,0.488761,14.262051,1.821131,1.821131,52.992712
5.308738,0.467955,14.060059,1.931733,1.931733,56.084533
6.362162,0.552704,13.709501,2.177540,2.177540,55.918872
5.633913,0.582385,13.573017,2.158822,2.158822,51.446933
5.397348,0.529898,12.890138,1.936876,1.936876,46.349349
5.035335,0.491465,12.194224,30.995139,30.995139,73.860111
5.101851,0.597473,13.173916,2.864187,2.864187,66.546345
5.725638,0.540900,43.180151,2.660062,2.660062,91.213493
5.436856,0.619204,13.345300,1.920715,1.920715,49.688205
5.128527,0.430599,12.785831,2.075987,2.075987,78.121765
5.743103,0.430687,15.029828,1.997861,1.997861,57.291250
6.058136,0.506952,15.729088,2.061307,2.061307,60.493858
6.719902,0.515888,14.046630,1.844465,1.844465,54.729362
5.062130,0.451022,12.464361,1.296607,1.296607,43.181517
5.172662,0.392861,11.927641,31.454154,31.454154,71.516336
4.757764,0.371717,11.613117,1.211640,1.211640,63.128224
5.148116,0.438137,12.902067,2.744448,2.744448,58.089835
6.019549,0.493380,11.653557,1.017450,1.017450,45.779547
5.156296,0.474652,11.860417,1.309270,1.309270,43.612280
5.242630,0.504503,12.987907,1.537097,1.537097,75.511739
5.239583,0.422251,15.008897,1.144371,1.144371,50.928850
5.268969,0.504057,14.409290,1.259274,1.259274,50.030245
5.761456,0.585032,12.053215,1.388328,1.388328,43.379506
5.110227,0.530699,12.934325,1.490099,1.490099,42.861116
5.569624,0.765341,12.094720,1.524472,1.524472,49.589982
4.980757,0.509060,12.279382,2.522747,2.522747,44.113723
4.971799,0.514051,11.454460,1.055544,1.055544,39.569204
6.095391,0.613160,11.618854,1.623931,1.623931,42.388115
5.383533,0.648790,11.572397,1.727254,1.727254,43.258568
5.057231,0.579371,11.976597,1.174682,1.174682,43.997051
5.016104,0.556308,12.622478,2.454150,2.454150,80.382081
4.948159,0.561086,12.286606,2.480068,2.480068,70.228718
5.473876,0.605836,13.415180,1.725673,1.725673,64.525808
4.953064,0.588734,11.326094,1.243563,1.243563,41.632696
5.026865,0.638055,10.547906,1.200396,1.200396,36.740038
5.014931,0.638615,11.031544,35.220994,35.220994,69.895151
5.173735,0.726545,10.601024,1.547258,1.547258,36.797386
4.942969,0.599817,10.142497,1.702689,1.702689,36.247901
35.060817,0.786545,12.001329,1.783648,1.783648,73.884567
5.221259,0.572626,11.976230,1.270072,1.270072,41.453507
5.543787,0.556754,12.691286,1.130222,1.130222,41.996122
5.419725,0.701935,12.072569,1.414371,1.414371,39.532438
5.654355,0.573778,10.815844,1.063371,1.063371,37.234230
4.980301,0.490757,12.055255,1.509122,1.509122,42.390786
4.903520,0.580026,10.277024,1.278468,1.278468,38.415511
33.766215,0.613928,11.506886,1.561229,1.561229,71.839877
5.349365,0.488521,11.748213,1.233801,1.233801,38.841607
6.023327,0.504292,11.339463,1.479698,1.479698,37.887774
5.172557,0.499443,10.089599,0.711519,0.711519,33.480365
5.457045,0.554555,11.026693,1.546899,1.546899,36.953232
5.278453,0.537173,10.916268,1.627646,1.627646,35.320612
5.718467,0.549933,12.433871,1.869443,1.869443,38.038182
5.602051,0.626259,14.136305,1.682893,1.682893,44.053544
5.027252,0.445396,11.925492,1.932748,1.932748,64.805537
5.453937,0.540000,15.075995,2.885660,2.885660,51.850764
4.992988,0.459873,13.020824,1.978633,1.978633,46.283814
5.508951,0.574535,11.325381,1.609685,1.609685,42.032854
5.625831,0.609428,11.808931,1.628643,1.628643,42.812391
5.474364,0.664967,12.655945,2.312734,2.312734,48.028807
5.452358,0.594420,11.728222,1.772274,1.772274,43.876264
5.625559,0.673319,12.285850,39.444263,39.444263,86.338453
5.874741,0.886761,11.448956,1.899710,1.899710,44.147706
5.972016,0.712481,11.961663,1.974889,1.974889,44.628485
5.678979,0.706556,11.658239,1.700187,1.700187,41.051868
5.075152,0.589954,11.702576,2.289052,2.289052,42.251779
5.814774,0.633647,14.570692,3.904099,3.904099,77.117247
6.051984,0.466987,17.259661,3.235009,3.235009,53.561269
5.287668,0.504187,13.367484,2.020398,2.020398,39.598607
5.455082,0.459177,14.262787,1.844659,1.844659,44.095646
5.315900,0.481335,14.101154,2.319634,2.319634,43.753705
5.807380,0.503193,50.312649,2.352632,2.352632,87.329657
5.618248,0.441843,19.008667,2.096650,2.096650,51.479113
5.992122,0.466131,15.228673,3.095070,3.095070,56.987598
5.475944,0.649395,50.884595,2.359244,2.359244,97.041885
4.987454,0.627128,45.513397,1.685382,1.685382,79.116019
37.800862,0.611839,9.121877,1.575494,1.575494,70.109177
34.400951,0.665758,9.280809,1.447596,1.447596,66.597203
5.950448,0.537886,13.946001,1.879864,1.879864,45.435177
5.389850,0.558516,12.645504,2.414381,2.414381,40.563337
5.588499,0.480246,12.825175,37.277629,37.277629,77.205769
5.367165,0.370900,14.879215,2.094581,2.094581,50.639625
5.252037,0.368538,14.588028,2.343300,2.343300,45.318058
5.673316,0.334485,15.775493,2.173990,2.173990,61.131722
5.141561,0.292460,13.855601,2.784336,2.784336,73.589712
6.451823,0.303599,14.923430,3.838200,3.838200,65.040693
6.083678,0.301511,51.640079,3.499661,3.499661,120.072615
6.133756,0.365303,16.643325,1.433419,1.433419,65.649292
5.563108,0.370853,16.843301,1.310295,1.310295,68.307232
5.739686,0.472010,12.448415,1.341852,1.341852,119.057678
5.160894,0.573033,12.671758,1.682075,1.682075,70.529682
5.348236,0.683211,12.633040,3.708934,3.708934,72.844990
6.369125,0.631251,12.720458,1.521911,1.521911,57.938290
5.482039,0.629516,11.867371,1.671548,1.671548,69.854307
5.729659,0.850715,13.525586,2.090159,2.090159,69.126791
6.354546,0.767296,48.147648,4.447725,4.447725,106.112360
5.538729,0.632488,10.328766,2.016012,2.016012,64.370548
5.021398,0.567513,10.527796,2.818395,2.818395,60.546182
6.186789,0.739799,12.348290,2.287920,2.287920,47.118457
5.335848,0.689325,9.817947,3.239215,3.239215,52.077959
5.537962,0.730053,15.054450,3.984987,3.984987,60.170027
6.769713,0.802126,14.037446,4.616263,4.616263,58.618577
6.595813,0.674869,14.897997,3.199580,3.199580,82.281382
5.916361,0.515327,15.284875,3.370796,3.370796,68.797974
6.724872,0.644055,14.912969,3.153759,3.153759,56.265806
5.627669,0.549409,14.772404,6.459421,6.459421,102.107086
39.950736,0.379825,15.565304,3.359639,3.359639,109.474196
6.094750,0.558516,16.316535,3.041403,3.041403,60.190989
6.450856,0.779079,16.060740,3.239787,3.239787,60.704600
5.812889,0.500248,15.613564,3.049702,3.049702,62.212987
6.411022,0.672601,20.178398,4.241202,4.241202,94.553390
5.132733,0.503503,14.354397,2.479325,2.479325,63.623930
6.311730,0.536052,13.812797,41.482679,41.482679,102.570561
37.885511,0.365942,13.257893,2.203282,2.203282,112.703004
5.757764,0.397708,13.466597,4.021152,4.021152,95.333680
33.479459,0.385348,13.909822,3.213663,3.213663,107.331767
5.335727,0.538944,14.614961,2.796623,2.796623,70.069166
5.372783,0.444674,13.632767,4.231182,4.231182,97.239673
5.414625,0.521255,16.554932,2.898917,2.898917,93.206923
5.460803,0.463301,17.653774,41.693215,41.693215,164.793066
5.722813,0.577058,15.367174,2.593981,2.593981,143.732303
5.451139,0.476617,14.468281,4.257645,4.257645,96.966690
6.008504,0.384239,17.010129,4.171951,4.171951,89.219533
5.704578,0.466366,14.685841,3.401166,3.401166,78.588996
5.565538,0.398463,14.352648,7.017022,7.017022,106.013726
36.613563,0.357717,15.462938,2.088631,2.088631,129.852318
6.431845,0.421333,15.081569,1.904507,1.904507,76.579874
5.565033,0.435868,13.913310,4.646886,4.646886,99.416836
6.520729,0.772774,16.416424,1.840237,1.840237,79.398627
6.666596,0.533891,14.551452,3.348121,3.348121,75.952792
5.373128,0.428631,13.137399,37.363885,37.363885,92.420712
5.720097,0.419907,14.890816,5.478567,5.478567,83.926019
5.515695,0.434708,17.646676,2.115803,2.115803,71.136797
5.515824,0.426275,14.385188,4.355305,4.355305,117.462721
5.572936,0.522234,13.619988,2.198865,2.198865,61.507781
5.548002,0.553100,13.656549,2.538354,2.538354,68.771817
5.295339,0.646086,10.451504,2.269036,2.269036,47.972137
5.629894,0.651632,12.975219,2.631373,2.631373,54.342857
5.217736,0.801463,8.556795,40.621591,40.621591,72.166136
6.667047,0.801629,8.147002,2.639436,2.639436,34.571723
6.464873,0.684361,8.096492,2.615105,2.615105,32.669922
5.239538,0.544465,8.711609,2.419943,2.419943,30.950737
5.233244,0.581383,8.288268,3.046309,3.046309,34.807391
5.405174,0.494764,9.985983,2.384883,2.384883,32.305274
4.953104,0.428339,10.376045,1.950499,1.950499,32.298670
5.062315,0.438340,12.622001,2.836921,2.836921,40.305259
5.997748,0.423284,12.490781,1.509726,1.509726,38.759665
5.440655,0.392561,12.628689,2.120830,2.120830,42.560514
5.783094,0.488570,16.268490,2.557268,2.557268,51.449521
5.511758,0.736281,16.852638,3.293068,3.293068,50.399458
5.577759,0.407300,14.995390,2.421708,2.421708,48.205430
5.801163,0.440117,18.038085,3.454209,3.454209,59.547459
5.164327,0.399434,15.205352,2.477730,2.477730,53.410447
44.356231,0.352569,16.024666,4.033820,4.033820,106.522213
5.696171,0.376463,17.545725,3.483252,3.483252,66.828564
5.998017,0.381401,16.615390,3.386461,3.386461,71.240843
6.344759,0.512254,17.788634,3.723525,3.723525,80.029608
6.078375,0.482318,16.919520,3.571169,3.571169,76.017425
5.473371,0.569870,14.414285,1.935292,1.935292,68.784583
6.380864,0.517734,15.390221,2.374359,2.374359,69.769281
5.796700,0.637355,13.535217,4.137189,4.137189,74.446635
5.898877,0.491283,17.149676,3.905475,3.905475,81.240750
5.688111,0.609681,14.908638,4.835073,4.835073,80.565010
5.610348,0.427304,13.753262,3.857635,3.857635,88.550109
5.776175,0.466403,13.227048,4.306608,4.306608,94.567055
7.371148,0.662559,15.154077,2.653351,2.653351,98.259511
5.705775,0.637107,54.338359,4.556671,4.556671,167.196048
5.601606,0.703889,13.762356,2.854068,2.854068,82.889621
6.039536,0.726621,13.978931,42.185136,42.185136,142.193612
6.408806,0.746921,14.728275,6.220691,6.220691,156.131796
39.631254,0.843418,13.084403,2.248849,2.248849,133.243538
5.652523,39.913241,14.674107,3.112144,3.112144,145.878449
6.306444,0.699545,16.119151,3.808670,3.808670,96.606058
5.403677,0.502113,55.766980,4.749220,4.749220,158.371312
6.150419,0.450700,15.298750,2.905378,2.905378,74.576526
5.760001,0.548513,16.025229,2.782200,2.782200,71.847846
5.722989,0.541573,17.396725,4.714197,4.714197,92.117080
5.561538,0.609903,14.444199,3.576009,3.576009,61.850487
6.531945,0.761371,19.715948,6.040662,6.040662,104.197209
6.120538,0.777355,14.442029,5.602376,5.602376,137.246916
7.307667,1.196085,25.085921,7.443879,7.443879,125.300071
7.568529,1.273339,15.299726,8.259055,8.259055,107.013056
5.594847,0.874396,14.453297,42.177405,42.177405,100.990150
5.694131,0.696454,13.851956,2.847020,2.847020,56.087104
5.690500,0.597000,13.889723,3.246977,3.246977,60.372656
6.100057,0.640384,12.236339,3.319666,3.319666,53.997521
5.676861,0.745508,12.559426,3.104798,3.104798,45.930471
6.458663,0.887418,11.504145,3.175268,3.175268,43.970279
5.541447,0.584907,11.992445,3.170881,3.170881,41.890370
5.430135,0.540481,12.740243,3.456608,3.456608,45.505806
5.819168,0.540390,12.266840,4.279563,4.279563,52.066605
5.555510,0.519868,15.653838,3.329265,3.329265,53.957788
6.014294,0.573697,15.909544,3.950433,3.950433,63.755675
7.182477,0.706869,15.610056,5.267866,5.267866,67.935914
7.433161,0.777785,15.596653,3.940828,3.940828,65.653392
37.646086,0.464804,13.596806,4.643811,4.643811,90.762304
5.700131,0.603185,54.100417,4.063504,4.063504,111.501290
6.670457,0.680361,17.303915,1.996863,1.996863,63.016882
5.757979,0.543439,13.685141,1.598957,1.598957,53.489128
5.981949,0.625845,15.742336,3.633094,3.633094,62.201182
6.430197,0.572743,13.669714,2.448442,2.448442,53.089727
7.511644,0.556349,14.335648,1.863840,1.863840,55.159401
5.446381,0.511548,14.612067,2.754884,2.754884,62.690676
6.055823,0.634153,14.736845,1.270700,1.270700,61.423258
6.335682,0.700325,15.133898,1.418169,1.418169,63.369413
5.891883,0.576399,14.888223,2.337212,2.337212,60.181886
5.568499,0.633162,13.067943,2.006491,2.006491,53.000858
5.771145,0.678813,11.700679,5.491580,5.491580,97.876103
5.295954,0.597911,11.343368,2.124696,2.124696,44.351249
5.252145,0.667843,50.965467,3.573303,3.573303,89.689486
5.907188,0.726237,11.061098,1.524143,1.524143,40.779118
4.995197,0.667865,10.583779,53.462308,53.462308,98.870109
5.307749,0.783240,10.830087,1.973079,1.973079,47.511515
5.511398,0.775612,11.307634,2.395347,2.395347,71.998674
5.862527,0.688313,11.275230,5.624813,5.624813,103.488670
5.822364,0.756485,49.322238,2.005252,2.005252,88.821653
6.461649,1.007102,8.392860,42.775084,42.775084,81.986073
5.951267,0.920281,7.619668,1.383435,1.383435,40.803749
5.761744,0.816745,8.893290,0.881866,0.881866,35.961315
5.372855,0.686508,7.977942,1.480234,1.480234,36.398555
5.340878,0.754284,6.356487,1.180968,1.180968,36.035324
5.703158,0.721348,10.106831,1.786008,1.786008,40.430536
5.407748,0.722428,8.491583,0.915821,0.915821,35.626596
5.415858,0.751967,8.501835,1.091410,1.091410,51.281109
6.280093,0.737236,10.546092,1.673149,1.673149,92.827768
8.248595,1.002919,13.995835,4.185473,4.185473,80.170631
5.736133,0.782912,13.043586,1.898127,1.898127,63.261604
7.519367,1.042356,19.493808,3.320219,3.320219,97.604217
6.279747,0.954364,15.321347,1.513917,1.513917,68.545084
5.920520,0.713401,13.613881,1.024734,1.024734,55.025624
5.517985,0.684497,16.634664,2.217174,2.217174,76.448306
5.381001,0.583517,15.553284,1.085384,1.085384,63.832037
5.401887,0.480240,16.666704,2.787911,2.787911,71.986550
5.683509,0.534199,16.250595,1.815805,1.815805,92.108859
6.107809,0.532056,14.986610,4.023979,4.023979,97.256998
5.965173,0.604529,56.223911,1.703299,1.703299,136.565766
5.939255,0.470696,14.415358,2.050973,2.050973,85.948964
7.055394,0.840393,14.357429,2.950195,2.950195,88.135587
6.225233,0.560092,17.278780,2.405431,2.405431,73.822791
5.339059,0.573749,12.411826,2.699739,2.699739,71.441385
5.408418,0.669990,7.835781,2.501243,2.501243,51.263150
5.019845,0.733496,54.779939,2.019223,2.019223,113.458032
6.010201,0.704177,8.759529,2.075310,2.075310,86.663670
5.735261,0.714260,8.390742,1.541972,1.541972,42.485217
5.455424,0.602143,9.032624,1.339338,1.339338,45.186787
6.082344,0.863003,8.990405,1.356391,1.356391,51.486643
5.811719,0.907226,10.465506,1.632863,1.632863,48.129573
6.044314,0.880612,10.303615,1.968786,1.968786,55.444133
5.628355,0.814831,10.904073,3.381010,3.381010,62.406027
6.647231,1.099254,9.826034,2.429393,2.429393,61.884992
7.693876,1.119526,11.883947,3.095313,3.095313,60.964077
5.898663,1.064744,8.612680,1.583571,1.583571,42.465494
6.663006,0.765053,8.692306,1.371056,1.371056,38.880288
5.656344,0.729284,7.785742,1.316363,1.316363,32.888815
5.647640,0.689336,9.855459,2.532323,2.532323,40.551338
5.585162,0.564055,8.360228,2.397692,2.397692,40.188204
6.835575,0.567960,9.983004,2.435276,2.435276,47.979595
46.885194,0.489283,10.315259,1.607008,1.607008,82.801576
6.458558,0.623426,12.605985,2.001057,2.001057,49.613731
6.477697,0.546564,14.615482,1.557684,1.557684,50.997990
5.706660,0.607693,10.584834,1.720241,1.720241,46.797523
5.943856,0.754161,11.516742,1.155646,1.155646,44.203078
5.165530,0.622143,9.914075,1.311424,1.311424,37.998803
5.910453,1.224937,12.741709,1.236145,1.236145,47.383765
5.606968,0.597949,10.849532,1.913380,1.913380,91.275767
5.320932,0.539114,9.271357,1.105494,1.105494,81.349411
5.556990,0.612784,9.552773,0.813235,0.813235,37.269683
5.415642,0.581196,10.425414,1.126991,1.126991,42.837903
6.098621,0.510961,10.708117,1.587732,1.587732,52.189582
5.569002,0.615412,11.995439,1.677260,1.677260,93.457505
6.536204,0.629471,14.401768,1.403702,1.403702,66.427522
5.687058,0.498546,13.574147,2.800284,2.800284,125.255415
5.304995,0.548034,10.910445,1.754078,1.754078,89.506369
5.263424,0.578560,11.786031,1.709452,1.709452,50.456767
5.370088,0.578710,59.587900,2.315550,2.315550,130.294623
6.500859,0.750236,15.247099,1.727690,1.727690,82.555195
6.769918,0.594699,14.344898,1.772492,1.772492,69.197541
5.552637,0.567211,59.237026,1.982673,1.982673,147.358221
5.757794,0.527106,12.702243,2.054771,2.054771,86.652887
6.001209,0.524533,23.941413,1.766499,1.766499,75.959806
5.367053,0.724668,14.022311,1.529370,1.529370,55.939379
5.370766,0.691412,13.216398,1.419914,1.419914,49.946761
5.223634,0.534625,13.387665,2.220470,2.220470,87.875130
5.257075,0.512484,11.980627,2.100362,2.100362,51.075044
6.157675,0.653834,15.560111,1.572650,1.572650,66.323258
5.062330,0.620937,11.677510,1.359902,1.359902,39.965742
4.901097,0.535724,12.353553,2.249839,2.249839,40.748415
5.122400,0.457011,12.690449,1.792364,1.792364,42.856228
5.317887,0.518486,12.860806,1.774581,1.774581,48.390677
5.156531,0.640025,13.052140,1.889572,1.889572,47.693497
5.485624,0.637149,12.879967,2.821716,2.821716,68.573919
6.225538,0.737836,15.995094,2.743357,2.743357,81.881677
5.235427,0.710956,57.135221,1.885402,1.885402,124.032822
5.219618,0.695663,12.899524,5.148115,5.148115,92.199575
7.045876,0.822940,14.254991,4.758421,4.758421,134.744938
6.810421,0.703779,15.031989,4.402255,4.402255,96.442447
6.855307,0.737693,15.438254,4.641051,4.641051,137.515924
9.368412,1.101707,17.228033,4.820515,4.820515,107.392231
7.590201,1.125916,23.013659,2.995945,2.995945,103.121037
6.498343,0.764212,19.689486,3.193768,3.193768,95.196706
7.030477,0.668536,14.714759,54.808532,54.808532,143.390713
6.513521,0.611066,17.843171,2.169912,2.169912,81.242659
6.015842,0.581502,15.171803,2.595728,2.595728,72.604280
6.409957,0.598284,15.317527,8.580713,8.580713,109.353631
6.004774,0.653900,63.129453,2.251724,2.251724,141.564963
6.218071,0.503804,16.917957,4.286630,4.286630,84.261110
5.576027,0.787215,18.280872,2.540836,2.540836,78.285703
5.791289,0.437967,14.944335,2.532843,2.532843,69.241694
5.798506,0.553729,14.831391,2.385681,2.385681,78.118209
5.548520,0.478117,55.820844,2.939694,2.939694,135.702476
5.466164,0.546232,13.771109,2.902508,2.902508,85.642184
5.910013,0.491083,14.932785,3.686020,3.686020,118.734774
6.154659,0.483656,15.438855,52.543725,52.543725,135.330903
7.443749,0.866844,25.271123,4.229900,4.229900,188.401694
6.138213,0.574547,14.817792,4.700253,4.700253,114.078403
6.130549,0.592028,16.027944,3.680903,3.680903,101.892775
5.515779,0.499162,12.968143,7.382331,7.382331,127.679072
5.520161,0.619215,15.523123,4.224525,4.224525,108.583637
7.084200,0.604467,15.682235,2.981716,2.981716,114.735021
5.225726,0.541355,61.894957,3.004870,3.004870,167.209090
5.921770,0.511697,19.065024,48.256462,48.256462,171.046224
6.432357,0.555889,15.570409,4.223306,4.223306,195.214315
5.390115,0.455150,13.970889,3.798754,3.798754,122.171804
5.581635,0.509250,15.573338,3.014782,3.014782,91.064595
5.901233,0.577526,17.136374,41.105264,41.105264,175.655644
6.284951,0.615704,14.859230,3.130617,3.130617,142.065487
5.895717,0.537779,14.839555,2.974922,2.974922,134.442550
6.354968,0.566755,14.952641,2.195246,2.195246,150.564043
7.312860,0.471668,15.023161,4.232746,4.232746,62.371926
5.811879,0.364048,14.719998,5.965474,5.965474,117.113749
5.595075,0.398146,14.297601,6.294906,6.294906,95.101459
6.092169,0.461842,16.097330,3.539356,3.539356,103.178045
6.335722,0.649553,60.245837,2.968632,2.968632,155.739508
5.803653,0.423565,16.155343,3.548986,3.548986,76.146915
5.476820,0.540804,14.493312,3.717511,3.717511,69.822955
5.317484,0.481067,14.200781,5.888146,5.888146,112.137348
5.521579,0.459297,59.848256,4.670465,4.670465,144.753155
5.654811,0.477502,16.107879,6.149463,6.149463,100.719471
5.359927,0.503573,13.826175,3.728511,3.728511,89.536483
5.638478,0.521684,57.733482,3.861008,3.861008,138.772404
6.017198,0.670686,14.274497,3.343097,3.343097,73.882333
5.355036,0.654475,62.253394,4.238957,4.238957,139.212870
6.417736,0.615150,15.727119,4.561568,4.561568,77.855147
6.802150,1.240545,14.725800,4.370989,4.370989,77.822177
6.117460,0.734343,14.565999,3.682369,3.682369,76.352435
6.083405,0.616687,15.987273,3.075818,3.075818,83.678706
5.931071,0.620961,15.947451,4.591212,4.591212,89.548793
5.901897,0.525309,16.622282,3.420629,3.420629,96.588257
5.361502,0.480612,58.510373,3.562938,3.562938,136.913423
6.665358,0.741439,17.273038,7.277628,7.277628,116.007208
9.951013,0.676261,17.530584,9.644951,9.644951,99.666941
7.355844,0.721986,17.223377,5.291538,5.291538,83.261998
7.334409,0.524792,16.154375,6.521985,6.521985,121.720877
6.961356,0.468073,65.196519,6.375788,6.375788,181.063935
6.872489,0.391746,19.030368,5.393467,5.393467,104.525184
7.315622,0.604443,16.122193,4.014291,4.014291,81.385581
50.186487,0.497375,16.661915,2.875124,2.875124,135.513904
7.553952,0.545764,18.162410,2.254128,2.254128,118.014797
8.824763,0.405403,17.685003,54.450088,54.450088,166.534804
9.722301,0.407736,17.631004,5.044242,5.044242,174.126202
7.149910,0.406428,19.128519,51.419109,51.419109,174.820881
7.773891,0.495205,17.153842,2.199311,2.199311,172.204139
8.937913,0.592774,17.731972,3.511170,3.511170,65.822997
7.393909,0.483452,18.044884,1.955651,1.955651,119.322312
7.343839,0.234254,20.527364,1.870662,1.870662,100.440428
7.804138,0.276440,70.468549,5.071761,5.071761,107.901063
7.751849,0.422498,19.601743,2.274060,2.274060,161.439616
10.399352,0.351543,20.060457,5.527822,5.527822,198.594543
9.463346,0.348933,20.426550,3.883968,3.883968,201.380945
8.219931,0.472586,19.338354,2.620645,2.620645,159.890991
10.528699,0.541658,25.705439,3.452119,3.452119,60.495280
7.887801,0.469060,20.719184,10.193854,10.193854,153.438138
8.825252,0.353388,22.527892,2.771537,2.771537,58.080094
8.574823,0.291837,19.988115,14.967352,14.967352,119.089553
9.622943,0.402550,23.250704,48.938470,48.938470,148.576358
7.977906,0.270123,24.740507,3.503191,3.503191,62.409626
8.190891,0.270517,19.155796,3.213723,3.213723,150.581107
8.211165,0.310577,20.555406,9.570616,9.570616,65.740791
7.889159,0.272301,19.598647,9.488249,9.488249,116.570277
9.083844,0.301221,21.260145,2.479408,2.479408,156.092824
9.975019,0.323338,20.194266,5.839789,5.839789,60.665779
8.748818,0.270417,19.973688,3.937614,3.937614,155.879820
9.610378,0.312226,23.686593,6.032094,6.032094,76.340529
59.545365,0.521432,16.513604,0.000000,0.000000,76.581954
10.570080,0.447263,22.125291,3.158380,3.158380,188.293032
11.857306,0.304410,15.463118,0.000000,0.000000,27.625520
9.822812,0.283859,21.656882,4.227805,4.227805,197.416032
9.540436,0.334562,14.439756,0.000000,0.000000,24.315380
8.072635,0.249492,20.037495,2.312148,2.312148,153.852101
8.710135,0.315070,20.639844,3.053865,3.053865,215.336708
7.726075,0.303714,18.807095,11.658388,11.658388,149.592256
8.887811,0.411065,20.483191,4.423180,4.423180,196.654235
8.803175,0.345608,19.461723,2.687033,2.687033,195.389697
7.937639,0.370443,18.307442,3.751889,3.751889,212.670153
8.001729,0.507688,19.962403,5.091510,5.091510,224.863504
5.791368,0.447176,62.180361,3.699682,3.699682,175.334594
5.287506,0.532318,13.988378,5.593197,5.593197,107.876910
5.387336,0.501951,12.805861,3.349662,3.349662,55.436629
5.078077,0.424074,14.267419,3.852371,3.852371,90.686612
6.199412,0.544251,17.483067,3.191688,3.191688,83.608494
6.423609,0.520745,17.746159,9.450083,9.450083,97.922928
6.219962,0.465244,16.637018,1.866476,1.866476,69.303137
5.443953,0.494481,14.755384,2.885357,2.885357,67.438085
5.995887,0.516326,14.814561,1.563719,1.563719,68.072454
5.223385,0.507817,13.762988,3.293342,3.293342,81.438926
5.853875,0.510126,13.975702,2.528365,2.528365,53.661403
5.642876,0.656320,14.965728,2.504163,2.504163,86.346222
6.289843,0.542313,17.815473,2.498463,2.498463,75.327826
5.743152,0.559897,17.705179,2.449171,2.449171,71.095046
6.522945,0.533919,15.788658,3.580526,3.580526,68.502845
6.330610,0.642517,18.162680,2.764129,2.764129,81.701798
7.530940,0.641851,16.707417,3.358043,3.358043,79.152635
6.700064,0.595889,18.576386,2.523019,2.523019,118.364276
8.054233,0.622611,16.565254,4.155287,4.155287,85.728781
6.410691,0.675823,16.016312,52.902569,52.902569,130.434362
5.373525,0.464317,14.539834,4.153582,4.153582,109.663006
5.777032,0.529992,64.457881,1.871769,1.871769,150.643743
5.557342,0.560541,17.276914,1.609316,1.609316,93.031485
5.804987,0.456222,20.067818,3.538009,3.538009,111.823813
5.458110,0.600942,15.864587,5.247566,5.247566,82.125730
50.185344,0.535258,14.390909,3.058747,3.058747,139.640345
5.075564,0.640012,14.184065,2.653963,2.653963,92.510891
5.625256,0.664107,16.216780,2.379197,2.379197,85.873241
5.521258,0.586485,15.167017,2.135622,2.135622,85.879003
6.034594,0.612214,14.595391,2.297462,2.297462,75.173173
5.832818,0.651149,15.259755,3.654032,3.654032,96.417601
6.114110,0.564506,14.226887,3.716176,3.716176,71.779628
5.302676,0.551109,17.134862,3.484759,3.484759,114.314453
5.682132,0.704724,14.981887,56.779921,56.779921,144.111791
6.149350,0.529219,14.274468,4.903757,4.903757,115.936965
5.847688,0.557286,66.551386,2.840873,2.840873,162.936311
5.685381,0.687853,15.980921,3.076013,3.076013,87.900631
5.898009,0.439420,15.951498,2.195900,2.195900,75.976167
6.018874,0.566344,14.285947,5.567560,5.567560,90.669106
5.303929,45.453192,14.986817,7.206072,7.206072,154.117844
5.226417,0.657868,14.082959,7.920181,7.920181,104.592919
5.751620,0.592833,14.043197,8.176422,8.176422,152.604175
5.447536,0.562199,13.595548,3.913659,3.913659,110.595865
5.174338,0.553734,59.347790,3.575021,3.575021,135.703412
5.353732,0.537860,14.005018,3.455169,3.455169,100.963142
54.507885,0.493736,14.696773,3.551267,3.551267,131.577775
5.619381,0.520037,15.142254,3.781445,3.781445,71.046033
5.887784,0.595704,14.175750,2.280576,2.280576,67.146966
5.389894,0.565404,13.506142,54.302634,54.302634,117.640145
5.320469,0.533903,13.414367,2.491678,2.491678,84.195952
5.520399,0.582938,14.559129,3.245007,3.245007,82.795646
5.618117,0.566894,14.355541,3.090103,3.090103,73.107112
5.539140,0.724838,13.638275,1.953667,1.953667,59.760237
5.580094,0.588852,13.313807,3.221534,3.221534,106.702772
5.077870,0.628471,59.113007,2.814778,2.814778,126.940813
5.048715,0.564285,12.709981,51.727075,51.727075,104.786057
4.914475,0.622014,58.835435,2.198510,2.198510,120.130124
5.072921,0.553871,13.285806,2.621100,2.621100,97.164823
5.164121,0.622153,13.370273,2.005049,2.005049,52.158153
5.568423,0.675002,13.668384,4.179280,4.179280,87.029739
6.368395,0.791467,11.461432,6.972774,6.972774,94.127963
6.105704,0.850800,13.986315,5.399425,5.399425,81.212163
6.345542,0.751532,14.063550,7.602978,7.602978,101.167137
6.379491,1.367990,16.147165,5.171151,5.171151,74.207610
7.340146,0.952525,15.983911,6.240038,6.240038,111.312458
5.593260,0.669136,70.768160,7.454117,7.454117,156.549038
9.708265,1.153427,28.668807,78.919011,78.919011,228.252087
8.198044,1.028691,22.157866,3.928534,3.928534,113.031818
7.126472,1.003923,29.016041,4.709124,4.709124,127.967542
8.427832,0.830077,17.551944,2.987139,2.987139,83.470343
6.099077,0.590428,16.609777,2.250208,2.250208,66.291988
6.149982,0.649623,16.428709,2.615542,2.615542,138.003703
6.780072,0.735634,16.057926,4.756269,4.756269,79.780000
6.119646,0.668072,17.857784,5.923100,5.923100,79.682475
5.364966,0.571024,65.659253,2.515160,2.515160,136.152172
5.483119,0.528953,13.503863,3.995938,3.995938,114.060395
5.412371,0.704360,65.534176,2.202170,2.202170,135.677835
6.316430,0.924162,15.078759,3.529966,3.529966,82.876134
5.992542,0.754898,16.344860,2.348966,2.348966,74.035731
5.770255,0.585923,15.005809,3.790645,3.790645,80.715105
5.935958,0.600097,14.766666,3.380858,3.380858,134.805442
6.308216,0.635127,14.378833,4.429872,4.429872,101.475273
5.857293,0.596772,15.047435,3.529364,3.529364,68.823363
6.147478,0.717072,16.019006,3.683894,3.683894,82.633882
6.122820,0.985302,15.107516,6.166244,6.166244,79.924572
5.160973,0.617085,14.366527,3.188273,3.188273,70.794920
57.619553,0.832590,19.282991,3.560008,3.560008,156.062419
5.669568,0.677531,13.984957,3.913305,3.913305,119.048575
6.737119,0.665063,14.915505,6.118648,6.118648,68.777893
5.482988,0.675400,14.203195,3.171819,3.171819,61.247470
5.182835,0.660799,13.918647,2.387277,2.387277,62.308504
5.291507,0.650998,12.809110,3.271673,3.271673,80.969780
5.888570,0.675334,11.346397,2.808318,2.808318,50.835101
5.048183,0.624835,11.104511,2.173088,2.173088,46.565842
5.491020,0.607982,12.359212,2.269304,2.269304,44.365616
5.483507,0.654111,11.204664,3.064764,3.064764,52.733328
5.391483,0.689579,14.349028,3.316081,3.316081,63.302745
5.432450,1.031032,12.584063,4.543916,4.543916,54.831887
5.121316,1.341680,65.297719,2.503378,2.503378,109.617579
4.961285,0.654274,9.106681,1.543182,1.543182,37.481215
5.781985,0.799307,66.309535,2.124315,2.124315,112.240408
5.371554,0.654200,12.690859,1.690958,1.690958,49.232107
5.476616,0.505994,14.812887,2.380414,2.380414,52.651424
5.511751,0.563209,67.656326,1.298136,1.298136,111.849826
5.749129,0.459869,14.430793,2.339508,2.339508,53.306888
5.339480,0.400599,16.860776,1.303908,1.303908,54.405118
5.588309,0.472315,13.682248,2.559436,2.559436,54.976312
4.920879,0.521496,14.027349,1.789447,1.789447,49.373330
4.766868,0.559080,11.525660,1.653466,1.653466,96.141341
5.343329,0.533551,65.896269,2.902462,2.902462,114.007470
5.237283,0.525092,9.273281,1.615153,1.615153,37.785093
4.933848,0.505302,9.207988,1.211239,1.211239,37.806548
5.756257,0.523228,9.525644,1.306986,1.306986,44.729551
5.629093,0.422399,10.325912,1.668214,1.668214,48.837906
5.576817,0.505497,10.116871,1.126952,1.126952,42.892436
5.627702,0.366573,11.070426,1.129201,1.129201,41.881796
7.782506,0.404647,12.306707,2.226592,2.226592,57.938969
5.465220,0.459350,12.066463,5.635041,5.635041,101.230585
5.566163,0.563541,12.551349,1.401318,1.401318,47.089047
5.507444,0.566939,12.833963,1.268416,1.268416,54.695689
5.189582,0.597508,13.271174,1.493559,1.493559,51.084689
5.053833,0.438802,12.736751,1.227462,1.227462,48.271173
5.088005,0.472933,12.990171,2.876994,2.876994,88.959915
5.622440,0.512619,13.802416,1.496602,1.496602,57.143659
6.237439,0.689768,65.551145,1.434066,1.434066,138.069369
6.094793,0.615664,12.576347,2.194494,2.194494,115.383938
5.755656,0.671490,13.262461,2.112559,2.112559,76.107600
6.296742,0.692550,12.460873,1.630321,1.630321,70.643668
5.286064,0.682859,12.255777,2.538991,2.538991,70.916880
5.361403,0.815511,11.971921,2.525314,2.525314,82.454206
5.794664,0.705429,12.295152,4.153610,4.153610,126.509847
5.276568,0.694834,12.854646,2.781174,2.781174,88.953952
6.924102,0.825236,13.990002,3.920617,3.920617,110.551008
5.629087,0.626408,13.641117,5.810673,5.810673,118.537676
6.129816,0.856965,14.051827,2.081070,2.081070,70.652578
5.644792,0.693713,13.295058,7.074491,7.074491,93.763256
6.405902,0.830040,69.006462,1.987944,1.987944,150.162316
5.996375,0.857988,14.033398,5.479796,5.479796,148.045462
5.738850,0.745462,12.352403,3.647768,3.647768,96.246722
5.844387,0.607118,11.629337,2.278485,2.278485,47.254027
6.004036,0.743777,13.237397,2.709923,2.709923,59.909559
5.867039,0.727932,11.684390,2.741463,2.741463,49.925270
6.004570,1.032766,14.073604,3.077786,3.077786,58.522561
6.466449,0.858234,13.407482,3.500788,3.500788,67.222679
4.937672,0.555177,13.346598,4.724981,4.724981,89.456071
5.840712,0.618375,15.021777,3.302325,3.302325,62.667735
5.482445,0.624073,14.026122,3.077921,3.077921,55.940885
5.922497,0.601932,14.084819,1.774176,1.774176,51.470052
6.448389,0.583716,13.164293,2.428462,2.428462,102.123463
5.323314,0.694004,9.397009,1.506559,1.506559,44.620245
5.247847,0.776557,7.607138,1.620096,1.620096,38.841633
4.938388,0.631217,6.326132,1.031066,1.031066,26.811969
5.207784,0.612718,6.726138,1.683664,1.683664,42.395629
6.038122,0.950291,7.962955,0.860548,0.860548,40.617206
6.939850,1.010328,22.430009,58.790927,58.790927,161.576997
6.647429,0.704765,17.972232,7.825504,7.825504,277.650882
7.163804,0.749128,19.460506,9.891615,9.891615,321.583593
7.868742,0.773191,21.348214,8.715050,8.715050,281.297636
7.780769,0.850969,24.490026,10.015239,10.015239,281.945070
7.195768,0.723956,79.188770,6.596454,6.596454,356.084475
7.248617,0.871142,24.056370,17.886073,17.886073,278.321180
7.410565,0.762420,25.385791,11.523076,11.523076,265.776095
7.045429,0.716662,21.481908,13.313221,13.313221,285.850545
9.268434,0.868617,24.906940,15.892247,15.892247,279.470983
11.262537,0.983880,23.414731,16.300152,16.300152,269.930167
9.085615,0.890716,21.974959,5.950949,5.950949,271.951686
10.413417,1.187229,25.268675,12.063493,12.063493,199.866904
11.705619,0.872067,22.986562,0.000000,0.000000,35.564928
9.332995,0.586777,21.878447,75.324447,75.324447,323.717373
16.350728,0.646259,34.631561,75.808801,75.808801,449.912607
17.029007,1.103781,36.833673,18.898926,18.898926,375.352282
71.564575,1.533625,23.449610,4.999951,4.999951,417.502196
9.607985,1.071154,25.708015,12.120127,12.120127,205.426548
8.714811,1.421193,24.938065,18.129814,18.129814,251.294407
7.155686,0.855333,15.647438,19.241533,19.241533,242.494759
7.075495,0.954941,16.858547,9.914610,9.914610,221.128892
8.729993,0.941924,12.477162,9.982973,9.982973,196.267193
5.825067,0.874362,11.617905,6.888879,6.888879,128.079779
7.529852,0.978643,13.069032,5.401263,5.401263,59.987616
6.547692,1.031366,12.085025,5.521804,5.521804,55.100303
6.135656,0.669570,10.940999,5.900235,5.900235,54.293173
6.331441,0.736980,11.790016,5.744718,5.744718,52.731003
6.113694,0.705527,13.258446,6.697667,6.697667,58.696145
5.260133,0.611805,11.712577,5.803790,5.803790,88.906108
5.345940,0.594898,11.070672,3.786102,3.786102,38.701731
4.977668,0.613344,11.118604,4.787146,4.787146,40.681514
5.013572,0.643399,11.490393,3.494070,3.494070,40.029787
5.398960,0.699478,10.068061,4.022432,4.022432,47.555042
5.464065,0.797479,10.561284,3.125712,3.125712,47.015282
5.075239,0.684465,9.714200,59.308782,59.308782,91.590675
59.052624,0.837157,9.465873,4.673592,4.673592,89.140280
5.589299,0.703713,10.940787,3.907225,3.907225,44.562621
5.404255,0.606796,11.756764,4.028605,4.028605,44.317924
5.290054,0.616989,12.495074,2.625455,2.625455,45.968959
5.575728,0.621492,13.181433,4.327746,4.327746,50.373195
5.295717,0.569703,15.873287,5.188654,5.188654,50.979342
5.165570,0.511316,14.085768,1.815822,1.815822,44.134856
5.936570,0.527875,14.177718,4.161974,4.161974,62.559964
5.537187,0.635320,12.185792,3.323446,3.323446,56.556387
5.988267,0.776663,12.579781,2.543951,2.543951,54.508681
5.808183,0.725725,10.996130,3.916292,3.916292,51.643896
5.431060,0.668426,9.499812,4.215190,4.215190,47.434661
5.544863,0.769786,10.495993,2.961773,2.961773,49.394739
5.652636,0.683872,14.550769,1.929950,1.929950,50.232945
5.697064,0.626176,12.524365,3.958160,3.958160,46.172704
5.196664,0.617170,10.750525,2.031363,2.031363,40.102691
5.556573,0.645228,12.877719,2.218851,2.218851,51.858513
5.453944,0.725256,12.217172,5.329480,5.329480,51.925027
6.080642,0.789413,12.899238,7.489275,7.489275,68.602013
5.823106,0.707338,72.656577,6.608776,6.608776,133.044686
6.067769,0.760431,11.835483,2.414463,2.414463,52.316355
5.684784,0.763865,12.180504,5.431794,5.431794,58.809510
6.083204,0.771090,13.478109,2.646214,2.646214,62.814131
5.751874,0.713384,11.910713,5.060243,5.060243,62.785828
5.658899,0.554993,13.115883,7.428736,7.428736,121.078639
5.952003,0.728668,12.278574,3.396205,3.396205,59.817706
5.735033,0.731040,11.841708,3.590559,3.590559,64.204730
5.933855,0.876531,11.376912,4.764817,4.764817,76.000591
5.733767,0.873524,13.152490,64.217895,64.217895,116.354843
5.026211,0.718337,13.548107,3.993042,3.993042,126.226110
5.703944,0.556931,12.982538,2.856295,2.856295,72.286823
5.434089,0.567114,12.599715,60.257183,60.257183,114.147847
58.335848,1.037306,20.876249,18.814446,18.814446,337.248029
7.575614,0.802922,25.184451,19.982332,19.982332,246.609801
9.179799,0.909072,20.824380,11.579323,11.579323,261.939508
8.610014,0.820041,22.712184,6.800107,6.800107,258.317559
8.010019,0.782894,19.102382,60.302870,60.302870,316.986830
8.808593,0.835536,24.060961,15.662258,15.662258,272.918516
8.145570,0.797598,19.214438,11.116259,11.116259,262.485086
8.005354,0.728760,21.648217,18.604064,18.604064,260.555885
8.510333,1.346917,23.509356,19.750350,19.750350,276.683331
8.917510,1.142615,22.267586,13.098210,13.098210,279.937918
8.673038,0.835438,25.400667,20.100564,20.100564,289.759209
8.844636,0.744292,20.424833,21.424597,21.424597,380.145585
9.124857,0.906630,21.234509,16.972902,16.972902,382.252976
10.146245,0.912930,24.907714,77.648677,77.648677,369.118454
10.230359,0.960278,24.323580,7.195979,7.195979,303.537185
9.654416,0.860930,23.478079,44.493779,44.493779,348.360900
9.339936,0.725589,27.062437,9.671591,9.671591,332.171518
8.703281,0.777970,88.701884,11.437046,11.437046,385.205455
8.990644,0.857488,22.310698,8.846504,8.846504,262.670572
7.941804,0.821734,19.388359,15.177458,15.177458,245.096966
8.587701,0.929505,24.759236,56.313975,56.313975,198.996776
7.235173,0.825904,18.217940,7.804786,7.804786,208.190164
8.574176,0.828686,19.114470,7.797429,7.797429,196.007181
7.495543,0.758242,17.006991,16.958118,16.958118,190.284741
7.267316,0.819743,19.708227,16.656341,16.656341,220.796574
7.027249,0.728867,74.443498,20.367801,20.367801,317.295123
7.709485,0.844652,18.161181,8.949121,8.949121,192.552451
7.639964,0.889366,19.531739,9.599050,9.599050,221.149046
7.139164,0.782843,14.960343,10.222035,10.222035,169.313937
7.233759,0.783298,17.561836,5.092515,5.092515,123.187333
6.459780,0.829087,74.381814,61.565968,61.565968,282.083714
6.753443,0.749095,19.396894,10.149164,10.149164,167.547759
6.509708,0.793964,17.983593,64.194126,64.194126,199.364023
6.841021,0.673974,18.642185,64.691515,64.691515,196.297897
6.593930,0.689421,15.760296,63.247847,63.247847,193.670668
6.781179,0.647670,17.752125,6.936559,6.936559,211.290819
6.033305,0.663336,15.843871,4.580360,4.580360,183.646211
6.642980,0.738040,16.813795,8.599217,8.599217,188.974831
6.549141,0.883360,15.896109,8.934389,8.934389,220.357505
6.915015,0.720871,16.442965,9.583459,9.583459,190.505988
6.963960,0.598005,16.225450,10.619428,10.619428,175.461439
6.272183,0.450996,14.889418,5.472275,5.472275,149.753336
6.166486,0.441666,15.498398,5.883326,5.883326,157.009137
6.475943,0.495691,16.888159,64.993980,64.993980,281.182537
7.314264,0.609350,18.547482,7.353082,7.353082,211.410407
7.281034,0.569864,17.118790,6.754255,6.754255,187.970443
6.744641,0.540181,73.742901,3.834868,3.834868,298.980413
7.734326,0.530019,24.955841,6.379031,6.379031,215.364753
6.894109,0.473345,17.769968,7.608830,7.608830,221.412533
6.946198,0.457803,16.309151,5.470530,5.470530,192.644716
6.829576,0.630536,15.884391,11.298508,11.298508,198.067383
6.196704,0.787532,14.310839,5.503997,5.503997,209.736563
6.036883,0.708248,13.014729,16.039533,16.039533,152.311255
8.564784,1.016770,14.541521,8.400982,8.400982,191.487245
5.679569,0.892351,13.132616,5.617154,5.617154,100.889959
5.469596,0.757981,13.246576,8.850512,8.850512,119.401068
5.862187,0.736135,12.456007,6.787225,6.787225,81.047019
5.794407,0.817962,13.990768,5.731383,5.731383,101.653531
5.617614,0.708147,11.306714,4.032125,4.032125,53.886919
6.078662,0.830861,9.384340,6.913558,6.913558,56.852678
5.456357,0.778679,9.216962,3.813512,3.813512,40.739031
5.814360,0.834639,8.754675,3.791982,3.791982,41.834532
5.988615,0.869998,8.747345,4.014208,4.014208,44.972763
5.246431,0.813246,9.178013,60.998553,60.998553,95.962456
5.109801,0.758117,66.360415,12.492253,12.492253,108.521178
5.326864,0.739682,11.024674,2.904097,2.904097,46.305264
5.119561,0.650603,10.915538,2.199531,2.199531,36.841111
6.073228,0.627204,10.130326,2.263197,2.263197,39.501151
5.540263,0.693710,9.920054,3.550565,3.550565,53.034314
5.361792,0.881667,8.260748,3.714366,3.714366,96.306725
6.128828,0.907214,7.066109,1.455137,1.455137,32.684103
5.462264,0.926036,6.226549,1.339539,1.339539,36.540490
4.931820,0.868190,7.077584,1.469084,1.469084,88.457316
5.066722,0.859959,6.132559,1.061362,1.061362,29.742323
5.518205,0.888292,6.387741,2.137525,2.137525,36.679849
5.570722,0.793084,6.617311,2.531199,2.531199,34.201117
5.208914,0.767455,5.275864,1.171651,1.171651,26.922464
63.770579,0.672714,6.590247,1.541053,1.541053,89.847637
5.840035,0.873895,7.527717,3.149926,3.149926,44.883108
5.400512,0.943812,8.414668,64.347295,64.347295,105.741600
7.268036,1.302556,7.787404,1.236451,1.236451,38.316493
