#Stereo rect[ms], MP culling[ms], MP creation[ms], LBA[ms], KF culling[ms], Total[ms]
3.008436,0.033414,0.288002,0.005260,0.005260,3.340322
3.334114,0.176821,1.163312,0.001423,0.001423,4.678195
4.963163,0.251281,1.705800,0.469661,0.469661,16.267437
5.222244,0.383790,2.938023,0.399870,0.399870,18.128137
4.110181,0.142387,2.332426,0.460334,0.460334,17.738559
3.999104,0.111339,3.025246,0.544332,0.544332,19.734038
3.462487,0.100609,3.205084,0.662944,0.662944,21.210188
6.063047,0.244088,5.661453,0.573907,0.573907,26.587278
4.672128,0.131862,5.068246,0.957612,0.957612,27.923067
4.652134,0.150157,5.943191,0.990425,0.990425,32.337043
4.522977,0.146521,4.696488,0.991468,0.991468,31.310807
4.438157,0.214881,6.404982,0.948265,0.948265,33.305232
4.503160,0.302861,6.622270,0.990961,0.990961,34.505460
4.943936,0.194973,6.586838,1.391402,1.391402,36.892192
4.295277,0.194071,7.391820,1.798857,1.798857,40.668072
4.201598,0.171108,7.223109,1.603588,1.603588,41.395136
4.919452,0.170747,9.197677,2.269041,2.269041,45.062714
4.640369,0.125730,8.298659,1.966263,1.966263,49.102725
4.357915,0.085111,8.802504,1.993740,1.993740,47.819383
4.649747,0.116870,8.511422,1.975686,1.975686,49.354816
4.281565,0.117424,10.261317,1.992560,1.992560,55.484991
5.063380,0.128977,10.004969,2.485121,2.485121,59.641581
5.301087,0.140018,9.860936,2.333231,2.333231,61.970218
5.304813,0.216304,11.375863,2.484551,2.484551,65.958162
6.397153,0.178462,12.449018,5.358531,5.358531,91.715517
5.193772,0.198033,10.997175,4.095752,4.095752,74.049826
6.848387,0.273956,14.924406,2.675906,2.675906,76.663100
4.871147,0.177274,11.668265,4.177560,4.177560,77.087585
5.649055,0.199527,11.874486,5.461132,5.461132,106.430491
5.450383,0.184072,10.719129,5.291970,5.291970,86.406781
6.753534,0.177559,11.731076,3.633382,3.633382,102.112749
5.771410,0.155557,10.669749,6.981762,6.981762,94.639119
5.874517,0.151350,11.516509,4.076621,4.076621,103.180160
5.445227,0.137253,10.636567,5.446390,5.446390,99.765923
4.715471,0.109236,12.026772,6.373504,6.373504,127.576594
4.797937,0.096872,12.624581,7.036999,7.036999,119.080606
4.746743,0.104216,10.067545,5.295126,5.295126,117.284095
4.887398,0.124976,10.995055,5.585003,5.585003,126.551166
4.922653,0.155727,10.740096,6.614660,6.614660,138.158351
6.210498,0.146680,10.783413,5.193829,5.193829,125.018142
6.149197,0.174914,10.689315,5.353614,5.353614,133.212088
5.465468,0.206755,11.626195,6.213977,6.213977,144.701168
5.558637,0.229669,11.684348,5.333211,5.333211,132.193264
4.716597,0.188897,12.279752,4.509737,4.509737,117.614288
5.467697,0.168067,12.130412,4.903643,4.903643,136.949878
5.073873,0.223446,14.538664,4.719797,4.719797,136.845754
5.925349,0.186335,12.031252,7.263773,7.263773,143.117005
5.223150,0.181366,12.160818,4.684752,4.684752,130.384247
4.705292,0.212806,11.515671,6.368868,6.368868,130.179513
4.945285,0.212816,12.016521,4.751347,4.751347,137.343438
5.380517,0.292923,13.573036,5.200750,5.200750,139.737216
5.912228,0.294562,12.311656,4.479255,4.479255,139.886799
5.229066,0.189963,12.792013,6.464392,6.464392,139.909312
5.706016,0.244967,13.232707,5.760371,5.760371,169.565422
5.715955,0.231362,14.608831,8.609255,8.609255,175.844371
5.451752,0.249195,13.868392,8.090137,8.090137,152.521676
5.888907,0.189211,14.000335,5.849863,5.849863,159.630711
5.355499,0.296486,12.975870,8.008114,8.008114,151.466366
4.947292,0.120278,11.771958,6.365797,6.365797,147.257728
4.947753,0.188998,12.875377,9.440915,9.440915,170.356811
5.259704,0.146016,12.420489,5.874107,5.874107,182.740353
5.391304,0.166024,13.262151,6.327316,6.327316,176.551952
5.226106,0.184542,13.690628,5.750375,5.750375,170.155547
5.834077,0.174092,15.654885,6.568727,6.568727,170.246131
4.885026,0.197337,11.378821,5.811153,5.811153,156.905369
4.769176,0.133084,9.596984,9.694039,9.694039,148.434003
4.750470,0.115310,10.204473,4.700425,4.700425,144.475327
5.106249,0.203098,10.571423,7.213429,7.213429,140.862971
5.664516,0.147522,11.263193,7.498202,7.498202,147.372655
4.423799,0.116171,10.901015,7.891153,7.891153,145.739818
5.013697,0.144805,9.442637,5.968606,5.968606,135.642516
4.667832,0.087997,10.023087,7.024697,7.024697,128.868034
5.366276,0.145035,9.886589,7.557918,7.557918,144.341813
4.628388,0.125888,11.397783,5.969829,5.969829,140.185538
5.183222,0.142722,10.389929,5.190366,5.190366,167.533232
5.380659,0.122554,11.519623,5.466282,5.466282,172.275562
5.424544,0.138554,11.632981,9.714484,9.714484,165.351940
5.711050,0.155947,10.860831,9.854171,9.854171,185.400628
4.925022,0.140508,14.142119,5.037797,5.037797,164.981799
5.570750,0.235957,15.391838,7.481698,7.481698,160.276950
5.217521,0.277566,13.607210,6.115111,6.115111,161.808263
4.848353,0.220137,14.729948,5.249781,5.249781,158.526281
5.293270,0.245568,14.025756,7.733031,7.733031,150.580907
5.456903,0.329639,12.632623,6.313856,6.313856,167.360970
5.071175,0.480480,10.637207,4.878781,4.878781,148.059627
5.277327,0.410142,14.453736,11.155831,11.155831,179.721146
4.894138,0.345619,13.245756,7.630513,7.630513,170.261416
5.077316,0.234515,12.047485,9.745746,9.745746,174.606689
5.429856,0.178340,14.713293,7.381564,7.381564,170.436457
5.999191,0.273872,14.106320,5.508988,5.508988,185.306283
5.115990,0.115320,14.176505,8.124242,8.124242,197.945447
5.726775,0.209177,12.059448,5.174838,5.174838,149.131552
5.541048,0.217645,12.539267,7.638883,7.638883,171.727234
5.550043,0.245378,11.103594,8.431473,8.431473,171.317724
5.203595,0.276817,10.010323,7.286132,7.286132,95.308048
4.779110,0.285348,12.000737,2.976383,2.976383,117.144310
4.436401,0.268721,9.104003,7.300667,7.300667,107.922967
4.289022,0.298612,10.368624,5.944650,5.944650,76.071606
4.772216,2.074838,13.177280,9.970879,9.970879,100.499395
4.374304,0.247551,12.899781,3.286328,3.286328,73.368345
4.523670,0.273655,10.493055,3.191106,3.191106,108.425841
4.557186,0.228109,9.991131,5.664288,5.664288,104.107143
4.471554,0.235308,10.027682,6.819616,6.819616,130.123012
4.844634,0.243703,12.793596,6.174927,6.174927,136.341908
5.569843,0.300701,11.725299,6.682572,6.682572,145.306969
6.639719,0.402685,20.513514,13.239578,13.239578,197.483731
5.428837,0.399821,22.482789,11.445307,11.445307,195.961975
4.757243,0.153840,13.172138,10.171578,10.171578,160.748075
6.034000,0.176726,12.116615,6.487098,6.487098,150.365123
5.986257,0.250922,14.844860,6.022147,6.022147,140.903120
5.494051,0.201445,11.730469,7.753197,7.753197,136.845250
5.724222,0.405598,12.802390,7.660526,7.660526,130.396157
5.718567,0.277252,11.469443,8.860612,8.860612,98.400749
6.479142,0.294412,12.850375,5.763850,5.763850,116.701146
5.725684,0.319495,10.935146,8.616549,8.616549,94.630003
4.542914,0.270005,12.563471,6.425619,6.425619,91.928228
4.932898,0.325628,11.631841,7.233731,7.233731,100.202888
5.715133,0.306044,10.307733,5.121850,5.121850,103.173619
5.445419,0.311495,9.579164,5.265052,5.265052,106.176817
5.273767,0.356318,10.901178,5.964632,5.964632,104.051078
5.603242,0.294208,11.303772,9.093202,9.093202,103.342721
4.784404,0.220386,11.348050,7.969015,7.969015,94.851363
5.200660,0.242710,10.887744,6.667165,6.667165,138.121866
4.995494,0.234735,12.565638,13.307866,13.307866,141.623928
4.657764,0.210378,10.152082,6.739936,6.739936,128.588831
4.994093,0.231240,12.552759,8.829155,8.829155,120.154274
5.072653,0.229787,13.240853,6.625261,6.625261,127.087982
5.500304,0.258122,12.004094,8.290200,8.290200,124.346737
8.774317,3.881573,18.000264,41.656592,41.656592,242.618523
8.781513,0.613998,25.538479,15.046495,15.046495,242.196586
9.110545,0.786660,40.988767,16.454322,16.454322,263.006370
8.943681,0.782256,19.815319,20.945033,20.945033,262.094683
9.826306,0.710120,28.021413,17.538306,17.538306,256.745405
7.502415,0.648761,22.245901,20.995706,20.995706,246.605956
8.160773,0.401046,20.797744,22.202820,22.202820,311.739604
9.749068,0.642306,34.031384,16.886004,16.886004,262.286490
6.571914,0.350600,15.693377,26.946147,26.946147,222.712572
8.776745,0.584329,27.068569,19.052412,19.052412,248.222512
7.670383,0.419041,23.530771,29.632970,29.632970,291.492835
8.314977,0.430663,23.999732,13.506454,13.506454,249.028771
10.735143,0.485680,20.287221,14.923869,14.923869,210.601603
7.934067,0.378763,19.721756,17.576972,17.576972,231.420177
7.994013,0.500453,15.460648,15.923271,15.923271,198.848152
7.377416,0.355465,15.298489,19.125011,19.125011,215.109914
7.098838,0.351008,19.294639,20.526258,20.526258,225.876449
8.307278,0.415954,22.941867,18.235040,18.235040,220.090493
8.332053,0.335038,21.046997,23.925301,23.925301,263.757901
10.459109,0.536728,20.685225,29.316034,29.316034,310.161885
6.834925,0.304649,16.227250,12.791121,12.791121,230.750996
12.612568,0.586946,27.125754,16.732182,16.732182,295.993142
6.946507,0.303819,14.533274,18.487040,18.487040,234.470019
8.235827,0.249379,16.037308,22.951119,22.951119,233.237240
8.841783,0.342161,20.242492,23.831159,23.831159,256.598606
7.441502,0.524777,23.950354,29.069057,29.069057,288.499707
9.847726,0.558980,27.633622,18.624808,18.624808,303.163366
8.634700,0.379502,20.566820,21.025474,21.025474,254.586457
8.437827,0.427525,17.385078,17.937013,17.937013,231.075241
7.395753,0.317673,14.703164,24.347349,24.347349,268.573378
7.355730,0.377259,16.859353,25.943685,25.943685,295.530003
8.336608,0.436884,25.495361,25.686211,25.686211,291.198171
7.856987,0.421716,21.920273,14.768480,14.768480,296.901913
7.594781,0.406038,20.819542,22.527119,22.527119,304.606971
8.210139,0.557803,26.994831,23.548191,23.548191,311.946388
10.422840,0.591220,28.337265,29.191465,29.191465,353.927157
8.190360,0.326931,20.877159,15.573454,15.573454,255.048738
9.593536,0.349655,21.241370,14.358780,14.358780,317.602185
7.717720,0.318205,17.881983,24.414036,24.414036,273.759440
9.111031,0.269579,21.563507,17.934210,17.934210,303.978170
8.114821,0.312489,27.501319,39.418704,39.418704,342.022788
10.220185,0.316977,24.758160,28.737294,28.737294,376.524050
7.480944,0.347600,22.750079,27.312782,27.312782,335.491403
7.954515,0.202140,24.475307,15.840007,15.840007,299.509976
8.628694,0.275672,25.199681,32.354691,32.354691,339.812405
8.585005,0.252327,26.049089,17.326951,17.326951,368.366245
8.732358,0.282425,31.206068,24.630449,24.630449,373.779364
8.542238,0.289710,28.121219,21.406397,21.406397,410.652789
11.281966,0.447816,37.001077,17.770954,17.770954,403.466775
9.968390,0.724557,29.280477,27.341176,27.341176,382.413031
10.426948,0.289126,33.241038,30.693531,30.693531,395.070923
12.399033,0.335706,47.848648,28.354450,28.354450,379.996242
10.083098,0.356356,30.808586,41.176661,41.176661,379.736591
13.052901,0.461579,44.542269,37.326280,37.326280,409.534362
9.806107,0.373851,32.051758,50.402590,50.402590,366.215541
14.651529,0.510253,31.997927,42.776594,42.776594,432.064043
11.899791,0.303215,21.025264,20.561385,20.561385,337.911789
16.618070,0.615873,35.409322,72.175558,72.175558,620.185430
11.102927,0.373543,34.060805,24.217823,24.217823,364.765543
12.577992,5.586189,36.952513,34.711822,34.711822,405.695121
10.060124,0.347599,19.163112,39.879660,39.879660,351.332849
9.365281,0.264029,29.515980,36.363729,36.363729,396.235488
11.307166,0.472149,30.673697,23.119171,23.119171,352.948779
10.622704,0.621778,25.390791,33.402415,33.402415,389.940731
9.127196,0.377277,21.918535,59.826380,59.826380,401.009261
11.962763,0.478702,28.711561,36.255382,36.255382,362.601612
10.636961,0.477089,16.864149,22.756574,22.756574,307.941886
8.676740,0.297593,30.457517,43.289367,43.289367,415.796687
10.307094,0.384054,24.117324,29.668482,29.668482,386.202633
11.305760,0.654144,40.036890,44.487723,44.487723,482.446599
10.337598,0.425698,30.803049,28.328401,28.328401,386.390360
10.396078,0.371735,23.443371,20.760112,20.760112,346.812889
10.714458,0.271893,19.096732,31.224842,31.224842,344.419215
12.532122,0.414678,21.194311,26.783815,26.783815,395.132786
11.417009,0.505272,27.498753,38.982806,38.982806,405.007098
12.102853,0.475264,19.842855,16.692039,16.692039,367.586043
12.895951,0.396324,33.613611,48.399298,48.399298,495.694447
18.205573,0.455107,36.280422,36.836071,36.836071,456.037318
22.431776,0.441663,62.827341,32.414559,32.414559,533.423898
8.723608,0.207428,21.801400,38.484172,38.484172,433.148814
16.436872,0.318953,27.080011,31.394338,31.394338,442.915678
14.094350,0.441488,27.702001,46.916454,46.916454,503.540600
9.933954,0.295128,25.789810,27.084556,27.084556,388.862178
13.594260,0.540907,31.714355,37.317229,37.317229,496.773532
11.642735,0.381043,28.277427,42.045684,42.045684,485.332890
9.176721,0.275761,31.124944,35.026093,35.026093,427.471608
10.182152,0.317501,26.725793,54.925480,54.925480,479.988458
14.990602,0.474866,34.863035,43.908314,43.908314,539.245432
10.351694,0.372625,30.123022,26.865919,26.865919,434.962358
12.530047,0.295130,22.581983,55.487754,55.487754,483.747622
14.552057,0.389058,27.748040,28.996708,28.996708,465.350047
10.249413,0.264939,33.971632,36.550727,36.550727,416.115327
10.192061,0.288985,21.081637,35.679374,35.679374,393.364808
12.707894,0.505432,31.067762,27.730594,27.730594,400.634884
9.329925,0.519859,24.452915,30.492349,30.492349,280.026831
9.184598,0.443397,27.387010,51.264883,51.264883,357.387890
10.800681,0.418253,21.090085,36.361028,36.361028,331.365022
10.967308,0.455695,41.194340,32.125145,32.125145,427.335112
11.987651,0.515420,35.417777,50.313130,50.313130,360.511215
8.824954,0.399187,23.931268,33.290169,33.290169,392.915097
11.014240,0.482397,23.743609,44.630285,44.630285,344.951516
12.135293,0.485968,22.052575,23.407206,23.407206,302.619456
9.203646,0.577269,17.126137,26.216712,26.216712,259.511807
9.878887,0.353290,32.690613,44.978635,44.978635,358.279025
11.268029,0.461002,37.739603,68.956678,68.956678,393.935614
8.904990,0.451586,29.813236,38.115769,38.115769,356.656499
10.691272,0.372575,30.374846,27.976049,27.976049,320.444126
14.020808,0.830581,27.238566,34.866801,34.866801,435.225567
9.879079,0.370010,26.174678,15.666935,15.666935,367.301390
11.083220,0.493958,20.053967,41.676144,41.676144,335.475059
11.056837,0.532695,26.686338,40.534982,40.534982,382.936736
10.070490,0.553956,21.988060,31.806566,31.806566,331.957386
8.394168,0.277071,18.277948,36.646140,36.646140,328.996847
12.699098,0.409996,27.495003,36.086574,36.086574,475.198111
8.703989,0.259718,22.948573,31.446309,31.446309,415.681821
10.481386,0.310646,25.782753,23.171168,23.171168,291.902809
10.315652,0.286470,31.653094,45.602307,45.602307,404.425418
16.747817,0.405389,32.139026,77.009006,77.009006,670.244278
14.158961,0.348072,39.379856,51.980434,51.980434,679.929247
18.426527,0.271549,79.015795,22.125944,22.125944,379.173147
11.482962,0.221915,27.473011,48.743318,48.743318,503.607277
12.029427,0.244769,41.640620,42.001315,42.001315,593.912909
18.699687,0.398564,53.514917,40.279423,40.279423,610.826099
11.763945,0.419735,38.905964,24.520479,24.520479,493.454608
12.859545,0.228749,41.369134,46.479725,46.479725,578.033184
14.357637,0.369162,39.621824,38.573096,38.573096,539.422057
13.182185,0.409985,31.090430,31.119891,31.119891,531.342519
12.476870,0.488587,49.890848,41.988558,41.988558,602.439758
12.233687,0.437098,31.538048,30.136609,30.136609,599.574455
12.056213,0.337384,28.935518,51.702032,51.702032,588.212917
14.837360,0.323737,40.019415,42.444395,42.444395,630.125730
16.730312,0.617559,37.836613,48.400953,48.400953,696.582383
14.850787,0.281209,43.292061,60.316715,60.316715,633.953018
16.593226,0.282010,33.589038,35.207327,35.207327,590.207698
15.749922,0.239299,34.683197,55.934076,55.934076,682.038028
12.786869,0.325765,47.294309,94.204044,94.204044,680.264008
19.488932,4.819318,57.955709,81.432925,81.432925,742.710362
14.628089,0.202942,48.374447,50.778850,50.778850,696.825046
15.489712,0.264176,46.915451,46.909628,46.909628,678.416054
10.978907,0.194877,34.015421,38.254016,38.254016,489.452091
