#Image Rect[ms], Image Resize[ms], ORB ext[ms], Stereo match[ms], IMU preint[ms], Pose pred[ms], LM track[ms], KF dec[ms], Total[ms]
0.000000,0.000000,11594.197900,0.000000,0.000000,9.795672,3.083294,0.644871,11596.996286
0.000000,0.000000,21.148444,0.000000,0.000000,3.011426,2.612615,0.555320,35.994874
0.000000,0.000000,22.309320,0.000000,0.000000,2.824890,2.705232,0.527466,29.578600
0.000000,0.000000,20.621068,0.000000,0.000000,2.790063,3.104274,0.087036,27.665099
0.000000,0.000000,22.930114,0.000000,0.000000,1.760329,2.893971,0.703542,30.124682
0.000000,0.000000,21.291388,0.000000,0.000000,2.719348,3.300839,0.086235,27.865982
0.000000,0.000000,21.585521,0.000000,0.000000,1.514961,2.954077,0.623820,28.846015
0.000000,0.000000,21.760029,0.000000,0.000000,2.964167,3.212902,0.094741,28.012432
0.000000,0.000000,21.319238,0.000000,0.000000,1.947337,3.438572,0.705226,28.966974
0.000000,0.000000,22.180041,0.000000,0.000000,5.282581,5.693586,0.179673,29.521722
0.000000,0.000000,22.162910,0.000000,0.000000,1.624731,3.908099,0.832659,35.567382
0.000000,0.000000,22.447878,0.000000,0.000000,3.339798,3.992487,0.093739,30.199122
0.000000,0.000000,20.696821,0.000000,0.000000,1.669548,3.737268,0.781236,29.779927
0.000000,0.000000,21.457869,0.000000,0.000000,2.774505,3.336460,0.059464,29.483141
0.000000,0.000000,25.890470,0.000000,0.000000,1.428256,3.198917,0.636119,33.454948
0.000000,0.000000,20.054802,0.000000,0.000000,2.592597,3.315672,0.077258,26.707223
0.000000,0.000000,20.572410,0.000000,0.000000,1.884761,4.122848,0.876790,27.977186
0.000000,0.000000,21.243396,0.000000,0.000000,2.936115,3.679729,0.099621,29.756314
0.000000,0.000000,21.451174,0.000000,0.000000,1.655191,3.456632,0.686695,29.658486
0.000000,0.000000,20.854561,0.000000,0.000000,2.838157,3.667126,0.091355,28.243967
0.000000,0.000000,21.474027,0.000000,0.000000,1.679788,3.160124,0.657700,29.749350
0.000000,0.000000,21.019577,0.000000,0.000000,2.853837,4.405319,0.195715,27.946286
0.000000,0.000000,21.859916,0.000000,0.000000,2.025821,3.520495,0.678560,31.413608
0.000000,0.000000,25.451868,0.000000,0.000000,3.159162,4.118330,0.136668,33.336092
0.000000,0.000000,21.363046,0.000000,0.000000,1.804979,4.026344,0.792719,30.784852
0.000000,0.000000,21.577109,0.000000,0.000000,2.663874,3.661426,0.063622,29.818501
0.000000,0.000000,23.024286,0.000000,0.000000,1.466691,3.153602,0.741591,31.112353
0.000000,0.000000,26.425092,0.000000,0.000000,2.782350,3.939806,0.072525,33.138172
0.000000,0.000000,22.633414,0.000000,0.000000,1.477190,3.589955,0.830837,31.137377
0.000000,0.000000,21.711686,0.000000,0.000000,2.931990,3.903940,0.138778,28.984579
0.000000,0.000000,21.482709,0.000000,0.000000,1.251700,3.397105,0.657714,30.393572
0.000000,0.000000,20.626385,0.000000,0.000000,2.650175,4.655418,0.167212,27.391251
0.000000,0.000000,22.487030,0.000000,0.000000,1.401479,3.832185,0.746399,32.007447
0.000000,0.000000,22.041191,0.000000,0.000000,3.221480,4.974825,0.158064,29.633437
0.000000,0.000000,27.483039,0.000000,0.000000,1.549124,3.589134,0.057027,37.957936
0.000000,0.000000,21.159465,0.000000,0.000000,1.212638,3.476645,0.643708,27.824447
0.000000,0.000000,21.661153,0.000000,0.000000,2.996951,4.550875,0.072185,28.430219
0.000000,0.000000,22.322621,0.000000,0.000000,1.563392,3.647012,0.078106,31.580894
0.000000,0.000000,21.533691,0.000000,0.000000,1.216045,3.275870,0.652035,28.245813
0.000000,0.000000,22.157513,0.000000,0.000000,2.926460,3.932894,0.070261,28.661165
0.000000,0.000000,24.156816,0.000000,0.000000,1.635415,3.768598,0.069710,32.546371
0.000000,0.000000,22.039143,0.000000,0.000000,1.278701,3.465054,0.645503,28.990549
0.000000,0.000000,20.939656,0.000000,0.000000,3.291279,8.064790,0.244094,27.759397
0.000000,0.000000,23.003991,0.000000,0.000000,1.727157,4.152334,0.102822,37.089763
0.000000,0.000000,22.129589,0.000000,0.000000,1.467603,4.245158,0.671360,29.599182
0.000000,0.000000,21.955637,0.000000,0.000000,3.540715,6.053776,0.158475,29.867072
0.000000,0.000000,24.063431,0.000000,0.000000,2.231477,4.349552,0.082103,35.974658
0.000000,0.000000,23.476799,0.000000,0.000000,1.697281,4.190896,0.644992,31.703663
0.000000,0.000000,21.464901,0.000000,0.000000,3.472719,6.080285,0.172001,29.487665
0.000000,0.000000,22.715592,0.000000,0.000000,2.008796,4.422217,0.070561,34.873107
0.000000,0.000000,21.085631,0.000000,0.000000,1.621483,3.787096,0.670593,29.111934
0.000000,0.000000,21.379889,0.000000,0.000000,3.333589,5.695789,0.138635,28.975111
0.000000,0.000000,22.471417,0.000000,0.000000,1.876843,4.032697,0.056388,33.847715
0.000000,0.000000,20.816359,0.000000,0.000000,1.669184,4.112690,0.600630,28.344886
0.000000,0.000000,20.895089,0.000000,0.000000,2.930498,5.565942,0.115240,28.780008
0.000000,0.000000,21.564159,0.000000,0.000000,2.062086,4.241578,0.115872,32.112827
0.000000,0.000000,21.315062,0.000000,0.000000,1.639858,4.930620,0.680522,29.390216
0.000000,0.000000,23.043559,0.000000,0.000000,3.903561,5.925581,0.264366,32.264439
0.000000,0.000000,23.490807,0.000000,0.000000,1.905266,6.268627,0.128196,36.961157
0.000000,0.000000,21.725848,0.000000,0.000000,3.520538,7.856182,0.811102,32.188771
0.000000,0.000000,24.077341,0.000000,0.000000,3.193071,5.786324,0.147232,38.682558
0.000000,0.000000,24.819156,0.000000,0.000000,2.069054,4.444126,0.060496,36.165550
0.000000,0.000000,21.879135,0.000000,0.000000,1.939593,5.445584,0.672898,30.021734
0.000000,0.000000,22.990639,0.000000,0.000000,3.172753,6.793319,0.233417,32.871693
0.000000,0.000000,23.041624,0.000000,0.000000,1.934834,5.526478,0.070946,35.945821
0.000000,0.000000,20.888291,0.000000,0.000000,2.817724,5.290845,0.607122,30.080647
0.000000,0.000000,21.161294,0.000000,0.000000,4.484474,6.667202,0.165477,31.942570
0.000000,0.000000,22.604065,0.000000,0.000000,2.224057,5.274606,0.109590,36.493631
0.000000,0.000000,21.315660,0.000000,0.000000,2.556613,7.287400,0.680693,31.345378
0.000000,0.000000,20.929791,0.000000,0.000000,3.048595,6.641096,0.152572,33.191982
0.000000,0.000000,21.237998,0.000000,0.000000,2.210772,5.387313,0.074904,33.442111
0.000000,0.000000,20.154634,0.000000,0.000000,2.370378,5.390159,0.071547,29.429700
0.000000,0.000000,21.274809,0.000000,0.000000,2.042079,5.685414,0.110331,30.858556
0.000000,0.000000,20.367081,0.000000,0.000000,1.831015,4.714375,0.533461,29.802624
0.000000,0.000000,20.551253,0.000000,0.000000,3.629107,5.567849,0.093469,29.187897
0.000000,0.000000,22.490787,0.000000,0.000000,2.348236,6.181013,0.103969,33.819674
0.000000,0.000000,20.959425,0.000000,0.000000,2.219158,5.521611,0.081155,31.231630
0.000000,0.000000,20.400886,0.000000,0.000000,2.236422,4.193428,0.062660,29.826139
0.000000,0.000000,20.913878,0.000000,0.000000,2.005509,5.253277,0.641728,29.135678
0.000000,0.000000,21.350244,0.000000,0.000000,4.902347,7.016264,0.134788,30.818790
0.000000,0.000000,23.373705,0.000000,0.000000,2.898690,7.308223,0.104019,37.599263
0.000000,0.000000,20.606126,0.000000,0.000000,2.236182,4.647412,0.121563,32.554724
0.000000,0.000000,20.510539,0.000000,0.000000,2.216995,5.300039,0.091936,29.394373
0.000000,0.000000,22.479642,0.000000,0.000000,2.104028,6.148422,0.150919,31.983450
0.000000,0.000000,20.550584,0.000000,0.000000,2.051097,5.959345,0.754225,31.652324
0.000000,0.000000,20.970753,0.000000,0.000000,3.382165,5.030342,0.124539,32.314925
0.000000,0.000000,20.431695,0.000000,0.000000,3.356426,5.090026,0.066247,30.906793
0.000000,0.000000,21.561886,0.000000,0.000000,2.264386,4.756337,0.110632,31.479063
0.000000,0.000000,20.695856,0.000000,0.000000,2.107530,3.917602,0.140559,29.385896
0.000000,0.000000,20.804397,0.000000,0.000000,1.986865,3.808834,0.629686,28.797840
0.000000,0.000000,21.131699,0.000000,0.000000,3.764560,5.437473,0.081346,29.090040
0.000000,0.000000,20.852849,0.000000,0.000000,2.495218,5.697351,0.132564,33.637822
0.000000,0.000000,20.726041,0.000000,0.000000,2.304734,4.484328,0.103338,30.773022
0.000000,0.000000,21.743761,0.000000,0.000000,1.883577,3.455046,0.886177,30.179316
0.000000,0.000000,20.485210,0.000000,0.000000,3.397857,7.016056,0.128045,28.694240
0.000000,0.000000,22.850801,0.000000,0.000000,2.423641,5.093704,0.107085,36.772325
0.000000,0.000000,21.247491,0.000000,0.000000,1.926891,4.013486,0.611291,30.466775
0.000000,0.000000,21.767166,0.000000,0.000000,3.598192,4.266542,0.131723,29.807083
0.000000,0.000000,22.201212,0.000000,0.000000,2.107166,3.703563,0.065856,34.752805
0.000000,0.000000,21.808953,0.000000,0.000000,1.789709,3.321240,0.806085,29.014985
0.000000,0.000000,22.390185,0.000000,0.000000,3.440364,4.632731,0.100496,30.064358
0.000000,0.000000,21.922532,0.000000,0.000000,2.100275,3.511773,0.131624,31.756804
0.000000,0.000000,22.236659,0.000000,0.000000,1.616137,2.680021,0.544560,29.541195
0.000000,0.000000,21.334796,0.000000,0.000000,2.839055,3.999307,0.087502,27.450819
0.000000,0.000000,21.618572,0.000000,0.000000,1.638800,3.054775,0.050072,30.206179
0.000000,0.000000,22.753016,0.000000,0.000000,1.633119,2.944561,0.541414,28.717297
0.000000,0.000000,21.155213,0.000000,0.000000,2.817205,4.408667,0.092291,27.561204
0.000000,0.000000,20.000577,0.000000,0.000000,1.681189,2.872679,0.103162,29.169956
0.000000,0.000000,20.785876,0.000000,0.000000,1.418801,2.835069,0.496311,26.840608
0.000000,0.000000,25.311508,0.000000,0.000000,2.962816,3.283921,0.058028,31.385825
0.000000,0.000000,20.692983,0.000000,0.000000,1.588847,3.299881,0.116897,28.365443
0.000000,0.000000,20.758434,0.000000,0.000000,1.576464,3.371974,0.470643,27.111609
0.000000,0.000000,20.666775,0.000000,0.000000,2.632823,3.035380,0.050885,27.363757
0.000000,0.000000,21.028840,0.000000,0.000000,1.896297,3.414784,0.072685,28.058510
0.000000,0.000000,20.956811,0.000000,0.000000,1.437657,2.899979,0.525285,27.704118
0.000000,0.000000,20.569675,0.000000,0.000000,2.666997,3.156345,0.050764,26.845385
0.000000,0.000000,21.360712,0.000000,0.000000,1.934938,3.036253,0.050226,28.486078
0.000000,0.000000,21.337778,0.000000,0.000000,1.571353,2.882489,0.518611,27.754602
0.000000,0.000000,20.230365,0.000000,0.000000,2.568428,3.620931,0.103708,26.389187
0.000000,0.000000,21.547967,0.000000,0.000000,1.897206,3.673190,0.075785,29.465059
0.000000,0.000000,21.064660,0.000000,0.000000,1.770644,3.946673,0.567885,28.117329
0.000000,0.000000,22.548218,0.000000,0.000000,2.711883,3.721904,0.063932,30.303571
0.000000,0.000000,20.736392,0.000000,0.000000,1.724515,3.213461,0.525204,28.703540
0.000000,0.000000,20.469219,0.000000,0.000000,2.687226,3.352668,0.060696,27.497384
0.000000,0.000000,21.956215,0.000000,0.000000,1.830739,3.163586,0.476380,29.769361
0.000000,0.000000,21.594764,0.000000,0.000000,2.355783,3.453812,0.057169,28.483961
0.000000,0.000000,21.048056,0.000000,0.000000,1.748582,3.366906,0.481410,28.407573
0.000000,0.000000,21.393556,0.000000,0.000000,2.388766,3.386554,0.052681,28.394088
0.000000,0.000000,22.685482,0.000000,0.000000,1.970516,3.220847,0.592953,30.049328
0.000000,0.000000,21.696565,0.000000,0.000000,3.019532,3.790696,0.058351,28.963084
0.000000,0.000000,21.063945,0.000000,0.000000,1.903829,3.549856,0.464488,29.394740
0.000000,0.000000,21.047361,0.000000,0.000000,2.642902,3.900877,0.098168,28.319602
0.000000,0.000000,21.614537,0.000000,0.000000,1.951010,4.100399,0.601460,29.787290
0.000000,0.000000,21.052423,0.000000,0.000000,3.097371,5.385244,0.127544,29.198907
0.000000,0.000000,21.803228,0.000000,0.000000,2.602665,4.470786,0.701802,32.291437
0.000000,0.000000,22.486785,0.000000,0.000000,3.311220,6.523072,0.125260,32.426434
0.000000,0.000000,22.400359,0.000000,0.000000,4.622030,6.075916,1.254809,35.711709
0.000000,0.000000,27.729838,0.000000,0.000000,5.276708,6.670805,0.118567,42.602112
0.000000,0.000000,25.248471,0.000000,0.000000,2.243289,4.487490,0.643911,39.865064
0.000000,0.000000,22.675462,0.000000,0.000000,3.082203,5.660993,0.095613,31.654430
0.000000,0.000000,23.561480,0.000000,0.000000,1.905703,5.344879,0.116483,34.237251
0.000000,0.000000,23.400238,0.000000,0.000000,1.660505,4.089949,0.698355,32.575241
0.000000,0.000000,22.192229,0.000000,0.000000,4.005758,8.721728,0.170807,30.340458
0.000000,0.000000,24.258008,0.000000,0.000000,2.122829,5.177269,0.233196,39.031094
0.000000,0.000000,21.596931,0.000000,0.000000,1.638653,4.837932,0.684509,31.350270
0.000000,0.000000,21.764862,0.000000,0.000000,4.523479,8.303066,0.284474,30.503913
0.000000,0.000000,21.958372,0.000000,0.000000,1.714589,4.550632,0.107475,37.664264
0.000000,0.000000,20.417019,0.000000,0.000000,1.353939,5.292982,0.631097,28.376330
0.000000,0.000000,19.704627,0.000000,0.000000,3.214858,5.717253,2.651803,28.434640
0.000000,0.000000,19.590099,0.000000,0.000000,1.844217,4.283872,0.091915,33.554664
0.000000,0.000000,20.661218,0.000000,0.000000,1.440094,6.298303,0.808085,28.345282
0.000000,0.000000,23.366225,0.000000,0.000000,3.650691,7.534207,0.171338,33.672933
0.000000,0.000000,24.983722,0.000000,0.000000,2.356196,5.020532,0.094580,38.580693
0.000000,0.000000,31.908544,0.000000,0.000000,2.344714,5.907849,0.988291,41.433481
0.000000,0.000000,26.043421,0.000000,0.000000,3.052948,5.374118,0.142162,37.495634
0.000000,0.000000,27.654168,0.000000,0.000000,1.694240,3.865633,0.062990,38.272165
0.000000,0.000000,19.708393,0.000000,0.000000,1.386041,4.736649,0.878390,26.819131
0.000000,0.000000,21.666507,0.000000,0.000000,3.970753,5.527221,0.153554,30.161173
0.000000,0.000000,27.039764,0.000000,0.000000,2.304186,4.617010,0.109299,38.433694
0.000000,0.000000,25.996727,0.000000,0.000000,1.295998,4.494796,0.824467,34.519176
0.000000,0.000000,21.486632,0.000000,0.000000,3.127030,5.578329,0.178893,29.648340
0.000000,0.000000,24.307238,0.000000,0.000000,1.875417,4.857311,0.091946,35.347472
0.000000,0.000000,30.861982,0.000000,0.000000,1.532732,4.535115,0.788949,39.190242
0.000000,0.000000,22.074294,0.000000,0.000000,3.450083,5.814207,0.157150,30.758014
0.000000,0.000000,22.259988,0.000000,0.000000,2.076622,4.359208,0.070715,33.691705
0.000000,0.000000,21.991875,0.000000,0.000000,1.534335,3.836108,0.632870,30.009082
0.000000,0.000000,20.140084,0.000000,0.000000,3.377291,6.432544,0.152762,27.610493
0.000000,0.000000,22.410698,0.000000,0.000000,2.169209,5.629208,0.139988,34.538597
0.000000,0.000000,22.180568,0.000000,0.000000,1.603556,4.848945,0.712513,32.066847
0.000000,0.000000,20.809525,0.000000,0.000000,5.042325,6.559527,0.068371,29.627783
0.000000,0.000000,22.117496,0.000000,0.000000,2.236729,4.703529,0.072028,35.413168
0.000000,0.000000,23.059065,0.000000,0.000000,1.633085,4.019126,0.828670,31.494513
0.000000,0.000000,22.892386,0.000000,0.000000,5.478433,6.719193,0.171966,31.348939
0.000000,0.000000,26.255090,0.000000,0.000000,2.241157,7.480515,0.333031,40.572411
0.000000,0.000000,22.894829,0.000000,0.000000,1.341672,4.637648,0.736886,35.147457
0.000000,0.000000,20.478526,0.000000,0.000000,3.139960,6.146407,0.275913,28.672814
0.000000,0.000000,22.006572,0.000000,0.000000,3.381395,9.299214,0.156867,33.710811
0.000000,0.000000,22.793403,0.000000,0.000000,1.496796,8.103275,1.264997,40.772042
0.000000,0.000000,20.835794,0.000000,0.000000,3.404762,8.736691,0.173749,33.878849
0.000000,0.000000,22.714583,0.000000,0.000000,2.242911,7.268426,0.088297,37.234467
0.000000,0.000000,21.382005,0.000000,0.000000,1.474414,5.499422,0.681983,33.186398
0.000000,0.000000,21.102754,0.000000,0.000000,3.301326,8.875270,0.173178,30.285729
0.000000,0.000000,21.706831,0.000000,0.000000,1.602938,6.137702,0.072327,36.180330
0.000000,0.000000,21.369481,0.000000,0.000000,1.563814,5.236104,0.664600,30.735722
0.000000,0.000000,23.232661,0.000000,0.000000,3.579875,7.588032,0.195831,32.213171
0.000000,0.000000,22.504511,0.000000,0.000000,2.114658,8.296955,0.145495,36.047609
0.000000,0.000000,21.188277,0.000000,0.000000,1.757852,7.604245,0.921897,33.674672
0.000000,0.000000,20.901129,0.000000,0.000000,3.562433,6.817944,0.175302,33.341970
0.000000,0.000000,22.445810,0.000000,0.000000,1.683531,4.988826,0.136358,37.393635
0.000000,0.000000,20.436668,0.000000,0.000000,1.330002,7.657536,0.900967,28.919798
0.000000,0.000000,20.701791,0.000000,0.000000,4.154625,8.164056,0.165704,33.033768
0.000000,0.000000,22.013779,0.000000,0.000000,1.793700,4.519426,0.167517,40.587536
0.000000,0.000000,20.777986,0.000000,0.000000,1.602497,5.832706,0.672114,30.830781
0.000000,0.000000,20.725787,0.000000,0.000000,3.394535,9.645403,0.184069,30.371842
0.000000,0.000000,23.469037,0.000000,0.000000,2.401081,5.749518,0.182375,39.549955
0.000000,0.000000,25.210999,0.000000,0.000000,1.683090,5.820794,0.094940,38.660463
0.000000,0.000000,20.526528,0.000000,0.000000,1.679875,5.767064,0.733000,29.707681
0.000000,0.000000,21.775518,0.000000,0.000000,4.054886,7.211311,0.154292,31.461482
0.000000,0.000000,21.623829,0.000000,0.000000,2.142171,5.838789,0.182836,36.407757
0.000000,0.000000,21.515129,0.000000,0.000000,2.877044,5.880909,0.155485,31.311692
0.000000,0.000000,23.290073,0.000000,0.000000,1.521244,4.408287,1.041674,34.320936
0.000000,0.000000,21.610550,0.000000,0.000000,4.010964,7.140358,0.189789,33.315300
0.000000,0.000000,21.623223,0.000000,0.000000,2.404802,6.800012,0.168290,35.701026
0.000000,0.000000,20.913906,0.000000,0.000000,1.885915,7.413114,0.145716,32.090538
0.000000,0.000000,21.226081,0.000000,0.000000,1.582510,4.222666,0.945863,32.465700
0.000000,0.000000,21.540045,0.000000,0.000000,3.560599,5.488846,0.150738,31.091944
0.000000,0.000000,22.331195,0.000000,0.000000,2.699472,5.736280,0.116193,35.459790
0.000000,0.000000,23.702275,0.000000,0.000000,1.742773,4.069983,0.202086,33.872062
0.000000,0.000000,21.096462,0.000000,0.000000,1.355793,5.998611,0.713294,29.129463
0.000000,0.000000,21.042769,0.000000,0.000000,3.718220,13.966939,0.205893,30.628269
0.000000,0.000000,22.205225,0.000000,0.000000,2.298565,6.417542,0.080234,43.363175
0.000000,0.000000,21.561321,0.000000,0.000000,1.837504,4.146489,0.912966,32.316234
0.000000,0.000000,23.650056,0.000000,0.000000,4.174817,7.488370,0.181207,34.431012
0.000000,0.000000,22.807693,0.000000,0.000000,2.766159,5.255019,0.115140,38.808463
0.000000,0.000000,22.082557,0.000000,0.000000,1.983792,5.967163,0.703566,32.068254
0.000000,0.000000,21.922219,0.000000,0.000000,3.622717,6.475264,0.192979,32.420205
0.000000,0.000000,24.007337,0.000000,0.000000,1.899242,5.289126,0.141911,36.880917
0.000000,0.000000,21.994151,0.000000,0.000000,1.696896,5.028764,0.904099,31.892366
0.000000,0.000000,21.407943,0.000000,0.000000,3.555792,6.005426,0.134507,34.431160
0.000000,0.000000,22.119977,0.000000,0.000000,2.048949,4.068301,0.205804,36.659385
0.000000,0.000000,21.079337,0.000000,0.000000,1.580032,4.051790,0.944336,29.107412
0.000000,0.000000,21.621673,0.000000,0.000000,4.968207,5.756072,0.137463,32.646789
0.000000,0.000000,22.033721,0.000000,0.000000,1.896508,5.343430,0.141140,37.510512
0.000000,0.000000,21.329764,0.000000,0.000000,1.266643,4.061419,0.912836,32.460604
0.000000,0.000000,21.200063,0.000000,0.000000,3.942741,5.182844,0.123186,30.587819
0.000000,0.000000,21.924627,0.000000,0.000000,1.854758,5.009742,0.129537,39.045247
0.000000,0.000000,20.557786,0.000000,0.000000,1.327629,6.811430,0.642900,29.099854
0.000000,0.000000,19.636732,0.000000,0.000000,3.128594,6.373832,0.106574,30.050223
0.000000,0.000000,23.108043,0.000000,0.000000,1.789743,4.350551,0.130590,34.873457
0.000000,0.000000,24.040846,0.000000,0.000000,1.509748,7.180485,0.693537,34.392488
0.000000,0.000000,21.446915,0.000000,0.000000,3.070845,4.661366,3.313679,32.477444
0.000000,0.000000,19.485442,0.000000,0.000000,1.827946,3.980173,0.056719,32.559391
0.000000,0.000000,20.765020,0.000000,0.000000,1.500170,3.890183,0.630266,28.255928
0.000000,0.000000,20.287653,0.000000,0.000000,3.060906,5.669948,0.146490,27.846174
0.000000,0.000000,22.256369,0.000000,0.000000,1.761440,4.600882,0.065766,33.177433
0.000000,0.000000,19.912595,0.000000,0.000000,1.476505,4.034498,0.805441,27.906218
0.000000,0.000000,21.332632,0.000000,0.000000,5.005406,7.969716,0.178151,29.234419
0.000000,0.000000,21.941225,0.000000,0.000000,2.095849,4.173484,0.059574,37.430618
0.000000,0.000000,19.784110,0.000000,0.000000,1.575574,4.860178,0.693306,27.620621
0.000000,0.000000,21.685507,0.000000,0.000000,3.309381,6.631674,0.158343,30.518455
0.000000,0.000000,21.980081,0.000000,0.000000,1.994516,4.570393,0.072108,34.309344
0.000000,0.000000,20.676857,0.000000,0.000000,1.685425,4.511882,0.604397,28.947450
0.000000,0.000000,20.064441,0.000000,0.000000,3.339469,6.056168,0.188230,28.517094
0.000000,0.000000,22.126207,0.000000,0.000000,2.064727,4.322768,0.063630,33.660175
0.000000,0.000000,20.875538,0.000000,0.000000,1.878104,4.282421,0.583831,28.843364
0.000000,0.000000,20.730565,0.000000,0.000000,3.953872,5.993462,0.152638,29.026050
0.000000,0.000000,24.732054,0.000000,0.000000,1.948898,4.560326,0.063129,37.662720
0.000000,0.000000,21.127583,0.000000,0.000000,1.784278,4.272714,0.597347,29.287603
0.000000,0.000000,21.220007,0.000000,0.000000,3.941689,6.736644,0.149793,29.401999
0.000000,0.000000,21.740775,0.000000,0.000000,2.522050,5.875799,0.130997,34.606685
0.000000,0.000000,21.172347,0.000000,0.000000,2.091598,6.624875,0.617245,31.743909
0.000000,0.000000,21.535784,0.000000,0.000000,4.891315,7.310708,0.155504,32.624314
0.000000,0.000000,21.518898,0.000000,0.000000,2.360394,5.215805,0.148570,36.434380
0.000000,0.000000,20.392752,0.000000,0.000000,1.855372,6.467568,0.700302,32.402330
0.000000,0.000000,22.062892,0.000000,0.000000,3.830660,16.681216,0.187274,32.833041
0.000000,0.000000,22.763748,0.000000,0.000000,2.249967,7.823158,0.093346,46.413988
0.000000,0.000000,20.629479,0.000000,0.000000,1.624175,7.763765,0.535681,32.618248
0.000000,0.000000,20.935235,0.000000,0.000000,3.195872,11.409797,0.122070,32.438779
0.000000,0.000000,21.529768,0.000000,0.000000,2.022658,5.916968,0.096852,38.123721
0.000000,0.000000,19.878673,0.000000,0.000000,1.541961,4.776598,0.613629,29.740056
0.000000,0.000000,21.505678,0.000000,0.000000,3.299469,6.234880,0.137299,30.092217
0.000000,0.000000,21.565262,0.000000,0.000000,2.264746,8.590187,0.069201,33.160732
0.000000,0.000000,20.873595,0.000000,0.000000,1.572179,8.924418,0.629629,33.682436
0.000000,0.000000,20.849220,0.000000,0.000000,3.178881,12.367107,0.142249,33.574985
0.000000,0.000000,21.061500,0.000000,0.000000,1.616993,5.821189,0.136879,38.664441
0.000000,0.000000,21.094803,0.000000,0.000000,1.576456,4.324604,0.705020,30.659590
0.000000,0.000000,20.552420,0.000000,0.000000,3.149035,6.031046,0.152448,28.993454
0.000000,0.000000,22.081866,0.000000,0.000000,2.042326,4.444275,0.061857,33.298931
0.000000,0.000000,20.918797,0.000000,0.000000,1.486447,4.334554,0.732463,29.027129
0.000000,0.000000,20.409503,0.000000,0.000000,3.684591,6.196931,0.155934,28.523824
0.000000,0.000000,20.270048,0.000000,0.000000,1.867937,5.343910,0.141528,32.270750
0.000000,0.000000,21.096322,0.000000,0.000000,1.463197,3.730232,0.638360,30.501860
0.000000,0.000000,20.938546,0.000000,0.000000,3.357588,5.920123,0.156349,28.335697
0.000000,0.000000,21.623256,0.000000,0.000000,1.790152,5.260788,0.118527,33.039456
0.000000,0.000000,22.254219,0.000000,0.000000,1.364399,4.591658,0.696091,31.166961
0.000000,0.000000,20.592365,0.000000,0.000000,4.700927,8.217920,0.289854,28.860742
0.000000,0.000000,22.690747,0.000000,0.000000,1.555824,4.288979,0.061117,38.797818
0.000000,0.000000,21.506974,0.000000,0.000000,1.306659,4.315020,0.701421,29.048592
0.000000,0.000000,22.101983,0.000000,0.000000,3.760499,6.266245,0.191396,30.282093
0.000000,0.000000,21.470886,0.000000,0.000000,2.011890,4.862346,0.169044,34.665167
0.000000,0.000000,20.893563,0.000000,0.000000,1.268275,3.899586,5.394685,30.417516
0.000000,0.000000,20.821238,0.000000,0.000000,3.184990,12.234332,0.202417,33.100846
0.000000,0.000000,21.981888,0.000000,0.000000,1.388996,3.778324,0.058532,39.766402
0.000000,0.000000,20.440011,0.000000,0.000000,1.057352,3.478110,0.723974,27.232437
0.000000,0.000000,20.679617,0.000000,0.000000,3.101771,4.074510,0.085493,27.493655
0.000000,0.000000,22.045199,0.000000,0.000000,1.601102,3.910447,0.667406,31.531153
0.000000,0.000000,21.488456,0.000000,0.000000,4.175283,6.629926,0.165757,29.219658
0.000000,0.000000,22.962432,0.000000,0.000000,1.296810,4.285324,0.727221,36.268473
0.000000,0.000000,21.373520,0.000000,0.000000,3.657865,5.301137,0.214110,29.533244
0.000000,0.000000,22.759010,0.000000,0.000000,1.839577,4.168892,0.157952,34.430719
0.000000,0.000000,22.072318,0.000000,0.000000,1.382363,3.516625,0.946290,30.288319
0.000000,0.000000,21.107462,0.000000,0.000000,3.054701,4.871835,0.111844,28.667809
0.000000,0.000000,22.407256,0.000000,0.000000,1.692596,3.722889,0.089841,32.270056
0.000000,0.000000,22.124087,0.000000,0.000000,1.250882,4.342033,1.152534,29.330326
0.000000,0.000000,22.054527,0.000000,0.000000,4.542777,7.459604,0.133645,30.895873
0.000000,0.000000,25.165575,0.000000,0.000000,1.911795,4.520656,0.119558,39.942300
0.000000,0.000000,21.885719,0.000000,0.000000,1.405889,3.454557,0.702543,30.140686
0.000000,0.000000,21.130902,0.000000,0.000000,3.078467,4.183381,0.078500,28.146130
0.000000,0.000000,21.966229,0.000000,0.000000,2.007418,3.764279,0.062550,31.094207
0.000000,0.000000,22.061641,0.000000,0.000000,1.412632,4.041518,0.870885,29.536224
0.000000,0.000000,21.914461,0.000000,0.000000,3.393420,5.425155,0.082498,29.905472
0.000000,0.000000,21.415536,0.000000,0.000000,2.601255,3.952068,0.142813,32.068699
0.000000,0.000000,21.546847,0.000000,0.000000,1.400338,7.775501,0.846970,33.941602
0.000000,0.000000,21.039097,0.000000,0.000000,3.308076,7.781873,0.082468,32.800460
0.000000,0.000000,21.396320,0.000000,0.000000,2.288096,3.870634,0.159476,34.141956
0.000000,0.000000,21.525447,0.000000,0.000000,1.276963,8.270670,0.712213,32.633492
0.000000,0.000000,20.919794,0.000000,0.000000,3.155405,7.870585,0.081556,32.750935
0.000000,0.000000,21.666332,0.000000,0.000000,1.922357,3.836849,0.157211,34.332519
0.000000,0.000000,21.467762,0.000000,0.000000,1.527753,3.490957,1.082300,30.732042
0.000000,0.000000,21.195841,0.000000,0.000000,3.002583,11.921201,0.136051,29.105901
0.000000,0.000000,22.192939,0.000000,0.000000,1.773963,6.825645,0.186036,39.496436
0.000000,0.000000,21.139664,0.000000,0.000000,1.391922,3.546554,0.693747,31.907891
0.000000,0.000000,21.160766,0.000000,0.000000,3.280986,7.403671,0.158543,28.298899
0.000000,0.000000,21.430674,0.000000,0.000000,1.616973,4.286871,0.087106,34.580075
0.000000,0.000000,21.739372,0.000000,0.000000,1.442309,4.030551,0.748382,29.434012
0.000000,0.000000,21.508827,0.000000,0.000000,3.363420,4.866019,0.124242,29.374704
0.000000,0.000000,21.954218,0.000000,0.000000,1.666767,4.007073,0.060483,32.120125
0.000000,0.000000,21.437618,0.000000,0.000000,1.361646,4.076783,0.708766,28.761714
0.000000,0.000000,21.762906,0.000000,0.000000,3.103203,5.516446,0.164518,29.467423
0.000000,0.000000,22.442117,0.000000,0.000000,1.558634,3.975394,0.058189,33.303047
0.000000,0.000000,22.236271,0.000000,0.000000,1.356967,3.579834,0.653572,29.432509
0.000000,0.000000,21.226363,0.000000,0.000000,3.083115,5.010169,0.062387,28.458738
0.000000,0.000000,20.941930,0.000000,0.000000,1.974272,4.290602,0.078507,30.955936
0.000000,0.000000,21.148258,0.000000,0.000000,1.219290,4.607167,1.051266,29.068229
0.000000,0.000000,21.540727,0.000000,0.000000,2.735265,11.900648,0.127037,31.961877
0.000000,0.000000,21.920598,0.000000,0.000000,1.787843,4.064883,0.089657,38.903020
0.000000,0.000000,19.834567,0.000000,0.000000,1.147736,3.881259,0.691273,27.338180
0.000000,0.000000,20.882175,0.000000,0.000000,2.704378,5.776334,0.107461,28.091338
0.000000,0.000000,22.311488,0.000000,0.000000,1.528409,3.839170,0.059802,32.726758
0.000000,0.000000,24.477740,0.000000,0.000000,1.200535,3.406260,0.567431,31.349823
0.000000,0.000000,20.533013,0.000000,0.000000,2.504885,3.990234,0.060403,27.103180
0.000000,0.000000,20.875652,0.000000,0.000000,1.306864,3.576108,0.575256,28.999236
0.000000,0.000000,20.519447,0.000000,0.000000,2.395261,5.654436,0.053911,27.566697
0.000000,0.000000,21.258054,0.000000,0.000000,1.516857,3.982028,0.644786,31.026736
0.000000,0.000000,20.905124,0.000000,0.000000,2.692526,5.218401,0.128430,28.685357
0.000000,0.000000,21.199564,0.000000,0.000000,1.400299,3.648385,0.690772,30.998924
0.000000,0.000000,21.020700,0.000000,0.000000,2.455839,7.739082,0.068351,29.399553
0.000000,0.000000,21.335522,0.000000,0.000000,1.629602,3.900079,5.146639,33.334690
0.000000,0.000000,19.652226,0.000000,0.000000,2.912252,8.858700,0.073260,31.994830
0.000000,0.000000,20.559649,0.000000,0.000000,1.801430,3.722049,0.056368,34.009678
0.000000,0.000000,20.704165,0.000000,0.000000,1.467262,3.641084,0.623061,27.811570
0.000000,0.000000,20.426285,0.000000,0.000000,3.201770,5.421377,0.153674,27.626016
0.000000,0.000000,21.494824,0.000000,0.000000,1.921234,4.017524,0.059734,32.228023
0.000000,0.000000,20.544381,0.000000,0.000000,1.474056,3.772476,0.655312,28.031107
0.000000,0.000000,21.304838,0.000000,0.000000,3.076117,3.947841,0.059253,28.712779
0.000000,0.000000,21.332745,0.000000,0.000000,1.842670,4.027734,0.067880,30.299330
0.000000,0.000000,21.294609,0.000000,0.000000,1.506689,3.701540,0.627889,28.750692
0.000000,0.000000,20.683000,0.000000,0.000000,3.114129,5.195295,0.122444,28.157598
0.000000,0.000000,25.544848,0.000000,0.000000,1.765203,3.834574,0.066226,36.267131
0.000000,0.000000,21.499060,0.000000,0.000000,1.587473,3.984732,0.606008,28.920466
0.000000,0.000000,21.812116,0.000000,0.000000,3.332877,5.140429,0.131752,29.757835
0.000000,0.000000,22.193265,0.000000,0.000000,2.669820,4.044808,0.162170,32.914365
0.000000,0.000000,21.779069,0.000000,0.000000,1.514784,7.648573,0.687343,32.106310
0.000000,0.000000,20.819846,0.000000,0.000000,3.027073,4.211466,0.059884,32.216109
0.000000,0.000000,21.406527,0.000000,0.000000,1.834666,3.743172,0.070034,30.445345
0.000000,0.000000,21.757848,0.000000,0.000000,1.438158,3.302129,0.557545,28.959488
0.000000,0.000000,21.104731,0.000000,0.000000,2.941110,3.754904,0.054414,27.943437
0.000000,0.000000,21.293311,0.000000,0.000000,1.735055,3.302810,0.055155,29.803991
0.000000,0.000000,21.086526,0.000000,0.000000,1.502631,3.072671,0.639992,27.675124
0.000000,0.000000,25.510508,0.000000,0.000000,2.746557,3.838353,0.056968,32.423937
0.000000,0.000000,21.935047,0.000000,0.000000,1.892827,3.411970,0.059383,30.150865
0.000000,0.000000,21.249994,0.000000,0.000000,1.414372,3.927414,0.669289,28.115042
0.000000,0.000000,22.058750,0.000000,0.000000,3.896529,4.682999,0.115851,29.647600
0.000000,0.000000,22.777446,0.000000,0.000000,1.821360,3.511880,0.134457,35.023166
0.000000,0.000000,20.284265,0.000000,0.000000,1.685140,3.287452,0.658428,29.348829
0.000000,0.000000,20.773334,0.000000,0.000000,2.833905,4.183370,0.062008,28.109290
0.000000,0.000000,21.623728,0.000000,0.000000,1.806125,3.396870,0.064503,30.585522
0.000000,0.000000,21.302711,0.000000,0.000000,1.480489,2.929167,0.609976,28.057702
0.000000,0.000000,20.723167,0.000000,0.000000,2.635937,3.424904,0.166088,27.522078
0.000000,0.000000,21.738904,0.000000,0.000000,1.628201,3.236605,0.059804,30.104994
0.000000,0.000000,20.578385,0.000000,0.000000,1.212587,3.265250,0.633350,27.087384
0.000000,0.000000,20.555351,0.000000,0.000000,3.084465,4.570073,0.098799,27.224146
0.000000,0.000000,21.663384,0.000000,0.000000,1.584247,3.522651,0.055185,31.282265
0.000000,0.000000,21.487063,0.000000,0.000000,1.253997,3.402112,0.555963,28.113976
0.000000,0.000000,20.709307,0.000000,0.000000,2.706442,3.334342,0.110812,27.437675
0.000000,0.000000,20.610203,0.000000,0.000000,1.689639,3.465072,0.071486,30.151159
0.000000,0.000000,20.624205,0.000000,0.000000,1.238146,3.412501,0.576632,27.621077
0.000000,0.000000,20.367222,0.000000,0.000000,2.879192,3.834548,0.070745,27.106350
0.000000,0.000000,20.740460,0.000000,0.000000,1.887868,3.439613,0.054544,29.040381
0.000000,0.000000,20.386661,0.000000,0.000000,1.252754,3.115765,0.498012,27.239237
0.000000,0.000000,20.711937,0.000000,0.000000,2.609748,3.889043,0.051849,27.045462
0.000000,0.000000,21.273329,0.000000,0.000000,1.575752,3.607455,0.492662,29.359164
0.000000,0.000000,20.239283,0.000000,0.000000,2.752241,4.530518,0.055266,27.483609
0.000000,0.000000,20.748595,0.000000,0.000000,1.625647,3.747322,0.461722,29.928100
0.000000,0.000000,21.051765,0.000000,0.000000,2.482034,4.174709,0.112665,28.414818
0.000000,0.000000,20.554892,0.000000,0.000000,1.757058,10.291750,0.609866,30.657705
0.000000,0.000000,20.820584,0.000000,0.000000,2.601032,10.727714,0.095453,35.111016
0.000000,0.000000,20.451018,0.000000,0.000000,1.498925,10.199284,0.487952,35.555817
0.000000,0.000000,20.798181,0.000000,0.000000,2.225584,4.185971,0.050647,34.649496
0.000000,0.000000,20.963947,0.000000,0.000000,1.410026,3.364451,0.453787,28.854751
0.000000,0.000000,20.138655,0.000000,0.000000,2.436217,4.009742,0.069511,26.728302
0.000000,0.000000,22.540938,0.000000,0.000000,1.236097,3.447478,0.512048,32.953946
0.000000,0.000000,20.427322,0.000000,0.000000,1.748736,3.368198,0.042891,26.921831
0.000000,0.000000,20.903993,0.000000,0.000000,1.044796,3.109069,0.432257,27.337237
0.000000,0.000000,20.720225,0.000000,0.000000,1.720874,3.439534,0.040416,26.543456
0.000000,0.000000,21.289174,0.000000,0.000000,1.182806,3.293417,0.388295,27.851822
0.000000,0.000000,20.404068,0.000000,0.000000,2.293837,3.846123,0.041177,26.434941
0.000000,0.000000,20.629671,0.000000,0.000000,1.348791,11.460100,0.455962,32.190149
0.000000,0.000000,21.091098,0.000000,0.000000,1.750200,7.975961,0.038643,35.798578
0.000000,0.000000,21.364610,0.000000,0.000000,1.349882,2.837004,0.364550,32.369548
0.000000,0.000000,21.108195,0.000000,0.000000,1.822877,3.255827,0.076986,26.899587
0.000000,0.000000,21.424191,0.000000,0.000000,1.428341,3.037234,0.309034,27.906009
0.000000,0.000000,20.394875,0.000000,0.000000,1.931001,3.946171,0.077356,26.360567
0.000000,0.000000,20.914548,0.000000,0.000000,1.393666,3.247962,0.337158,28.885150
0.000000,0.000000,20.421676,0.000000,0.000000,2.148242,4.456797,0.054513,26.735585
0.000000,0.000000,21.853323,0.000000,0.000000,1.438961,3.263732,0.368426,29.815479
0.000000,0.000000,20.381620,0.000000,0.000000,2.479322,3.762164,0.074962,26.657026
0.000000,0.000000,20.429571,0.000000,0.000000,1.469238,3.427912,0.367575,28.097845
0.000000,0.000000,20.203189,0.000000,0.000000,2.088670,9.560561,0.089169,27.525687
0.000000,0.000000,19.937515,0.000000,0.000000,1.400098,3.605068,0.384788,33.027541
0.000000,0.000000,20.231541,0.000000,0.000000,2.423343,4.494681,0.100770,26.891687
0.000000,0.000000,20.943929,0.000000,0.000000,1.367095,3.747176,0.418402,29.515570
0.000000,0.000000,21.235400,0.000000,0.000000,2.330848,4.881171,0.116821,28.141040
0.000000,0.000000,21.330390,0.000000,0.000000,1.475771,3.346779,0.410666,30.834974
0.000000,0.000000,20.615277,0.000000,0.000000,2.319446,4.979247,0.118324,27.246258
0.000000,0.000000,21.732660,0.000000,0.000000,1.365232,4.258834,0.441365,31.513938
0.000000,0.000000,21.183451,0.000000,0.000000,2.029138,4.707254,0.133873,28.677423
0.000000,0.000000,22.619082,0.000000,0.000000,1.277146,8.716155,0.423441,31.440527
0.000000,0.000000,20.382012,0.000000,0.000000,2.185123,4.759863,0.113856,32.159057
0.000000,0.000000,21.016250,0.000000,0.000000,1.312593,3.900928,0.412069,29.695096
0.000000,0.000000,20.637976,0.000000,0.000000,2.367084,4.904457,0.099700,27.640050
0.000000,0.000000,21.890183,0.000000,0.000000,1.264945,3.533237,0.456562,31.241598
0.000000,0.000000,20.234144,0.000000,0.000000,2.133504,4.596218,0.112455,26.852884
0.000000,0.000000,22.068657,0.000000,0.000000,1.149656,4.301685,0.439489,30.761610
0.000000,0.000000,20.596330,0.000000,0.000000,2.180976,5.591198,0.133555,27.865923
0.000000,0.000000,22.333583,0.000000,0.000000,1.131952,4.224779,0.708563,32.283376
0.000000,0.000000,21.481014,0.000000,0.000000,2.354327,14.442377,0.105542,29.600122
0.000000,0.000000,20.900743,0.000000,0.000000,1.223617,9.809827,0.086655,39.772289
0.000000,0.000000,20.385118,0.000000,0.000000,0.933022,4.052651,0.478925,33.042503
0.000000,0.000000,21.269467,0.000000,0.000000,1.940977,5.985462,0.097977,28.193312
0.000000,0.000000,21.780026,0.000000,0.000000,1.089171,4.096885,0.049986,31.465435
0.000000,0.000000,20.936520,0.000000,0.000000,0.799417,4.175887,0.510315,27.589578
0.000000,0.000000,20.548940,0.000000,0.000000,1.868809,4.108618,0.111062,27.433159
0.000000,0.000000,21.785221,0.000000,0.000000,1.060596,3.832711,0.063832,29.486632
0.000000,0.000000,22.215096,0.000000,0.000000,1.101124,4.542617,0.674067,28.557451
0.000000,0.000000,22.142235,0.000000,0.000000,2.914568,6.030009,0.135679,30.001718
0.000000,0.000000,22.141576,0.000000,0.000000,1.601209,4.113648,0.068461,33.307979
0.000000,0.000000,21.735844,0.000000,0.000000,0.944314,4.556404,8.270108,32.123485
0.000000,0.000000,22.197585,0.000000,0.000000,2.349308,14.806945,0.153954,37.720158
0.000000,0.000000,22.277407,0.000000,0.000000,1.214791,4.112065,0.079232,41.842392
0.000000,0.000000,20.994686,0.000000,0.000000,1.094962,3.648560,0.568315,28.002484
0.000000,0.000000,21.829190,0.000000,0.000000,2.558878,4.901955,0.127383,28.629321
0.000000,0.000000,21.392527,0.000000,0.000000,1.097998,3.192268,0.556232,30.965874
0.000000,0.000000,20.844961,0.000000,0.000000,2.399183,4.359639,0.137853,27.260868
0.000000,0.000000,22.316931,0.000000,0.000000,1.166178,3.203821,0.617911,31.677164
0.000000,0.000000,20.449680,0.000000,0.000000,2.370869,4.249439,0.076036,27.101419
0.000000,0.000000,22.853508,0.000000,0.000000,1.128376,3.537398,1.015911,31.729871
0.000000,0.000000,21.262403,0.000000,0.000000,3.422237,13.481117,0.131862,29.049762
0.000000,0.000000,23.094527,0.000000,0.000000,1.188280,10.263700,0.641476,42.339349
0.000000,0.000000,20.805650,0.000000,0.000000,2.325614,3.714627,0.110561,34.570529
0.000000,0.000000,20.543849,0.000000,0.000000,1.148615,3.029398,0.570540,28.568192
0.000000,0.000000,20.436165,0.000000,0.000000,2.128135,3.419173,0.063432,26.770977
0.000000,0.000000,21.883340,0.000000,0.000000,1.178191,3.155469,0.581661,29.037948
0.000000,0.000000,20.742850,0.000000,0.000000,2.063132,2.994872,0.056377,27.185370
0.000000,0.000000,22.146508,0.000000,0.000000,1.028294,2.923416,0.565090,28.908588
0.000000,0.000000,20.667120,0.000000,0.000000,2.236885,2.916793,0.052130,26.645854
0.000000,0.000000,22.302366,0.000000,0.000000,1.182990,3.402731,0.650053,29.195507
0.000000,0.000000,21.310390,0.000000,0.000000,2.311416,3.706401,0.075053,28.153906
0.000000,0.000000,20.440458,0.000000,0.000000,1.060256,3.089874,0.563847,32.093183
0.000000,0.000000,20.811817,0.000000,0.000000,2.283944,3.384999,0.081946,27.037903
0.000000,0.000000,21.718151,0.000000,0.000000,1.061198,3.581423,0.526716,29.486421
0.000000,0.000000,21.024944,0.000000,0.000000,2.144758,3.038666,0.052530,27.680802
0.000000,0.000000,21.800566,0.000000,0.000000,1.154847,3.049618,0.044395,28.737311
0.000000,0.000000,20.296954,0.000000,0.000000,0.993940,2.654703,0.572404,25.974643
0.000000,0.000000,20.316234,0.000000,0.000000,1.940128,2.965346,0.042101,25.914242
0.000000,0.000000,21.124329,0.000000,0.000000,1.381606,3.518208,0.044043,27.501495
0.000000,0.000000,21.672375,0.000000,0.000000,0.964520,8.264976,0.568893,32.935950
0.000000,0.000000,20.537143,0.000000,0.000000,2.233335,3.225146,0.128573,31.764078
0.000000,0.000000,20.901310,0.000000,0.000000,1.790799,3.499604,0.054353,28.127176
0.000000,0.000000,21.598477,0.000000,0.000000,1.267342,3.356543,0.078127,28.596462
0.000000,0.000000,21.072723,0.000000,0.000000,1.134220,2.965655,0.666918,27.379805
0.000000,0.000000,21.940271,0.000000,0.000000,2.344153,3.454008,0.049303,28.109952
0.000000,0.000000,21.521180,0.000000,0.000000,1.531781,4.019796,0.050375,29.211111
0.000000,0.000000,21.581588,0.000000,0.000000,1.273624,5.379873,0.105549,28.635600
0.000000,0.000000,23.990283,0.000000,0.000000,1.058270,3.471232,0.876123,32.409271
0.000000,0.000000,21.014504,0.000000,0.000000,2.293198,11.205618,0.089469,27.773664
0.000000,0.000000,20.412122,0.000000,0.000000,1.536259,2.994631,0.047089,35.509845
0.000000,0.000000,21.690906,0.000000,0.000000,1.083214,2.850419,0.058320,27.594467
0.000000,0.000000,21.392934,0.000000,0.000000,0.932279,2.737537,0.657791,26.785630
0.000000,0.000000,20.703542,0.000000,0.000000,2.128797,3.335956,0.053932,26.387429
0.000000,0.000000,22.018544,0.000000,0.000000,1.577306,3.077107,0.063701,28.973528
0.000000,0.000000,21.419633,0.000000,0.000000,1.223720,3.109118,0.076624,27.542007
0.000000,0.000000,24.014286,0.000000,0.000000,0.998906,2.693063,0.620621,29.748980
0.000000,0.000000,22.347730,0.000000,0.000000,2.425148,3.459449,0.075232,28.008696
0.000000,0.000000,21.477287,0.000000,0.000000,1.642229,9.303800,0.098115,28.902732
0.000000,0.000000,22.186245,0.000000,0.000000,1.239079,3.272287,0.062639,34.508954
0.000000,0.000000,21.721217,0.000000,0.000000,0.962807,2.868053,0.531393,27.645068
0.000000,0.000000,20.295136,0.000000,0.000000,2.487455,3.670408,0.057899,25.961191
0.000000,0.000000,22.114770,0.000000,0.000000,1.556377,3.211662,0.048401,29.919101
0.000000,0.000000,20.874419,0.000000,0.000000,1.228398,3.137322,0.088036,27.196031
0.000000,0.000000,22.658886,0.000000,0.000000,1.340480,3.300841,0.628206,28.619498
0.000000,0.000000,22.565653,0.000000,0.000000,3.237070,4.771307,0.090441,29.481247
0.000000,0.000000,21.429833,0.000000,0.000000,2.219949,4.215178,0.086736,31.332625
0.000000,0.000000,22.346320,0.000000,0.000000,1.593252,3.598191,0.072668,30.382979
0.000000,0.000000,21.443721,0.000000,0.000000,1.157931,2.935946,0.561883,32.708459
0.000000,0.000000,20.651048,0.000000,0.000000,2.617999,3.552943,0.051478,26.659850
0.000000,0.000000,20.928728,0.000000,0.000000,1.767415,3.569225,0.055756,28.652104
0.000000,0.000000,21.367025,0.000000,0.000000,1.336783,3.663024,0.056407,28.258122
0.000000,0.000000,20.460394,0.000000,0.000000,1.166517,3.485254,0.584375,26.926700
0.000000,0.000000,20.374660,0.000000,0.000000,2.803162,3.584825,0.053412,27.018676
0.000000,0.000000,21.188685,0.000000,0.000000,2.181355,3.859599,0.057721,29.308037
0.000000,0.000000,20.988728,0.000000,0.000000,1.418539,4.196282,0.171017,28.776849
0.000000,0.000000,21.676773,0.000000,0.000000,1.296967,3.563283,0.641124,28.966131
0.000000,0.000000,21.163181,0.000000,0.000000,3.054111,12.495851,0.114589,32.487373
0.000000,0.000000,22.930448,0.000000,0.000000,1.997714,3.666992,0.067920,40.391138
0.000000,0.000000,20.538968,0.000000,0.000000,1.507699,3.418767,0.063030,27.798099
0.000000,0.000000,19.760652,0.000000,0.000000,1.213017,2.969560,0.052199,26.190861
0.000000,0.000000,20.597721,0.000000,0.000000,1.127206,3.225469,0.556412,26.236769
0.000000,0.000000,19.910415,0.000000,0.000000,2.950483,4.066745,0.080043,26.156486
0.000000,0.000000,20.994137,0.000000,0.000000,2.107785,3.895920,0.130118,29.509317
0.000000,0.000000,20.077521,0.000000,0.000000,1.927681,4.342504,0.074813,28.020069
0.000000,0.000000,20.436918,0.000000,0.000000,1.406256,13.614088,0.135900,28.410034
0.000000,0.000000,20.129291,0.000000,0.000000,1.224969,3.262811,0.056368,36.837559
0.000000,0.000000,19.405309,0.000000,0.000000,1.152440,3.045406,0.678476,25.383966
0.000000,0.000000,20.284788,0.000000,0.000000,2.761884,3.939363,0.066487,26.645204
0.000000,0.000000,21.431548,0.000000,0.000000,2.130509,3.647255,0.054494,29.820709
0.000000,0.000000,21.312400,0.000000,0.000000,1.523610,4.040155,0.077017,28.692945
0.000000,0.000000,20.864585,0.000000,0.000000,1.329349,3.970703,0.056408,28.258545
0.000000,0.000000,20.736591,0.000000,0.000000,1.186316,4.158954,0.614814,27.616970
0.000000,0.000000,21.417170,0.000000,0.000000,2.749158,4.324189,0.139327,29.091147
0.000000,0.000000,22.236837,0.000000,0.000000,1.778206,12.051157,0.056738,31.543830
0.000000,0.000000,20.407576,0.000000,0.000000,1.562274,9.919416,0.189051,35.745320
0.000000,0.000000,20.220018,0.000000,0.000000,1.148043,3.461131,0.624222,33.777853
0.000000,0.000000,20.285824,0.000000,0.000000,2.679527,3.813513,0.055035,27.026729
0.000000,0.000000,20.605284,0.000000,0.000000,1.645202,3.778146,0.052721,28.831986
0.000000,0.000000,20.755732,0.000000,0.000000,1.378222,3.513210,0.561071,27.750481
0.000000,0.000000,20.560689,0.000000,0.000000,2.816920,4.079882,0.055576,27.692621
0.000000,0.000000,21.061756,0.000000,0.000000,1.620936,3.678164,0.104891,29.486868
0.000000,0.000000,20.495304,0.000000,0.000000,1.575830,4.898066,0.675190,27.780168
0.000000,0.000000,20.341816,0.000000,0.000000,2.609715,13.360070,0.121792,34.661919
0.000000,0.000000,22.540283,0.000000,0.000000,1.454227,13.222647,0.084772,40.740261
0.000000,0.000000,20.810852,0.000000,0.000000,1.071931,3.941970,0.576591,37.277766
0.000000,0.000000,20.392488,0.000000,0.000000,2.341783,4.942721,0.118687,27.586103
0.000000,0.000000,21.441696,0.000000,0.000000,1.382581,4.786202,0.089240,30.810032
0.000000,0.000000,21.232837,0.000000,0.000000,1.064603,5.196066,0.660642,29.220354
0.000000,0.000000,21.069055,0.000000,0.000000,2.803003,5.769521,0.206905,29.717283
0.000000,0.000000,21.545535,0.000000,0.000000,1.655442,4.483644,0.053322,32.475583
0.000000,0.000000,20.743192,0.000000,0.000000,0.971466,3.965315,0.895681,28.593597
0.000000,0.000000,20.850271,0.000000,0.000000,2.750764,4.517129,0.104680,28.640333
0.000000,0.000000,21.432664,0.000000,0.000000,1.434208,10.500852,0.129445,37.686053
0.000000,0.000000,20.527848,0.000000,0.000000,1.052637,3.811514,0.688730,34.304053
0.000000,0.000000,20.561200,0.000000,0.000000,2.832236,5.076623,0.160814,27.650151
0.000000,0.000000,21.452584,0.000000,0.000000,1.398440,4.621945,0.064993,31.475744
0.000000,0.000000,20.632157,0.000000,0.000000,0.981733,3.856360,0.627925,28.344306
0.000000,0.000000,20.045899,0.000000,0.000000,2.467257,5.102892,0.142849,27.126434
0.000000,0.000000,21.762257,0.000000,0.000000,1.327947,4.374827,0.071745,31.484278
0.000000,0.000000,21.073829,0.000000,0.000000,0.948491,4.420595,0.727994,28.614102
0.000000,0.000000,20.405973,0.000000,0.000000,2.507414,4.649267,0.089929,28.118993
0.000000,0.000000,21.367853,0.000000,0.000000,1.864460,4.121260,0.560388,38.044882
0.000000,0.000000,20.534489,0.000000,0.000000,2.291977,14.268907,0.103956,34.266964
0.000000,0.000000,21.940359,0.000000,0.000000,1.266330,4.171645,0.543546,40.316319
0.000000,0.000000,20.568951,0.000000,0.000000,2.475694,4.896523,0.102864,28.100849
0.000000,0.000000,20.820034,0.000000,0.000000,1.388832,4.343810,0.682017,30.191415
0.000000,0.000000,20.576344,0.000000,0.000000,2.498647,5.005950,0.129093,28.838813
0.000000,0.000000,21.126793,0.000000,0.000000,1.404412,4.124627,0.590915,31.109418
0.000000,0.000000,21.149496,0.000000,0.000000,2.865530,5.597708,0.230195,28.993605
0.000000,0.000000,22.752703,0.000000,0.000000,2.110575,4.115330,0.751459,34.296672
0.000000,0.000000,20.883900,0.000000,0.000000,3.504346,15.777588,0.150164,31.178126
0.000000,0.000000,22.155925,0.000000,0.000000,1.263175,13.401532,0.712135,44.107810
0.000000,0.000000,21.013103,0.000000,0.000000,2.462640,5.995340,0.135295,38.454212
0.000000,0.000000,22.498508,0.000000,0.000000,1.131517,4.425304,0.615553,33.467117
0.000000,0.000000,21.333027,0.000000,0.000000,2.822248,6.155371,0.186552,29.429944
0.000000,0.000000,23.374170,0.000000,0.000000,1.219993,4.561262,0.664855,35.029376
0.000000,0.000000,21.940806,0.000000,0.000000,2.576855,5.957517,0.140054,30.194719
0.000000,0.000000,22.185488,0.000000,0.000000,1.453805,4.593874,0.627154,33.092449
0.000000,0.000000,22.066657,0.000000,0.000000,2.514269,6.585360,0.153493,30.619386
0.000000,0.000000,22.652537,0.000000,0.000000,1.918760,4.081470,0.788806,34.265743
0.000000,0.000000,20.762710,0.000000,0.000000,2.467630,16.303740,0.176968,33.592879
0.000000,0.000000,21.611731,0.000000,0.000000,1.304960,4.179387,0.585378,42.931064
0.000000,0.000000,21.406828,0.000000,0.000000,2.357660,5.674260,0.116402,29.093019
0.000000,0.000000,21.757549,0.000000,0.000000,1.265225,4.697016,0.100853,32.047650
0.000000,0.000000,21.733713,0.000000,0.000000,1.281526,4.730629,0.770811,29.828223
0.000000,0.000000,21.557697,0.000000,0.000000,2.381065,5.602895,0.203438,30.230281
0.000000,0.000000,22.745183,0.000000,0.000000,1.250978,4.031937,0.079071,33.468712
0.000000,0.000000,21.336270,0.000000,0.000000,0.894227,4.510049,0.796150,28.346161
0.000000,0.000000,22.365555,0.000000,0.000000,3.461997,6.529614,0.132172,30.233124
0.000000,0.000000,24.386744,0.000000,0.000000,2.012702,4.835551,0.187908,37.120710
0.000000,0.000000,21.862865,0.000000,0.000000,1.769748,5.751379,0.838000,35.457888
0.000000,0.000000,22.069569,0.000000,0.000000,3.008924,5.595522,0.193719,42.423664
0.000000,0.000000,22.943888,0.000000,0.000000,1.277238,12.256707,0.075965,46.771604
0.000000,0.000000,21.165824,0.000000,0.000000,0.967066,4.230565,0.651283,36.431986
0.000000,0.000000,21.049001,0.000000,0.000000,2.643446,5.572467,0.144857,28.423377
0.000000,0.000000,22.275392,0.000000,0.000000,1.660560,5.640740,0.118115,32.725098
0.000000,0.000000,26.288659,0.000000,0.000000,1.165575,4.325758,0.691711,39.539297
0.000000,0.000000,21.270227,0.000000,0.000000,2.724701,6.182653,0.159594,29.144801
0.000000,0.000000,22.168463,0.000000,0.000000,1.429189,5.284609,0.116643,33.373564
0.000000,0.000000,21.576046,0.000000,0.000000,1.015970,5.216052,0.745092,30.239716
0.000000,0.000000,21.444177,0.000000,0.000000,3.672905,5.856780,0.147030,30.049300
0.000000,0.000000,22.734343,0.000000,0.000000,1.412787,15.660537,0.130439,40.820438
0.000000,0.000000,21.629594,0.000000,0.000000,1.074631,4.341268,0.667323,40.697978
0.000000,0.000000,20.931872,0.000000,0.000000,2.192476,5.384870,0.122364,28.575715
0.000000,0.000000,22.811570,0.000000,0.000000,1.363534,5.297965,0.107456,32.464198
0.000000,0.000000,22.794543,0.000000,0.000000,0.987976,4.047187,0.579887,31.201443
0.000000,0.000000,21.127139,0.000000,0.000000,2.258312,5.428615,0.126521,28.361742
0.000000,0.000000,22.128321,0.000000,0.000000,1.561725,5.647964,0.102015,32.072387
0.000000,0.000000,22.770003,0.000000,0.000000,1.487220,4.591547,0.565741,31.777043
0.000000,0.000000,21.263219,0.000000,0.000000,2.159533,18.408999,0.145708,38.801926
0.000000,0.000000,21.774575,0.000000,0.000000,2.148903,22.159029,0.103417,44.858560
0.000000,0.000000,23.258819,0.000000,0.000000,1.418618,4.522285,0.498853,49.801028
0.000000,0.000000,22.345796,0.000000,0.000000,1.679407,4.683413,0.084451,30.441122
0.000000,0.000000,21.602065,0.000000,0.000000,1.333356,4.779708,0.079983,29.889970
0.000000,0.000000,21.123646,0.000000,0.000000,1.106693,5.909367,0.557966,29.118032
0.000000,0.000000,22.380974,0.000000,0.000000,1.970854,5.612267,0.088970,31.762673
0.000000,0.000000,24.945815,0.000000,0.000000,1.353775,4.654027,0.069724,34.726231
0.000000,0.000000,22.495696,0.000000,0.000000,1.240409,5.837146,0.787483,30.160823
0.000000,0.000000,21.786643,0.000000,0.000000,2.739301,5.362550,0.119648,31.523276
0.000000,0.000000,22.360529,0.000000,0.000000,1.488342,11.742393,0.077027,40.035711
0.000000,0.000000,20.933563,0.000000,0.000000,1.195764,3.970141,0.503802,35.759725
0.000000,0.000000,20.942610,0.000000,0.000000,2.379023,6.058881,0.091805,28.016809
0.000000,0.000000,21.457454,0.000000,0.000000,1.591219,4.996652,0.077608,31.570256
0.000000,0.000000,21.510680,0.000000,0.000000,1.234598,4.082586,0.484635,32.443379
0.000000,0.000000,19.870197,0.000000,0.000000,2.580258,6.561719,0.116320,27.126524
0.000000,0.000000,23.241564,0.000000,0.000000,1.558483,4.731843,0.059803,34.327042
0.000000,0.000000,23.418269,0.000000,0.000000,1.398629,5.308258,0.526848,31.404867
0.000000,0.000000,23.044026,0.000000,0.000000,3.255456,6.349477,0.127531,32.080517
0.000000,0.000000,21.720983,0.000000,0.000000,1.708670,5.172558,0.093507,45.184838
0.000000,0.000000,20.280550,0.000000,0.000000,1.596784,6.331614,0.166165,28.918496
0.000000,0.000000,21.742935,0.000000,0.000000,1.196015,4.410475,0.668356,31.948636
0.000000,0.000000,20.491956,0.000000,0.000000,2.687542,5.791180,0.113636,28.194225
0.000000,0.000000,20.505676,0.000000,0.000000,1.757159,5.375106,0.088107,30.838219
0.000000,0.000000,20.713827,0.000000,0.000000,1.620661,5.276956,0.091554,29.531224
0.000000,0.000000,20.122329,0.000000,0.000000,1.266870,4.609312,0.520376,28.808755
0.000000,0.000000,20.755135,0.000000,0.000000,2.810865,17.042957,0.134054,33.228078
0.000000,0.000000,21.986040,0.000000,0.000000,1.796904,4.858053,0.051157,44.101055
0.000000,0.000000,20.556792,0.000000,0.000000,1.569884,4.596467,0.051016,28.738071
0.000000,0.000000,20.885435,0.000000,0.000000,1.308108,4.152126,0.523632,28.593748
0.000000,0.000000,20.468184,0.000000,0.000000,2.943466,5.444294,0.124065,27.919440
0.000000,0.000000,21.016318,0.000000,0.000000,1.708898,5.637891,0.090341,31.554387
0.000000,0.000000,21.218094,0.000000,0.000000,1.749474,4.774466,0.068320,30.410830
0.000000,0.000000,21.324737,0.000000,0.000000,1.213629,10.884963,0.637407,29.643192
0.000000,0.000000,20.370904,0.000000,0.000000,2.708983,4.822596,0.123393,34.613998
0.000000,0.000000,21.439169,0.000000,0.000000,1.599089,3.647641,0.051388,31.177498
0.000000,0.000000,20.672365,0.000000,0.000000,1.353624,3.979349,0.059944,27.514539
0.000000,0.000000,20.516360,0.000000,0.000000,1.091778,3.612754,0.540454,27.451920
0.000000,0.000000,20.755905,0.000000,0.000000,2.977922,5.558342,0.122462,27.492657
0.000000,0.000000,20.837739,0.000000,0.000000,1.782697,4.689495,0.182105,31.548101
0.000000,0.000000,20.332122,0.000000,0.000000,1.308530,3.698999,7.090906,32.841682
0.000000,0.000000,21.936855,0.000000,0.000000,1.167372,3.341341,0.522069,35.713771
0.000000,0.000000,20.772199,0.000000,0.000000,2.928419,5.281848,0.122632,27.261766
0.000000,0.000000,21.322963,0.000000,0.000000,2.024145,3.839625,0.052650,31.680678
0.000000,0.000000,20.812425,0.000000,0.000000,1.429318,3.962773,0.050857,28.367791
0.000000,0.000000,20.951388,0.000000,0.000000,1.251428,3.624328,0.585588,27.898434
0.000000,0.000000,21.934605,0.000000,0.000000,2.776059,6.128065,0.233495,28.981825
0.000000,0.000000,21.384715,0.000000,0.000000,1.838328,15.984909,0.112395,33.444693
0.000000,0.000000,22.105211,0.000000,0.000000,1.381567,3.652551,0.055125,41.775995
0.000000,0.000000,21.127314,0.000000,0.000000,1.168680,3.233161,0.576200,27.781354
0.000000,0.000000,20.252386,0.000000,0.000000,2.720212,5.133559,0.186616,26.756230
0.000000,0.000000,20.782521,0.000000,0.000000,1.691969,3.722205,0.053973,30.587727
0.000000,0.000000,20.505652,0.000000,0.000000,1.340308,3.747142,0.082858,27.455979
0.000000,0.000000,21.438567,0.000000,0.000000,1.137201,3.128151,0.652916,28.140679
0.000000,0.000000,21.212201,0.000000,0.000000,3.184739,4.542481,0.083940,27.623679
0.000000,0.000000,20.871801,0.000000,0.000000,1.780298,3.781408,10.113475,38.219905
0.000000,0.000000,21.425357,0.000000,0.000000,1.470216,5.650085,0.140057,39.036454
0.000000,0.000000,20.989015,0.000000,0.000000,1.208707,3.507815,0.673125,30.296280
0.000000,0.000000,20.318695,0.000000,0.000000,2.584584,4.558491,0.091685,27.232803
0.000000,0.000000,21.746107,0.000000,0.000000,1.636034,3.698891,0.080624,31.049108
0.000000,0.000000,21.340500,0.000000,0.000000,1.368663,3.450076,0.055667,28.400337
0.000000,0.000000,22.105291,0.000000,0.000000,1.381558,3.478401,0.053973,28.383887
0.000000,0.000000,20.538690,0.000000,0.000000,1.781842,3.381015,0.690328,33.180354
0.000000,0.000000,21.020068,0.000000,0.000000,2.568213,12.650701,0.094661,34.469765
0.000000,0.000000,20.773558,0.000000,0.000000,1.863547,3.425509,0.048052,37.926964
0.000000,0.000000,19.551671,0.000000,0.000000,1.436893,3.158661,0.047110,26.363910
0.000000,0.000000,20.653308,0.000000,0.000000,1.191524,2.921588,0.066156,26.646650
0.000000,0.000000,20.176798,0.000000,0.000000,1.071265,2.867004,0.604243,25.794533
0.000000,0.000000,21.287949,0.000000,0.000000,2.642254,6.838777,0.167610,27.217149
0.000000,0.000000,21.541377,0.000000,0.000000,1.742587,3.555759,0.052470,33.235574
0.000000,0.000000,21.589539,0.000000,0.000000,1.926258,3.902922,0.084081,28.424950
0.000000,0.000000,20.707375,0.000000,0.000000,1.135658,2.935655,0.561632,38.677224
0.000000,0.000000,20.103292,0.000000,0.000000,2.529470,4.501835,0.098278,26.106412
0.000000,0.000000,21.520688,0.000000,0.000000,1.647195,3.518968,0.052700,30.436411
0.000000,0.000000,20.242297,0.000000,0.000000,1.357542,3.245065,0.049935,26.934645
0.000000,0.000000,20.185148,0.000000,0.000000,1.317265,3.134114,0.530242,26.258744
0.000000,0.000000,20.238139,0.000000,0.000000,2.369624,5.119854,0.093198,26.603701
0.000000,0.000000,21.843705,0.000000,0.000000,1.565679,10.684892,0.060365,31.629468
0.000000,0.000000,20.307524,0.000000,0.000000,1.470969,3.187667,0.522668,34.053041
0.000000,0.000000,20.548475,0.000000,0.000000,2.776842,5.148431,0.100572,27.237487
0.000000,0.000000,20.910167,0.000000,0.000000,1.914285,3.930355,0.054725,30.615077
0.000000,0.000000,20.412787,0.000000,0.000000,1.470508,3.510984,0.529391,27.848234
0.000000,0.000000,19.945344,0.000000,0.000000,2.992764,4.978506,0.120370,26.941683
0.000000,0.000000,21.310380,0.000000,0.000000,1.893746,4.068799,0.110050,31.361622
0.000000,0.000000,21.424789,0.000000,0.000000,1.756775,3.895519,0.542476,29.310787
0.000000,0.000000,20.550971,0.000000,0.000000,2.979618,5.001891,0.135929,33.422569
0.000000,0.000000,20.648718,0.000000,0.000000,1.765492,3.907281,0.085884,30.957963
0.000000,0.000000,20.016320,0.000000,0.000000,1.408259,3.487900,0.522759,27.376895
0.000000,0.000000,19.991456,0.000000,0.000000,2.591749,5.129265,0.134667,26.996072
0.000000,0.000000,21.515416,0.000000,0.000000,1.700280,3.871792,0.052340,31.206393
0.000000,0.000000,20.942021,0.000000,0.000000,1.574312,4.568923,0.581952,28.188285
0.000000,0.000000,20.171392,0.000000,0.000000,3.238683,5.305378,0.157197,28.676750
0.000000,0.000000,21.220479,0.000000,0.000000,1.810078,13.838528,0.141438,40.098211
0.000000,0.000000,20.693210,0.000000,0.000000,1.459674,3.710687,0.514595,38.414021
0.000000,0.000000,20.624189,0.000000,0.000000,2.950106,6.032474,0.139985,27.975963
0.000000,0.000000,21.736757,0.000000,0.000000,1.955163,4.117379,0.079921,32.991141
0.000000,0.000000,20.808699,0.000000,0.000000,1.613516,3.983776,0.459541,28.500637
0.000000,0.000000,20.666523,0.000000,0.000000,2.542636,5.735153,0.139755,28.309138
0.000000,0.000000,23.052542,0.000000,0.000000,1.989999,4.280567,0.058030,33.595201
0.000000,0.000000,21.279518,0.000000,0.000000,1.796022,12.123433,0.610737,32.039678
0.000000,0.000000,20.944389,0.000000,0.000000,2.376943,5.016461,0.069000,37.472234
0.000000,0.000000,21.447703,0.000000,0.000000,1.959602,3.873185,0.041599,30.872473
0.000000,0.000000,19.770817,0.000000,0.000000,1.846357,3.725256,0.411119,27.120106
0.000000,0.000000,20.133764,0.000000,0.000000,2.669246,5.695959,0.128724,27.505707
0.000000,0.000000,20.579177,0.000000,0.000000,2.296649,4.566038,0.046018,31.167763
0.000000,0.000000,20.834151,0.000000,0.000000,1.969220,4.231655,0.650803,29.292632
0.000000,0.000000,20.108170,0.000000,0.000000,3.433537,16.425484,0.109578,28.857794
0.000000,0.000000,21.378442,0.000000,0.000000,2.284637,4.339159,0.045596,43.076768
0.000000,0.000000,20.883317,0.000000,0.000000,2.041678,4.065351,0.373267,29.097276
0.000000,0.000000,20.316223,0.000000,0.000000,2.814401,6.516213,0.198326,28.276573
0.000000,0.000000,21.235295,0.000000,0.000000,2.386580,3.816038,0.045116,33.129114
0.000000,0.000000,20.355829,0.000000,0.000000,2.166103,5.351257,0.485370,28.104296
0.000000,0.000000,19.526859,0.000000,0.000000,3.480263,5.754240,0.099909,29.259654
0.000000,0.000000,21.813490,0.000000,0.000000,2.463416,4.647894,0.069211,33.083478
0.000000,0.000000,20.229960,0.000000,0.000000,2.152357,4.213201,0.442638,35.311368
0.000000,0.000000,20.052905,0.000000,0.000000,3.211865,5.963286,0.118876,28.428843
0.000000,0.000000,21.986262,0.000000,0.000000,2.259351,4.400287,0.050396,33.343306
0.000000,0.000000,21.321722,0.000000,0.000000,2.050995,4.881037,0.432349,29.627095
0.000000,0.000000,19.653581,0.000000,0.000000,2.942174,6.673673,0.099678,28.563060
0.000000,0.000000,22.141445,0.000000,0.000000,2.715815,5.020478,0.056999,33.860837
0.000000,0.000000,21.021213,0.000000,0.000000,2.085480,14.142362,0.537977,33.275883
0.000000,0.000000,20.539042,0.000000,0.000000,3.337610,20.145219,0.133094,38.987813
0.000000,0.000000,20.913276,0.000000,0.000000,2.691958,4.411370,0.053793,46.465956
0.000000,0.000000,21.304596,0.000000,0.000000,2.406784,4.409507,0.506487,30.344640
0.000000,0.000000,20.391218,0.000000,0.000000,3.541721,6.883259,0.115781,29.510094
0.000000,0.000000,21.989504,0.000000,0.000000,3.013842,5.948595,0.069864,34.863447
0.000000,0.000000,22.521701,0.000000,0.000000,3.534276,6.059285,0.165156,33.729303
0.000000,0.000000,25.353525,0.000000,0.000000,2.312795,23.762028,0.532877,37.781328
0.000000,0.000000,22.343530,0.000000,0.000000,3.892640,26.628809,0.184202,50.891112
0.000000,0.000000,23.995774,0.000000,0.000000,3.775406,5.718987,0.064653,58.111324
0.000000,0.000000,22.148417,0.000000,0.000000,3.222812,5.620479,0.062760,34.439228
0.000000,0.000000,24.145038,0.000000,0.000000,2.825954,5.364660,0.735284,35.814814
0.000000,0.000000,25.903996,0.000000,0.000000,7.840057,8.829204,0.243936,37.683010
0.000000,0.000000,26.856720,0.000000,0.000000,2.780151,4.782920,0.055817,48.086397
0.000000,0.000000,22.219283,0.000000,0.000000,2.693893,4.392275,0.056507,31.653437
0.000000,0.000000,20.648769,0.000000,0.000000,2.291715,5.613065,0.478714,29.688326
0.000000,0.000000,21.894556,0.000000,0.000000,3.636713,6.656447,0.135890,32.185892
0.000000,0.000000,30.485768,0.000000,0.000000,2.435389,4.631731,13.398428,47.170580
0.000000,0.000000,20.517398,0.000000,0.000000,2.359324,4.069418,0.053331,43.408416
0.000000,0.000000,20.116082,0.000000,0.000000,2.239014,4.183707,0.472983,28.408862
0.000000,0.000000,19.456944,0.000000,0.000000,3.620321,5.382966,0.136220,28.177251
0.000000,0.000000,21.207396,0.000000,0.000000,2.912090,4.511393,0.069964,32.694895
0.000000,0.000000,21.807966,0.000000,0.000000,2.891470,4.867112,0.067609,31.130224
0.000000,0.000000,20.389487,0.000000,0.000000,2.385604,4.282676,0.056678,29.948157
0.000000,0.000000,20.504499,0.000000,0.000000,1.992243,13.324980,0.571972,35.878480
0.000000,0.000000,20.401340,0.000000,0.000000,3.634158,19.396871,0.154966,38.571420
0.000000,0.000000,21.141714,0.000000,0.000000,2.756392,4.696006,0.052730,46.956548
0.000000,0.000000,20.246925,0.000000,0.000000,2.668905,4.708740,0.083279,29.548142
0.000000,0.000000,20.913607,0.000000,0.000000,2.412486,4.677751,0.076175,30.147597
0.000000,0.000000,20.407893,0.000000,0.000000,2.045695,4.387967,0.554579,29.364903
0.000000,0.000000,20.741269,0.000000,0.000000,3.420381,6.420629,0.138153,29.436269
0.000000,0.000000,21.901698,0.000000,0.000000,2.445920,5.263069,0.154175,34.070112
0.000000,0.000000,20.035264,0.000000,0.000000,2.272810,13.084904,0.118647,30.419872
0.000000,0.000000,19.966283,0.000000,0.000000,2.144355,4.789265,0.625674,37.838728
0.000000,0.000000,20.053540,0.000000,0.000000,4.627285,6.683923,0.167300,29.397410
0.000000,0.000000,20.701326,0.000000,0.000000,4.048429,7.432352,0.069613,34.861063
0.000000,0.000000,21.822941,0.000000,0.000000,2.981933,5.205780,0.060916,35.500286
0.000000,0.000000,21.182906,0.000000,0.000000,2.506637,5.195019,0.065966,31.363905
0.000000,0.000000,20.239074,0.000000,0.000000,2.399682,4.868165,0.190424,30.004470
0.000000,0.000000,20.785407,0.000000,0.000000,2.183169,5.569696,0.740524,30.652237
0.000000,0.000000,21.798074,0.000000,0.000000,3.940935,20.433579,0.172890,38.729986
0.000000,0.000000,21.612811,0.000000,0.000000,2.679013,5.373085,0.063780,48.685878
0.000000,0.000000,20.945238,0.000000,0.000000,2.343158,5.124035,0.067648,31.054254
0.000000,0.000000,20.566122,0.000000,0.000000,2.037462,5.430744,0.088578,30.149465
0.000000,0.000000,19.807057,0.000000,0.000000,2.081464,4.915360,0.657383,29.416028
0.000000,0.000000,20.549975,0.000000,0.000000,3.935298,6.982067,0.185601,30.356730
0.000000,0.000000,22.335346,0.000000,0.000000,2.847702,5.824463,0.137319,35.879576
0.000000,0.000000,20.893952,0.000000,0.000000,2.267465,15.357978,0.147809,33.685595
0.000000,0.000000,20.428342,0.000000,0.000000,2.333691,4.903078,0.072597,40.433293
0.000000,0.000000,21.813703,0.000000,0.000000,2.058892,4.864546,0.068489,31.170590
0.000000,0.000000,20.848940,0.000000,0.000000,1.899531,4.600006,0.651140,29.750146
0.000000,0.000000,21.622632,0.000000,0.000000,4.311402,6.164252,0.164571,30.752089
0.000000,0.000000,21.520115,0.000000,0.000000,2.839537,4.881208,0.060464,34.755517
0.000000,0.000000,21.191217,0.000000,0.000000,2.603651,5.008197,0.164100,30.869482
0.000000,0.000000,20.340049,0.000000,0.000000,2.372495,4.636404,9.480260,30.502498
0.000000,0.000000,20.248695,0.000000,0.000000,2.176043,4.526416,0.059392,38.941651
0.000000,0.000000,20.931625,0.000000,0.000000,1.972118,4.649219,0.060264,29.511464
0.000000,0.000000,20.581765,0.000000,0.000000,1.753024,4.469830,0.743886,29.177934
0.000000,0.000000,20.599773,0.000000,0.000000,3.824239,6.465903,0.130046,29.427982
0.000000,0.000000,21.552113,0.000000,0.000000,2.741443,5.484568,0.084300,34.484501
0.000000,0.000000,20.595435,0.000000,0.000000,3.109178,5.870498,0.168659,30.830393
0.000000,0.000000,22.195639,0.000000,0.000000,2.217622,4.725723,11.144078,34.292779
0.000000,0.000000,20.680003,0.000000,0.000000,2.111121,15.940495,0.135777,41.006059
0.000000,0.000000,20.328079,0.000000,0.000000,1.805162,4.719762,0.066997,40.757971
0.000000,0.000000,20.610673,0.000000,0.000000,1.614914,4.499827,0.612769,29.203107
0.000000,0.000000,20.428919,0.000000,0.000000,3.697520,6.227183,0.133853,29.068913
0.000000,0.000000,20.396898,0.000000,0.000000,2.614153,9.018221,0.065534,32.784417
0.000000,0.000000,20.850621,0.000000,0.000000,2.833307,5.394824,0.086144,34.592902
0.000000,0.000000,24.196472,0.000000,0.000000,2.259195,4.794559,0.176106,34.989859
0.000000,0.000000,20.587201,0.000000,0.000000,2.229545,15.603996,0.074372,29.999566
0.000000,0.000000,20.469711,0.000000,0.000000,1.946304,4.541487,0.059263,40.237172
0.000000,0.000000,19.437832,0.000000,0.000000,1.801888,4.388946,0.060906,27.855856
0.000000,0.000000,20.071140,0.000000,0.000000,1.723739,4.161761,0.645282,28.284363
0.000000,0.000000,20.217469,0.000000,0.000000,4.394656,5.537738,0.207456,28.522296
0.000000,0.000000,24.751372,0.000000,0.000000,2.985056,5.395906,0.087396,37.639284
0.000000,0.000000,20.502463,0.000000,0.000000,2.815112,5.723603,0.101253,30.920934
0.000000,0.000000,20.015527,0.000000,0.000000,2.726213,5.388805,0.137964,38.495885
0.000000,0.000000,20.927188,0.000000,0.000000,2.247560,15.501242,0.094049,41.070198
0.000000,0.000000,21.386094,0.000000,0.000000,2.156826,4.851960,0.061637,41.640277
0.000000,0.000000,21.489571,0.000000,0.000000,2.094949,5.093411,0.088078,30.607412
0.000000,0.000000,20.507606,0.000000,0.000000,1.837136,5.272893,0.065485,29.881536
0.000000,0.000000,19.755071,0.000000,0.000000,1.944110,4.723995,0.064814,29.018399
0.000000,0.000000,20.707743,0.000000,0.000000,1.728519,5.653338,0.853750,29.390923
0.000000,0.000000,20.438885,0.000000,0.000000,4.649984,18.592121,0.160927,30.990963
0.000000,0.000000,22.652551,0.000000,0.000000,-25.014320,0.000000,721.537720,48.791183
