#LBA time[ms], KF opt[#], KF fixed[#], MP[#], Edges[#]
0.008257,3,1,0,3410
0.001460,4,1,0,3788
0.461251,5,1,0,4575
0.352006,6,1,0,5343
0.554704,7,1,0,5935
0.508201,8,1,0,6658
0.753609,9,1,0,7305
0.962551,10,1,0,8037
0.961751,11,1,0,8761
1.833810,12,1,0,9406
1.531904,13,1,0,10187
1.476587,14,1,0,10945
2.044900,15,1,0,11600
2.919529,16,1,0,12460
2.885436,17,1,0,13201
3.455673,13,5,0,12597
3.259208,7,12,0,8450
2.651334,6,14,0,7235
1.482131,6,15,0,6586
0.970993,6,16,0,5946
0.728600,7,16,0,6394
0.910122,8,16,0,6696
1.211011,9,16,0,7327
1.254702,10,16,0,7857
2.037940,10,17,0,7843
1.013388,11,17,0,8383
1.435509,12,17,0,8947
1.312770,13,17,0,9514
2.177767,13,12,0,9370
2.092156,14,12,0,9855
1.413223,14,7,0,9533
1.698729,16,12,0,10840
1.375718,17,12,0,11641
4.842725,17,7,0,11570
3.063018,18,7,0,12325
3.662530,15,8,0,11204
5.433404,16,8,0,11794
1.773124,15,9,0,11554
1.950113,13,12,0,10536
5.077687,15,11,0,11673
2.015117,16,11,0,12321
1.983891,14,14,0,11328
3.713245,15,14,0,11865
2.034117,14,15,0,11615
2.845218,13,17,0,11506
2.731677,11,20,0,10611
2.570739,10,21,0,9159
1.578839,10,22,0,8855
4.019911,8,25,0,7021
4.703294,8,26,0,7006
1.628306,9,26,0,7562
2.100374,10,26,0,7847
0.692527,9,20,0,6745
1.913444,10,20,0,7208
1.353763,10,18,0,7108
1.129511,11,18,0,7412
1.119971,11,19,0,7257
1.847348,11,13,0,7137
1.817989,10,12,0,6845
1.567440,13,13,0,8101
1.405858,11,13,0,7565
1.319483,11,14,0,7818
1.294212,11,15,0,8281
1.344654,11,13,0,7798
1.783607,13,15,0,9355
1.132002,13,13,0,9109
1.773017,12,14,0,8810
3.098800,13,14,0,9337
3.163207,14,14,0,9703
2.001069,15,14,0,10215
2.133394,16,14,0,10756
2.481596,16,15,0,10843
3.046696,17,15,0,11425
1.968834,16,17,0,11914
3.190384,16,18,0,12092
3.674423,16,19,0,11420
2.890814,14,22,0,10238
3.878808,16,21,0,11325
2.179669,13,25,0,9687
2.252925,15,24,0,11143
1.719181,13,27,0,9846
2.254198,14,27,0,10317
5.032694,15,27,0,10777
3.305710,15,27,0,10830
4.140574,15,28,0,10765
3.953657,15,29,0,10853
7.895262,16,29,0,11502
1.836070,16,30,0,12217
4.164012,15,21,0,11326
4.205528,15,22,0,11438
1.839355,14,24,0,10793
4.059688,14,24,0,11045
1.982250,11,28,0,9728
2.279575,12,28,0,10486
1.310216,11,30,0,10369
3.291285,11,31,0,10948
4.877184,8,29,0,8456
8.468520,9,29,0,8936
3.147899,10,29,0,9494
2.260497,9,29,0,8258
1.987427,10,29,0,8715
1.460436,11,29,0,9083
2.165013,11,30,0,8585
3.419793,11,31,0,8457
1.608808,11,17,0,8320
1.884189,12,17,0,8879
2.307990,13,17,0,9340
2.023557,13,18,0,9143
3.339154,13,19,0,9154
1.364177,14,19,0,9670
1.905604,13,21,0,9249
1.545827,9,22,0,7626
2.205166,10,22,0,8185
1.488087,11,22,0,8662
3.142542,12,22,0,9076
1.750748,13,22,0,9681
2.522377,11,23,0,8720
1.979435,12,23,0,9192
1.272599,12,18,0,9035
1.857922,13,18,0,9530
1.288316,14,18,0,10168
4.615242,14,19,0,10229
1.578485,15,19,0,10700
1.661458,15,20,0,10539
2.705732,16,20,0,11112
3.213913,16,19,0,11262
2.544473,16,20,0,11405
9.574558,17,20,0,12147
8.916873,15,23,0,11443
4.293062,16,23,0,12171
9.557169,17,23,0,12697
2.235480,18,23,0,13235
2.675744,15,21,0,11908
3.393227,16,21,0,12388
3.825454,16,22,0,12382
4.536307,17,22,0,12948
3.755928,16,23,0,12273
10.963982,17,23,0,12971
6.559119,18,23,0,13644
2.809432,18,23,0,13732
4.847771,13,22,0,11438
3.224295,10,25,0,9799
2.396939,11,25,0,10441
2.035231,8,27,0,8468
2.398252,9,27,0,8954
1.489928,6,24,0,6379
2.032278,6,21,0,5808
1.062823,7,21,0,6348
0.968122,7,14,0,6033
1.280310,6,16,0,5042
5.794042,6,13,0,4700
1.499800,7,13,0,4999
0.866783,7,14,0,4980
1.538033,7,14,0,5169
2.288294,8,14,0,5710
0.791310,9,14,0,6218
1.612506,10,14,0,6764
1.848720,11,14,0,7182
2.146264,11,12,0,7310
2.266581,10,14,0,7261
2.011386,11,14,0,8009
3.396876,13,13,0,9155
2.119279,11,16,0,8494
3.675855,14,14,0,9837
1.261249,13,16,0,9935
2.927992,12,18,0,9708
2.926138,12,13,0,9771
1.613468,10,16,0,8686
4.225987,11,16,0,9397
2.004175,9,19,0,8663
6.830415,7,21,0,7497
1.990713,8,21,0,8047
2.462159,8,22,0,7924
0.917117,9,22,0,8435
1.739451,9,18,0,8076
2.248562,10,18,0,8458
8.594161,11,18,0,8983
2.292289,11,11,0,8657
3.263794,12,11,0,9116
1.999656,12,12,0,9001
1.967690,13,12,0,9402
1.905271,14,12,0,9577
1.796194,15,12,0,9853
2.259330,16,12,0,10402
2.463981,15,14,0,10672
5.986406,15,12,0,10474
6.363984,13,10,0,8744
1.429591,15,9,0,9783
5.083430,16,9,0,10507
2.165894,13,13,0,9492
2.180536,14,13,0,10142
3.210698,17,11,0,11721
2.136423,14,15,0,10463
2.000143,11,17,0,9766
2.767522,10,18,0,9605
3.736677,10,19,0,9708
3.881055,7,23,0,8215
6.683255,7,24,0,8307
3.891990,7,25,0,8148
1.992004,7,22,0,7919
1.500471,8,22,0,8553
1.332225,9,22,0,9267
1.535024,9,10,0,8962
2.852246,10,10,0,9635
6.082404,11,10,0,10250
3.991437,12,10,0,10890
1.680394,13,10,0,11585
3.833818,13,10,0,11523
4.333940,14,10,0,12214
15.003917,15,10,0,12788
3.608211,15,10,0,12687
2.604489,15,7,0,12652
2.971425,16,7,0,13132
3.560395,17,7,0,13675
10.416557,16,7,0,13020
3.104482,17,7,0,13538
11.886773,13,11,0,11278
3.262543,14,11,0,11992
6.532822,15,11,0,12595
4.263448,16,11,0,13216
5.030275,16,12,0,13749
3.130570,13,16,0,10884
3.186207,12,16,0,10423
9.549723,13,16,0,10926
2.193527,14,16,0,11479
2.537827,13,18,0,10814
3.897876,14,18,0,11322
3.235857,15,18,0,11910
2.755755,16,18,0,12596
2.327537,15,20,0,12082
5.824023,16,20,0,12564
4.885757,14,22,0,11685
12.754773,16,22,0,13366
2.485117,13,23,0,10504
2.904427,14,23,0,10648
2.043439,14,24,0,10415
2.069735,14,25,0,10363
3.738924,14,26,0,10171
5.322369,14,25,0,10128
5.263128,15,25,0,10730
4.148203,15,26,0,10661
5.304007,16,26,0,11214
2.470871,17,26,0,11785
3.434969,15,29,0,11920
5.538160,15,30,0,11065
2.853123,15,30,0,11627
3.280724,13,29,0,10751
4.442766,14,29,0,11309
2.860680,15,29,0,11923
3.470087,15,30,0,11947
2.619661,15,31,0,12107
4.513947,14,33,0,11611
4.447078,13,25,0,11147
5.100173,14,25,0,11739
3.438318,15,25,0,12174
2.977493,13,28,0,10894
6.748080,14,28,0,11447
3.326319,13,30,0,10528
4.112514,12,32,0,9991
2.955799,11,33,0,9414
22.737098,13,32,0,10628
2.648043,13,33,0,10756
6.991756,14,33,0,11470
3.571694,14,34,0,11657
2.763577,14,35,0,11787
3.798730,14,36,0,12191
2.619782,15,36,0,12807
4.242881,14,38,0,12504
5.678282,16,37,0,13233
4.061305,15,36,0,12676
2.772024,16,36,0,13552
2.729624,17,36,0,14011
3.890418,18,36,0,14434
3.720045,17,38,0,13848
3.864298,20,36,0,15657
4.168365,20,37,0,15762
4.573450,16,30,0,13519
4.690610,10,26,0,10604
7.085019,9,28,0,9122
3.434770,9,27,0,8755
4.695365,7,30,0,7857
2.914801,7,30,0,8250
3.661376,7,27,0,8005
2.035534,8,27,0,8652
2.890365,9,27,0,9351
2.460193,9,20,0,9105
2.028140,10,20,0,9882
2.790115,11,20,0,10481
2.384221,12,20,0,11084
6.961130,12,18,0,10888
4.269052,13,18,0,11536
5.978535,14,18,0,12137
3.373130,15,18,0,12778
3.464319,16,18,0,13469
5.206840,17,18,0,14211
5.510651,18,18,0,14880
3.795647,18,7,0,14867
3.930526,19,7,0,15636
6.053346,20,7,0,16572
7.493816,20,8,0,17251
6.431105,21,8,0,17744
4.533942,17,9,0,14657
6.567446,16,11,0,14069
7.732720,17,11,0,14819
7.720047,13,15,0,12661
9.484919,8,21,0,9619
3.374249,7,22,0,8512
7.600132,5,24,0,6484
3.237174,6,24,0,7016
1.421131,6,25,0,6543
2.343306,7,25,0,7054
1.038156,7,13,0,6843
1.772099,8,13,0,7364
1.764219,9,13,0,7959
2.624182,10,13,0,8575
2.080570,11,13,0,9131
2.550376,12,13,0,9774
22.052672,12,11,0,9781
2.895705,13,11,0,10400
4.851918,14,11,0,11040
2.366067,16,13,0,12418
3.077122,16,11,0,12477
3.619648,15,8,0,12373
3.084684,14,7,0,11778
3.366006,15,7,0,12444
3.565247,14,8,0,12124
2.873486,13,10,0,11737
5.237590,13,11,0,11756
4.385869,13,12,0,11689
2.578674,12,14,0,11073
3.792291,13,14,0,11549
6.493558,12,16,0,10992
20.810174,10,19,0,9103
3.154951,10,20,0,8856
7.567493,10,20,0,8812
2.569585,11,20,0,9410
5.973890,11,19,0,9500
2.602442,10,21,0,8693
2.336453,11,21,0,9155
4.096395,12,21,0,9744
2.445456,13,21,0,10430
2.801933,15,20,0,11561
4.564447,15,21,0,11370
4.098814,16,21,0,11777
5.195208,17,21,0,12225
2.592488,18,21,0,12989
3.147737,18,22,0,13857
2.858158,19,22,0,14462
3.092334,20,22,0,14932
6.860295,22,21,0,15521
5.810902,23,21,0,16067
7.433769,23,22,0,16577
5.847614,24,22,0,17231
6.086371,25,22,0,17734
5.180950,22,18,0,15385
5.740681,22,19,0,15356
3.237488,23,19,0,15818
6.656637,24,19,0,16313
18.406673,25,19,0,16995
4.824610,26,19,0,17581
4.492548,28,18,0,18719
8.395442,28,19,0,18754
7.347351,29,19,0,19375
12.904628,30,19,0,20007
4.504144,26,24,0,18401
5.658716,30,21,0,21060
33.458561,28,24,0,19549
4.399142,34,19,0,22504
4.172873,30,24,0,21218
6.758663,24,31,0,16936
4.873708,24,32,0,16795
3.720544,24,33,0,16702
8.751271,22,36,0,16026
9.684460,23,36,0,16381
4.594785,23,37,0,16053
30.674018,22,39,0,15899
7.501234,15,47,0,12125
6.716525,13,43,0,10866
3.994226,12,45,0,10380
3.535921,7,28,0,7511
4.837324,7,28,0,7567
2.369829,7,28,0,7676
2.563592,7,28,0,7600
4.209741,7,29,0,7592
2.710274,7,22,0,7372
5.392291,8,22,0,7983
3.868927,8,12,0,7466
3.067310,9,12,0,8003
5.113348,10,12,0,8494
3.467892,10,9,0,8465
27.543195,11,9,0,9071
4.126518,12,9,0,9622
9.033488,13,9,0,10293
5.500661,14,9,0,10891
9.433262,15,9,0,11558
3.563250,16,9,0,12296
3.938489,17,9,0,12941
28.819826,18,9,0,13646
2.769570,19,9,0,14269
6.790956,15,8,0,12245
2.914356,16,8,0,13023
6.440439,16,8,0,13253
4.197684,16,9,0,13505
3.599827,13,13,0,12193
3.794214,12,14,0,12231
2.206415,13,14,0,12954
27.785490,13,15,0,13360
4.170402,12,17,0,12087
27.081464,13,17,0,12468
22.531277,10,20,0,9961
4.403147,10,21,0,9947
3.920352,9,17,0,8808
2.515913,9,17,0,8562
5.563130,9,18,0,8603
3.515275,9,17,0,8597
4.594928,10,17,0,9325
2.835255,10,17,0,9287
3.514696,11,17,0,9816
5.036607,12,17,0,10302
2.580726,12,18,0,10311
2.701153,12,15,0,10405
4.241668,13,15,0,11242
3.195157,14,15,0,11941
5.230632,15,15,0,12656
3.037016,16,15,0,13331
2.568290,17,15,0,13954
7.118574,17,11,0,13928
4.810116,18,11,0,14688
6.235937,19,11,0,15363
6.417337,19,9,0,15334
19.789920,21,11,0,16532
4.024450,21,9,0,16470
8.016931,23,11,0,17767
3.757909,23,9,0,17862
6.886807,24,9,0,18499
5.402634,23,11,0,18752
5.393944,23,12,0,19244
3.949763,23,10,0,18247
5.261419,23,10,0,18441
9.561943,24,10,0,19226
4.932251,25,10,0,20024
8.792920,22,14,0,19210
8.705470,24,13,0,20125
8.896012,21,16,0,19149
6.649447,18,20,0,16660
10.037388,16,23,0,15649
3.360907,16,24,0,15862
31.825963,17,24,0,16626
3.445143,16,26,0,16008
9.922852,16,27,0,16209
5.776858,17,27,0,16868
4.931522,18,27,0,17442
8.869280,17,28,0,17398
8.694799,17,29,0,17286
4.531498,13,33,0,13428
7.793882,14,33,0,13925
6.304380,14,34,0,13488
6.275750,15,34,0,14077
5.039504,16,34,0,14598
3.411060,15,36,0,13634
9.920662,16,36,0,14264
5.103310,15,34,0,13822
7.585034,15,35,0,13022
4.049405,16,35,0,13505
6.203444,14,33,0,11748
4.018240,15,33,0,12333
2.994120,16,33,0,12933
2.945737,17,33,0,13501
6.412089,17,24,0,13319
3.355884,17,25,0,13006
4.129032,16,27,0,12555
5.016579,18,26,0,13486
4.810298,18,27,0,13687
3.262586,19,27,0,14509
30.222742,18,29,0,14293
4.822605,15,33,0,12441
31.793902,16,33,0,13064
5.919916,17,33,0,13543
7.181412,17,34,0,13483
3.746484,18,34,0,13928
34.292464,18,35,0,14017
6.536732,19,35,0,14579
30.438354,18,37,0,13999
5.400453,17,39,0,13325
26.537099,17,40,0,13694
4.781933,17,41,0,13020
28.093848,19,40,0,14469
5.133088,17,43,0,12442
8.631777,17,44,0,12501
10.008033,17,45,0,11952
8.691491,17,46,0,11868
6.698379,19,45,0,13468
5.960132,22,43,0,15430
5.647794,18,36,0,12664
8.579813,21,46,0,14769
4.499706,17,39,0,12733
7.205315,10,35,0,9764
7.074897,11,35,0,10454
7.301108,10,37,0,10760
5.419890,6,42,0,7884
3.972252,7,42,0,8651
3.516532,7,21,0,8375
2.734650,8,21,0,8952
2.814340,8,15,0,8376
6.216140,9,15,0,8880
2.643120,10,15,0,9481
3.187712,10,13,0,9164
5.788398,10,12,0,8962
4.473868,11,12,0,9439
2.760776,11,6,0,9300
7.175214,12,6,0,9770
4.613124,14,12,0,10911
32.931973,12,8,0,10491
4.081045,13,8,0,11010
4.116652,16,6,0,11735
4.525877,14,8,0,11301
3.233860,14,8,0,10355
34.231356,15,8,0,11091
5.132639,15,9,0,11115
3.680871,16,9,0,11807
4.929554,17,9,0,12535
5.091698,17,9,0,12720
28.230362,18,9,0,13522
34.792865,18,10,0,13565
36.159052,18,11,0,13907
35.127724,18,12,0,14023
10.795928,20,11,0,15219
4.461099,21,11,0,15835
11.917958,20,13,0,15376
5.647098,21,13,0,15949
6.146077,22,13,0,16663
10.102572,21,15,0,16951
9.981932,22,15,0,17684
17.223103,20,18,0,16647
5.827161,20,19,0,16914
4.344449,15,25,0,14079
5.054906,15,26,0,14120
39.514259,13,29,0,12600
6.193252,12,29,0,11668
4.420900,13,29,0,12185
5.693968,14,29,0,12720
7.546549,14,30,0,13146
4.881005,14,31,0,12635
4.265561,15,31,0,13342
6.225769,14,29,0,12767
3.815002,12,30,0,11179
30.383960,13,30,0,11960
36.733596,13,31,0,11569
5.322591,15,30,0,13165
3.957420,14,32,0,12128
7.059166,13,33,0,11441
3.944531,14,33,0,12192
8.247923,15,33,0,12903
6.651060,14,25,0,12807
4.847136,15,25,0,13307
9.325502,16,25,0,13839
7.714324,14,28,0,12666
5.102869,14,29,0,12671
4.811848,14,30,0,12526
4.822018,14,31,0,12255
16.545916,16,30,0,13351
41.698170,15,32,0,12504
3.947482,18,30,0,14367
32.413035,18,31,0,14395
4.718818,17,33,0,13659
11.645656,17,34,0,13464
10.942969,18,34,0,14147
7.596289,19,34,0,14862
11.613431,20,34,0,15594
9.820453,19,36,0,14571
4.368408,19,37,0,14404
5.378071,18,38,0,14156
45.671264,19,38,0,15077
5.683953,18,40,0,14020
7.226711,16,39,0,12812
8.947729,14,46,0,12048
8.633203,18,39,0,13766
5.374533,16,42,0,13038
9.310618,17,42,0,13624
6.340422,18,46,0,14148
4.211489,15,44,0,12644
13.459422,16,44,0,12306
4.740442,13,48,0,10156
6.012493,14,48,0,10884
6.159507,17,46,0,14630
7.097968,16,48,0,12077
4.789862,17,48,0,12506
3.953557,18,48,0,12822
35.178013,16,51,0,11546
5.130178,21,47,0,16148
10.080459,20,49,0,14195
10.237546,18,52,0,12534
3.695074,17,52,0,13167
42.940808,18,52,0,14010
7.705941,14,32,0,11119
9.880710,13,34,0,10973
5.951496,13,35,0,11321
38.146991,12,37,0,11032
40.160477,12,38,0,10959
6.579268,11,40,0,11082
5.548654,10,42,0,10201
7.470685,11,42,0,10676
3.772384,11,43,0,10525
6.479625,12,43,0,10888
7.152726,12,44,0,10457
4.039567,12,22,0,9838
4.651636,13,22,0,10421
5.348391,13,16,0,10405
7.126526,13,15,0,10141
4.544780,13,15,0,10320
6.406952,13,13,0,10457
7.686206,14,13,0,11141
4.218350,15,13,0,11894
2.481723,15,14,0,11879
5.607118,16,14,0,12552
5.556346,17,14,0,13187
3.336061,18,14,0,13923
30.193030,19,14,0,14639
4.901732,20,14,0,15344
43.194818,21,14,0,15951
7.474594,22,14,0,16646
5.972852,22,14,0,16763
20.403122,23,14,0,17450
5.685217,21,15,0,17146
12.940700,21,13,0,16613
9.375737,22,13,0,17061
10.680766,22,13,0,17175
6.754533,19,16,0,15732
7.966664,17,19,0,14638
5.399752,15,22,0,12987
44.310267,16,22,0,13302
3.246365,11,23,0,9164
4.486091,13,25,0,11168
6.397767,10,26,0,8400
5.240890,10,26,0,8302
2.589189,10,27,0,8097
2.441883,9,25,0,7312
3.161299,9,26,0,7337
2.422630,9,27,0,7250
6.116477,10,27,0,7521
2.413749,10,28,0,7433
2.506311,11,28,0,7876
3.773349,10,30,0,7345
7.706874,9,28,0,6557
2.868302,9,20,0,6430
2.816424,10,20,0,6854
1.987315,11,20,0,7200
2.280932,11,16,0,7191
4.056009,12,16,0,7730
2.198532,13,16,0,8220
3.896081,13,17,0,8206
6.929587,13,18,0,8567
51.156601,13,18,0,8105
7.358031,14,18,0,8566
2.354947,15,18,0,9039
2.713213,16,18,0,9478
5.008339,15,17,0,9074
5.808857,15,18,0,9662
2.937797,16,18,0,10205
6.745877,15,19,0,9533
2.916825,12,21,0,8395
2.330677,14,20,0,9288
2.558553,15,19,0,10157
5.473922,13,21,0,8894
3.175692,14,21,0,9577
3.984908,14,22,0,9584
2.353072,15,22,0,9975
3.502654,15,23,0,10191
46.041988,15,24,0,10311
7.385972,15,25,0,10241
5.269444,14,27,0,9596
46.670349,10,32,0,7497
45.526464,11,32,0,7915
51.232009,11,30,0,7687
2.833534,11,31,0,7631
6.563124,13,30,0,8553
4.036096,13,31,0,8721
45.946535,12,33,0,8480
8.251967,13,33,0,9513
2.669174,10,36,0,8158
5.828200,10,31,0,8382
2.405798,10,32,0,8893
2.507641,9,34,0,8534
3.449277,10,34,0,8928
3.300028,7,22,0,7063
2.835137,7,17,0,6794
3.343979,8,17,0,7309
2.115081,9,17,0,7807
2.473475,10,17,0,8496
2.172924,11,17,0,9291
74.991102,11,16,0,9132
5.268093,12,16,0,9825
4.388266,12,16,0,9713
55.762915,13,16,0,10329
3.183229,13,14,0,10158
5.301237,13,8,0,10069
44.368936,14,8,0,10681
2.272624,14,9,0,10788
3.339319,15,9,0,11308
42.496169,16,9,0,11753
4.098247,16,7,0,11586
3.206984,17,7,0,12250
6.049847,18,7,0,12983
4.108522,18,7,0,13122
4.174443,19,7,0,13771
41.933235,20,7,0,14276
9.037775,19,9,0,13844
5.200940,17,12,0,12573
43.113402,18,12,0,12970
4.004766,20,11,0,15031
5.048534,21,11,0,15783
8.379314,18,15,0,13163
8.053347,13,19,0,10656
8.315754,8,25,0,9237
3.697713,6,28,0,7378
7.008802,5,30,0,6449
1.599653,6,30,0,6973
5.260713,7,30,0,7523
3.969427,7,30,0,7055
4.474066,8,30,0,8150
4.153723,9,30,0,8721
2.895112,10,30,0,9194
3.045261,11,30,0,9598
6.623913,11,13,0,8952
6.021396,12,13,0,9520
49.545278,13,13,0,9923
3.614548,14,13,0,10291
50.238452,15,13,0,10771
6.111923,16,13,0,11309
47.839870,17,13,0,11855
45.595427,18,13,0,12449
5.696730,19,13,0,12948
4.881244,20,13,0,13459
11.240741,21,13,0,14183
4.707082,21,13,0,14048
7.648682,22,13,0,14552
5.917579,23,13,0,15078
4.248425,24,13,0,15561
7.374100,25,13,0,16102
6.770453,24,13,0,15642
9.232298,22,8,0,15030
7.817300,24,7,0,15836
47.596178,19,13,0,14319
12.879831,18,14,0,13282
7.713597,18,15,0,13421
14.714329,13,20,0,10619
5.042110,16,18,0,12644
6.532684,14,21,0,10707
56.861768,13,23,0,10066
6.958234,14,23,0,10508
6.397013,15,23,0,11142
47.245744,16,23,0,11700
4.186278,16,24,0,11542
51.351520,13,28,0,9752
3.803371,13,29,0,9887
48.369180,10,33,0,8642
6.679966,11,33,0,9046
6.668177,12,33,0,9516
6.380158,11,25,0,9036
53.187594,11,26,0,9140
10.725024,12,26,0,9671
6.256773,10,29,0,8671
8.645288,13,27,0,10200
7.809639,10,27,0,8348
7.747113,13,29,0,10367
4.237906,12,27,0,9743
50.484270,12,27,0,9683
7.273718,13,27,0,10313
5.867055,14,27,0,10758
51.010387,12,29,0,9998
3.325496,13,29,0,10575
4.040074,13,30,0,10547
45.996999,13,26,0,10459
51.524151,13,27,0,10398
4.600731,14,27,0,10753
44.756489,15,27,0,11083
4.278564,15,28,0,10941
5.610142,14,25,0,9855
7.838764,16,29,0,11143
4.290696,16,25,0,10301
6.139168,12,30,0,8096
48.603923,4,24,0,4764
2.294878,3,23,0,3854
2.991845,4,23,0,4080
3.131999,4,4,0,3778
2.755898,5,4,0,4126
1.832746,6,4,0,4676
1.231209,7,4,0,5260
2.605539,8,4,0,5917
1.840186,9,4,0,6729
3.294483,10,4,0,7364
2.580952,9,3,0,7050
3.981226,10,3,0,7702
2.110570,10,4,0,8069
2.508993,11,4,0,8663
3.701991,10,5,0,8607
8.885913,11,5,0,9163
2.363867,13,4,0,10027
2.886559,13,5,0,10198
7.747415,15,4,0,11036
49.650199,15,5,0,11192
3.404688,16,5,0,11829
4.492862,17,5,0,12546
55.573140,18,5,0,13288
3.561526,18,6,0,13517
48.043810,19,6,0,14153
6.116520,19,7,0,14192
7.072119,19,8,0,14290
6.918061,21,7,0,15630
6.464869,22,7,0,15447
12.121332,23,7,0,15991
6.722560,22,9,0,15459
52.676149,24,8,0,16832
17.822073,22,11,0,15818
15.337181,23,11,0,16677
10.071945,22,13,0,16184
10.143136,24,12,0,17191
12.973349,24,13,0,17205
46.167428,26,12,0,18242
13.613035,26,13,0,18337
9.242805,24,16,0,17057
13.610253,24,17,0,16936
13.673965,25,17,0,17834
57.307567,24,19,0,16897
10.404957,24,19,0,16947
11.223522,22,22,0,15817
51.885645,24,21,0,17095
4.848374,17,29,0,13629
56.373197,18,29,0,14327
3.769457,15,32,0,12572
12.296098,15,33,0,12657
3.353636,16,33,0,13256
6.592426,14,36,0,12045
54.562541,16,35,0,13426
2.636869,14,38,0,12308
43.835752,15,38,0,12816
4.039204,13,41,0,11830
6.213773,16,39,0,13875
9.662293,18,38,0,14645
10.400540,17,40,0,14473
10.900480,17,41,0,14558
12.582940,17,42,0,14243
11.034859,18,42,0,14675
50.942286,16,31,0,12773
10.828054,17,31,0,13396
7.960289,17,32,0,13215
9.546276,17,33,0,13736
14.536842,19,32,0,14805
51.222058,19,33,0,14857
15.316084,21,32,0,15926
6.780182,19,25,0,15033
7.356327,19,26,0,14979
11.123094,20,26,0,15543
6.895108,13,33,0,11453
44.006766,15,32,0,12966
52.349011,15,33,0,12447
10.966767,14,33,0,11809
6.854860,15,33,0,12186
13.509446,15,33,0,11614
13.703960,16,33,0,11920
50.723241,15,35,0,11846
5.584772,15,36,0,11300
54.750052,16,36,0,11700
51.893190,16,37,0,11415
53.628966,14,24,0,10069
58.072020,13,25,0,9168
7.026611,13,26,0,9011
4.306869,15,25,0,9724
4.207139,15,26,0,9337
3.549422,14,28,0,9408
6.040457,15,28,0,8723
9.677276,12,32,0,8538
4.238526,13,32,0,9007
3.417218,12,29,0,7969
4.414383,14,28,0,9007
3.293858,13,30,0,8411
10.299666,14,30,0,8838
1.764966,15,30,0,9514
3.350869,13,25,0,8895
10.108443,12,27,0,9072
7.288422,12,27,0,9533
9.593572,14,27,0,10550
4.735836,16,26,0,11339
59.716268,18,25,0,12363
6.295913,17,27,0,12337
6.090843,18,27,0,13422
7.641643,19,27,0,13896
12.214711,17,29,0,13880
9.562603,18,30,0,14779
10.453774,14,32,0,13104
18.912436,15,32,0,13758
54.023793,15,33,0,13735
10.260350,14,35,0,13298
10.744889,13,37,0,11644
11.538810,14,37,0,12078
5.426651,14,38,0,11564
10.810984,14,39,0,11193
5.204729,14,40,0,10790
53.815084,15,40,0,11213
8.345925,15,41,0,11565
3.084303,16,41,0,12006
8.822184,17,41,0,12507
6.375067,18,41,0,13034
57.633679,17,43,0,13544
40.847388,13,41,0,11406
3.925182,14,41,0,12089
3.409426,13,37,0,9850
3.750959,14,37,0,10443
9.029505,15,37,0,11151
4.192169,16,37,0,11729
9.287656,15,38,0,11450
6.075592,16,38,0,12361
8.690620,17,38,0,13281
6.506840,17,31,0,13008
55.799292,17,32,0,13029
11.837370,16,31,0,12459
6.213318,11,29,0,10001
17.681600,11,30,0,10151
8.055202,7,28,0,7673
63.720690,6,23,0,7019
4.561493,7,23,0,8029
5.494696,7,19,0,7722
6.461912,8,19,0,8357
4.977082,9,19,0,8946
8.696210,10,19,0,9631
48.276348,9,16,0,8628
15.643221,10,16,0,9301
8.577287,10,14,0,9236
5.986076,11,14,0,9786
5.664859,11,9,0,9633
7.586506,12,9,0,9909
8.365429,12,7,0,9959
61.729512,11,8,0,9451
68.363594,13,8,0,11051
4.499834,12,9,0,10040
5.348512,11,10,0,8865
4.924855,11,10,0,8691
8.100309,12,10,0,9167
4.649429,13,10,0,9657
9.577556,10,12,0,7969
59.590889,10,13,0,7817
4.806312,11,13,0,8100
2.425029,12,13,0,8178
6.751633,12,14,0,7749
8.677630,11,16,0,7333
6.603861,12,16,0,7756
10.096201,13,16,0,8275
4.934589,13,17,0,8602
9.462891,14,17,0,9061
7.062729,13,19,0,8567
8.804367,12,21,0,7828
12.328408,11,21,0,7348
4.721745,12,21,0,7927
6.215318,11,21,0,7651
12.087284,12,21,0,8132
8.130273,13,21,0,8682
12.716504,14,21,0,9353
11.320751,13,23,0,9079
8.975517,15,22,0,10126
3.336590,14,24,0,9786
4.047516,13,25,0,9261
9.323541,14,26,0,10494
5.415828,15,26,0,10885
7.939242,14,21,0,9655
9.287081,13,19,0,9458
11.989612,12,21,0,9308
5.102731,10,22,0,8297
9.701049,12,21,0,9293
4.696278,11,23,0,8639
64.953168,11,24,0,8632
7.029345,12,24,0,9283
75.071503,13,24,0,9861
10.372894,13,25,0,9806
8.318609,14,25,0,10357
5.505514,13,27,0,10179
5.323304,12,24,0,9401
63.427916,12,28,0,9813
8.314223,9,21,0,8056
6.127737,10,32,0,8710
12.258004,11,32,0,9110
7.028113,11,19,0,8926
9.745851,12,19,0,9390
75.725064,12,20,0,9093
10.616012,11,22,0,8181
8.960961,12,22,0,8698
61.681316,14,21,0,9779
7.275873,13,18,0,8734
71.539871,16,21,0,10568
6.495697,14,18,0,9305
7.559760,17,22,0,10947
2.859899,17,18,0,10789
69.237006,17,18,0,10815
16.067745,15,21,0,10176
11.381551,17,20,0,11194
13.356475,15,23,0,10171
13.399372,15,22,0,10092
12.842293,14,19,0,8980
74.839400,15,19,0,9279
8.311397,14,21,0,9090
3.998941,15,21,0,9536
7.611216,15,22,0,9441
9.232888,16,22,0,10085
12.588927,14,25,0,9116
7.468287,13,27,0,9196
11.731029,11,30,0,7606
69.877469,10,32,0,7188
67.941527,10,33,0,6991
10.367312,11,33,0,7320
5.329620,11,34,0,7345
5.902233,11,35,0,7420
6.130342,12,35,0,7790
9.455802,11,37,0,7265
3.286115,8,22,0,5518
69.330037,10,21,0,6178
6.836864,10,22,0,6351
5.603807,11,22,0,6879
4.571443,11,23,0,7061
10.280054,11,24,0,7240
10.730082,12,24,0,7857
72.801481,13,24,0,8446
6.415563,12,26,0,8274
6.402681,14,25,0,9217
4.193792,15,25,0,9825
7.144296,14,24,0,9575
8.285477,16,26,0,10631
13.910750,16,24,0,10500
13.911893,16,25,0,10391
10.119075,16,26,0,10456
6.181433,16,27,0,10682
5.610254,15,24,0,10452
9.185170,12,22,0,9645
4.592711,10,19,0,8246
9.553602,11,19,0,8415
12.809877,11,20,0,8124
4.013380,12,20,0,8480
7.027817,12,21,0,8364
84.976588,13,21,0,8494
10.402462,14,21,0,8562
6.656042,10,24,0,6188
13.348604,11,24,0,6502
2.699819,8,27,0,5301
5.647562,7,28,0,5098
7.942997,6,21,0,4737
3.705024,7,21,0,5283
3.546021,7,22,0,5440
4.491716,7,18,0,5571
4.482185,8,18,0,6297
4.462092,7,16,0,6305
8.064889,8,16,0,6938
2.508019,8,16,0,7193
12.885241,9,16,0,7767
3.646972,9,12,0,7860
5.066735,10,12,0,8233
11.436431,10,8,0,8034
3.558033,10,8,0,7813
72.280278,11,8,0,8025
10.217992,8,11,0,6066
5.952533,8,9,0,5770
9.704081,9,9,0,5912
4.434728,10,9,0,6568
6.160833,11,9,0,6832
5.230062,10,11,0,6197
2.785888,13,9,0,7645
12.625357,11,12,0,6863
10.854286,12,12,0,7320
7.755383,11,12,0,7095
68.403375,13,12,0,8173
75.033169,12,13,0,8093
7.891455,12,14,0,8566
4.442223,12,15,0,8622
70.875832,13,15,0,9278
67.788974,13,16,0,9486
7.351729,13,16,0,9645
10.054269,14,16,0,10330
11.947043,15,16,0,10916
7.734002,16,16,0,11426
14.506721,16,16,0,11602
76.657472,14,19,0,10999
10.523098,15,19,0,11584
8.012680,15,20,0,11589
4.752798,16,20,0,12146
8.887855,17,20,0,12742
69.463058,16,18,0,12189
8.619852,15,18,0,11551
64.992980,13,21,0,10520
60.594688,13,22,0,10527
6.510873,11,20,0,9559
7.853457,12,20,0,10068
67.137849,12,21,0,10112
73.261952,10,21,0,8941
68.828291,9,22,0,8454
70.179753,10,22,0,9083
14.274166,11,22,0,9827
76.346465,11,23,0,9609
10.550642,12,23,0,10191
10.610187,12,17,0,10107
10.697278,13,17,0,10694
12.980415,13,17,0,10678
77.503335,14,17,0,11174
11.532097,13,19,0,10548
69.466304,14,19,0,10838
9.031206,15,19,0,10937
5.910313,15,20,0,11238
69.460856,16,20,0,11866
79.701971,14,23,0,10296
69.745307,13,25,0,9523
72.152135,14,25,0,10079
67.551267,13,22,0,9371
69.159478,12,24,0,8687
85.679977,11,26,0,8140
10.934028,10,27,0,8064
7.828747,10,23,0,8190
5.047905,11,23,0,8741
5.363118,11,23,0,9146
3.600169,11,20,0,8812
7.577867,14,23,0,10164
11.717596,12,21,0,9225
9.296425,11,23,0,9341
9.385868,12,23,0,10024
3.901163,11,21,0,9134
5.214307,11,22,0,8739
14.211735,10,23,0,8027
6.419170,12,21,0,9133
6.721857,11,23,0,8479
73.918600,11,19,0,8391
72.530106,11,20,0,8483
91.088140,12,20,0,9102
81.118327,12,21,0,9238
4.886630,11,18,0,9006
12.030661,12,18,0,9592
8.097732,12,19,0,9694
13.569990,14,18,0,10675
91.727230,15,18,0,11185
76.284347,15,19,0,11153
18.814764,15,20,0,11954
11.547217,15,21,0,11338
74.670825,15,22,0,11482
73.939368,14,19,0,11047
86.776977,15,19,0,11578
15.725738,14,21,0,11087
77.165404,10,19,0,8528
15.189930,13,17,0,10023
12.237678,13,18,0,9901
12.352630,10,22,0,8505
3.238132,9,24,0,8099
6.456075,11,23,0,8614
8.322325,8,22,0,6504
8.025403,8,23,0,6555
2.875544,9,19,0,6998
4.702234,10,19,0,7543
5.389858,11,19,0,8177
16.340246,11,20,0,8037
10.825237,12,20,0,8585
8.729353,12,20,0,8584
9.674735,13,20,0,9113
9.240868,14,20,0,9534
6.538798,15,20,0,10009
14.205610,15,19,0,9992
7.851012,15,18,0,10286
9.017708,16,18,0,10944
6.394814,17,18,0,11432
3.931584,16,20,0,11097
87.620400,17,20,0,11520
17.793627,18,20,0,11974
69.069256,16,22,0,11028
12.169708,16,19,0,11051
14.808095,17,19,0,11471
11.406975,16,21,0,10949
10.936388,14,22,0,9570
78.552459,12,25,0,8687
10.066307,10,27,0,7742
13.576743,11,27,0,8249
6.454222,10,25,0,7664
74.998169,8,25,0,6877
8.591316,6,24,0,5612
12.040537,7,24,0,5968
12.555699,8,24,0,6278
6.830908,7,24,0,6088
15.367531,7,22,0,5691
13.776031,8,22,0,6068
90.653954,7,13,0,5381
13.575163,8,13,0,5558
3.234322,7,12,0,5239
10.862870,9,11,0,6152
4.684019,9,12,0,6166
8.467243,10,12,0,6687
11.105064,11,12,0,7192
79.435749,9,10,0,6667
6.347891,10,10,0,7329
11.270570,10,11,0,7604
7.745600,11,11,0,8302
6.709383,11,12,0,8575
83.610658,11,13,0,8845
14.844229,12,13,0,9419
15.287260,13,13,0,9839
13.715507,13,14,0,9948
9.607060,12,16,0,9737
7.142626,12,15,0,9817
9.679485,13,15,0,10318
3.101346,9,20,0,8002
14.382163,7,23,0,6918
5.946787,8,23,0,7274
5.344565,9,23,0,7579
7.861997,8,21,0,6744
8.224710,9,21,0,7122
7.976903,10,21,0,7561
3.825607,10,19,0,7559
6.519590,12,21,0,8604
9.265635,11,18,0,7689
9.730801,12,18,0,8182
7.080420,12,19,0,8177
7.223496,12,20,0,8266
7.897340,12,21,0,8471
8.244837,12,22,0,8872
5.269985,11,24,0,8783
81.073068,12,24,0,9572
4.721693,11,22,0,8903
86.900303,11,23,0,8842
13.843574,12,23,0,9483
13.973454,12,24,0,9663
86.354413,11,26,0,9565
10.694391,8,30,0,8550
5.881212,6,23,0,6248
10.357116,5,25,0,5620
7.522518,6,25,0,6391
8.745742,7,25,0,7236
11.005640,8,25,0,7927
10.421961,8,26,0,7569
12.840479,8,27,0,7825
4.009462,7,28,0,7430
10.479013,7,27,0,7726
6.451477,4,8,0,5642
10.377496,5,8,0,6307
5.441634,5,7,0,6044
5.096072,6,7,0,6597
5.297081,6,7,0,6057
11.354335,7,7,0,6650
12.437659,8,7,0,7091
10.824784,8,5,0,6875
15.186745,9,5,0,7510
13.117415,10,5,0,8001
3.016753,11,5,0,8500
12.028695,11,4,0,8467
14.959687,11,4,0,8456
84.580029,12,4,0,8911
13.173114,11,6,0,8407
13.704014,12,6,0,8988
10.530751,12,7,0,9297
13.649778,12,8,0,9282
12.152083,13,8,0,9674
16.984256,11,10,0,8643
10.495870,10,12,0,7990
94.018055,9,14,0,7492
14.624999,10,14,0,7844
13.135875,10,15,0,7683
13.230254,9,17,0,7147
11.501199,9,18,0,7025
13.377861,9,19,0,6956
84.729463,10,19,0,7274
10.200083,10,20,0,7090
18.926242,9,21,0,6616
7.854998,8,23,0,6314
13.366564,9,23,0,6694
11.832225,6,16,0,5460
11.453813,7,16,0,5755
10.735887,6,18,0,5302
8.820882,7,18,0,5638
10.831719,6,18,0,5138
11.212243,7,18,0,5450
12.005394,7,15,0,5322
9.391911,6,13,0,4827
6.214269,7,13,0,4854
11.312444,6,10,0,4270
5.756776,6,10,0,4326
15.667751,6,11,0,4288
11.387474,8,10,0,4942
9.773507,8,10,0,5320
8.046567,9,10,0,5904
7.302158,10,10,0,6358
8.057504,10,10,0,6451
13.444949,10,11,0,6659
9.467644,8,12,0,6080
9.925104,9,12,0,6446
6.529217,10,12,0,6759
7.637521,9,14,0,6609
3.294313,10,14,0,7262
11.316476,8,16,0,6424
12.439757,8,17,0,6464
6.967146,9,17,0,6784
6.581102,10,17,0,7113
8.823647,9,19,0,6616
7.727873,8,21,0,6139
7.516985,9,21,0,6518
16.223181,9,22,0,6401
14.386012,9,23,0,6251
6.530932,10,23,0,6343
13.213695,12,22,0,6727
10.199397,13,22,0,7033
10.924102,14,22,0,7607
12.175797,10,14,0,6609
9.267306,13,25,0,7995
12.560044,12,13,0,7358
6.997129,18,22,0,9541
7.373294,14,13,0,8176
5.180622,14,13,0,8325
87.339610,16,13,0,9163
12.927047,18,19,0,10746
5.772158,13,17,0,8465
9.905744,14,17,0,9077
8.701363,12,20,0,8849
12.916458,12,21,0,9046
9.724236,14,20,0,9858
8.512501,14,21,0,10302
13.964795,13,23,0,9706
10.434653,15,22,0,10558
86.193299,12,26,0,8994
8.635810,13,26,0,9331
86.948203,16,24,0,11217
10.817322,15,26,0,9965
7.764900,13,29,0,8568
6.064458,14,29,0,8956
16.670567,15,29,0,9249
9.867622,13,28,0,8321
6.544150,12,29,0,7870
83.405295,12,30,0,7715
14.936533,13,30,0,8003
13.111593,12,32,0,7841
11.597930,12,33,0,8129
89.190400,13,33,0,8693
8.276245,12,33,0,8561
14.752050,10,29,0,8353
10.173612,7,26,0,7413
16.504687,8,26,0,7776
15.088183,6,28,0,6299
13.276765,6,29,0,5949
12.600008,6,30,0,5484
15.714030,6,31,0,5442
8.067153,7,8,0,5824
14.688589,7,7,0,6239
12.859351,8,7,0,6860
9.556073,8,8,0,7021
13.852145,9,8,0,7778
10.353040,10,8,0,8415
8.841333,10,9,0,8558
17.608904,11,9,0,9228
10.109268,12,9,0,9733
12.708617,13,9,0,10148
8.666739,13,6,0,10142
6.877811,14,6,0,10557
9.438289,15,6,0,11085
11.726778,16,6,0,11391
14.101833,14,8,0,10523
94.905315,14,8,0,10335
8.301058,14,9,0,10221
9.453235,14,9,0,9914
81.420891,13,11,0,9198
8.099014,12,12,0,8539
85.373259,10,14,0,7410
8.217983,14,12,0,9361
12.712311,13,14,0,9137
17.581487,13,14,0,8553
9.869325,13,15,0,8251
7.445567,9,20,0,6305
14.537446,10,20,0,6508
11.799507,12,19,0,8028
16.694133,12,20,0,7314
13.236509,12,21,0,7385
11.033644,13,21,0,7966
12.207020,13,22,0,8229
14.026820,14,22,0,8990
14.827420,14,23,0,9296
12.857920,15,23,0,10061
93.641567,15,24,0,10355
9.683171,15,24,0,10439
9.935517,13,27,0,10149
19.573994,15,26,0,11335
8.139870,14,28,0,10948
7.623411,14,29,0,11156
10.414295,14,30,0,11274
13.549243,15,30,0,11715
15.770756,13,33,0,11370
9.924839,13,34,0,11089
15.639338,14,34,0,11638
18.478642,11,38,0,8975
12.464493,10,40,0,8416
8.964368,9,39,0,7730
11.367248,10,39,0,8074
90.938806,11,39,0,8339
8.178275,11,40,0,8471
12.003646,11,41,0,8508
93.198308,10,43,0,7715
96.331877,8,33,0,6104
14.710320,8,34,0,6288
5.249161,9,30,0,6837
12.210834,7,37,0,6115
11.471310,7,35,0,6071
15.311710,8,29,0,6374
14.905426,7,35,0,5857
12.206395,7,36,0,5726
11.060911,8,36,0,6043
20.315052,8,38,0,5907
14.435513,9,38,0,6255
15.156402,10,37,0,6587
14.774292,11,37,0,6881
15.579416,12,37,0,7247
9.022328,13,33,0,7675
14.265923,14,33,0,7953
13.831476,14,34,0,7932
7.656001,16,33,0,8798
9.932606,16,34,0,8783
90.361609,17,34,0,9459
7.544680,19,33,0,9783
7.632777,17,36,0,8833
94.348625,19,35,0,10193
98.749250,19,36,0,9840
16.576961,19,24,0,9786
12.974828,22,35,0,11886
90.645083,20,25,0,10891
14.451717,19,27,0,11141
12.511115,17,30,0,10319
9.207888,14,34,0,9138
10.415280,15,34,0,9898
15.562924,14,36,0,10053
90.153949,13,38,0,10383
8.399493,14,38,0,11211
8.277290,15,38,0,11804
4.637948,16,38,0,12352
98.439212,17,38,0,13098
12.843027,11,32,0,10656
11.511435,11,33,0,10921
97.101105,12,33,0,11617
19.051924,1079790937,31562,31562,31563
