#Stereo rect[ms], MP culling[ms], MP creation[ms], LBA[ms], KF culling[ms], Total[ms]
83.919037,0.059531,0.562458,0.008257,0.008257,84.561569
40.360006,0.092070,2.248963,0.001460,0.001460,42.705718
34.948422,0.436599,3.486647,0.461251,0.461251,59.888725
30.015939,0.425042,4.828370,0.352006,0.352006,49.816560
29.213400,0.360169,5.474363,0.554704,0.554704,51.330138
25.008835,0.338084,6.437080,0.508201,0.508201,49.188140
23.900754,0.366528,6.842817,0.753609,0.753609,51.067343
22.546304,0.395936,7.777236,0.962551,0.962551,54.453910
21.481081,0.434130,8.658713,0.961751,0.961751,55.674204
20.028496,0.432898,12.656181,1.833810,1.833810,66.182656
19.247042,0.537189,10.412561,1.531904,1.531904,63.779092
16.792212,0.495492,10.803734,1.476587,1.476587,62.458437
17.850689,0.448832,12.060839,2.044900,2.044900,74.461328
16.091072,0.423297,11.812301,2.919529,2.919529,84.720698
16.695559,0.462830,11.609399,2.885436,2.885436,79.753787
15.190259,0.439179,11.444228,3.455673,3.455673,80.925739
14.999263,0.455576,10.966049,3.259208,3.259208,102.156774
16.764439,0.524754,12.214553,2.651334,2.651334,91.102442
14.100453,0.759053,9.225887,1.482131,1.482131,56.460560
14.535512,0.687493,8.229805,0.970993,0.970993,55.889977
14.573455,0.684141,10.294844,0.728600,0.728600,58.666957
12.720964,0.577904,8.054851,0.910122,0.910122,40.961822
21.082816,0.678368,9.603800,1.211011,1.211011,59.101015
11.461154,0.638849,9.403503,1.254702,1.254702,44.671156
11.336747,0.545236,13.624978,2.037940,2.037940,57.989937
10.631658,0.580085,11.170599,1.013388,1.013388,50.065032
11.352155,0.566901,11.393403,1.435509,1.435509,54.155989
13.997394,0.799819,14.971662,1.312770,1.312770,70.036814
10.599098,0.733961,11.364782,2.177767,2.177767,58.080213
10.570938,0.605726,13.320909,2.092156,2.092156,63.395469
10.411432,0.609287,10.941120,1.413223,1.413223,62.837312
10.471077,0.613899,11.402366,1.698729,1.698729,63.696380
9.643242,0.592760,12.117916,1.375718,1.375718,59.444045
10.399490,0.614139,13.464191,4.842725,4.842725,82.743727
10.141216,0.529420,12.289181,3.063018,3.063018,77.074689
10.612174,0.501527,12.757053,3.662530,3.662530,87.289264
10.824001,0.638509,13.097308,5.433404,5.433404,85.270390
10.167802,0.526749,13.390570,1.773124,1.773124,70.927406
13.196035,0.680988,14.981822,1.950113,1.950113,109.668769
12.090953,0.683182,13.693739,5.077687,5.077687,87.713017
8.933729,0.601011,12.521134,2.015117,2.015117,62.499426
8.881624,0.678319,12.539253,1.983891,1.983891,73.144513
9.181376,0.619410,13.366806,3.713245,3.713245,84.904350
9.811726,0.686733,14.327836,2.034117,2.034117,71.427611
8.643294,0.682142,14.457327,2.845218,2.845218,75.030094
9.047673,0.830582,15.222215,2.731677,2.731677,75.784533
8.765130,0.885412,17.409264,2.570739,2.570739,80.817152
8.709499,1.001845,12.545318,1.578839,1.578839,68.640645
9.845238,0.872893,16.924563,4.019911,4.019911,82.992304
10.058281,0.876925,17.986968,4.703294,4.703294,87.203956
10.486512,1.247063,16.082678,1.628306,1.628306,64.265659
12.231666,1.022211,20.243464,2.100374,2.100374,71.474873
8.401245,1.057142,13.447890,0.692527,0.692527,50.871268
8.797898,0.917858,14.132317,1.913444,1.913444,59.710898
7.884893,0.922030,13.693820,1.353763,1.353763,48.087580
8.546900,0.873780,12.879358,1.129511,1.129511,54.757419
7.205368,1.004233,11.323809,1.119971,1.119971,50.672087
7.837401,1.038686,12.262738,1.847348,1.847348,55.344098
8.590576,0.898492,13.867413,1.817989,1.817989,60.182990
8.835048,0.923309,14.540995,1.567440,1.567440,65.258870
8.790227,0.795624,13.056734,1.405858,1.405858,53.639177
8.121172,0.777822,13.046673,1.319483,1.319483,50.994206
8.048129,0.743016,19.298438,1.294212,1.294212,67.187352
8.718707,0.823898,14.448792,1.344654,1.344654,56.164301
8.466077,0.728724,14.250610,1.783607,1.783607,57.138353
8.229616,0.917365,14.679066,1.132002,1.132002,53.481040
8.894521,0.811418,14.927058,1.773017,1.773017,62.927428
11.261706,1.675334,23.018284,3.098800,3.098800,93.721147
8.387927,0.843311,14.998647,3.163207,3.163207,77.978170
8.433367,0.896062,14.621499,2.001069,2.001069,80.339069
10.611407,1.257476,26.564598,2.133394,2.133394,115.821916
7.729020,0.945105,14.126258,2.481596,2.481596,73.850376
7.981408,0.683021,13.882433,3.046696,3.046696,85.596480
9.379243,0.848922,14.156519,1.968834,1.968834,72.769860
9.134675,0.727551,14.489582,3.190384,3.190384,84.262083
8.855257,0.986841,15.492672,3.674423,3.674423,85.635723
8.331550,0.679319,15.712804,2.890814,2.890814,101.693879
7.994026,0.837943,17.779058,3.878808,3.878808,91.477278
8.079734,1.098455,17.337551,2.179669,2.179669,94.753159
7.422972,0.886689,14.265988,2.252925,2.252925,98.393048
7.279849,0.808851,14.184163,1.719181,1.719181,78.973112
7.495905,0.802680,14.115893,2.254198,2.254198,79.269922
7.893996,0.803211,15.234241,5.032694,5.032694,107.017738
11.228270,1.278555,22.802575,3.305710,3.305710,149.428665
9.184527,1.233974,17.153401,4.140574,4.140574,120.136642
8.522223,0.819817,16.836210,3.953657,3.953657,106.520598
7.642156,0.748159,14.302892,7.895262,7.895262,90.205728
8.145027,0.681010,15.560495,1.836070,1.836070,68.087266
8.153533,0.671162,15.763297,4.164012,4.164012,79.037879
8.240663,0.755536,16.358459,4.205528,4.205528,93.678119
7.487159,0.793977,14.111406,1.839355,1.839355,78.853594
7.806521,0.742206,13.591098,4.059688,4.059688,91.119189
8.934587,0.861408,13.777426,1.982250,1.982250,67.197147
8.005482,0.699947,13.556003,2.279575,2.279575,67.121165
8.239030,0.799657,13.576955,1.310216,1.310216,59.803989
9.015968,0.955881,14.498067,3.291285,3.291285,78.192718
9.692325,1.176499,16.388765,4.877184,4.877184,81.914037
12.425021,1.705783,20.195574,8.468520,8.468520,116.981178
10.060432,1.237846,14.856317,3.147899,3.147899,78.130856
8.784184,1.314767,15.957055,2.260497,2.260497,74.817824
7.308534,1.787068,15.079074,1.987427,1.987427,61.681039
10.794524,1.001752,16.099143,1.460436,1.460436,64.655853
7.066614,1.077507,14.000807,2.165013,2.165013,62.820287
7.713465,0.977535,13.708191,3.419793,3.419793,67.412773
7.280445,0.933300,13.853689,1.608808,1.608808,56.067509
8.916170,0.938216,14.133803,1.884189,1.884189,62.577779
9.228767,1.074905,17.739177,2.307990,2.307990,70.744216
7.414170,0.967165,15.398722,2.023557,2.023557,71.844458
8.088151,1.088339,15.178139,3.339154,3.339154,72.688684
6.840306,0.859399,13.814212,1.364177,1.364177,57.066790
7.809390,0.791718,13.993579,1.905604,1.905604,59.925841
9.116847,0.741125,14.707697,1.545827,1.545827,66.224620
7.366699,0.736871,13.003893,2.205166,2.205166,65.742718
7.185491,1.185171,16.161211,1.488087,1.488087,69.478342
8.165242,0.975576,15.368121,3.142542,3.142542,68.434769
6.820278,0.875930,13.489705,1.750748,1.750748,56.613007
7.251812,1.143006,15.449527,2.522377,2.522377,61.285501
9.167646,0.808909,15.721418,1.979435,1.979435,68.629518
7.136242,0.859034,13.637479,1.272599,1.272599,61.987938
7.083975,0.959945,14.153867,1.857922,1.857922,62.770439
7.451999,1.018900,15.892798,1.288316,1.288316,64.441655
7.932268,0.902031,15.845697,4.615242,4.615242,84.310112
8.523834,0.881471,14.876334,1.578485,1.578485,65.890049
6.849541,0.774020,14.893091,1.661458,1.661458,70.640771
6.876761,0.927663,14.444881,2.705732,2.705732,80.698238
7.336258,0.861488,15.100188,3.213913,3.213913,87.730485
8.047106,0.771898,15.019036,2.544473,2.544473,98.523195
8.830614,1.538583,22.817586,9.574558,9.574558,107.304203
9.682993,0.756719,16.380577,8.916873,8.916873,114.915085
8.769527,0.746787,15.545318,4.293062,4.293062,94.248178
10.891351,1.021313,14.907215,9.557169,9.557169,108.024380
9.557075,0.876528,17.026011,2.235480,2.235480,124.706144
9.299836,1.196667,25.405761,2.675744,2.675744,150.302132
8.058877,0.885729,14.204583,3.393227,3.393227,119.684438
7.965504,1.268273,21.968394,3.825454,3.825454,118.693001
6.984159,1.004923,13.897230,4.536307,4.536307,91.629801
7.317420,0.942347,14.343918,3.755928,3.755928,89.385271
7.367956,0.822448,13.931882,10.963982,10.963982,95.676556
7.699683,1.197506,15.368309,6.559119,6.559119,92.934636
7.361702,1.038526,18.677342,2.809432,2.809432,147.429635
7.793412,0.819469,14.247995,4.847771,4.847771,132.358782
7.335552,0.929460,14.367805,3.224295,3.224295,110.297955
7.299978,0.840704,13.241914,2.396939,2.396939,68.063581
7.426091,0.980117,12.700508,2.035231,2.035231,60.315543
8.590722,1.021694,13.292360,2.398252,2.398252,66.691018
9.949640,0.964294,14.155024,1.489928,1.489928,59.675182
7.422794,1.159497,12.480926,2.032278,2.032278,63.940923
7.043600,1.328196,9.325656,1.062823,1.062823,42.865942
6.594137,1.222431,8.992481,0.968122,0.968122,39.033668
6.736931,1.266280,17.525683,1.280310,1.280310,61.813170
7.076016,1.217004,9.166442,5.794042,5.794042,49.348990
12.052818,1.726215,14.476747,1.499800,1.499800,56.912870
11.970634,1.012849,9.088957,0.866783,0.866783,42.058582
8.277762,1.264262,9.852075,1.538033,1.538033,44.753171
6.427941,1.165218,10.342185,2.288294,2.288294,52.766822
7.381088,1.095818,9.177138,0.791310,0.791310,37.314593
9.183014,0.953359,12.585477,1.612506,1.612506,55.821463
7.074403,1.044577,11.459093,1.848720,1.848720,50.825517
8.549441,0.965477,12.653884,2.146264,2.146264,57.125254
7.452093,0.864966,12.875373,2.266581,2.266581,62.548946
8.852040,0.999520,15.528091,2.011386,2.011386,68.036777
12.457746,1.045291,16.847033,3.396876,3.396876,72.040238
7.230100,0.879962,23.393711,2.119279,2.119279,73.661850
7.049195,1.079977,14.386272,3.675855,3.675855,73.978131
7.115980,0.905082,14.467756,1.261249,1.261249,57.539099
10.014320,0.958082,15.747304,2.927992,2.927992,151.880752
9.495897,1.267359,15.536209,2.926138,2.926138,82.592001
7.136355,0.838207,13.895261,1.613468,1.613468,71.753209
8.108372,0.949341,15.733651,4.225987,4.225987,82.166077
6.420875,1.003009,23.232968,2.004175,2.004175,71.619280
7.501971,0.925880,12.541040,6.830415,6.830415,88.335438
8.044793,0.746355,12.103562,1.990713,1.990713,54.350714
7.588756,1.147701,11.512633,2.462159,2.462159,57.891080
6.676516,1.062745,10.750896,0.917117,0.917117,47.732021
7.927938,1.019567,11.179131,1.739451,1.739451,53.518415
7.475109,1.259899,11.650049,2.248562,2.248562,70.588043
7.843661,1.381229,15.653634,8.594161,8.594161,102.112598
9.389799,1.110140,15.451046,2.292289,2.292289,79.453390
8.134766,1.138518,14.440581,3.263794,3.263794,93.683122
7.234232,1.273166,14.219345,1.999656,1.999656,65.259278
6.753909,1.069984,12.995894,1.967690,1.967690,64.806699
6.664503,1.028217,11.818537,1.905271,1.905271,57.453224
12.491846,0.976710,13.383359,1.796194,1.796194,67.941906
6.330785,1.178678,13.048751,2.259330,2.259330,66.334189
6.891311,1.090281,12.444374,2.463981,2.463981,63.004497
7.084390,1.010175,13.284285,5.986406,5.986406,101.041652
6.928586,1.065401,14.437138,6.363984,6.363984,100.294999
8.363096,1.002890,14.425371,1.429591,1.429591,67.882415
12.025267,0.943253,15.546963,5.083430,5.083430,109.775948
7.737033,1.093428,14.800277,2.165894,2.165894,115.597081
7.690751,1.099097,14.647074,2.180536,2.180536,71.198176
8.601896,1.104989,16.324149,3.210698,3.210698,90.639350
17.316400,0.982975,27.360788,2.136423,2.136423,127.143311
8.089322,0.984018,17.683869,2.000143,2.000143,109.061317
8.693855,0.912767,16.411820,2.767522,2.767522,82.723639
7.660809,0.876191,13.590294,3.736677,3.736677,85.022063
10.022094,1.343541,20.177005,3.881055,3.881055,142.973451
11.578088,1.538946,17.300780,6.683255,6.683255,153.999444
8.879496,1.319704,13.493503,3.891990,3.891990,124.242222
15.063579,0.963181,13.167281,1.992004,1.992004,73.325462
7.184893,1.230658,9.519025,1.500471,1.500471,48.726820
8.138230,1.040350,8.794908,1.332225,1.332225,47.384885
8.314245,1.385831,11.488118,1.535024,1.535024,54.794445
8.027971,1.111465,11.681798,2.852246,2.852246,83.484242
7.621918,1.331202,15.522884,6.082404,6.082404,139.832831
9.688171,1.279134,13.658711,3.991437,3.991437,79.448576
8.152819,1.212091,12.977533,1.680394,1.680394,67.276198
14.727387,0.887758,13.959170,3.833818,3.833818,87.374176
7.657660,1.144524,12.650194,4.333940,4.333940,94.075208
7.677611,1.046889,11.924384,15.003917,15.003917,84.296423
8.197830,1.144898,12.749657,3.608211,3.608211,87.970223
11.032423,0.959622,13.348637,2.604489,2.604489,100.120384
7.373183,1.266652,11.841378,2.971425,2.971425,108.986259
7.175126,1.286384,13.819395,3.560395,3.560395,106.590413
8.458749,1.148176,13.366801,10.416557,10.416557,121.308323
8.238205,1.981707,14.290619,3.104482,3.104482,142.186509
16.910742,1.049001,16.300269,11.886773,11.886773,142.994123
7.319634,1.327765,14.336290,3.262543,3.262543,110.811027
6.891860,1.110720,13.651154,6.532822,6.532822,87.903841
8.035581,1.044683,14.098542,4.263448,4.263448,86.051203
7.547491,1.299049,15.629570,5.030275,5.030275,89.722371
7.627480,1.179096,14.359052,3.130570,3.130570,123.338981
7.136575,1.197555,14.222754,3.186207,3.186207,128.764439
12.072955,1.509459,20.242746,9.549723,9.549723,145.294723
7.881116,1.238534,14.921161,2.193527,2.193527,106.774686
8.719663,1.189430,14.086593,2.537827,2.537827,87.087649
7.930014,1.178278,13.694419,3.897876,3.897876,140.624923
9.602560,1.334490,16.227471,3.235857,3.235857,136.075885
12.309250,1.091533,14.987162,2.755755,2.755755,92.623734
7.734148,1.111186,13.861780,2.327537,2.327537,97.535036
7.758670,1.202100,13.628142,5.824023,5.824023,140.614452
10.175381,1.722544,16.784389,4.885757,4.885757,151.531047
10.263729,1.827374,16.719534,12.754773,12.754773,168.853977
9.450578,1.626157,15.385999,2.485117,2.485117,129.904940
7.892180,1.284198,13.957726,2.904427,2.904427,111.279372
16.281808,1.757706,18.315786,2.043439,2.043439,126.181046
7.848536,1.445174,12.935621,2.069735,2.069735,68.110415
7.894185,15.480258,16.416478,3.738924,3.738924,125.422035
7.743111,1.407976,14.588645,5.322369,5.322369,91.520981
9.568397,1.383484,15.903881,5.263128,5.263128,83.997140
16.954879,1.084087,15.393016,4.148203,4.148203,89.534128
7.346059,1.111868,12.963735,5.304007,5.304007,76.977945
7.980193,1.198836,13.850405,2.470871,2.470871,70.008012
18.836699,0.993772,14.451126,3.434969,3.434969,99.915508
7.616069,1.068363,13.910263,5.538160,5.538160,95.824908
7.368735,0.984249,13.164643,2.853123,2.853123,74.492263
8.632750,1.186067,14.393221,3.280724,3.280724,83.080830
7.054765,0.961982,12.894574,4.442766,4.442766,95.404934
7.381485,1.034452,13.419104,2.860680,2.860680,71.553758
8.826274,1.211099,15.076127,3.470087,3.470087,82.952618
8.471152,1.143459,14.508240,2.619661,2.619661,131.357412
9.128685,1.130260,15.571462,4.513947,4.513947,104.150840
7.282097,1.205167,13.971071,4.447078,4.447078,128.671405
11.718859,1.856923,19.243215,5.100173,5.100173,151.808043
13.587237,1.115749,16.017632,3.438318,3.438318,104.668452
7.660370,1.140421,13.689270,2.977493,2.977493,105.813823
7.869990,1.162787,13.623218,6.748080,6.748080,120.376100
8.967310,1.237003,15.051653,3.326319,3.326319,84.853840
7.370961,1.415118,29.976941,4.112514,4.112514,129.976463
8.007391,1.295215,15.665555,2.955799,2.955799,117.861869
8.002352,1.090113,14.604753,22.737098,22.737098,96.844845
9.561943,1.214916,15.723326,2.648043,2.648043,75.236038
8.124679,1.861972,15.304751,6.991756,6.991756,80.067241
7.608917,1.034755,14.447902,3.571694,3.571694,94.552879
7.766621,1.098200,14.277762,2.763577,2.763577,97.118145
8.318268,1.181804,15.185751,3.798730,3.798730,88.541235
7.342800,1.213592,25.250336,2.619782,2.619782,119.766252
7.646027,1.047069,14.602424,4.242881,4.242881,136.666842
8.547424,1.177024,16.846831,5.678282,5.678282,146.555583
14.634035,0.816476,16.608214,4.061305,4.061305,128.829199
8.164470,1.017273,15.557709,2.772024,2.772024,134.976710
8.464067,0.969441,15.272043,2.729624,2.729624,89.191602
19.465208,0.956684,18.366609,3.890418,3.890418,131.035701
7.251567,1.293279,13.810098,3.720045,3.720045,135.162581
7.349086,1.296065,15.731637,3.864298,3.864298,134.782812
7.107314,1.234170,14.187188,4.168365,4.168365,123.511507
7.687272,1.101912,15.045780,4.573450,4.573450,131.742107
9.269218,1.514569,31.942284,4.690610,4.690610,181.958064
7.606431,0.989743,17.949346,7.085019,7.085019,153.625501
7.345510,1.134274,13.437151,3.434770,3.434770,80.330368
14.627910,1.212104,14.009252,4.695365,4.695365,82.951228
8.240741,1.072093,12.401388,2.914801,2.914801,64.804469
24.228945,0.866105,12.677545,3.661376,3.661376,93.890113
7.731743,0.868510,12.299241,2.035534,2.035534,58.950349
9.674580,1.258050,13.411015,2.890365,2.890365,64.572200
7.721754,0.924386,11.657766,2.460193,2.460193,73.673032
9.512546,0.828218,11.486485,2.028140,2.028140,66.083009
7.554809,0.967860,11.357175,2.790115,2.790115,66.413543
9.216584,1.026225,12.470839,2.384221,2.384221,67.216977
7.297099,0.972375,12.308046,6.961130,6.961130,86.146956
17.744230,1.077653,14.607324,4.269052,4.269052,128.824235
7.461393,1.115772,12.984129,5.978535,5.978535,90.501263
7.892168,0.909073,13.269509,3.373130,3.373130,81.568697
17.964780,0.812784,15.224841,3.464319,3.464319,118.939904
7.502729,1.153133,14.574364,5.206840,5.206840,112.066386
9.407376,0.836019,15.424375,5.510651,5.510651,136.330360
7.394601,0.834946,14.742642,3.795647,3.795647,132.717051
9.538993,1.072150,19.813855,3.930526,3.930526,157.166697
9.395709,0.867420,18.036406,6.053346,6.053346,158.595676
21.965509,0.740553,19.210764,7.493816,7.493816,196.093720
8.336428,0.921176,18.825516,6.431105,6.431105,176.077190
8.132518,1.254896,17.138652,4.533942,4.533942,168.058752
8.209050,1.107492,15.386689,6.567446,6.567446,161.798696
7.510556,1.118601,14.736443,7.732720,7.732720,135.693079
23.034332,1.057179,19.124013,7.720047,7.720047,176.522987
17.807837,1.063456,18.431047,9.484919,9.484919,177.112383
7.927095,1.062068,13.853166,3.374249,3.374249,122.574548
7.697707,1.155134,11.619972,7.600132,7.600132,80.222144
21.755702,1.375113,11.344059,3.237174,3.237174,83.865629
8.482022,1.788556,11.443389,1.421131,1.421131,49.721067
7.519066,2.040877,9.323283,2.343306,2.343306,52.797852
6.930320,1.099847,8.949052,1.038156,1.038156,60.769395
9.147112,1.338231,10.164933,1.772099,1.772099,51.861493
7.227158,1.468743,9.551966,1.764219,1.764219,50.922785
23.685284,1.300216,10.982257,2.624182,2.624182,74.537710
9.081099,1.432696,10.969661,2.080570,2.080570,60.627305
7.496690,1.256839,11.187127,2.550376,2.550376,63.870084
8.814566,1.872691,15.534270,22.052672,22.052672,130.026295
7.625636,1.227159,11.671007,2.895705,2.895705,72.429340
10.052729,1.290659,13.011941,4.851918,4.851918,90.040418
18.916281,1.098089,14.164603,2.366067,2.366067,107.159306
8.154785,1.334279,13.359262,3.077122,3.077122,134.951205
8.524447,1.293023,12.404086,3.619648,3.619648,92.751494
7.040545,1.145843,11.482456,3.084684,3.084684,102.450090
7.152955,1.119321,11.965327,3.366006,3.366006,80.495962
18.328877,0.952105,12.896622,3.565247,3.565247,102.886180
7.066827,1.248818,12.346284,2.873486,2.873486,96.431465
8.334101,1.403107,14.154893,5.237590,5.237590,90.898284
7.413588,1.220179,12.511749,4.385869,4.385869,95.816709
8.169156,1.236874,13.787334,2.578674,2.578674,79.605383
18.976418,1.014647,13.387801,3.792291,3.792291,106.098192
6.772432,1.191742,12.724537,6.493558,6.493558,95.423243
10.614816,1.396363,19.067766,20.810174,20.810174,126.341776
7.604912,1.247722,36.705699,3.154951,3.154951,127.953544
7.805885,1.223071,15.572922,7.567493,7.567493,102.936371
9.065240,1.235507,14.592862,2.569585,2.569585,66.777729
7.585190,1.175974,14.256538,5.973890,5.973890,75.007147
8.248226,1.026498,14.158865,2.602442,2.602442,65.748863
6.705150,1.253708,13.817781,2.336453,2.336453,64.912827
7.211335,1.295043,17.530264,4.096395,4.096395,84.218737
7.043752,1.295679,13.750858,2.445456,2.445456,62.773778
8.832401,1.312744,13.768435,2.801933,2.801933,68.048554
7.392593,1.192546,13.201372,4.564447,4.564447,115.567254
8.039570,1.264324,15.238765,4.098814,4.098814,97.509081
7.367896,1.233724,14.017335,5.195208,5.195208,132.076127
7.354037,1.270731,29.499702,2.592488,2.592488,123.887160
23.227077,1.356473,16.318609,3.147737,3.147737,132.021333
8.526902,1.394552,13.621883,2.858158,2.858158,145.104293
8.112384,1.332511,13.897963,3.092334,3.092334,135.113479
23.981931,1.647864,15.629646,6.860295,6.860295,178.801881
8.009417,1.345654,13.770846,5.810902,5.810902,147.361621
23.904492,1.336470,15.045337,7.433769,7.433769,189.556852
7.918618,1.274051,15.574066,5.847614,5.847614,151.658804
11.010057,1.332558,15.659253,6.086371,6.086371,176.640563
7.700312,1.282925,15.442960,5.180950,5.180950,151.425406
24.099932,1.381902,12.991453,5.740681,5.740681,185.376562
7.468934,1.255229,13.067519,3.237488,3.237488,132.256119
8.620445,1.266812,14.134467,6.656637,6.656637,150.783483
27.924374,1.014712,15.132118,18.406673,18.406673,169.813267
7.891702,1.214767,14.127393,4.824610,4.824610,143.292895
10.073193,1.051670,15.872987,4.492548,4.492548,164.607253
27.192882,1.182946,18.644620,8.395442,8.395442,197.871579
9.028038,1.248468,15.078749,7.347351,7.347351,199.151785
10.043291,1.345074,16.217965,12.904628,12.904628,201.299407
29.211588,1.506175,21.100522,4.504144,4.504144,277.478160
10.692995,1.403717,17.034484,5.658716,5.658716,186.623834
8.208335,1.167688,15.902157,33.458561,33.458561,200.380540
8.754215,1.051666,15.402815,4.399142,4.399142,201.546702
21.845355,0.898004,18.313735,4.172873,4.172873,207.238648
8.062661,0.956662,14.914363,6.758663,6.758663,261.695520
10.460843,1.139964,21.113169,4.873708,4.873708,242.631487
7.896543,1.079033,16.812208,3.720544,3.720544,173.249183
10.181197,1.507365,46.608291,8.751271,8.751271,263.189666
8.657934,1.115788,28.063702,9.684460,9.684460,260.717901
9.756556,1.206746,26.766259,4.594785,4.594785,198.511015
9.984235,1.338921,17.405140,30.674018,30.674018,225.460939
8.726547,0.943087,15.273581,7.501234,7.501234,157.801265
7.852599,1.297338,16.629627,6.716525,6.716525,153.398273
9.670479,1.591052,18.434958,3.994226,3.994226,107.463047
26.566421,1.413836,16.624610,3.535921,3.535921,120.300144
7.798014,1.221347,14.233785,4.837324,4.837324,98.806824
8.955642,1.726806,14.053866,2.369829,2.369829,60.451770
7.275442,1.284155,11.444343,2.563592,2.563592,70.357073
22.920015,1.198665,14.185669,4.209741,4.209741,105.097339
7.668790,1.466790,11.610104,2.710274,2.710274,60.106397
7.324848,1.169609,13.466330,5.392291,5.392291,86.032004
27.337870,1.051964,10.717613,3.868927,3.868927,84.626406
8.778287,1.788747,17.212542,3.067310,3.067310,148.991468
7.638239,1.125103,10.536441,5.113348,5.113348,86.934737
28.852017,1.060954,11.690101,3.467892,3.467892,108.777370
7.857680,1.265844,13.247529,27.543195,27.543195,91.372369
7.929864,0.911346,14.875126,4.126518,4.126518,70.222580
8.576134,1.114223,16.775022,9.033488,9.033488,94.276964
9.241358,1.098832,14.925115,5.500661,5.500661,87.108701
7.226930,0.934563,13.814721,9.433262,9.433262,97.757768
8.759351,1.155335,15.044576,3.563250,3.563250,87.672140
7.286373,0.924614,13.498973,3.938489,3.938489,104.457447
8.852946,1.179255,16.115340,28.819826,28.819826,136.493299
7.179051,0.930783,13.492237,2.769570,2.769570,122.254590
8.870790,1.011646,15.954942,6.790956,6.790956,151.361672
6.949638,1.089123,15.552260,2.914356,2.914356,125.147298
7.548002,1.136156,14.637213,6.440439,6.440439,96.320556
7.640757,0.922618,15.471707,4.197684,4.197684,136.715017
8.166140,0.996219,16.461934,3.599827,3.599827,149.716769
7.312321,1.113339,40.257284,3.794214,3.794214,144.213714
27.899756,1.119223,14.171127,2.206415,2.206415,124.201219
7.253926,1.114763,13.303782,27.785490,27.785490,110.163905
7.126122,1.125107,14.163386,4.170402,4.170402,131.277567
25.699139,1.221190,16.518638,27.081464,27.081464,171.798427
10.664191,1.750292,19.180882,22.531277,22.531277,142.278992
7.792498,1.060562,14.503954,4.403147,4.403147,138.056848
7.394059,1.205819,14.939483,3.920352,3.920352,72.897996
7.927630,0.990018,14.286133,2.515913,2.515913,69.624951
6.899218,0.958660,11.413996,5.563130,5.563130,76.814473
6.991309,1.009389,32.946854,3.515275,3.515275,99.006053
8.158179,1.197678,12.643941,4.594928,4.594928,93.729999
6.889422,0.969350,11.494616,2.835255,2.835255,64.494687
6.927049,1.006467,12.260328,3.514696,3.514696,87.872224
6.985158,1.070385,39.141584,5.036607,5.036607,126.004789
9.884730,2.096870,14.118388,2.580726,2.580726,74.096819
6.599466,1.085740,12.303949,2.701153,2.701153,64.714281
7.294483,1.031005,12.242457,4.241668,4.241668,84.885034
30.037273,1.161223,11.860947,3.195157,3.195157,108.776717
7.639648,1.488527,12.856643,5.230632,5.230632,79.401761
8.274304,1.546076,13.685168,3.037016,3.037016,98.834943
8.809851,1.246519,13.547717,2.568290,2.568290,96.220145
6.997510,1.139541,13.115834,7.118574,7.118574,108.343869
8.713431,1.839322,18.589738,4.810116,4.810116,156.227678
7.384248,1.226698,13.738117,6.235937,6.235937,124.490810
8.633555,1.362289,14.742996,6.417337,6.417337,159.165868
27.573918,0.966090,13.811363,19.789920,19.789920,174.671641
7.337389,1.074183,13.774865,4.024450,4.024450,133.896887
9.385742,1.602154,18.058415,8.016931,8.016931,160.620145
7.618330,1.233171,13.938583,3.757909,3.757909,154.926327
8.774461,1.421821,15.548926,6.886807,6.886807,160.852524
7.536410,1.232662,14.750341,5.402634,5.402634,177.295984
8.627981,1.558310,17.823511,5.393944,5.393944,180.561491
9.005940,1.216271,16.725878,3.949763,3.949763,173.166841
9.638925,1.278161,19.155902,5.261419,5.261419,203.184937
7.813624,25.587614,14.921737,9.561943,9.561943,211.916099
7.843125,1.076202,14.664322,4.932251,4.932251,158.950351
28.768655,1.185847,14.601740,8.792920,8.792920,206.517823
7.688387,1.089002,15.527322,8.705470,8.705470,189.026267
27.254715,0.946312,15.723910,8.896012,8.896012,206.325463
7.955602,1.020191,14.779108,6.649447,6.649447,183.201888
31.860810,1.203343,13.805043,10.037388,10.037388,209.817016
7.912296,1.134004,15.646732,3.360907,3.360907,155.427130
7.773333,1.092214,37.025588,31.825963,31.825963,185.542190
8.626495,1.152405,14.556259,3.445143,3.445143,155.902406
31.458496,1.344930,14.931386,9.922852,9.922852,210.516428
7.884473,1.065539,14.885788,5.776858,5.776858,176.663730
8.542534,1.820031,23.864903,4.931522,4.931522,183.747388
9.419860,1.506565,17.006097,8.869280,8.869280,200.691738
9.443715,1.743661,18.816974,8.694799,8.694799,183.312412
7.499877,1.320771,43.887801,4.531498,4.531498,223.026200
26.627054,0.967372,13.777787,7.793882,7.793882,185.871438
7.482188,1.573399,16.454927,6.304380,6.304380,101.533013
8.114956,1.529938,15.145102,6.275750,6.275750,147.582662
8.756294,1.781702,14.946796,5.039504,5.039504,111.510250
7.408141,1.244300,14.035618,3.411060,3.411060,125.082538
9.234437,1.623941,15.435525,9.920662,9.920662,169.272153
8.094064,1.464784,13.823889,5.103310,5.103310,131.244332
9.515181,2.148966,16.249679,7.585034,7.585034,165.133689
7.560812,1.377388,40.693948,4.049405,4.049405,149.139081
8.830369,1.462939,14.863871,6.203444,6.203444,134.246077
31.891476,1.161525,13.879551,4.018240,4.018240,140.466848
6.901757,1.464360,13.741975,2.994120,2.994120,78.366520
9.161002,29.526962,14.172892,2.945737,2.945737,135.348338
7.782093,1.335426,14.936976,6.412089,6.412089,125.233573
32.272686,1.411248,16.523273,3.355884,3.355884,154.371484
7.660749,1.259105,14.883317,4.129032,4.129032,157.147920
30.452456,1.168388,15.938424,5.016579,5.016579,154.348277
8.522344,1.671025,15.131452,4.810298,4.810298,98.369174
8.926837,1.454834,14.422383,3.262586,3.262586,105.734432
8.820127,1.623655,15.125700,30.222742,30.222742,138.839785
7.529383,1.122882,13.236958,4.822605,4.822605,137.823832
7.354780,1.396333,38.250193,31.793902,31.793902,188.183101
8.193842,1.604678,14.544868,5.919916,5.919916,101.527395
7.002323,1.218168,14.616226,7.181412,7.181412,154.162365
7.234920,1.330703,13.966490,3.746484,3.746484,137.188735
7.164292,29.359031,16.760595,34.292464,34.292464,198.759236
7.841357,1.275124,16.295703,6.536732,6.536732,166.067618
33.386476,1.015958,17.403447,30.438354,30.438354,189.559637
7.719814,0.950292,14.561532,5.400453,5.400453,129.578455
8.106245,1.366898,16.528316,26.537099,26.537099,151.356165
7.432430,1.106317,15.418266,4.781933,4.781933,124.945092
8.576105,1.538939,16.852028,28.093848,28.093848,149.251102
7.355460,1.155472,16.087571,5.133088,5.133088,130.010004
8.558319,2.105141,17.789073,8.631777,8.631777,177.173979
8.380348,1.125810,17.666813,10.008033,10.008033,110.668598
7.204953,1.186833,16.133858,8.691491,8.691491,130.400922
8.587697,1.139108,21.039502,6.698379,6.698379,164.478364
7.835326,1.478717,17.374403,5.960132,5.960132,148.839910
8.000339,1.111134,15.298717,5.647794,5.647794,131.348688
8.934540,1.397731,17.529923,8.579813,8.579813,170.788781
8.095672,30.233722,17.142685,4.499706,4.499706,148.639715
7.918182,1.071998,15.397542,7.205315,7.205315,158.799309
7.788191,1.089240,16.309275,7.074897,7.074897,135.340289
10.089444,1.275012,17.236524,7.301108,7.301108,94.576276
8.861098,1.338477,14.507134,5.419890,5.419890,81.865198
8.734528,33.232397,13.915220,3.972252,3.972252,136.582176
8.693500,1.799871,11.227079,3.516532,3.516532,59.247338
7.703187,1.806920,12.087214,2.734650,2.734650,62.446966
8.422009,1.243796,10.246370,2.814340,2.814340,64.330187
7.573646,1.246328,10.944453,6.216140,6.216140,105.272857
7.118496,1.419108,41.669031,2.643120,2.643120,122.361005
7.809693,1.596458,13.321683,3.187712,3.187712,74.403601
8.579024,1.352146,12.081540,5.788398,5.788398,78.279958
7.573224,1.897208,13.016745,4.473868,4.473868,107.537287
7.171124,1.340233,12.142827,2.760776,2.760776,99.392697
7.028738,1.470992,12.335749,7.175214,7.175214,95.759874
7.023870,1.432650,40.825823,4.613124,4.613124,122.893572
8.289751,1.485724,17.174973,32.931973,32.931973,158.152801
8.027514,1.405906,14.740899,4.081045,4.081045,134.262754
8.818890,1.508572,13.735391,4.116652,4.116652,92.905716
7.406367,1.205568,13.079126,4.525877,4.525877,111.741415
34.356709,2.173640,15.199523,3.233860,3.233860,140.606173
7.793229,1.161518,14.521323,34.231356,34.231356,125.211179
7.836422,1.439104,15.361953,5.132639,5.132639,111.930026
8.322401,1.145242,45.093443,3.680871,3.680871,140.631835
8.113384,1.463392,46.319999,4.929554,4.929554,146.965193
7.774600,1.250908,14.594383,5.091698,5.091698,159.320237
9.122003,1.199687,14.912572,28.230362,28.230362,135.254418
7.962890,1.154814,15.738605,34.792865,34.792865,156.298388
33.302008,1.369007,15.161761,36.159052,36.159052,191.847746
37.737391,0.997261,15.009898,35.127724,35.127724,202.502095
10.370125,1.276207,16.352993,10.795928,10.795928,174.804671
11.003915,1.142831,16.171574,4.461099,4.461099,164.544268
8.406972,1.565069,16.520527,11.917958,11.917958,189.180683
8.895673,1.131051,16.763681,5.647098,5.647098,173.046507
39.524200,0.958441,15.462656,6.146077,6.146077,219.517537
34.049043,1.054807,16.984815,10.102572,10.102572,220.142641
32.787165,0.838093,15.738321,9.981932,9.981932,218.719804
7.929139,1.099499,20.234687,17.223103,17.223103,185.116088
11.755147,1.696712,18.965895,5.827161,5.827161,193.647528
8.525661,1.370553,16.765444,4.344449,4.344449,173.920198
8.396871,1.175218,15.950695,5.054906,5.054906,163.930195
7.616934,1.205761,47.441171,39.514259,39.514259,205.479723
8.721157,1.558144,16.566955,6.193252,6.193252,167.178548
9.377098,1.406126,15.590185,4.420900,4.420900,178.673412
9.498956,1.499843,16.395484,5.693968,5.693968,135.977970
9.627125,1.498702,22.389429,7.546549,7.546549,178.491154
8.058102,1.250584,15.497901,4.881005,4.881005,130.414930
38.400292,1.176399,17.355434,4.265561,4.265561,154.662131
7.407151,1.208768,18.379877,6.225769,6.225769,177.318763
7.239714,1.328575,47.967703,3.815002,3.815002,175.182821
8.028514,1.254836,18.341689,30.383960,30.383960,151.536672
9.840367,1.366421,17.154055,36.733596,36.733596,143.331037
9.702056,2.018615,17.788815,5.322591,5.322591,134.187285
7.723345,1.502990,15.171301,3.957420,3.957420,123.594224
7.897438,1.286585,15.361217,7.059166,7.059166,149.155143
7.512018,35.550529,14.539578,3.944531,3.944531,161.583743
10.766776,1.477180,18.890288,8.247923,8.247923,195.841582
10.736752,1.794526,20.947065,6.651060,6.651060,171.200141
9.104280,1.466066,18.092042,4.847136,4.847136,166.067156
7.419302,0.994093,14.314495,9.325502,9.325502,145.377618
8.053141,1.248448,17.001583,7.714324,7.714324,177.516054
7.829092,1.299375,17.090151,5.102869,5.102869,170.409946
8.254635,1.221297,15.757885,4.811848,4.811848,144.016024
7.724927,1.227439,46.306306,4.822018,4.822018,150.811795
8.091873,1.385542,18.959999,16.545916,16.545916,202.622836
8.645175,1.232639,50.575300,41.698170,41.698170,216.944183
8.475451,1.103680,17.077816,3.947482,3.947482,166.482759
43.059766,1.340609,19.713896,32.413035,32.413035,214.681135
8.838855,1.233902,20.940507,4.718818,4.718818,191.623026
9.086365,1.699945,55.840661,11.645656,11.645656,241.065833
36.606776,1.058349,19.142789,10.942969,10.942969,228.523780
8.459706,1.179776,19.809883,7.596289,7.596289,167.273082
8.327458,1.348115,16.980212,11.613431,11.613431,173.310624
8.925427,1.306814,17.745116,9.820453,9.820453,187.596739
9.405312,1.456229,17.616842,4.368408,4.368408,173.533966
8.288119,1.424425,47.105260,5.378071,5.378071,174.863817
7.929892,1.305965,54.429326,45.671264,45.671264,222.350445
37.147461,1.219697,14.805860,5.683953,5.683953,160.809570
7.662931,1.152423,17.436763,7.226711,7.226711,173.535821
8.170064,1.298157,17.628813,8.947729,8.947729,193.402865
8.039833,1.284163,15.703239,8.633203,8.633203,159.633425
7.420835,1.374572,16.618089,5.374533,5.374533,147.898033
8.220893,1.337716,15.227988,9.310618,9.310618,154.602909
8.436729,1.464149,51.064578,6.340422,6.340422,173.967415
8.455844,1.236992,24.441581,4.211489,4.211489,175.768629
7.437550,1.197811,15.388270,13.459422,13.459422,168.403979
41.072927,1.220184,22.672403,4.740442,4.740442,229.541527
7.766041,1.179345,54.077046,6.012493,6.012493,174.064711
7.674806,1.058843,17.979795,6.159507,6.159507,99.915481
7.190343,1.128236,15.330286,7.097968,7.097968,119.996161
40.256326,1.484448,15.489628,4.789862,4.789862,164.846239
7.461517,1.152687,16.608575,3.953557,3.953557,108.409646
8.226284,1.290010,17.978787,35.178013,35.178013,155.863280
7.733908,1.127834,53.008152,5.130178,5.130178,158.830329
7.009887,1.037150,16.195933,10.080459,10.080459,122.343999
9.203609,1.416456,22.281257,10.237546,10.237546,195.201901
7.817983,0.954436,16.406417,3.695074,3.695074,150.280535
8.282316,0.690159,18.867343,42.940808,42.940808,160.682060
8.722727,0.585678,20.283658,7.705941,7.705941,175.661531
9.828551,1.515563,19.343916,9.880710,9.880710,175.712411
7.410825,0.856910,19.900191,5.951496,5.951496,104.651957
9.952241,1.085609,21.632838,38.146991,38.146991,168.317043
8.575508,1.524269,22.165533,40.160477,40.160477,165.916966
8.552495,0.942222,21.281107,6.579268,6.579268,169.564610
7.444140,1.233775,18.258973,5.548654,5.548654,114.700777
7.351740,1.052920,16.226616,7.470685,7.470685,138.986369
6.542676,0.990049,50.124495,3.772384,3.772384,134.884254
7.479434,1.805358,16.439422,6.479625,6.479625,86.903956
6.713116,0.882795,14.388234,7.152726,7.152726,118.884704
7.025822,0.968029,48.805928,4.039567,4.039567,137.585072
7.040186,1.144481,16.749047,4.651636,4.651636,87.398471
9.048744,1.383445,18.069830,5.348391,5.348391,98.525404
7.565627,1.117679,19.021277,7.126526,7.126526,105.651129
6.996353,1.218340,16.898369,4.544780,4.544780,89.255343
7.344998,1.074335,16.070075,6.406952,6.406952,87.833686
8.557122,0.981892,21.956327,7.686206,7.686206,109.799431
8.394112,0.827682,15.915450,4.218350,4.218350,115.649926
36.973156,0.829436,15.582919,2.481723,2.481723,135.985302
7.869217,0.814340,18.281997,5.607118,5.607118,108.821515
8.529140,1.191911,18.730070,5.556346,5.556346,138.765742
7.263161,0.950898,51.211877,3.336061,3.336061,153.807940
8.480122,1.055009,17.527093,30.193030,30.193030,155.373834
7.644754,0.884617,16.521554,4.901732,4.901732,152.549621
38.006159,0.796353,16.164769,43.194818,43.194818,206.195304
8.188417,0.913406,19.527166,7.474594,7.474594,184.398281
8.643480,1.013940,16.711425,5.972852,5.972852,164.609099
43.639864,0.899683,19.785773,20.403122,20.403122,263.148807
41.851726,0.961211,18.435015,5.685217,5.685217,232.148583
7.206852,0.922718,50.737204,12.940700,12.940700,245.294766
8.384343,1.166491,55.831104,9.375737,9.375737,245.109154
8.080322,40.532602,17.845955,10.680766,10.680766,241.015856
6.921204,1.329640,50.202074,6.754533,6.754533,238.815920
7.785798,1.244094,53.976963,7.966664,7.966664,240.651223
6.939874,1.314075,49.173553,5.399752,5.399752,235.168008
7.024249,1.435907,55.135391,44.310267,44.310267,222.293184
6.683733,1.272557,47.549500,3.246365,3.246365,145.245095
6.606776,1.272348,48.767292,4.486091,4.486091,146.512858
8.108524,1.528502,20.134695,6.397767,6.397767,84.008601
7.073395,1.172311,15.094962,5.240890,5.240890,115.292056
38.690126,1.011896,13.144929,2.589189,2.589189,109.631350
8.031305,1.292555,15.410972,2.441883,2.441883,63.449060
6.575005,1.343522,13.559676,3.161299,3.161299,111.328970
6.815945,1.490408,13.432465,2.422630,2.422630,60.049702
6.279939,1.451279,12.618384,6.116477,6.116477,96.302700
6.712910,1.325821,14.166194,2.413749,2.413749,60.308855
6.587315,1.119028,12.257086,2.506311,2.506311,54.550815
7.066851,1.504843,58.390897,3.773349,3.773349,131.734883
8.292402,1.145528,17.989921,7.706874,7.706874,79.589695
6.670577,1.140206,14.451161,2.868302,2.868302,63.452352
6.572402,1.313796,48.434399,2.816424,2.816424,105.839662
7.273386,1.263680,13.270394,1.987315,1.987315,55.080589
7.201792,1.074975,13.175436,2.280932,2.280932,55.079879
6.471820,1.084026,47.378197,4.056009,4.056009,117.044198
6.542815,1.288005,15.093312,2.198532,2.198532,59.611683
6.678508,1.053834,14.269532,3.896081,3.896081,112.565103
7.927753,1.219808,15.579147,6.929587,6.929587,117.374533
7.627279,1.459401,17.209213,51.156601,51.156601,142.144511
8.139816,1.542956,16.413103,7.358031,7.358031,84.470817
6.574515,1.206376,14.701878,2.354947,2.354947,65.850750
6.687683,1.261607,49.611960,2.713213,2.713213,123.605303
6.988464,1.517603,15.980128,5.008339,5.008339,78.041554
6.516792,1.120601,14.972633,5.808857,5.808857,131.333834
7.019797,1.478619,50.476950,2.937797,2.937797,132.257093
7.687941,1.050004,15.771388,6.745877,6.745877,78.008489
6.685020,1.139143,14.487821,2.916825,2.916825,122.832407
6.618519,1.192457,57.218770,2.330677,2.330677,137.129012
7.424621,1.211719,16.160723,2.558553,2.558553,66.874527
6.492514,1.059812,15.113343,5.473922,5.473922,115.531463
6.749675,1.204503,15.234348,3.175692,3.175692,126.599521
7.464776,1.098774,14.134633,3.984908,3.984908,72.199466
7.403762,1.289292,13.484188,2.353072,2.353072,71.627457
6.642090,1.324347,13.944957,3.502654,3.502654,71.216346
7.017009,1.359852,12.944176,46.041988,46.041988,116.494101
7.878780,1.567749,15.808500,7.385972,7.385972,132.648785
7.365731,1.375566,13.712065,5.269444,5.269444,121.198843
6.941600,1.226573,13.246117,46.670349,46.670349,115.611874
9.566206,1.360222,17.189525,45.526464,45.526464,130.169016
7.359630,1.318351,14.656607,51.232009,51.232009,120.578818
7.451804,1.232333,14.994124,2.833534,2.833534,65.153183
7.864576,1.717271,17.438739,6.563124,6.563124,78.610588
6.247659,1.104714,51.696204,4.036096,4.036096,113.113714
7.473955,1.142656,16.935580,45.946535,45.946535,115.877523
7.361773,0.925826,18.045515,8.251967,8.251967,95.833420
6.683039,0.912182,14.892313,2.669174,2.669174,63.447202
6.664026,0.781281,13.557417,5.828200,5.828200,109.961992
7.025412,0.936704,12.838721,2.405798,2.405798,63.533560
6.744777,1.516236,13.322406,2.507641,2.507641,63.591433
7.110437,0.983513,12.507013,3.449277,3.449277,66.662687
7.737048,1.661086,15.258820,3.300028,3.300028,73.240010
6.584960,1.285156,12.829482,2.835137,2.835137,66.919348
7.128087,0.938797,10.550705,3.343979,3.343979,57.337438
6.678502,0.977993,10.365232,2.115081,2.115081,51.622639
6.700581,1.036923,10.677720,2.473475,2.473475,55.829412
7.790730,1.085003,14.060100,2.172924,2.172924,65.280496
10.017272,1.085705,16.890896,74.991102,74.991102,169.696679
59.430828,0.942849,16.544537,5.268093,5.268093,153.983970
16.478228,3.311956,15.238563,4.388266,4.388266,100.575285
15.266361,0.957239,13.908838,55.762915,55.762915,142.636825
50.680421,1.217789,14.344287,3.183229,3.183229,142.883497
17.302377,1.232626,16.082027,5.301237,5.301237,104.477154
14.260217,0.911086,12.425046,44.368936,44.368936,127.132809
49.593652,0.781572,14.027975,2.272624,2.272624,133.639013
11.589331,0.743842,14.775055,3.339319,3.339319,87.073122
11.848521,0.782899,13.247334,42.496169,42.496169,121.136010
10.774937,0.803342,53.565691,4.098247,4.098247,172.515550
11.123997,0.904636,16.725364,3.206984,3.206984,108.114524
10.601483,0.897511,16.262082,6.049847,6.049847,108.914492
10.303364,0.784625,15.011239,4.108522,4.108522,161.130057
9.911892,0.748118,56.147597,4.174443,4.174443,173.727851
9.875262,0.928812,16.795295,41.933235,41.933235,163.101477
11.689381,0.910629,16.022529,9.037775,9.037775,145.290718
9.467058,0.884035,50.815933,5.200940,5.200940,164.333221
9.479478,0.915360,16.114606,43.113402,43.113402,161.563389
10.086409,0.977170,19.693494,4.004766,4.004766,172.524393
9.326470,1.149529,58.267491,5.048534,5.048534,167.098301
10.588695,0.980529,17.186340,8.379314,8.379314,159.256156
9.601909,1.017960,21.389074,8.053347,8.053347,180.028308
9.233706,1.088258,13.831587,8.315754,8.315754,148.241734
8.981240,1.063492,49.431391,3.697713,3.697713,135.112120
10.957937,1.162003,15.636653,7.008802,7.008802,81.051856
8.920608,1.224477,9.991337,1.599653,1.599653,59.582981
8.457218,1.164467,9.625150,5.260713,5.260713,137.717119
8.864294,1.402619,51.367733,3.969427,3.969427,122.816392
7.891802,1.198897,10.135623,4.474066,4.474066,122.249165
10.182882,1.746180,17.625895,4.153723,4.153723,74.601772
7.897119,0.999691,11.682385,2.895112,2.895112,62.402657
8.227599,2.221297,12.771005,3.045261,3.045261,67.596195
8.094539,1.265295,12.906777,6.623913,6.623913,75.614457
8.475030,1.295344,16.397749,6.021396,6.021396,102.503191
8.726218,1.336026,13.404107,49.545278,49.545278,125.346298
8.029026,1.313331,11.828195,3.614548,3.614548,69.371818
7.926980,1.399683,12.553180,50.238452,50.238452,127.916127
8.919110,1.422552,12.554761,6.111923,6.111923,130.696286
8.578012,1.347069,12.971947,47.839870,47.839870,128.422676
8.113054,1.420147,12.932336,45.595427,45.595427,130.170260
8.588353,1.252339,13.326702,5.696730,5.696730,137.943761
8.889424,1.399610,15.455321,4.881244,4.881244,147.191763
10.643301,1.292404,15.829220,11.240741,11.240741,171.004358
11.454159,1.676069,60.075129,4.707082,4.707082,184.420851
8.826742,1.118008,17.929889,7.648682,7.648682,187.761206
8.904451,1.332686,16.183606,5.917579,5.917579,161.996184
8.363554,1.237432,53.979478,4.248425,4.248425,178.940323
8.033632,1.232806,16.289368,7.374100,7.374100,179.531593
8.064114,1.179567,14.760756,6.770453,6.770453,157.692613
8.482792,1.247887,55.539022,9.232298,9.232298,265.652959
7.851690,1.280417,62.535520,7.817300,7.817300,272.726338
48.574591,1.522574,15.646537,47.596178,47.596178,234.133164
50.171362,2.757458,56.065758,12.879831,12.879831,339.242388
59.433230,2.554661,27.657840,7.713597,7.713597,317.384036
58.086654,2.306358,30.424022,14.714329,14.714329,297.919719
67.954678,2.044465,34.361919,5.042110,5.042110,295.055104
8.351904,1.469182,57.317918,6.532684,6.532684,149.488304
9.693569,1.425796,66.506404,56.861768,56.861768,247.945546
8.099111,1.483959,60.995316,6.958234,6.958234,188.952606
8.082927,1.463358,16.521358,6.397013,6.397013,105.334034
8.095860,1.438499,19.427100,47.245744,47.245744,167.008445
8.055619,1.383284,16.920611,4.186278,4.186278,105.906356
8.981753,1.605219,18.464916,51.351520,51.351520,172.183170
8.381399,1.685886,60.865474,3.803371,3.803371,169.187050
7.847826,1.523073,14.055041,48.369180,48.369180,137.785203
8.730230,1.987608,15.651902,6.679966,6.679966,112.615345
8.057546,1.425681,14.230775,6.668177,6.668177,79.393263
9.403284,1.751377,18.925399,6.380158,6.380158,120.334012
9.120115,1.703610,14.945606,53.187594,53.187594,180.377602
7.887570,2.015303,16.394499,10.725024,10.725024,106.805163
8.356395,1.796021,15.598374,6.256773,6.256773,87.844921
7.852629,1.874749,14.317222,8.645288,8.645288,89.324966
8.165648,1.494365,14.928646,7.809639,7.809639,91.263396
9.112994,1.891216,15.738630,7.747113,7.747113,100.818311
8.302604,1.755923,13.202323,4.237906,4.237906,90.615744
8.051835,1.497184,12.806821,50.484270,50.484270,135.505303
48.946372,1.788824,12.983947,7.273718,7.273718,162.910161
8.709910,1.443943,16.953102,5.867055,5.867055,106.555619
8.095934,1.391339,13.173946,51.010387,51.010387,136.313957
53.061190,1.715784,14.342597,3.325496,3.325496,162.094167
8.921955,1.656529,15.192928,4.040074,4.040074,91.197513
7.485581,1.484054,13.227739,45.996999,45.996999,135.368693
8.203413,1.593580,75.508981,51.524151,51.524151,261.513211
7.545380,1.370425,16.277133,4.600731,4.600731,89.133025
7.123549,1.577340,13.339643,44.756489,44.756489,140.154920
7.848583,1.768041,57.975292,4.278564,4.278564,150.299892
9.096123,1.651539,19.599189,5.610142,5.610142,181.934742
8.173355,1.655079,15.221798,7.838764,7.838764,111.088275
8.170038,2.022917,61.081094,4.290696,4.290696,150.087711
7.446993,2.058701,15.768737,6.139168,6.139168,103.881005
8.625535,1.636301,13.610226,48.603923,48.603923,139.887870
8.438185,1.488971,13.049998,2.294878,2.294878,69.708094
9.294909,1.559754,9.875131,2.991845,2.991845,51.612830
7.543703,2.150012,6.568015,3.131999,3.131999,54.467853
8.611214,2.527209,9.362580,2.755898,2.755898,52.979884
6.751514,1.229493,5.126373,1.832746,1.832746,71.327309
7.441782,1.469927,6.793816,1.231209,1.231209,39.535847
7.434830,1.711777,8.203516,2.605539,2.605539,50.340832
6.749956,1.118781,7.572468,1.840186,1.840186,70.059683
7.511936,1.076729,7.961303,3.294483,3.294483,47.972306
7.301224,1.210028,8.930496,2.580952,2.580952,52.914784
7.385499,1.369405,10.911448,3.981226,3.981226,66.031007
7.459044,1.400084,8.803016,2.110570,2.110570,55.075993
7.969309,1.328763,9.170339,2.508993,2.508993,61.138510
7.908445,1.338844,53.329214,3.701991,3.701991,127.531700
7.857293,1.684524,12.290978,8.885913,8.885913,98.123761
7.450588,1.447084,10.326852,2.363867,2.363867,62.000405
7.823142,1.569325,60.941821,2.886559,2.886559,147.390512
7.509117,1.480988,13.650031,7.747415,7.747415,95.688324
7.634759,1.512372,12.176781,49.650199,49.650199,137.678481
7.806036,1.284252,59.484297,3.404688,3.404688,158.738491
7.537670,1.526990,13.963777,4.492862,4.492862,111.491640
7.499289,1.401338,12.455836,55.573140,55.573140,139.823244
7.235415,1.514994,57.846080,3.561526,3.561526,161.319967
7.782891,1.515470,14.286325,48.043810,48.043810,176.097309
7.730019,1.290049,14.099923,6.116520,6.116520,149.608938
50.569292,1.101584,13.174986,7.072119,7.072119,170.483228
7.510671,1.342015,14.569667,6.918061,6.918061,189.206185
8.346389,1.351719,14.817235,6.464869,6.464869,165.108510
8.336865,1.486352,15.679813,12.121332,12.121332,186.316199
8.005094,1.534766,14.173021,6.722560,6.722560,178.899580
8.210516,1.187442,14.015103,52.676149,52.676149,268.669492
8.502707,1.612258,16.201668,17.822073,17.822073,212.117225
8.576036,1.222853,14.661321,15.337181,15.337181,204.347776
10.259792,1.526430,21.329507,10.071945,10.071945,263.910140
65.143679,1.248236,25.222491,10.143136,10.143136,325.737810
58.309321,1.876414,16.265688,12.973349,12.973349,273.960124
9.970702,43.880418,14.453493,46.167428,46.167428,240.646563
10.672133,1.499006,65.541791,13.613035,13.613035,294.415069
10.391818,1.164662,61.839064,9.242805,9.242805,307.213254
8.798937,1.261299,58.923669,13.610253,13.610253,283.532630
9.750545,49.006985,17.956428,13.673965,13.673965,287.456859
9.058830,1.238640,61.448586,57.307567,57.307567,265.392789
8.997455,1.238083,63.464932,10.404957,10.404957,288.235858
8.666087,1.181743,57.615474,11.223522,11.223522,268.332219
8.778527,1.272252,59.257588,51.885645,51.885645,246.421379
8.823057,1.265194,55.179396,4.848374,4.848374,182.731666
8.179049,1.261743,59.343847,56.373197,56.373197,263.668409
8.594043,1.387001,13.889262,3.769457,3.769457,165.799504
8.274266,1.120235,58.973238,12.296098,12.296098,198.845852
8.528303,1.592302,14.931798,3.353636,3.353636,176.563412
8.241257,1.419812,14.052611,6.592426,6.592426,107.732778
7.534998,1.337353,14.207021,54.562541,54.562541,147.310077
8.185306,1.505544,61.389211,2.636869,2.636869,153.324350
8.371401,1.290744,16.478753,43.835752,43.835752,169.999239
7.746917,1.283344,14.184016,4.039204,4.039204,144.608877
7.900439,1.197558,57.057133,6.213773,6.213773,163.531483
7.739902,1.182814,15.032694,9.662293,9.662293,99.585847
8.155981,1.030958,14.600119,10.400540,10.400540,174.305993
11.876702,1.730076,17.552839,10.900480,10.900480,195.407165
8.474309,1.299946,15.651632,12.582940,12.582940,187.018793
8.158675,1.207469,15.277750,11.034859,11.034859,180.497355
7.609250,1.562551,15.249582,50.942286,50.942286,177.518766
8.385624,1.228843,14.454402,10.828054,10.828054,181.051811
8.315296,1.452339,62.732606,7.960289,7.960289,193.549992
8.776943,1.320582,62.357896,9.546276,9.546276,186.214535
8.872023,1.512364,15.872085,14.536842,14.536842,200.486650
8.592722,1.245315,15.354817,51.222058,51.222058,176.803614
8.720898,1.470772,16.434903,15.316084,15.316084,203.584337
9.110484,1.458051,18.155992,6.780182,6.780182,205.924888
8.203906,1.212160,16.156552,7.356327,7.356327,197.672750
8.327784,1.407256,16.556873,11.123094,11.123094,214.218104
10.560865,1.558600,15.731761,6.895108,6.895108,186.282110
9.807678,1.241627,70.864241,44.006766,44.006766,266.375730
9.608639,1.161349,18.437278,52.349011,52.349011,178.189999
9.630200,1.362335,17.426866,10.966767,10.966767,183.359041
7.602837,1.035362,63.766097,6.854860,6.854860,178.252050
9.922132,1.442168,18.221271,13.509446,13.509446,202.225163
8.321801,1.354714,16.255648,13.703960,13.703960,196.584203
8.610242,1.382873,16.204888,50.723241,50.723241,152.300872
7.532999,1.922491,15.254289,5.584772,5.584772,122.147050
7.917085,1.315582,14.662969,54.750052,54.750052,181.566627
10.174752,2.072252,20.362351,51.893190,51.893190,186.384995
8.225985,1.710460,15.958725,53.628966,53.628966,187.885232
8.480499,1.793193,15.508441,58.072020,58.072020,179.433421
7.840073,1.717393,13.743388,7.026611,7.026611,94.560172
52.479547,1.316083,12.809347,4.306869,4.306869,139.278520
7.298766,1.671744,61.638852,4.207139,4.207139,140.063549
7.209838,1.398456,13.962791,3.549422,3.549422,141.588202
7.565131,2.004731,16.429704,6.040457,6.040457,159.958692
6.979318,1.288119,14.896800,9.677276,9.677276,84.192466
7.725760,1.392211,16.232816,4.238526,4.238526,95.547605
51.227390,1.174522,14.445606,3.417218,3.417218,129.777261
7.871169,1.364439,14.565154,4.414383,4.414383,72.070139
48.381937,1.203410,14.091340,3.293858,3.293858,136.974098
7.634366,1.522125,13.495232,10.299666,10.299666,99.834838
8.169594,1.467555,14.414566,1.764966,1.764966,68.277169
7.178693,1.347756,14.798365,3.350869,3.350869,73.642872
8.279537,1.114532,13.892447,10.108443,10.108443,84.759688
8.774009,1.243255,15.093519,7.288422,7.288422,99.635420
7.504094,1.136287,12.599736,9.593572,9.593572,81.067120
7.614533,1.208899,70.707678,4.735836,4.735836,166.450636
14.166950,1.202766,14.060891,59.716268,59.716268,149.411712
11.186367,1.307990,69.757827,6.295913,6.295913,177.137429
11.389512,1.094557,59.495935,6.090843,6.090843,189.363845
9.332289,1.121888,60.654387,7.641643,7.641643,287.023102
13.420748,1.362362,17.368998,12.214711,12.214711,238.862538
9.397653,1.293108,61.491121,9.562603,9.562603,186.062964
10.592748,1.225350,14.689771,10.453774,10.453774,201.850788
8.885144,1.360322,16.468801,18.912436,18.912436,223.933529
11.125856,1.758551,16.568128,54.023793,54.023793,184.017222
10.345449,1.395350,18.742956,10.260350,10.260350,199.719954
8.937770,1.447749,14.910378,10.744889,10.744889,182.873533
9.501829,1.205114,14.106439,11.538810,11.538810,171.375615
8.672195,1.292948,14.424555,5.426651,5.426651,90.319432
8.759549,1.661422,14.974857,10.810984,10.810984,192.076567
60.001594,1.954341,22.519875,5.204729,5.204729,188.424775
10.206379,1.449917,14.515104,53.815084,53.815084,153.701180
7.952883,1.575176,15.415715,8.345925,8.345925,116.102780
7.547560,1.561493,13.815679,3.084303,3.084303,161.011586
8.062703,1.412069,14.616328,8.822184,8.822184,181.969320
7.207181,1.471990,13.628110,6.375067,6.375067,118.897809
7.962970,1.349396,15.166480,57.633679,57.633679,183.927293
8.317898,1.261571,16.115192,40.847388,40.847388,151.568269
7.783882,1.179712,62.580832,3.925182,3.925182,180.106493
8.080010,1.152996,16.201579,3.409426,3.409426,102.253230
8.405597,1.469428,14.406515,3.750959,3.750959,102.950413
7.905016,1.132963,15.226342,9.029505,9.029505,107.238775
57.519147,0.874768,14.917730,4.192169,4.192169,168.834597
9.030858,0.933818,16.129661,9.287656,9.287656,119.075417
9.508322,1.137014,17.036844,6.075592,6.075592,172.041195
8.965568,1.242773,70.070076,8.690620,8.690620,199.745630
8.884411,1.243180,16.327402,6.506840,6.506840,120.111464
8.198160,1.428729,14.606621,55.799292,55.799292,183.492835
8.761591,2.121702,14.366347,11.837370,11.837370,195.872176
8.074678,1.739829,14.092487,6.213318,6.213318,185.733675
9.567622,2.711253,76.664896,17.681600,17.681600,324.766620
17.474231,1.998231,20.345237,8.055202,8.055202,197.343939
9.707768,1.428884,20.563370,63.720690,63.720690,191.563321
10.101855,1.134107,13.310724,4.561493,4.561493,78.308956
9.214368,1.264490,70.701333,5.494696,5.494696,166.148791
8.023095,1.105764,12.252916,6.461912,6.461912,115.420471
9.123737,1.203526,12.229032,4.977082,4.977082,70.563394
9.645840,1.955279,18.765356,8.696210,8.696210,105.530193
9.383857,1.739564,16.756081,48.276348,48.276348,153.325823
8.201975,1.194222,82.661166,15.643221,15.643221,337.879682
10.786589,1.376012,14.462413,8.577287,8.577287,187.421226
8.150736,1.720763,16.602567,5.986076,5.986076,178.156000
63.322230,1.173497,17.280413,5.664859,5.664859,162.578644
8.724359,1.361257,13.649492,7.586506,7.586506,132.721152
7.832341,1.609890,72.628131,8.365429,8.365429,175.958221
8.120306,2.417025,15.567598,61.729512,61.729512,182.435981
15.021951,2.908995,25.217112,68.363594,68.363594,213.269312
59.525934,1.506051,19.606106,4.499834,4.499834,183.108835
7.887427,1.396251,13.690829,5.348512,5.348512,102.787270
13.475842,1.876849,17.185984,4.924855,4.924855,203.050353
7.713273,1.453414,73.669363,8.100309,8.100309,170.093935
52.279789,1.432519,14.156758,4.649429,4.649429,138.846000
7.635609,1.324182,13.989675,9.577556,9.577556,94.096370
8.900725,1.849465,15.679699,59.590889,59.590889,166.376718
6.924919,1.592344,13.958960,4.806312,4.806312,74.788812
7.353217,1.609777,66.053554,2.425029,2.425029,145.917065
9.288331,1.756988,17.011365,6.751633,6.751633,110.990617
7.976165,2.103345,18.012843,8.677630,8.677630,93.904108
10.227712,2.126251,22.036370,6.603861,6.603861,107.478069
7.948856,1.334099,16.952576,10.096201,10.096201,109.194170
61.808060,1.282196,17.863153,4.934589,4.934589,148.745538
7.363974,1.685385,14.615669,9.462891,9.462891,108.607545
8.368762,1.238806,14.379433,7.062729,7.062729,90.325109
9.162591,2.102758,16.152638,8.804367,8.804367,97.414798
8.610469,1.572965,14.526949,12.328408,12.328408,88.485475
7.591037,1.510293,15.657385,4.721745,4.721745,167.386926
7.641099,1.377893,77.006287,6.215318,6.215318,160.517577
7.265689,1.264648,15.057539,12.087284,12.087284,99.193077
8.298166,1.541260,16.594391,8.130273,8.130273,81.104753
10.639820,1.360960,17.952447,12.716504,12.716504,198.773218
13.498064,1.787898,18.561547,11.320751,11.320751,188.618057
12.136583,1.495445,92.216247,8.975517,8.975517,214.065934
73.887134,1.377150,19.950322,3.336590,3.336590,187.564126
10.284570,1.543222,15.446851,4.047516,4.047516,123.108273
10.604657,1.842012,16.690304,9.323541,9.323541,112.077517
9.960053,1.625747,15.541255,5.415828,5.415828,183.202162
10.001597,1.732626,14.465501,7.939242,7.939242,202.975909
63.569738,2.044956,21.317623,9.287081,9.287081,196.138646
8.116184,1.497423,13.508805,11.989612,11.989612,117.749050
10.796965,1.569134,16.195343,5.102731,5.102731,193.044524
10.066430,1.252093,14.466947,9.701049,9.701049,189.056239
9.079515,1.721991,15.167040,4.696278,4.696278,113.180422
10.218292,2.082284,16.929524,64.953168,64.953168,180.441664
10.143317,55.823166,20.296319,7.029345,7.029345,172.724373
10.798382,2.223762,18.386811,75.071503,75.071503,207.103872
12.952756,2.046774,19.599058,10.372894,10.372894,203.634090
8.423624,1.473554,15.469316,8.318609,8.318609,180.660310
66.214528,1.402296,16.080581,5.505514,5.505514,189.229214
8.688515,1.457458,17.408288,5.323304,5.323304,116.872659
9.528883,1.495633,16.636399,63.427916,63.427916,171.980096
9.140785,1.454728,17.346797,8.314223,8.314223,173.488450
8.242041,1.733000,15.982814,6.127737,6.127737,186.746110
9.643462,1.734697,91.294504,12.258004,12.258004,222.612532
70.840106,1.520902,27.458447,7.028113,7.028113,181.648502
8.562401,1.688722,16.677316,9.745851,9.745851,118.430496
9.813599,2.215828,17.487396,75.725064,75.725064,186.579284
10.272801,2.393258,17.932860,10.616012,10.616012,195.486875
7.377161,1.482691,80.505537,8.960961,8.960961,190.768155
9.668277,1.488315,24.563492,61.681316,61.681316,187.054893
58.059789,1.374910,17.023989,7.275873,7.275873,172.554867
7.720771,1.334062,77.935230,71.539871,71.539871,305.674081
7.430461,1.342042,16.440818,6.495697,6.495697,119.311137
7.549654,1.266642,78.329311,7.559760,7.559760,191.383409
68.295686,1.383503,18.437089,2.859899,2.859899,179.386731
9.740660,1.576123,21.447962,69.237006,69.237006,201.593496
9.180294,1.614324,17.908631,16.067745,16.067745,198.135071
10.185502,1.412914,16.852318,11.381551,11.381551,191.999506
7.223645,1.421869,15.203422,13.356475,13.356475,143.388978
10.848985,1.690061,88.545921,13.399372,13.399372,232.259819
12.346708,2.395893,21.436682,12.842293,12.842293,216.871806
9.683228,2.444571,24.972663,74.839400,74.839400,210.408561
8.400976,1.408158,72.890897,8.311397,8.311397,183.747579
7.442689,1.256217,15.810700,3.998941,3.998941,181.246485
10.373832,1.726040,18.548633,7.611216,7.611216,193.966684
8.292924,1.587775,18.499194,9.232888,9.232888,115.467831
8.023944,1.245573,19.418235,12.588927,12.588927,219.221509
8.069631,1.340426,21.584542,7.468287,7.468287,194.888137
66.508580,1.311667,23.845557,11.731029,11.731029,206.139552
10.668445,1.891420,23.473687,69.877469,69.877469,201.522949
10.101055,2.108405,20.128844,67.941527,67.941527,197.402944
10.428674,1.771585,19.234501,10.367312,10.367312,96.511777
11.045957,2.074970,16.662504,5.329620,5.329620,79.869569
7.602297,1.440481,76.661749,5.902233,5.902233,160.159122
69.637634,1.337296,22.849756,6.130342,6.130342,174.620255
7.224934,1.491034,18.936650,9.455802,9.455802,96.773168
8.028868,1.468144,82.098215,3.286115,3.286115,170.739986
7.910824,1.617973,15.831662,69.330037,69.330037,157.534121
9.125229,1.814859,16.296056,6.836864,6.836864,93.265591
7.425203,1.181133,78.288627,5.603807,5.603807,153.684989
56.632172,1.017201,17.114384,4.571443,4.571443,139.612934
7.051337,1.450546,17.149452,10.280054,10.280054,88.189353
9.100690,1.460008,17.679186,10.730082,10.730082,86.223234
7.105890,1.069194,16.144973,72.801481,72.801481,157.294920
7.449158,0.963360,17.608780,6.415563,6.415563,169.332561
6.977346,1.041703,77.317936,6.402681,6.402681,176.219946
7.967213,1.039827,80.165337,4.193792,4.193792,172.588173
9.937477,1.026307,18.668421,7.144296,7.144296,129.894797
9.833513,1.387778,19.811682,8.285477,8.285477,208.256766
8.206903,1.093696,16.892648,13.910750,13.910750,144.956881
8.005592,1.250933,17.233624,13.911893,13.911893,216.512633
9.851238,1.120513,21.432668,10.119075,10.119075,213.698212
60.360454,1.186444,21.459552,6.181433,6.181433,184.804481
8.439425,1.149014,16.825563,5.610254,5.610254,228.137625
8.669250,1.349755,22.271814,9.185170,9.185170,225.763405
66.072151,1.230189,22.481400,4.592711,4.592711,195.845572
12.216983,2.038694,18.440913,9.553602,9.553602,202.566415
8.848351,3.167028,17.921386,12.809877,12.809877,106.351516
7.928834,2.044160,16.901183,4.013380,4.013380,124.990738
7.423557,1.809155,79.959523,7.027817,7.027817,184.702298
11.607109,2.593816,19.183045,84.976588,84.976588,188.289177
10.799974,2.072579,23.980080,10.402462,10.402462,125.762637
7.867896,1.913656,86.089477,6.656042,6.656042,202.137238
8.487082,1.583527,20.126448,13.348604,13.348604,117.854252
7.823762,1.419867,81.389386,2.699819,2.699819,149.309482
69.377460,2.884069,25.723099,5.647562,5.647562,162.042795
9.919885,1.546057,15.443691,7.942997,7.942997,102.508681
7.456697,1.641361,15.158646,3.705024,3.705024,71.025728
7.299007,1.180858,11.922081,3.546021,3.546021,55.311083
7.095228,1.350741,74.733937,4.491716,4.491716,144.534691
8.076861,1.221672,12.111718,4.482185,4.482185,61.267416
8.482447,1.506990,14.292967,4.462092,4.462092,68.671561
8.509724,1.180339,14.110479,8.064889,8.064889,110.633046
6.666607,1.726594,76.640013,2.508019,2.508019,148.706308
6.614141,1.436191,10.581045,12.885241,12.885241,117.371527
8.130968,1.324215,10.102071,3.646972,3.646972,71.457330
7.974606,1.617939,12.546918,5.066735,5.066735,84.800568
7.441560,1.334518,10.974765,11.436431,11.436431,103.754538
67.170698,1.634532,22.318887,3.558033,3.558033,185.216915
7.009452,1.371465,12.739259,72.280278,72.280278,158.193211
8.533174,1.522717,13.569333,10.217992,10.217992,89.461201
7.162613,1.687664,11.457620,5.952533,5.952533,130.603193
7.239363,1.606006,10.359053,9.704081,9.704081,107.356607
60.191136,1.578374,13.916220,4.434728,4.434728,139.725636
8.011691,2.373364,17.843411,6.160833,6.160833,88.597968
7.382491,1.537695,79.771134,5.230062,5.230062,160.644634
7.610101,1.639350,17.836248,2.785888,2.785888,76.365133
8.849143,1.638459,17.276033,12.625357,12.625357,83.936071
8.645784,2.045482,21.222592,10.854286,10.854286,115.965038
9.511730,7.593821,20.154286,7.755383,7.755383,105.071115
8.750353,1.442060,18.802849,68.403375,68.403375,174.147044
9.761579,1.573388,21.129595,75.033169,75.033169,213.629244
76.999181,1.722241,28.215723,7.891455,7.891455,205.125711
8.652915,1.276844,86.219033,4.442223,4.442223,190.946109
8.615694,1.551759,16.734755,70.875832,70.875832,181.334935
11.648103,1.394070,15.637707,67.788974,67.788974,176.253754
8.029479,1.344524,16.367663,7.351729,7.351729,177.454780
8.243308,1.327918,84.114277,10.054269,10.054269,198.591141
8.329715,1.387690,86.556063,11.947043,11.947043,199.271974
71.883152,1.407856,31.027861,7.734002,7.734002,224.991635
67.114169,1.126876,21.761452,14.506721,14.506721,209.818002
7.500401,1.215855,15.786699,76.657472,76.657472,212.740068
9.818804,1.651912,20.842481,10.523098,10.523098,225.901287
9.808940,1.490392,23.433005,8.012680,8.012680,213.750125
8.530919,1.344358,18.495447,4.752798,4.752798,220.107923
8.136211,1.208219,19.944948,8.887855,8.887855,212.857728
8.844392,1.092654,16.425309,69.463058,69.463058,207.097307
8.605210,1.302923,84.290391,8.619852,8.619852,207.416054
8.248637,1.174204,16.387112,64.992980,64.992980,172.386521
7.274938,1.234511,17.337670,60.594688,60.594688,189.593471
9.100645,1.632486,20.586388,6.510873,6.510873,125.014378
7.889093,1.387557,18.700437,7.853457,7.853457,208.988281
8.143852,1.455093,18.278166,67.137849,67.137849,196.254269
8.997956,1.663046,14.984643,73.261952,73.261952,204.767376
7.603677,1.388545,16.944310,68.828291,68.828291,190.438263
8.745501,2.796009,15.396040,70.179753,70.179753,175.538225
7.832430,1.568785,14.669399,14.274166,14.274166,120.172132
8.549793,1.615121,16.663038,76.346465,76.346465,204.911293
9.306939,1.756174,24.253034,10.550642,10.550642,227.523235
11.724729,2.293340,21.307235,10.610187,10.610187,205.613485
9.534121,1.764920,21.525578,10.697278,10.697278,190.356611
7.894837,1.503183,83.571188,12.980415,12.980415,230.093422
9.009761,1.649227,17.947391,77.503335,77.503335,213.021649
10.518756,1.858770,20.849292,11.532097,11.532097,245.759808
81.634293,1.876298,23.195124,69.466304,69.466304,304.319554
8.072154,1.928562,18.219383,9.031206,9.031206,246.523872
10.725336,1.662369,20.846596,5.910313,5.910313,212.615856
7.754702,1.685563,16.299807,69.460856,69.460856,187.210061
65.315913,1.862156,27.890223,79.701971,79.701971,301.394120
9.495020,1.795980,16.923386,69.745307,69.745307,328.825257
7.652406,1.470825,14.994212,72.152135,72.152135,192.776853
9.359084,1.729678,18.375378,67.551267,67.551267,201.536082
9.410625,2.282627,16.601886,69.159478,69.159478,194.963470
8.595874,1.834940,101.021056,85.679977,85.679977,334.305804
13.282982,2.231002,23.010282,10.934028,10.934028,224.668503
9.851648,2.692350,17.893184,7.828747,7.828747,127.910305
7.765268,1.556168,82.455121,5.047905,5.047905,182.214067
9.057158,1.706734,87.467925,5.363118,5.363118,173.191240
69.318431,1.226861,18.097200,3.600169,3.600169,160.510842
7.774237,1.599440,16.880941,7.577867,7.577867,127.121068
10.171958,1.588337,15.780559,11.717596,11.717596,203.473391
7.368851,1.538546,19.133523,9.296425,9.296425,215.827341
9.319172,2.335852,20.030384,9.385868,9.385868,123.460422
7.820967,1.493849,77.769037,3.901163,3.901163,161.031630
7.521333,1.588602,86.370934,5.214307,5.214307,174.669258
6.901125,1.765401,76.708799,14.211735,14.211735,184.098253
7.448733,1.421435,13.582039,6.419170,6.419170,113.270916
8.188255,1.679703,15.683132,6.721857,6.721857,91.624727
7.092857,1.782613,15.578468,73.918600,73.918600,184.886419
9.269169,1.447191,14.996207,72.530106,72.530106,170.318197
8.879349,1.772377,20.916971,91.088140,91.088140,220.298358
9.710070,1.804312,22.502646,81.118327,81.118327,221.539590
9.245263,1.835621,19.352611,4.886630,4.886630,103.034328
9.524234,2.382465,21.016738,12.030661,12.030661,229.023259
9.126141,1.759158,15.250214,8.097732,8.097732,176.305857
74.962357,2.376721,23.678290,13.569990,13.569990,216.350355
8.879848,1.652658,13.847045,91.727230,91.727230,223.691942
10.382316,1.509564,16.874995,76.284347,76.284347,200.717087
7.644626,1.523702,23.928661,18.814764,18.814764,242.413748
9.603650,1.642419,16.450928,11.547217,11.547217,199.771784
10.458458,2.163506,94.629176,74.670825,74.670825,338.374354
9.908061,1.561910,17.160060,73.939368,73.939368,215.717350
7.851061,1.307894,86.374620,86.776977,86.776977,305.160752
12.544817,1.862549,33.013327,15.725738,15.725738,254.845130
9.108821,1.623857,91.547079,77.165404,77.165404,354.460576
8.930843,2.376602,26.584063,15.189930,15.189930,260.432889
8.453821,1.869100,15.880140,12.237678,12.237678,195.934060
8.315885,2.195141,16.210509,12.352630,12.352630,114.245046
69.541706,1.416467,20.089781,3.238132,3.238132,169.556644
8.973286,1.916408,14.466790,6.456075,6.456075,90.091924
7.622047,1.790487,12.379760,8.322325,8.322325,117.288003
7.198491,1.799587,13.943154,8.025403,8.025403,194.890471
73.515731,1.747902,14.891809,2.875544,2.875544,154.620722
7.218003,67.488069,17.947589,4.702234,4.702234,162.769892
7.891133,1.542033,90.006055,5.389858,5.389858,167.565382
7.603605,1.684649,85.750094,16.340246,16.340246,208.729795
9.725527,1.498898,94.536768,10.825237,10.825237,204.636463
7.550098,69.301100,20.993772,8.729353,8.729353,190.392982
67.184660,1.317818,22.726341,9.674735,9.674735,179.651620
7.924826,1.635915,13.972548,9.240868,9.240868,113.121674
9.084955,1.715744,16.062551,6.538798,6.538798,102.540860
8.460784,1.515735,16.446015,14.205610,14.205610,234.083834
10.806361,1.983659,18.755625,7.851012,7.851012,210.163792
7.417149,1.410983,13.881680,9.017708,9.017708,137.428633
7.685170,1.383437,84.272267,6.394814,6.394814,197.539881
8.170565,1.596092,16.007735,3.931584,3.931584,136.318265
8.390067,1.944026,19.251911,87.620400,87.620400,229.481396
11.606913,2.475613,24.156749,17.793627,17.793627,256.992691
11.433568,76.411124,24.531458,69.069256,69.069256,323.222361
7.953475,1.591830,16.075648,12.169708,12.169708,222.539716
83.088702,1.803434,22.508553,14.808095,14.808095,235.543825
7.429072,1.351706,12.912456,11.406975,11.406975,158.913133
8.684182,1.742419,15.215635,10.936388,10.936388,244.006095
10.026362,2.182378,97.974677,78.552459,78.552459,330.471294
7.194012,1.998414,19.235259,10.066307,10.066307,213.913125
8.479762,1.943039,17.365368,13.576743,13.576743,111.455373
8.211207,1.817420,14.982680,6.454222,6.454222,128.517706
7.669125,2.048196,15.744796,74.998169,74.998169,208.353302
74.131645,1.610164,15.679222,8.591316,8.591316,183.704000
6.596903,1.587289,9.868973,12.040537,12.040537,127.834679
8.895453,2.751730,16.924885,12.555699,12.555699,100.383239
7.549091,2.113352,11.085124,6.830908,6.830908,162.306986
9.670236,2.019005,12.274348,15.367531,15.367531,94.858356
8.850636,2.223269,11.752256,13.776031,13.776031,130.472759
12.883904,3.184616,25.094993,90.653954,90.653954,232.754227
8.103076,1.777570,11.448191,13.575163,13.575163,127.715597
7.896069,1.799918,9.482687,3.234322,3.234322,70.386810
7.909626,2.039670,11.577335,10.862870,10.862870,122.703329
8.183697,1.734957,10.104898,4.684019,4.684019,70.792067
85.148609,3.249677,20.017237,8.467243,8.467243,200.523412
84.152474,2.929161,21.603774,11.105064,11.105064,198.878794
10.745447,2.281457,20.804005,79.435749,79.435749,220.531358
8.264728,1.667582,13.874596,6.347891,6.347891,105.284662
9.008224,1.819039,14.452207,11.270570,11.270570,94.891395
8.637413,1.514034,13.915307,7.745600,7.745600,101.289803
8.459820,1.668526,15.694797,6.709383,6.709383,83.550541
8.978449,1.640637,12.018871,83.610658,83.610658,173.029547
7.724658,1.575448,12.314112,14.844229,14.844229,140.553287
7.760338,1.549328,12.779512,15.287260,15.287260,213.287880
9.416079,1.930567,87.863445,13.715507,13.715507,211.827721
8.274385,1.757807,88.492459,9.607060,9.607060,218.488117
8.332360,3.022635,92.439252,7.142626,7.142626,216.280083
8.043394,1.555983,15.473375,9.679485,9.679485,102.572363
7.037720,1.599900,86.416369,3.101346,3.101346,179.918965
7.921986,1.945468,86.748892,14.382163,14.382163,206.241048
75.102108,1.778363,18.742001,5.946787,5.946787,178.941468
7.840594,1.844442,85.976675,5.344565,5.344565,163.271350
68.313112,1.605312,20.188533,7.861997,7.861997,168.309547
7.199617,1.818270,12.843320,8.224710,8.224710,102.159371
7.840526,1.691802,13.110925,7.976903,7.976903,88.332458
7.072827,1.600285,12.755582,3.825607,3.825607,70.175323
7.398857,2.101489,14.700013,6.519590,6.519590,75.458462
7.073758,1.570736,13.686603,9.265635,9.265635,124.841551
8.343043,1.690584,17.186609,9.730801,9.730801,115.645129
7.292767,1.434200,83.437509,7.080420,7.080420,174.471141
8.207278,1.600316,16.448598,7.223496,7.223496,131.045842
7.560830,1.381540,14.878331,7.897340,7.897340,132.602856
9.577394,1.854786,18.979485,8.244837,8.244837,99.118177
8.062608,1.307211,14.573448,5.269985,5.269985,143.080801
9.057012,1.800053,17.124328,81.073068,81.073068,211.683415
6.911658,1.463135,89.905919,4.721693,4.721693,171.405113
7.462138,1.797889,15.074309,86.900303,86.900303,201.002658
8.991946,1.938758,20.176408,13.843574,13.843574,240.234401
74.327560,1.667987,15.987678,13.973454,13.973454,199.339360
8.748840,1.913558,16.785836,86.354413,86.354413,211.363173
7.428960,2.038591,88.218799,10.694391,10.694391,194.869640
7.042896,1.586222,11.998262,5.881212,5.881212,122.248317
9.712729,1.560642,13.804643,10.357116,10.357116,91.184128
7.413859,1.722668,10.286597,7.522518,7.522518,81.311317
8.591092,1.375341,9.948688,8.745742,8.745742,113.114242
8.822632,1.689815,18.064252,11.005640,11.005640,96.025806
8.454745,1.513882,95.963699,10.421961,10.421961,194.700375
10.094773,1.906731,13.654987,12.840479,12.840479,99.115314
7.566670,1.589922,14.027555,4.009462,4.009462,86.817733
7.877665,1.255751,9.898909,10.479013,10.479013,90.412569
8.974987,1.675453,13.526063,6.451477,6.451477,132.578145
9.761488,1.823268,11.581661,10.377496,10.377496,90.153062
6.662609,1.407928,5.590127,5.441634,5.441634,116.146043
8.117785,1.409422,7.383519,5.096072,5.096072,80.037860
8.745117,1.669655,7.949617,5.297081,5.297081,70.592413
10.783016,2.790535,13.436438,11.354335,11.354335,102.294302
7.796310,1.732395,8.968239,12.437659,12.437659,86.514337
7.645724,1.499386,8.879875,10.824784,10.824784,131.935884
8.520709,2.033640,12.178597,15.186745,15.186745,103.228340
9.013454,1.931593,10.171959,13.117415,13.117415,130.957298
8.482569,1.749500,10.614696,3.016753,3.016753,170.670682
8.768343,2.011329,11.400669,12.028695,12.028695,115.886575
11.883453,80.673689,18.393647,14.959687,14.959687,221.845190
8.263398,1.859144,13.585403,84.580029,84.580029,209.930881
8.759750,1.929341,12.892349,13.173114,13.173114,201.934454
9.033921,1.787717,14.203942,13.704014,13.704014,142.737083
8.918017,1.600403,12.619891,10.530751,10.530751,216.449909
9.400288,2.471042,95.803378,13.649778,13.649778,215.738553
7.908736,1.864186,14.587958,12.152083,12.152083,206.650489
7.752342,1.895247,14.226587,16.984256,16.984256,217.026035
9.006901,1.824830,16.935753,10.495870,10.495870,255.467411
10.285334,1.745377,17.708915,94.018055,94.018055,231.769000
9.422154,1.840031,16.003795,14.624999,14.624999,225.126395
8.257183,1.789413,13.841209,13.135875,13.135875,119.106474
7.352369,2.019050,12.771033,13.230254,13.230254,134.450948
7.440069,1.919509,12.640267,11.501199,11.501199,104.252776
11.000374,2.335404,14.443817,13.377861,13.377861,147.299416
12.850536,3.069009,17.142878,84.729463,84.729463,222.390095
8.305908,1.866725,13.138396,10.200083,10.200083,137.398467
8.717233,2.024761,13.664868,18.926242,18.926242,124.781003
8.523370,2.184181,14.238094,7.854998,7.854998,177.760976
10.412574,2.224373,11.678494,13.366564,13.366564,102.715877
7.829638,1.754976,10.774275,11.832225,11.832225,135.521199
8.728554,2.347971,14.150076,11.453813,11.453813,97.401389
7.245953,2.161943,10.201706,10.735887,10.735887,138.546939
8.487729,1.778783,8.968286,8.820882,8.820882,126.601167
10.493259,1.814442,9.180676,10.831719,10.831719,128.653218
8.171334,1.792930,9.986458,11.212243,11.212243,124.710795
8.665798,2.097429,10.100688,12.005394,12.005394,87.438627
7.126958,2.306723,8.855470,9.391911,9.391911,176.947292
8.005948,2.337894,8.639173,6.214269,6.214269,76.683209
7.387745,2.196321,8.256483,11.312444,11.312444,131.691316
8.392449,2.035861,9.986353,5.756776,5.756776,74.100686
7.367932,1.775760,8.210809,15.667751,15.667751,140.422194
8.317548,1.834814,10.257943,11.387474,11.387474,85.646218
7.416225,1.611212,8.402489,9.773507,9.773507,130.992051
7.192321,1.674906,10.006092,8.046567,8.046567,78.423653
7.259245,1.370909,10.174658,7.302158,7.302158,124.830959
8.512648,1.792567,12.410681,8.057504,8.057504,111.421103
8.097138,1.802416,11.001517,13.444949,13.444949,137.000184
8.994095,1.558208,12.734055,9.467644,9.467644,102.396591
7.964167,1.826019,11.475036,9.925104,9.925104,135.562551
10.286671,2.157117,11.584022,6.529217,6.529217,94.703490
7.213874,1.955889,11.084105,7.637521,7.637521,127.048811
7.100407,2.196600,11.114790,3.294313,3.294313,73.569709
8.440609,1.859152,12.115202,11.316476,11.316476,106.166805
9.597692,2.058188,93.004031,12.439757,12.439757,230.632146
8.482052,2.222767,13.067862,6.967146,6.967146,107.890260
8.392848,1.781598,11.427546,6.581102,6.581102,128.873067
8.522025,2.009246,12.675497,8.823647,8.823647,119.194675
8.298981,1.855000,87.444561,7.727873,7.727873,166.276498
8.381931,3.072763,13.354359,7.516985,7.516985,89.907756
7.833836,1.745679,9.951902,16.223181,16.223181,146.572629
8.160939,2.421882,16.407352,14.386012,14.386012,111.981843
9.343816,2.226576,91.748956,6.530932,6.530932,194.282202
7.921671,2.184555,10.051238,13.213695,13.213695,131.670123
7.608649,2.207150,10.956244,10.199397,10.199397,132.915605
7.502353,1.944033,12.565844,10.924102,10.924102,148.878239
8.765912,1.904798,14.017514,12.175797,12.175797,138.751231
7.526474,2.006424,13.124094,9.267306,9.267306,138.281786
8.709525,1.774050,11.161227,12.560044,12.560044,101.865404
8.766399,1.885236,87.876919,6.997129,6.997129,199.234425
11.404741,2.619544,20.339668,7.373294,7.373294,109.214957
8.089892,1.762649,12.639657,5.180622,5.180622,141.085527
9.525755,2.614275,19.520502,87.339610,87.339610,225.296764
13.201196,2.881530,102.548168,12.927047,12.927047,210.358629
8.474847,1.543805,13.879410,5.772158,5.772158,143.078828
8.743183,1.644412,14.816247,9.905744,9.905744,225.459574
7.854480,1.411210,19.481317,8.701363,8.701363,132.088355
7.075910,1.416939,13.052420,12.916458,12.916458,143.254617
8.631709,1.812549,15.823594,9.724236,9.724236,137.517820
8.721621,1.648495,13.813565,8.512501,8.512501,127.905799
8.551385,2.662220,14.886285,13.964795,13.964795,241.061439
9.638259,2.389036,95.973329,10.434653,10.434653,254.204039
10.426445,2.282381,18.111613,86.193299,86.193299,226.406591
7.643365,1.719852,13.524415,8.635810,8.635810,155.028860
8.180401,1.879991,15.929067,86.948203,86.948203,223.443781
8.944045,1.995141,14.061652,10.817322,10.817322,229.827627
8.962007,2.064865,16.467441,7.764900,7.764900,243.955322
8.374384,1.773616,14.798913,6.064458,6.064458,221.921240
7.530103,1.551750,13.094800,16.670567,16.670567,150.038193
7.745957,1.645030,15.867916,9.867622,9.867622,161.261709
8.234245,1.831658,15.976454,6.544150,6.544150,268.399896
8.296504,1.813664,20.825454,83.405295,83.405295,220.818292
7.820822,2.457531,14.668887,14.936533,14.936533,141.262653
7.665565,1.762686,13.762657,13.111593,13.111593,114.396832
9.014807,1.928542,18.129014,11.597930,11.597930,136.950964
10.303613,1.636885,18.535664,89.190400,89.190400,225.151227
9.456860,2.208460,18.352936,8.276245,8.276245,131.187168
10.081574,1.940397,95.690730,14.752050,14.752050,217.716730
8.167177,1.883008,14.690646,10.173612,10.173612,135.905566
8.510275,1.631075,12.755112,16.504687,16.504687,160.041173
8.657220,1.724665,11.291437,15.088183,15.088183,146.911456
7.604264,1.886265,11.707748,13.276765,13.276765,135.932254
8.388016,1.826500,10.207052,12.600008,12.600008,86.675764
9.039617,1.853583,10.464248,15.714030,15.714030,111.322790
7.905313,1.582874,10.879594,8.067153,8.067153,91.915291
6.695075,1.237743,7.792207,14.688589,14.688589,145.604618
7.871881,1.379364,8.870124,12.859351,12.859351,128.243375
7.697145,1.285989,10.045353,9.556073,9.556073,120.050085
6.925768,1.259048,8.492751,13.852145,13.852145,145.978172
10.977193,1.490260,11.426953,10.353040,10.353040,120.275201
8.306720,1.358304,13.490993,8.841333,8.841333,141.620718
7.500071,1.459192,11.976571,17.608904,17.608904,139.954757
7.505120,1.495199,11.903344,10.109268,10.109268,133.032409
8.036251,1.532759,12.024069,12.708617,12.708617,150.634288
8.449091,1.833300,12.777225,8.666739,8.666739,155.390988
8.410935,1.836646,12.719430,6.877811,6.877811,148.998438
8.124735,1.936904,96.118742,9.438289,9.438289,250.655487
9.928497,2.125435,16.963744,11.726778,11.726778,255.613628
9.158107,1.979596,14.196175,14.101833,14.101833,173.872634
9.056834,2.163458,16.581688,94.905315,94.905315,351.802830
7.609376,1.913239,15.973504,8.301058,8.301058,252.666812
7.862610,1.768723,14.822783,9.453235,9.453235,164.287978
8.104614,1.792219,14.835220,81.420891,81.420891,226.996279
7.585421,1.889645,15.104135,8.099014,8.099014,251.551475
8.350206,1.892681,15.168682,85.373259,85.373259,221.323094
8.408239,1.940623,15.377761,8.217983,8.217983,136.678902
8.488760,2.003303,14.680617,12.712311,12.712311,119.350074
8.524279,1.756140,15.843252,17.581487,17.581487,255.124995
8.481511,1.846854,15.907096,9.869325,9.869325,154.418783
9.306016,1.889305,16.268048,7.445567,7.445567,137.269927
9.045638,2.089427,24.336408,14.537446,14.537446,241.006983
8.501578,2.154993,17.821152,11.799507,11.799507,221.069003
8.335200,1.847365,17.022696,16.694133,16.694133,151.293668
7.722158,1.502876,15.921828,13.236509,13.236509,150.583093
7.492257,1.367166,14.976109,11.033644,11.033644,136.275592
7.889315,1.179420,15.316975,12.207020,12.207020,146.219840
7.539582,1.501995,15.752264,14.026820,14.026820,139.780316
8.191864,1.350992,16.342710,14.827420,14.827420,155.725101
9.388466,1.402038,18.379107,12.857920,12.857920,249.489460
9.933498,1.299024,100.065043,93.641567,93.641567,337.130288
10.988507,1.475446,18.122600,9.683171,9.683171,263.204606
9.028257,1.288496,14.781457,9.935517,9.935517,165.573685
9.097262,1.541359,15.515734,19.573994,19.573994,252.421380
8.385490,1.733941,14.782732,8.139870,8.139870,163.093692
8.264814,1.717550,14.190071,7.623411,7.623411,267.154851
10.061899,2.057099,18.515506,10.414295,10.414295,262.437637
7.765123,1.859522,13.811033,13.549243,13.549243,168.077641
7.909900,1.649421,14.427841,15.770756,15.770756,171.541649
7.758340,1.936078,14.622763,9.924839,9.924839,168.886426
9.496641,1.769461,15.368879,15.639338,15.639338,211.525501
7.694700,1.941418,13.724584,18.478642,18.478642,147.545788
11.036214,2.556651,114.804518,12.464493,12.464493,388.642692
9.866263,2.533740,21.589095,8.964368,8.964368,235.670586
8.379901,1.757798,13.517206,11.367248,11.367248,161.673458
8.450836,2.158223,14.415633,90.938806,90.938806,224.983390
8.379460,2.046530,14.350357,8.178275,8.178275,132.262880
8.886638,2.119090,14.920933,12.003646,12.003646,139.946144
8.805454,1.827592,17.283849,93.198308,93.198308,223.147952
8.187594,2.111405,99.677820,96.331877,96.331877,349.821001
8.099326,2.315815,14.635364,14.710320,14.710320,139.225110
8.805688,1.881695,96.599633,5.249161,5.249161,182.239413
8.166135,2.061510,12.128005,12.210834,12.210834,146.662568
8.373861,2.291078,11.927787,11.471310,11.471310,140.919439
8.682202,2.011816,13.085080,15.311710,15.311710,109.371722
7.597915,1.693257,10.654143,14.905426,14.905426,145.460765
8.449508,2.574355,16.004945,12.206395,12.206395,120.266322
7.425047,1.628936,9.610331,11.060911,11.060911,137.069787
7.396403,1.810087,10.115851,20.315052,20.315052,150.998425
8.164709,1.672559,10.330806,14.435513,14.435513,149.432938
7.674005,1.819124,12.163848,15.156402,15.156402,147.667368
7.815774,1.739805,14.056512,14.774292,14.774292,143.978531
7.806706,1.560027,13.109508,15.579416,15.579416,143.753898
8.845340,1.675682,15.389327,9.022328,9.022328,195.383551
9.006977,1.506749,14.790896,14.265923,14.265923,149.280753
8.620240,1.375785,16.266113,13.831476,13.831476,242.578239
8.832987,1.572601,15.366766,7.656001,7.656001,134.380444
8.247771,1.287447,16.514777,9.932606,9.932606,158.056859
7.442114,1.322544,15.713610,90.361609,90.361609,240.284464
7.543097,1.252841,14.684997,7.544680,7.544680,161.486816
8.263471,1.293559,16.247509,7.632777,7.632777,135.775804
7.985571,1.179862,17.032982,94.348625,94.348625,341.754659
7.617999,1.163210,17.172166,98.749250,98.749250,245.630326
8.423498,0.966775,17.945712,16.576961,16.576961,171.717763
8.068881,0.948150,16.416486,12.974828,12.974828,138.786367
8.245980,0.894177,18.989687,90.645083,90.645083,236.253059
8.321155,1.023834,17.257253,14.451717,14.451717,265.869775
8.076989,0.965172,15.733233,12.511115,12.511115,159.531531
8.607023,1.216808,16.922677,9.207888,9.207888,262.111087
8.072585,1.015398,18.214728,10.415280,10.415280,202.264797
8.205231,1.141918,102.504798,15.562924,15.562924,230.006626
9.213375,1.343573,15.830476,90.153949,90.153949,239.907279
10.661357,1.358191,23.640655,8.399493,8.399493,285.898964
8.206679,0.951255,15.722312,8.277290,8.277290,133.394808
8.348723,1.046958,15.815030,4.637948,4.637948,133.862435
8.334839,1.158480,15.208033,98.439212,98.439212,241.541888
8.904882,1.109531,15.754637,12.843027,12.843027,259.235578
8.593104,1.173321,19.474142,11.511435,11.511435,286.893361
7.352581,1.240829,14.305204,97.101105,97.101105,226.591144
6.969036,0.977050,12.792011,19.051924,19.051924,156.641099
