#Stereo rect[ms], MP culling[ms], MP creation[ms], LBA[ms], KF culling[ms], Total[ms]
5.377552,0.072660,0.548799,0.006373,0.006373,6.011452
0.574028,0.083506,1.898889,0.000880,0.000880,2.558942
6.465076,0.464881,3.986574,0.186335,0.186335,20.879380
7.630623,0.894491,6.321340,0.399245,0.399245,26.988765
7.794944,0.363550,6.774443,0.385913,0.385913,27.062037
6.312493,0.360977,7.243482,0.477768,0.477768,29.190508
6.135798,0.463286,8.775782,0.494334,0.494334,32.605815
6.222040,0.440162,9.342819,0.929144,0.929144,42.046448
8.886524,0.454959,11.569477,0.791239,0.791239,46.186748
6.433767,0.507231,10.967830,0.766367,0.766367,43.727910
6.271717,0.558537,11.747116,1.183243,1.183243,49.295315
6.415800,0.512735,12.158747,1.671432,1.671432,61.584542
6.116094,0.607260,15.990766,1.352392,1.352392,60.778951
7.399702,0.600550,13.838854,1.747609,1.747609,68.509940
6.890962,0.511074,13.236479,1.320496,1.320496,60.658785
6.381722,0.479396,13.422065,2.234300,2.234300,63.083241
7.921817,0.467172,14.450466,2.699193,2.699193,76.695462
5.968451,0.465706,13.599780,2.782806,2.782806,71.441539
6.311407,0.492000,14.090756,2.268421,2.268421,70.026563
5.900926,0.468725,14.704520,1.549702,1.549702,62.669448
7.345443,0.497081,13.371366,1.775738,1.775738,60.700581
6.521072,0.460126,13.363735,1.964266,1.964266,60.180410
6.601993,0.450606,13.639990,1.739119,1.739119,68.000612
7.214149,0.646906,16.871307,1.408518,1.408518,73.239218
6.718089,0.509315,14.096134,1.446352,1.446352,66.455070
6.962970,0.603080,15.504803,1.689876,1.689876,75.437562
7.490795,0.671169,15.687577,1.618008,1.618008,70.991596
7.274889,0.601017,13.749778,1.715432,1.715432,70.254031
7.363876,0.743548,15.033733,3.979857,3.979857,104.415714
7.503920,0.835206,14.769169,3.344481,3.344481,91.538702
7.997853,0.834406,16.442957,3.652914,3.652914,85.874618
6.823437,0.580542,17.099264,1.582422,1.582422,69.951774
7.387749,0.695585,15.438471,2.642968,2.642968,73.787713
7.248639,0.701957,15.358386,1.884527,1.884527,66.540755
7.800683,0.717949,14.841416,1.926931,1.926931,59.147991
8.025624,0.812190,15.414143,2.266629,2.266629,69.420476
8.059342,0.935201,16.057510,1.972189,1.972189,69.775460
7.740932,0.780360,21.318528,1.805483,1.805483,76.837645
8.814360,0.686542,18.749705,2.262624,2.262624,74.753843
8.158165,0.986030,16.268836,2.573228,2.573228,74.033333
7.851132,0.681038,15.445333,2.270353,2.270353,78.937437
7.737479,0.733690,16.175962,4.545787,4.545787,99.459521
7.999926,0.755099,16.324440,3.358615,3.358615,102.555711
7.506060,0.646591,14.843437,5.377520,5.377520,94.229537
7.299705,0.632153,15.183613,3.053862,3.053862,134.810654
7.284377,0.639872,17.587268,5.937826,5.937826,112.091671
6.974652,0.947490,15.171802,8.159631,8.159631,106.532420
6.394761,0.724125,14.931773,2.887123,2.887123,121.935371
7.260244,1.062695,18.933777,4.213503,4.213503,135.283894
6.725167,0.729521,14.570122,5.055993,5.055993,113.731229
6.689754,0.691818,15.332516,6.172276,6.172276,118.562067
6.958140,0.714616,17.372951,4.297802,4.297802,97.479085
6.665155,0.940217,17.163087,3.705404,3.705404,101.156085
6.786592,0.746294,16.407326,2.757131,2.757131,132.682844
6.111047,0.879585,15.491786,1.937689,1.937689,59.687010
6.165143,0.842631,13.929665,1.741020,1.741020,53.947047
6.399592,0.977953,10.430093,0.580314,0.580314,33.402155
6.304590,0.819724,7.643205,0.222800,0.222800,28.495694
5.874850,0.940922,7.126411,0.879640,0.879640,28.585572
7.133140,0.778471,8.771418,0.526066,0.526066,31.551814
6.902088,1.050928,8.191678,0.396933,0.396933,30.073077
5.586902,0.739183,8.418951,0.284170,0.284170,27.726917
6.021885,0.660693,8.356355,0.444602,0.444602,30.456203
7.041536,0.916974,10.511362,0.720022,0.720022,40.181320
5.891057,0.823112,6.363441,0.393155,0.393155,27.976890
6.167585,0.825750,6.500163,0.434408,0.434408,28.710233
6.296535,0.952582,5.419967,0.379248,0.379248,25.142637
6.010367,0.858025,5.940606,0.365233,0.365233,26.694912
6.428165,0.924845,9.392019,0.314850,0.314850,32.093969
6.370345,0.700427,8.943780,0.380768,0.380768,32.049905
6.918515,0.861010,9.603001,0.439956,0.439956,34.270335
6.875177,0.663006,9.814354,0.708244,0.708244,36.614191
6.402654,0.641076,10.768630,0.511150,0.511150,38.945893
6.838744,0.618528,12.121468,0.651574,0.651574,43.898786
6.504776,0.577818,13.100843,1.048811,1.048811,48.471693
6.339926,0.607140,12.926243,1.204010,1.204010,49.673814
6.280044,0.558624,12.602243,1.175719,1.175719,52.324990
6.661757,0.530658,12.717773,1.093918,1.093918,56.036191
6.825044,0.539496,12.955077,1.241355,1.241355,63.138197
7.110711,0.575929,13.412381,4.505349,4.505349,73.780136
6.877011,0.537172,13.539181,2.754254,2.754254,89.856556
7.542134,0.561392,13.547823,3.099968,3.099968,93.859745
7.144973,0.634042,14.052871,4.255567,4.255567,98.440006
7.232605,0.726242,14.668805,3.574283,3.574283,113.620737
8.976848,0.935386,18.638664,2.417367,2.417367,140.927890
7.983712,0.684001,14.064031,1.944985,1.944985,116.964840
6.610147,0.699200,18.216902,3.439375,3.439375,114.226367
6.748899,0.851696,16.357400,3.437127,3.437127,106.137507
8.129647,0.938089,15.388501,2.706781,2.706781,136.876957
6.357893,0.679833,15.018469,3.634100,3.634100,103.714310
6.298488,0.750083,16.255231,2.044177,2.044177,80.676718
6.444873,0.652041,15.658048,1.733919,1.733919,74.958307
7.198494,0.580032,16.282330,3.711527,3.711527,112.421882
6.297870,0.528422,16.495002,1.982601,1.982601,77.269307
6.272032,0.601810,16.421451,2.061537,2.061537,73.714217
7.781787,0.762908,17.139660,3.700660,3.700660,98.716664
6.340892,0.579978,17.723102,4.758383,4.758383,95.204830
6.457390,0.550818,16.978783,3.010406,3.010406,83.538960
6.475823,0.566169,17.317147,3.001992,3.001992,98.525894
6.270023,0.679409,18.592063,1.818456,1.818456,73.439311
6.293147,0.475336,16.984645,3.214034,3.214034,99.647126
7.314383,0.683057,16.274333,4.821392,4.821392,86.119869
7.127311,0.509674,16.472474,4.414245,4.414245,94.982421
6.770871,0.672961,16.535093,4.678321,4.678321,94.940646
6.860739,0.524221,17.488804,2.514584,2.514584,88.607320
6.635973,0.504354,16.516463,2.504509,2.504509,78.551686
6.726186,0.498025,16.761172,2.195337,2.195337,77.770077
6.696497,0.421229,16.155996,2.224801,2.224801,78.052133
6.529822,0.473360,15.784012,3.531477,3.531477,82.609133
6.553368,0.512007,16.039696,3.183213,3.183213,90.067882
6.731399,0.446383,18.077933,2.506887,2.506887,79.940024
6.712803,0.452689,19.331730,3.666072,3.666072,89.994647
7.512802,0.491881,18.027179,3.628357,3.628357,86.840158
6.480481,0.481752,17.104779,1.284877,1.284877,73.653488
7.634367,0.591529,16.324853,5.148076,5.148076,92.496734
6.924508,0.751580,16.797540,2.090814,2.090814,88.911475
7.286234,0.589488,15.931915,1.222965,1.222965,64.932128
7.357266,0.617692,15.341744,1.243331,1.243331,59.705606
6.795493,0.569881,16.874684,1.354704,1.354704,73.725419
7.391357,0.662962,16.085834,1.692580,1.692580,61.387420
7.116683,0.623229,16.224271,1.308457,1.308457,54.308959
6.291150,0.652334,15.662564,1.063174,1.063174,50.234685
6.106681,0.572683,15.259400,1.328769,1.328769,52.555290
7.898823,0.567037,15.225432,1.234049,1.234049,53.061567
7.153703,0.525523,14.765250,1.374853,1.374853,55.038773
6.316868,0.624955,15.240206,1.583421,1.583421,59.247141
7.515114,0.634399,14.194153,1.336466,1.336466,62.208173
6.518748,0.665644,14.378533,1.399616,1.399616,67.128659
7.021312,0.670225,13.867752,1.396859,1.396859,73.150773
7.086589,0.786321,13.664156,2.531302,2.531302,75.184852
6.365308,0.732604,14.150457,2.793240,2.793240,74.764709
6.690341,0.792964,14.378523,10.391702,10.391702,90.947029
6.684175,0.875601,14.124652,1.920872,1.920872,81.762616
7.137287,0.762600,13.991263,1.696249,1.696249,81.975124
7.132000,0.852022,14.359698,8.968825,8.968825,97.134083
6.836729,1.086395,14.569188,2.449871,2.449871,71.843177
7.688898,1.026491,14.585962,1.751007,1.751007,76.946033
7.148969,0.851533,13.667326,1.759421,1.759421,68.104637
7.034339,0.931716,13.772957,2.299003,2.299003,63.924895
7.358807,1.203228,13.768180,1.429611,1.429611,70.081733
7.786919,1.139937,13.749105,1.968433,1.968433,59.807121
8.266293,0.992445,13.702967,1.598380,1.598380,63.491106
6.925897,0.886501,13.043109,1.694761,1.694761,56.495188
6.664677,1.208939,14.145169,2.157656,2.157656,66.218297
7.091279,0.954482,13.879108,2.177404,2.177404,60.274739
7.563532,1.386567,14.770135,2.977143,2.977143,80.704013
7.412957,1.509795,13.964643,3.260313,3.260313,78.315935
7.635627,1.063054,13.743786,12.818863,12.818863,93.263163
7.384855,1.218818,13.200046,2.396850,2.396850,73.348217
7.985860,1.074443,13.210294,2.681714,2.681714,77.861392
7.998333,1.365582,14.320431,3.055035,3.055035,77.875179
8.624914,1.009164,13.458032,1.870989,1.870989,64.078814
7.293356,1.207267,13.428339,1.491545,1.491545,59.795191
6.658564,1.292043,12.871236,1.206648,1.206648,46.869273
6.826726,1.068309,12.076719,1.069557,1.069557,42.642005
6.391341,0.921631,10.235736,0.580152,0.580152,34.878112
5.808046,1.136061,8.858799,0.594764,0.594764,30.250560
6.431260,0.961299,7.925464,0.578751,0.578751,29.904224
6.213127,0.763642,8.093474,0.732929,0.732929,31.925200
6.700593,0.986616,9.605668,0.857048,0.857048,37.972157
6.808248,0.865538,10.386387,1.094450,1.094450,40.990135
7.054716,0.886653,11.445630,1.647624,1.647624,46.029736
7.109854,1.009881,12.959605,1.555803,1.555803,51.024935
6.129524,1.382702,14.241268,2.016146,2.016146,55.148767
8.147722,0.917690,13.665231,1.887643,1.887643,56.402726
7.222237,1.009349,13.296740,1.202088,1.202088,57.263616
6.791889,0.813428,13.175760,1.545979,1.545979,60.922459
6.741071,0.863171,13.579240,2.397706,2.397706,66.307642
6.853421,0.825294,13.371074,2.425162,2.425162,69.116505
6.430628,0.955405,14.191460,1.975599,1.975599,70.974182
6.201402,0.911405,14.887783,2.625045,2.625045,75.842854
6.448249,0.862921,14.654714,4.595846,4.595846,81.051593
7.919668,1.010391,15.340821,5.167584,5.167584,86.348680
7.334989,0.819833,15.874552,3.681379,3.681379,89.382274
7.268364,0.943778,15.968739,7.560752,7.560752,107.918150
7.950096,0.779916,15.525516,10.165713,10.165713,117.468854
7.622438,0.870802,17.842508,7.669651,7.669651,132.815137
7.571641,0.828530,16.348519,3.295053,3.295053,139.173258
8.377514,0.933931,16.727974,3.894518,3.894518,150.017935
7.489091,0.986648,15.581860,3.287421,3.287421,128.998391
7.671321,0.998242,16.072253,6.890593,6.890593,145.708722
11.894720,1.381106,21.173201,6.042914,6.042914,160.460257
14.310024,1.599727,20.557116,3.464779,3.464779,162.405217
10.949689,1.206616,19.344768,3.519047,3.519047,149.697646
13.181568,1.348918,19.377380,5.955988,5.955988,160.351235
16.969450,2.219937,20.603634,3.353568,3.353568,175.812788
11.102338,1.031180,18.283824,6.182849,6.182849,163.701073
15.518905,1.153724,27.229663,3.505564,3.505564,208.065570
11.974758,1.062826,16.945486,2.052320,2.052320,72.045444
11.071951,1.095959,16.390609,1.384319,1.384319,59.396911
11.520169,1.581239,24.558283,1.707604,1.707604,86.380912
11.890247,1.152259,20.305579,2.407010,2.407010,74.897571
10.374558,0.974544,16.565294,1.357701,1.357701,58.347205
10.864186,0.843924,17.702985,2.251388,2.251388,89.336569
10.697005,0.954254,16.708357,1.624457,1.624457,62.062149
11.981563,1.007134,16.772250,2.540628,2.540628,70.147655
10.709435,0.889226,16.737711,2.531965,2.531965,75.768091
16.811001,1.811801,23.874934,2.564001,2.564001,89.107460
9.433769,0.790087,17.795578,1.467142,1.467142,73.834805
10.108094,0.732484,16.865641,1.378620,1.378620,64.858874
10.214088,0.999709,17.341671,1.704749,1.704749,71.640490
8.692450,0.774226,17.250056,1.356550,1.356550,67.889728
9.068300,0.708200,17.387592,1.570676,1.570676,71.291204
8.790275,0.899561,16.486706,1.229804,1.229804,68.144412
8.213423,0.860642,17.719421,1.549810,1.549810,72.110418
8.898271,0.650261,17.697611,1.589739,1.589739,77.891396
8.992709,0.742613,15.789668,2.385168,2.385168,73.113644
8.637034,0.745414,16.291656,2.328673,2.328673,76.912438
8.173071,0.770383,15.966470,2.819935,2.819935,76.294859
9.071393,0.851870,16.441187,4.290181,4.290181,87.052948
8.377076,0.781414,16.295346,3.049173,3.049173,81.912091
7.941188,0.864506,16.621062,1.656298,1.656298,79.870319
8.983464,0.830559,16.395016,3.264369,3.264369,98.040680
8.248156,0.752829,16.763985,2.434085,2.434085,89.064670
7.996214,0.941455,17.297020,14.322642,14.322642,115.224107
9.300459,0.659141,16.598992,15.119702,15.119702,118.523897
8.563142,0.744438,16.426064,3.812164,3.812164,102.769240
8.478964,0.774357,17.075381,2.418344,2.418344,142.940651
7.393243,0.778297,16.199964,3.525594,3.525594,126.034037
7.047887,0.713487,15.883790,2.485772,2.485772,125.086115
6.708654,0.670160,15.792035,3.394462,3.394462,123.654297
6.570240,0.710425,17.575294,3.938484,3.938484,120.905918
6.521713,0.643964,16.252442,2.208528,2.208528,122.993660
6.016044,0.668727,16.504142,5.234001,5.234001,112.687760
7.022440,0.656796,17.258025,4.113388,4.113388,79.305928
8.338063,0.888444,17.228420,2.625207,2.625207,74.193699
7.964449,1.097848,17.150711,1.668543,1.668543,74.055272
7.368480,1.171811,18.271650,2.832713,2.832713,82.397145
7.805113,0.726644,17.182172,1.896761,1.896761,66.129449
7.503117,0.782358,16.997174,0.899529,0.899529,56.252119
7.916947,0.695118,16.391293,1.505040,1.505040,57.768030
8.426417,0.739378,16.602000,2.486781,2.486781,62.870263
8.307546,0.728674,17.300863,1.878089,1.878089,65.841307
7.895045,0.699645,16.825733,1.849939,1.849939,66.089292
8.725235,0.750289,17.227366,2.390086,2.390086,70.786913
8.208431,0.662974,17.697002,1.940230,1.940230,72.796680
8.895666,0.715745,17.773702,3.521229,3.521229,89.754400
8.980039,0.874353,17.572483,3.104365,3.104365,84.160843
9.474183,0.810714,15.756514,4.368182,4.368182,88.601582
8.698909,0.665818,16.406958,15.211932,15.211932,109.950936
9.261522,0.768560,17.226727,2.401441,2.401441,130.849779
8.656310,0.868827,17.418988,6.560230,6.560230,123.844769
7.279073,0.831829,17.294262,13.606998,13.606998,115.341437
9.501112,0.912919,16.966417,11.625408,11.625408,125.933384
7.997823,0.894122,16.394126,17.185503,17.185503,123.546757
8.999950,0.952419,16.168366,3.632755,3.632755,132.592285
7.031494,0.663418,16.202932,2.777075,2.777075,131.854122
6.599648,0.633629,16.535559,3.549065,3.549065,143.241212
9.380163,0.705638,17.457180,2.448915,2.448915,148.477156
6.785137,0.640577,15.923719,5.369595,5.369595,129.493898
6.558189,0.646938,16.444009,5.939291,5.939291,128.094357
6.830646,0.632196,16.033940,3.127868,3.127868,124.835880
6.490653,0.602190,15.865323,3.729960,3.729960,123.230703
6.526348,0.592147,15.799839,2.214141,2.214141,127.163998
6.412913,0.620428,16.259574,2.217745,2.217745,128.850358
6.624226,0.888238,16.738222,3.585531,3.585531,122.081092
6.489709,0.603894,15.873041,2.179954,2.179954,127.612151
7.333335,0.661290,18.463656,2.281350,2.281350,127.076043
6.725329,0.655330,16.797170,4.557990,4.557990,124.727686
6.598714,0.674416,16.843733,4.577358,4.577358,123.520638
6.425951,0.606825,16.428127,4.742729,4.742729,126.273579
6.000748,0.601560,16.719918,3.864663,3.864663,115.247451
6.063301,0.631762,16.517158,15.867636,15.867636,101.737441
8.264034,0.692285,17.803578,5.358760,5.358760,99.616532
8.542656,0.742733,17.695472,3.870830,3.870830,88.540010
7.830909,0.750354,17.903900,4.472675,4.472675,86.895798
8.658578,0.830744,17.918250,6.201641,6.201641,92.667294
9.629011,0.780980,18.100080,3.265102,3.265102,83.146418
8.983210,0.704476,17.716597,1.841374,1.841374,63.768469
8.747556,0.694272,17.214230,2.539564,2.539564,77.233502
7.918473,0.746695,16.989356,2.318349,2.318349,64.620436
8.206030,0.712119,16.574174,1.993229,1.993229,65.860803
8.850878,0.738988,17.229450,2.083487,2.083487,67.389373
8.056640,0.777320,17.559108,2.663746,2.663746,76.231526
8.335016,0.703043,16.886430,2.373129,2.373129,72.565576
8.432573,0.644474,16.523694,1.632654,1.632654,75.004389
8.767371,0.672277,17.152220,5.132953,5.132953,99.785370
8.349690,0.713345,17.110099,4.670589,4.670589,88.273808
9.071062,0.703173,16.689989,6.226708,6.226708,99.720724
9.135119,0.697757,17.020073,7.697107,7.697107,100.258570
8.581208,0.701881,17.281636,6.450442,6.450442,102.386951
10.197147,0.848711,17.457940,7.223918,7.223918,152.624334
6.471188,0.613230,16.729493,4.847903,4.847903,134.406736
7.152443,0.627006,17.014999,4.326429,4.326429,125.935627
6.389398,0.644800,16.536639,4.592317,4.592317,125.530959
7.364887,0.637352,18.275661,6.144061,6.144061,138.272745
6.353790,0.645430,17.382066,4.086682,4.086682,156.923936
10.919977,0.983554,17.403367,5.718597,5.718597,153.970511
6.236467,0.631751,16.334797,2.822767,2.822767,147.500565
7.446452,1.342111,22.651481,3.372207,3.372207,160.281617
5.888365,0.726525,16.076790,4.722037,4.722037,130.598691
6.098496,0.674394,16.255661,5.333378,5.333378,127.293733
7.132174,0.634280,16.196756,2.210254,2.210254,126.919522
5.970307,0.627984,16.255483,9.625730,9.625730,126.330316
6.098997,0.660476,16.886072,4.915906,4.915906,121.446542
7.363811,0.885568,17.372535,2.232271,2.232271,65.626334
7.918039,0.818867,17.466114,2.100672,2.100672,66.275259
8.473286,0.847778,16.414264,1.600867,1.600867,61.700486
8.278477,0.891310,16.293848,2.116511,2.116511,63.855952
8.457849,1.122003,16.714875,2.058648,2.058648,67.767960
9.613866,1.172517,21.061492,7.222422,7.222422,95.195833
8.583650,0.900245,16.799407,4.583556,4.583556,88.994580
8.204565,0.870271,17.336113,4.676462,4.676462,86.346421
8.755742,0.767637,16.855968,4.066934,4.066934,81.571581
8.333105,0.900962,17.672360,3.753257,3.753257,82.903849
9.047515,0.720088,20.571164,7.273543,7.273543,103.877049
11.035120,0.780925,16.549401,8.240183,8.240183,138.918543
8.967587,0.838354,16.978598,4.707783,4.707783,92.578959
8.193502,0.953375,20.463590,14.977824,14.977824,131.364039
8.607132,0.962721,16.364207,20.163744,20.163744,126.535277
7.412045,0.743646,16.661490,18.970068,18.970068,121.911846
7.979756,0.738814,16.262702,16.213209,16.213209,126.267021
6.752470,0.684066,16.258175,10.699401,10.699401,141.634309
6.769797,0.657371,16.946229,3.046805,3.046805,132.660993
6.272553,0.610842,15.593306,2.943434,2.943434,130.982289
6.225568,0.619473,15.105655,6.536683,6.536683,132.693052
6.251829,0.640675,15.819239,5.430367,5.430367,132.440969
6.236142,0.641098,15.418843,7.544131,7.544131,139.318929
6.012657,0.722801,16.227521,4.455270,4.455270,148.655527
6.908559,0.763598,18.161591,6.327334,6.327334,155.224600
9.793957,1.087816,16.646694,3.409629,3.409629,139.692420
8.695005,1.166415,20.300206,7.227458,7.227458,144.286966
6.429706,0.740074,15.818447,2.343969,2.343969,62.328610
8.418409,0.935473,17.312874,1.497082,1.497082,69.816458
8.110052,0.906715,17.120140,15.638084,15.638084,126.757773
7.636366,0.699059,15.958339,1.895600,1.895600,57.645004
8.700027,0.734080,17.253553,2.005572,2.005572,68.807387
8.019243,0.803593,16.648431,1.490894,1.490894,61.030297
8.067918,1.244721,17.141357,1.660315,1.660315,60.802524
7.950140,1.106479,16.939201,1.806265,1.806265,60.412612
8.195988,1.024852,16.684528,2.129984,2.129984,63.287207
8.272893,0.837859,16.303868,3.607850,3.607850,79.291776
7.797286,0.871899,16.753095,2.480409,2.480409,66.998419
7.936390,0.884970,16.425565,1.984154,1.984154,67.653992
8.491894,0.671668,16.315576,1.835717,1.835717,66.968958
7.754361,1.096795,16.287686,1.865072,1.865072,67.954326
7.717037,0.844477,16.278628,2.850440,2.850440,69.734653
8.485804,0.743580,16.345810,3.790060,3.790060,76.625379
8.035687,1.060665,16.228841,4.015900,4.015900,79.201242
7.709471,1.566941,16.882500,2.188618,2.188618,83.403303
6.856189,1.150978,16.645185,4.061267,4.061267,83.230071
7.981634,0.849405,16.563482,4.092164,4.092164,87.113049
9.013226,0.709514,16.368375,6.946760,6.946760,100.946222
8.293987,0.964632,18.213397,7.431695,7.431695,100.957233
7.842241,0.803137,16.799472,6.544716,6.544716,100.062284
7.888901,0.898996,16.889524,17.934122,17.934122,121.585716
6.845052,1.024428,17.080157,22.471909,22.471909,126.760725
7.889031,0.767713,16.654402,13.158434,13.158434,127.986796
7.990870,0.761178,16.407989,5.565711,5.565711,95.609131
7.696520,0.912935,16.559280,15.864716,15.864716,136.581661
7.634989,0.763816,16.533215,4.643971,4.643971,88.025011
9.353773,1.061208,21.365496,9.488172,9.488172,157.930056
8.705737,0.984228,16.332355,2.050648,2.050648,77.200554
9.216230,0.853031,16.640680,6.125420,6.125420,105.493991
8.854384,0.893709,16.943968,8.805285,8.805285,102.541816
7.931653,0.958824,17.014902,4.236692,4.236692,79.106979
7.306306,0.848417,16.912811,3.678654,3.678654,76.149539
8.060276,1.031148,17.313879,6.477224,6.477224,91.529692
6.920513,0.716027,17.005076,3.278552,3.278552,86.485694
8.307774,0.949510,16.917830,5.718695,5.718695,90.608098
8.528809,0.851631,16.641310,6.392655,6.392655,102.349840
8.332903,0.903523,16.917630,5.499488,5.499488,107.018782
7.952203,0.876774,16.970043,14.325588,14.325588,129.059436
8.743267,0.766248,18.852268,4.046493,4.046493,153.444922
6.809604,0.722410,15.095298,5.154816,5.154816,131.694542
8.382192,0.855159,15.952482,19.235674,19.235674,134.435645
9.617421,0.744014,16.611622,4.473063,4.473063,152.735669
6.175880,0.735600,15.277681,6.585731,6.585731,134.687949
6.360379,0.720457,15.614189,6.100441,6.100441,140.662024
6.390668,0.726318,15.506725,7.860317,7.860317,133.060474
6.251633,0.682753,15.690660,3.179306,3.179306,128.065329
6.277667,0.658142,16.219031,6.851978,6.851978,135.597099
6.300670,0.632674,14.948100,5.173848,5.173848,141.608689
6.116627,0.678649,14.999375,4.342301,4.342301,133.981703
6.708362,0.763522,16.020871,5.148097,5.148097,127.230004
6.884828,0.652432,14.910614,6.508056,6.508056,132.216606
6.600940,0.680625,15.659514,4.699283,4.699283,135.383817
6.370486,0.682796,15.630767,7.589000,7.589000,136.973305
6.091766,0.685673,15.446972,3.815897,3.815897,136.465532
6.183609,0.687953,15.203332,7.605035,7.605035,129.492937
6.231908,0.752406,15.437853,5.134298,5.134298,142.638371
5.965292,0.738618,15.302044,4.250034,4.250034,117.874570
6.602515,0.854649,15.218863,20.025241,20.025241,111.281565
7.504094,0.807566,16.442001,3.297550,3.297550,67.601128
8.064053,1.028923,16.555089,5.555125,5.555125,83.215925
8.701656,1.000739,16.833647,2.813073,2.813073,77.513221
7.984652,0.979744,16.070798,2.302303,2.302303,63.966518
7.340340,1.693176,16.426108,2.470758,2.470758,66.966196
8.052588,0.897770,16.125100,2.561949,2.561949,68.463626
7.287385,1.185988,16.622626,2.633926,2.633926,71.462611
8.675432,0.986800,16.426727,4.655098,4.655098,78.109108
8.586791,0.928731,16.226192,5.991369,5.991369,89.901916
9.231830,1.041613,16.621627,9.701668,9.701668,97.692082
7.466521,1.290479,17.480098,8.073977,8.073977,102.007357
10.083152,1.062132,18.332715,19.635420,19.635420,130.444916
9.499314,0.945276,16.531456,3.469185,3.469185,96.639710
8.734583,0.982360,16.550293,4.951275,4.951275,99.497020
8.294030,1.033590,16.824419,8.170759,8.170759,100.479519
7.636431,1.225396,17.436770,25.587052,25.587052,130.675750
10.649706,1.250648,21.095678,5.230136,5.230136,155.304768
6.742395,0.834261,14.659609,5.092611,5.092611,134.106776
6.631587,0.770720,15.562171,4.294229,4.294229,131.332855
6.981436,0.864897,14.973168,4.736433,4.736433,138.472016
6.889333,0.864311,14.868710,5.657791,5.657791,134.128064
6.777808,0.820485,15.106024,7.593701,7.593701,145.786518
6.977235,0.895219,15.460542,5.802906,5.802906,134.493885
6.731594,0.812137,16.057075,8.479572,8.479572,134.969329
8.259866,1.008089,20.395414,4.711930,4.711930,134.286642
6.233721,0.756119,15.540682,3.104593,3.104593,138.527560
6.372581,0.686694,15.685503,3.132776,3.132776,136.095555
6.686313,0.768093,15.441978,7.886730,7.886730,138.761266
6.890333,0.762990,16.623798,5.556841,5.556841,139.236908
6.199675,0.698256,16.367995,5.153861,5.153861,140.679642
6.865851,0.721260,16.305866,4.277142,4.277142,132.864965
6.618821,0.673634,17.084576,6.436546,6.436546,137.881475
6.796252,0.673026,17.038697,5.847122,5.847122,139.222466
7.069635,0.650413,16.552169,5.417666,5.417666,136.975274
7.118289,0.576677,18.184313,6.345246,6.345246,137.846235
6.882982,0.636213,16.306148,6.456521,6.456521,133.265382
6.840817,0.604925,16.464898,6.086002,6.086002,137.206287
6.359261,0.587893,15.842971,6.856016,6.856016,130.436872
7.003399,0.575255,17.627459,2.365139,2.365139,141.472999
6.475194,0.552707,16.679751,4.913430,4.913430,139.780766
6.483108,0.566766,17.787619,3.622594,3.622594,135.629588
6.382004,0.519271,17.917643,7.738999,7.738999,134.846577
6.256117,0.537325,17.876552,7.536576,7.536576,129.042565
5.945914,0.513289,18.197307,5.523220,5.523220,130.554627
6.274409,0.479071,18.118405,6.485605,6.485605,142.266679
6.251189,0.461309,19.090029,6.023154,6.023154,164.477878
7.536674,0.776333,20.080759,20.712955,20.712955,134.573211
8.092356,0.561826,19.553336,3.256611,3.256611,76.877314
7.781023,0.789892,20.119972,7.112578,7.112578,104.901515
7.593538,0.637711,20.666307,7.426625,7.426625,107.932221
10.496644,0.650087,20.896218,5.802439,5.802439,103.840005
8.987805,0.565170,21.957025,9.614896,9.614896,147.364798
7.035240,0.565029,19.897323,7.330060,7.330060,138.870512
7.772057,0.465913,21.253460,6.784343,6.784343,155.021211
6.541178,0.502834,19.649912,7.075987,7.075987,128.805152
6.646698,0.433790,18.755411,10.517452,10.517452,131.411873
8.216061,0.457630,19.963307,6.579174,6.579174,141.680350
6.702123,0.393383,19.100559,21.428559,21.428559,112.450557
9.331583,0.755065,20.631133,7.358155,7.358155,100.132698
8.653182,0.571120,20.561947,6.689364,6.689364,92.261828
8.483528,0.792443,20.475445,6.664677,6.664677,103.071360
9.330930,0.586361,20.581879,27.995911,27.995911,132.258953
9.723044,0.473719,20.052533,20.789492,20.789492,129.166608
9.373346,0.479570,19.497568,6.850598,6.850598,97.449084
9.506539,0.761493,20.666633,2.628139,2.628139,89.440169
9.204175,0.699059,20.122763,4.835636,4.835636,91.176868
9.974961,0.618681,20.469728,25.463838,25.463838,136.793175
9.507312,0.545585,19.878716,3.700833,3.700833,104.196551
9.545985,0.588435,21.039128,3.636641,3.636641,104.962650
11.218237,0.674492,20.193523,19.832762,19.832762,140.565698
9.799296,0.492119,20.748477,8.601073,8.601073,144.532470
9.231695,0.456338,19.802039,8.864791,8.864791,154.815248
7.565670,0.421348,27.232196,5.308876,5.308876,133.241221
8.481205,0.421901,19.389919,6.007306,6.007306,144.983777
8.037185,0.437762,19.347211,6.949194,6.949194,140.487239
8.005452,0.434267,20.043104,4.879158,4.879158,139.114692
7.797785,0.375763,20.210854,5.728911,5.728911,139.601286
7.955296,0.405455,19.805886,2.935194,2.935194,134.969200
8.277551,0.417212,19.662385,6.427708,6.427708,137.626964
8.305115,0.407647,20.329181,4.359171,4.359171,141.184562
8.530368,0.344280,20.283574,3.758176,3.758176,138.853175
9.198389,0.412826,20.055106,5.286068,5.286068,136.194338
8.697216,0.385024,19.958085,6.807066,6.807066,136.247900
10.157952,0.557874,22.464636,6.222278,6.222278,138.412827
8.857257,0.372105,21.625091,4.801536,4.801536,145.163804
8.821682,0.398235,21.304902,4.891708,4.891708,137.969859
9.623439,0.438273,21.656733,4.280780,4.280780,144.277669
9.662901,0.433236,21.286332,5.141312,5.141312,139.049237
9.581774,0.477702,21.650643,2.622244,2.622244,138.172398
11.699729,0.619863,28.610715,4.585434,4.585434,138.838387
9.366030,0.402219,21.604635,7.055889,7.055889,149.722723
9.700920,0.430239,23.625427,7.178530,7.178530,139.163128
10.168167,0.526327,24.488587,2.858821,2.858821,136.972415
10.383498,0.568340,26.181005,6.959475,6.959475,137.420707
10.049890,0.539822,25.006815,3.696263,3.696263,142.552554
9.991951,0.476943,30.717434,4.597094,4.597094,143.232624
9.952423,0.424421,24.808615,5.248396,5.248396,138.861089
10.461206,0.427330,23.951285,5.868563,5.868563,141.434827
10.923047,0.474229,25.560499,3.015648,3.015648,142.012263
10.695471,0.501391,23.936467,2.812291,2.812291,140.988772
11.069522,0.425039,24.134655,2.908683,2.908683,137.682658
10.721483,0.435580,23.873241,4.715295,4.715295,134.869866
11.286382,0.420512,23.094900,5.020113,5.020113,134.884087
10.603857,0.426363,25.263651,5.073439,5.073439,140.803599
10.544039,0.400765,23.874434,4.462988,4.462988,137.438696
10.786706,0.400353,25.443091,3.027807,3.027807,278.759839
11.039025,0.433029,27.383082,2.599642,2.599642,151.950109
11.361636,0.444200,27.404729,3.319479,3.319479,156.865494
12.997948,0.473262,33.524493,6.630523,6.630523,113.047043
12.564375,0.448825,26.973362,8.126932,8.126932,159.622897
11.855395,0.388693,29.260541,9.406392,9.406392,119.015690
13.360557,0.373081,27.285876,15.036980,15.036980,137.209700
13.097934,0.377945,26.107693,7.950119,7.950119,152.468534
11.161482,0.325695,28.776053,5.809603,5.809603,112.644835
11.394281,0.333251,29.120182,7.058353,7.058353,144.010739
10.570680,0.351869,24.567707,2.258487,2.258487,135.557763
10.496174,0.366286,24.133126,6.296502,6.296502,146.580385
11.009290,0.496809,26.198406,3.357173,3.357173,135.646491
11.148215,0.413456,26.387933,2.446342,2.446342,141.936274
10.249839,0.469202,25.723559,2.635532,2.635532,142.870270
10.247884,0.473034,26.912891,5.424440,5.424440,108.561062
10.224978,0.430435,22.326448,2.923599,2.923599,152.741000
10.249718,0.424138,25.082483,3.846436,3.846436,134.277759
10.775665,0.457554,22.898305,6.702097,6.702097,138.110267
10.277022,0.526425,25.833271,7.564823,7.564823,149.924345
10.050541,0.416170,25.565342,8.829911,8.829911,153.328686
10.866206,0.541721,31.205851,6.942235,6.942235,106.708398
9.306852,0.394382,21.820270,2.847607,2.847607,135.970286
9.516647,0.415399,21.496475,7.098727,7.098727,138.630927
9.233313,0.460441,20.238880,4.928673,4.928673,127.208499
9.039814,0.473957,23.647899,8.768984,8.768984,146.448460
8.733313,0.545271,21.946266,4.968537,4.968537,142.270132
8.226028,0.543566,22.927910,7.198256,7.198256,131.320724
7.649839,0.545759,22.814756,7.471005,7.471005,137.817728
8.283901,0.583115,23.983235,6.572953,6.572953,144.771460
7.682472,0.546867,22.736928,9.202211,9.202211,138.666916
8.109921,0.503855,22.896764,7.556269,7.556269,140.608046
8.322075,0.440129,23.804597,6.816869,6.816869,145.177276
7.939328,0.433702,23.772431,3.070298,3.070298,137.655906
8.416421,0.483282,23.583904,7.181310,7.181310,145.905784
8.881749,0.527857,20.172689,7.447012,7.447012,145.096244
8.384906,0.506146,20.126855,3.096365,3.096365,137.584788
9.008146,0.461646,18.880408,3.070309,3.070309,132.366277
8.385103,0.435276,18.772498,3.511231,3.511231,144.127073
8.808339,0.464816,19.249962,9.684657,9.684657,140.740447
9.473158,0.601169,20.641186,9.835786,9.835786,146.757969
10.067802,0.466825,20.707375,7.394816,7.394816,160.077215
11.381111,0.530973,28.989236,8.257380,8.257380,117.818856
11.065405,0.423618,21.977737,3.417575,3.417575,157.111287
10.214740,0.400570,23.908833,7.972547,7.972547,117.625009
10.300862,0.452527,18.695951,4.980870,4.980870,127.372871
9.461596,0.387824,15.024007,3.610141,3.610141,148.764302
8.756491,0.402632,16.330665,3.555090,3.555090,136.550051
9.700267,0.382125,16.675191,10.742609,10.742609,147.933122
11.219269,0.366188,17.318699,12.265605,12.265605,309.857639
12.121359,0.470776,19.634703,3.096657,3.096657,184.389455
9.637259,0.352987,17.204763,9.079699,9.079699,134.252552
9.693071,0.412804,18.728737,5.487319,5.487319,154.623171
10.031260,0.388802,18.221538,5.620197,5.620197,144.655940
10.355011,0.351283,21.000274,3.192050,3.192050,144.222714
9.586952,0.309768,21.854586,6.496971,6.496971,123.066915
10.422657,0.340926,20.520650,10.426673,10.426673,149.366535
10.405559,0.280033,20.593506,9.118641,9.118641,143.840232
10.459383,0.302875,19.330634,5.050316,5.050316,131.206170
10.768783,0.317563,20.599292,10.301220,10.301220,145.700016
11.419207,0.302430,22.078016,5.557417,5.557417,137.807990
10.439386,0.276527,21.880771,9.927335,9.927335,137.723692
11.930888,0.291563,21.065855,8.689769,8.689769,133.902311
10.025149,0.292171,21.786605,9.367278,9.367278,148.788685
10.709975,0.314394,21.982482,8.581891,8.581891,138.781938
10.519820,0.276159,24.257374,3.343873,3.343873,140.617385
10.199824,0.336084,27.622970,8.176914,8.176914,143.095153
10.370081,0.324088,26.490165,8.792500,8.792500,136.203302
11.057566,0.371486,31.758863,9.003022,9.003022,151.808709
11.642995,0.430315,38.140956,3.267793,3.267793,134.720422
10.945727,0.375210,36.979381,5.782530,5.782530,160.673977
12.326241,0.520627,56.700306,4.079854,4.079854,115.884833
10.811090,0.413749,38.626169,5.135102,5.135102,142.884709
11.082123,0.392568,36.369939,5.449994,5.449994,117.628102
11.211029,0.377718,33.112231,7.889194,7.889194,146.680696
11.309146,0.324023,31.935242,4.290104,4.290104,147.236235
11.080299,0.361586,30.968188,10.333147,10.333147,132.462441
10.788595,0.467139,46.112156,9.167449,9.167449,144.584353
11.839794,0.411990,43.407883,8.458794,8.458794,135.691630
12.837799,0.414694,37.983594,8.881922,8.881922,141.278380
11.283048,0.425158,40.750324,7.391071,7.391071,140.683843
5.812948,0.616433,0.443603,0.002703,0.002703,6.877457
0.706365,0.785582,3.001970,0.001303,0.001303,4.496816
6.430663,0.879260,4.284458,0.975087,0.975087,31.484909
8.799502,0.746815,4.822912,1.042275,1.042275,35.802891
6.149174,0.799076,6.206157,1.074616,1.074616,35.367322
6.541253,0.707277,5.979937,4.758405,4.758405,41.254492
7.433497,0.513669,6.364139,1.843871,1.843871,41.215404
7.116965,0.503768,7.981775,1.697030,1.697030,45.533002
6.553912,0.522028,9.636499,1.667046,1.667046,47.827892
7.770363,0.526750,9.394310,1.814841,1.814841,49.904029
7.508264,0.537173,9.504586,1.941054,1.941054,47.828782
7.045650,0.499936,9.353839,1.875907,1.875907,49.011959
7.028259,0.508599,11.291723,4.791310,4.791310,58.828137
7.213519,0.620341,12.600885,2.108565,2.108565,57.235749
6.788209,0.594829,12.763651,8.485142,8.485142,67.746579
7.272501,0.497210,13.599411,6.976074,6.976074,69.818374
7.013441,0.566527,15.344544,4.136327,4.136327,72.298577
7.507818,0.560405,16.549434,2.729948,2.729948,74.885333
6.929577,0.564628,16.634166,3.510276,3.510276,76.135710
7.192936,0.527706,17.252031,3.712775,3.712775,75.953097
7.717863,0.581660,18.296501,4.276176,4.276176,78.750181
8.834014,0.778255,17.698425,4.120064,4.120064,78.308727
8.681073,0.645505,18.750851,12.059110,12.059110,101.258327
8.831875,0.518370,19.260166,13.445601,13.445601,106.590599
8.244255,0.689103,19.643366,7.575245,7.575245,124.271295
7.701024,0.592365,20.475869,6.350815,6.350815,128.277641
7.760646,0.656590,21.790155,6.525360,6.525360,122.627644
8.481407,0.849698,23.728192,10.291406,10.291406,129.640445
7.728100,0.560285,23.090246,6.926233,6.926233,121.574105
7.594396,0.587924,22.336426,7.419059,7.419059,122.989339
7.564900,0.597749,24.401721,7.279687,7.279687,128.129700
8.207550,0.770438,24.119034,7.188941,7.188941,128.200086
7.867319,0.659195,25.726414,5.356871,5.356871,119.271373
7.950184,0.516090,27.169226,5.555679,5.555679,115.098245
8.106936,0.507339,26.977877,10.576563,10.576563,126.842201
8.605341,0.550503,26.966435,9.070731,9.070731,119.419267
8.275032,0.576840,25.776722,4.288236,4.288236,116.216566
8.484827,0.606618,24.972728,5.642420,5.642420,129.466877
8.659241,0.628570,25.958726,5.635266,5.635266,109.943775
8.718592,0.518500,24.130921,5.923029,5.923029,121.515118
8.459771,0.491783,25.853637,3.711081,3.711081,121.101934
9.073479,0.517555,30.494069,3.597744,3.597744,123.907571
9.756101,0.739813,26.457434,6.713725,6.713725,136.457487
8.971257,0.456131,24.173045,3.082327,3.082327,119.066889
9.237634,0.511801,23.249838,6.342282,6.342282,120.132233
8.727244,0.543859,23.177938,6.604979,6.604979,119.418550
9.345620,0.567048,26.538985,8.224746,8.224746,141.111119
9.668178,0.492857,30.370321,6.698559,6.698559,114.163618
9.508712,0.527836,30.649300,7.126030,7.126030,118.931891
10.326949,0.701415,30.615061,9.506421,9.506421,129.879172
9.126663,0.662246,28.895352,4.137977,4.137977,126.789755
10.858748,0.751602,31.258048,5.316259,5.316259,109.290084
9.375452,0.621927,38.681295,4.230786,4.230786,126.755851
9.979564,0.511660,30.344178,6.709002,6.709002,133.062883
9.757523,0.533416,35.107881,4.026138,4.026138,125.322113
11.295631,0.644279,32.395825,7.755924,7.755924,131.102832
9.414676,0.623445,30.848381,4.866457,4.866457,118.639112
9.980389,0.702468,33.335162,4.916992,4.916992,122.486547
10.037015,0.623902,34.849689,8.495791,8.495791,146.577280
11.538341,0.642043,37.783580,4.710585,4.710585,125.806059
11.440257,0.728598,38.204799,6.395434,6.395434,134.446010
10.731004,0.459866,34.907098,11.398417,11.398417,109.053682
10.355457,0.356548,33.513366,7.563521,7.563521,122.312253
10.866140,0.326173,31.762532,5.154709,5.154709,117.486798
10.590612,0.300813,30.252770,4.101848,4.101848,119.959057
12.601537,0.323209,31.850695,8.611246,8.611246,133.341614
13.097945,0.320940,34.382757,6.182860,6.182860,111.769343
13.193250,0.328311,27.369142,10.054906,10.054906,134.120541
13.340655,0.296242,27.973276,14.095651,14.095651,106.230129
14.390559,0.396542,25.466540,11.078346,11.078346,124.129457
12.648652,0.478201,22.382858,8.898271,8.898271,116.750829
12.454034,0.495832,21.074823,9.450186,9.450186,128.805208
13.150868,0.589206,26.804233,5.496980,5.496980,121.898406
14.159402,0.503051,28.410441,7.503367,7.503367,127.890653
12.848231,0.351076,28.658960,3.226724,3.226724,243.203730
14.015124,0.333305,27.707246,8.938461,8.938461,131.267811
13.149565,0.300357,28.005497,4.487827,4.487827,133.472887
13.005493,0.303017,26.119321,3.355706,3.355706,125.122373
12.987732,0.299749,26.849514,3.347346,3.347346,125.912298
13.642607,0.342327,28.361002,4.714296,4.714296,128.569813
14.927694,0.322243,25.683576,3.824376,3.824376,99.205937
13.402241,0.347483,25.945329,3.874467,3.874467,124.044044
14.806374,0.300508,26.129296,9.705772,9.705772,303.854469
16.952197,0.400037,32.647915,8.863923,8.863923,153.534050
14.166024,0.365754,33.482903,5.006674,5.006674,118.024991
14.480440,0.339536,34.050777,9.870330,9.870330,149.116356
17.537009,0.334445,41.212067,12.961993,12.961993,342.831730
14.085906,0.327171,28.154943,4.612271,4.612271,131.770147
13.843173,0.318465,28.257000,10.263017,10.263017,143.412099
14.375809,0.300454,36.435620,4.949788,4.949788,85.777084
13.957262,0.308335,24.731037,3.750728,3.750728,141.965606
15.641058,0.350414,31.348881,4.394139,4.394139,103.158790
13.513083,0.368652,30.339902,11.193562,11.193562,137.305363
15.058529,0.355440,27.131644,4.266481,4.266481,134.474235
14.010727,0.422618,33.986606,8.001425,8.001425,89.624299
14.393764,0.477388,26.882472,3.562124,3.562124,148.831435
14.702979,0.457196,35.121636,3.316646,3.316646,108.930268
13.938361,0.405216,30.869583,7.091183,7.091183,140.569574
14.247229,0.318562,37.388026,3.428985,3.428985,102.440507
13.275648,0.368273,33.027781,6.927493,6.927493,137.304885
16.125014,0.409688,36.782256,4.314943,4.314943,89.452274
14.062283,0.334651,34.000361,12.929294,12.929294,147.342929
15.757447,0.417125,38.353441,4.917567,4.917567,87.920365
16.704535,0.420632,30.081156,3.400422,3.400422,142.158541
14.140241,0.396379,29.426749,5.635071,5.635071,117.063129
13.201230,0.391993,25.571963,4.047143,4.047143,125.478812
12.977615,0.361987,30.666355,7.551362,7.551362,103.433604
13.802955,0.428742,32.764780,3.684365,3.684365,129.197062
13.371431,0.400179,35.152783,6.494518,6.494518,130.471243
13.539419,0.575364,34.717310,13.688430,13.688430,138.496583
14.128625,0.499881,36.159472,5.177007,5.177007,85.369956
19.774010,0.816978,45.970146,8.918213,8.918213,157.390333
13.572532,0.417505,36.814975,3.983332,3.983332,89.602589
13.819487,0.492749,34.952813,5.631368,5.631368,145.865791
17.888747,0.408484,41.108000,6.088759,6.088759,98.285488
13.717352,0.370585,32.612311,8.812758,8.812758,143.715554
14.968156,0.422010,39.709764,5.982477,5.982477,95.077817
13.196658,0.438533,36.779111,15.331463,15.331463,157.033356
13.779850,0.435732,34.756958,5.230006,5.230006,84.174989
13.844727,0.426874,31.591194,7.108768,7.108768,144.501689
12.766323,0.358447,35.932496,8.383821,8.383821,120.490121
11.507161,0.374884,33.856663,9.401334,9.401334,108.862486
10.754714,0.348036,32.155318,5.100916,5.100916,127.898579
10.492581,0.392818,28.426056,4.645169,4.645169,115.312365
11.132792,0.431586,28.773426,7.339994,7.339994,132.357369
10.807289,0.488830,31.093447,9.610216,9.610216,120.163781
13.596471,0.541385,38.744490,4.461327,4.461327,108.594849
14.042638,0.461548,34.630146,9.614353,9.614353,136.725453
10.792155,0.375210,34.640117,10.788432,10.788432,118.120150
12.731430,0.498893,33.796786,11.073221,11.073221,140.258478
12.658336,0.437394,32.570564,4.885726,4.885726,107.915677
11.329718,0.422010,30.468492,7.420274,7.420274,121.666745
11.287467,0.420512,31.589095,9.564262,9.564262,126.155268
12.292245,0.468420,34.792425,10.168043,10.168043,126.898313
12.940986,0.692317,28.956537,10.051583,10.051583,128.026235
11.628719,0.530213,27.842590,4.364817,4.364817,119.001686
10.560790,0.454525,25.027584,5.875479,5.875479,114.573580
11.228690,0.479635,26.249605,4.989000,4.989000,133.846837
10.929997,0.415008,25.884685,5.665044,5.665044,121.798812
11.196710,0.400255,25.795905,6.911892,6.911892,126.689937
14.033612,0.467280,31.497567,7.201251,7.201251,140.111206
12.440627,0.395695,27.478149,7.437459,7.437459,113.230155
12.257939,0.417050,23.835395,8.400116,8.400116,126.044763
11.895487,0.391103,23.674008,4.820828,4.820828,127.649290
12.071063,0.437784,23.365020,3.994882,3.994882,99.455123
11.537538,0.456663,22.713382,8.242670,8.242670,120.520316
11.508292,0.421750,24.961155,5.647543,5.647543,119.320964
12.625203,0.488710,24.185918,8.736048,8.736048,123.624573
12.845084,0.514537,27.914739,3.869516,3.869516,126.764081
13.930392,0.506906,29.419529,8.867429,8.867429,133.072383
14.159586,0.470917,30.900990,9.714848,9.714848,116.531926
13.193585,0.470027,26.598976,6.539343,6.539343,126.521792
11.906864,0.475216,27.896869,4.467667,4.467667,102.188969
13.021125,0.460539,26.557419,8.262048,8.262048,120.502818
11.784113,0.451951,23.922593,4.766830,4.766830,115.232644
11.763627,0.523580,25.259699,5.496905,5.496905,118.120667
11.695245,0.544717,22.937973,5.552423,5.552423,122.671111
11.786914,0.576797,23.938008,4.533195,4.533195,129.799075
12.360672,0.435667,28.385700,7.831470,7.831470,127.383107
15.066236,0.514592,29.247221,7.749997,7.749997,133.341397
13.217284,0.481502,31.343714,7.346680,7.346680,115.766286
11.783951,0.418732,23.420658,10.864023,10.864023,108.545169
12.189828,0.378749,25.805762,9.106286,9.106286,122.414712
11.027723,0.336703,24.302622,18.470751,18.470751,206.120118
12.316530,0.429458,27.679172,8.770658,8.770658,149.472653
11.683640,0.401167,27.473513,8.889966,8.889966,126.973354
11.616027,0.448000,27.242876,4.401086,4.401086,118.139654
14.936701,0.472546,25.497252,10.309655,10.309655,123.342020
13.742897,0.439706,25.379539,8.185609,8.185609,127.806660
12.128208,0.370737,24.894065,5.124854,5.124854,122.723069
11.948844,0.371019,23.601284,8.579286,8.579286,120.158765
10.801265,0.365428,23.099980,4.754768,4.754768,114.451654
11.448984,0.398475,22.418974,9.691973,9.691973,123.094740
11.532522,0.399658,24.205677,5.649053,5.649053,118.763882
11.092796,0.387498,25.720813,16.586539,16.586539,131.686662
13.301421,0.738825,34.726190,11.830600,11.830600,92.248270
10.954825,0.359077,27.782750,7.856550,7.856550,124.451366
12.043000,0.586828,30.419140,13.066581,13.066581,134.301742
13.052435,0.461331,29.197587,10.636349,10.636349,117.918634
11.189296,0.386836,28.840963,13.392101,13.392101,115.790540
11.239938,0.404500,31.511495,12.435828,12.435828,133.292567
11.468710,0.404011,33.289429,10.387635,10.387635,108.865419
10.050411,0.399125,28.923785,9.206575,9.206575,120.353925
9.622908,0.394316,29.460359,13.973328,13.973328,132.731197
9.866899,0.459019,31.050098,6.030277,6.030277,119.197879
10.300602,0.585145,39.110787,9.489030,9.489030,106.896916
9.370133,0.444429,32.028789,10.244768,10.244768,122.476473
10.937337,0.495463,29.270996,13.772002,13.772002,118.187294
9.857769,0.459128,27.464601,12.656240,12.656240,117.233831
9.358419,0.495311,28.405545,10.688013,10.688013,125.387066
9.414329,0.482327,28.016884,8.099748,8.099748,112.428864
9.370350,0.523732,29.918553,8.085538,8.085538,128.398795
9.027969,0.474999,26.413315,8.648016,8.648016,123.959453
7.674112,0.872855,0.612036,0.002866,0.002866,9.163834
1.229316,1.137256,2.375539,0.001726,0.001726,4.745606
6.621436,0.936222,3.646922,0.615478,0.615478,27.768193
9.394591,0.694988,4.801841,1.126280,1.126280,33.246120
7.299478,0.871476,6.428132,3.886299,3.886299,54.565174
7.155070,0.744264,7.089130,2.132730,2.132730,42.394930
6.713041,0.761069,8.371727,2.374204,2.374204,50.186483
6.822275,0.827476,9.439026,4.966159,4.966159,58.145243
6.578718,0.815632,10.720527,2.421373,2.421373,61.027459
6.928991,0.784062,14.089836,10.473289,10.473289,86.777745
7.437189,1.193827,14.795257,5.754596,5.754596,75.116341
8.974274,0.900082,14.017936,11.272681,11.272681,86.992968
8.002314,1.085939,13.920741,6.172579,6.172579,79.156742
7.732844,0.845107,13.333620,12.109982,12.109982,89.949452
7.263842,0.919058,13.788915,16.637076,16.637076,103.476414
8.128247,0.842598,14.432966,13.728359,13.728359,132.935456
7.110429,0.787504,14.033634,16.203764,16.203764,107.770496
6.541025,1.606404,16.164892,11.809158,11.809158,116.064390
7.828650,0.684914,17.699916,14.888402,14.888402,116.486140
7.467693,0.752167,16.137281,16.603789,16.603789,125.202436
7.433867,0.738836,15.750715,12.951267,12.951267,134.982107
7.157484,0.691709,16.682954,6.008130,6.008130,138.082676
7.245957,0.809650,15.313833,9.842126,9.842126,164.574846
6.995408,0.871270,15.163204,9.093964,9.093964,144.740139
7.056865,0.885991,17.144301,13.056181,13.056181,141.257275
7.980657,0.987007,15.932839,8.924174,8.924174,171.321889
7.340676,0.909484,14.726678,12.403911,12.403911,161.818939
7.166555,0.846203,14.836120,10.079918,10.079918,137.795516
7.186033,0.916442,16.273752,15.067670,15.067670,136.749604
7.801227,1.115793,17.409631,17.087159,17.087159,129.142420
6.955121,0.910699,15.754559,8.411570,8.411570,122.926936
7.371986,1.056160,15.743062,9.276857,9.276857,152.500731
7.843684,0.996745,14.443258,12.723255,12.723255,153.754940
7.411991,0.823568,14.653693,7.723845,7.723845,147.794750
8.362793,0.782912,15.869677,10.619414,10.619414,157.985804
7.135941,0.937079,17.125913,10.110684,10.110684,159.390728
7.982611,1.298295,16.864045,13.808857,13.808857,146.823160
6.985046,1.043111,15.087070,10.434154,10.434154,145.405030
8.608119,1.216603,15.700094,7.828237,7.828237,130.162646
7.266551,0.823839,14.545230,14.155320,14.155320,119.361556
6.699669,0.974696,15.104429,13.022667,13.022667,126.575687
7.221868,0.870998,14.575941,12.729085,12.729085,126.965461
6.916962,1.084810,17.962891,16.801686,16.801686,143.587402
7.548409,0.826065,14.834892,14.594939,14.594939,99.751290
8.060971,1.043784,14.081770,17.359975,17.359975,105.551918
7.295092,1.010716,14.147298,9.041865,9.041865,86.672203
7.615761,1.185988,14.584706,20.956426,20.956426,110.474340
7.407859,0.815436,14.320877,16.632440,16.632440,103.381455
7.317840,0.982393,15.257034,14.245317,14.245317,104.275618
7.654094,0.822743,14.595487,15.179456,15.179456,109.778441
7.330190,0.805547,14.616434,14.494097,14.494097,121.285001
7.325207,0.982360,14.442986,7.430240,7.430240,110.743426
6.879888,0.996289,17.123810,12.303980,12.303980,124.233331
6.771631,0.855691,16.550390,15.591770,15.591770,145.250855
7.626389,0.977247,14.120798,15.603353,15.603353,101.693374
6.680766,1.080315,14.315112,19.386792,19.386792,116.596631
6.599410,0.996462,14.919093,16.699726,16.699726,95.531543
6.125681,0.953983,14.605567,12.651313,12.651313,88.054450
6.654407,0.968834,15.173430,20.916671,20.916671,107.445942
6.605348,0.850578,14.536098,9.586159,9.586159,83.786297
6.572389,0.916463,14.911016,16.774851,16.774851,100.440111
6.887672,0.862629,14.234157,8.157384,8.157384,68.159307
6.671441,0.942496,14.432521,8.931274,8.931274,65.659511
6.808786,0.936049,14.295874,8.892680,8.892680,70.681507
6.626637,0.877935,11.795403,2.842265,2.842265,54.123014
6.739910,0.919123,11.412443,6.646265,6.646265,56.367986
6.355701,0.923031,11.340412,3.325722,3.325722,53.083214
6.519432,0.768701,10.236029,3.123277,3.123277,52.522255
6.439889,0.748748,11.405375,2.881803,2.881803,56.928976
6.693977,0.882604,15.067247,2.646508,2.646508,61.173074
6.610277,0.736361,19.036596,4.516444,4.516444,78.693915
6.734210,0.883623,15.646845,4.217585,4.217585,68.009916
7.795028,0.824642,15.399552,4.760793,4.760793,71.242698
7.659903,1.120223,16.379557,17.261370,17.261370,106.375066
7.372671,0.848396,15.046631,7.370727,7.370727,85.066681
7.112221,0.815176,15.032833,17.115745,17.115745,102.165173
7.994107,1.016812,14.510490,14.775242,14.775242,104.804954
7.480396,0.743189,14.273446,12.999838,12.999838,120.102729
7.286580,0.971146,15.678251,11.574101,11.574101,114.146618
6.416560,0.862639,14.433748,8.134109,8.134109,109.534685
7.402426,0.976075,14.229251,7.333556,7.333556,120.743486
7.425257,0.955795,14.224388,10.437996,10.437996,114.821358
7.182893,1.080577,14.456427,8.864335,8.864335,102.946847
6.703444,1.035556,15.229600,13.065940,13.065940,112.741803
10.055094,1.313603,18.913247,7.275703,7.275703,154.322862
8.321185,1.104296,15.078374,13.583811,13.583811,131.006790
6.827486,1.066636,11.581191,4.009050,4.009050,57.337329
7.995617,1.484001,16.028914,4.342485,4.342485,72.127734
6.546876,1.094505,13.222833,2.744115,2.744115,63.361842
6.386564,0.971331,12.988308,4.017757,4.017757,60.802563
6.755174,1.074333,13.782869,7.720522,7.720522,71.114923
6.283713,1.157665,14.366179,10.327926,10.327926,75.439309
6.298717,1.046379,14.295874,10.056414,10.056414,75.338446
6.206135,1.107348,14.344065,8.764740,8.764740,80.771297
6.923389,1.002042,14.335642,7.224571,7.224571,89.456584
7.232017,1.008611,14.541314,13.030820,13.030820,94.811405
6.290987,1.027902,14.147016,13.124639,13.124639,99.283229
6.644940,0.924389,20.529422,7.518609,7.518609,117.398051
6.128981,0.988614,15.187282,14.424259,14.424259,105.670564
6.461974,0.790087,15.264622,9.300882,9.300882,104.280558
7.923525,0.953614,16.923286,15.454257,15.454257,131.926163
10.319585,0.914456,17.906562,8.069525,8.069525,106.395808
6.497940,1.158783,16.008299,15.481907,15.481907,101.066600
6.832230,1.128929,15.548835,17.395256,17.395256,106.178337
5.769209,1.136572,15.441414,17.926759,17.926759,96.412625
6.044054,0.957207,16.236180,17.997674,17.997674,111.811323
6.408417,0.824110,16.266155,21.650751,21.650751,107.443413
6.088716,0.717895,16.346196,16.162607,16.162607,115.979894
5.961460,0.775117,16.611292,15.271465,15.271465,115.546341
6.166304,0.871433,16.924436,19.775528,19.775528,140.600457
6.132976,0.816077,16.506727,11.005403,11.005403,140.765853
6.075938,1.286744,16.781965,7.894492,7.894492,163.984797
6.082571,0.975739,17.376877,10.405819,10.405819,155.969559
6.425734,0.945113,17.536777,18.076673,18.076673,168.209672
7.023537,1.226547,18.618298,17.823639,17.823639,166.733012
6.319224,0.982089,22.975623,10.166299,10.166299,176.975163
7.858059,0.864517,18.631531,9.017364,9.017364,143.672352
7.184837,0.852131,17.585905,6.362453,6.362453,149.736852
5.970470,0.673623,17.084750,6.790815,6.790815,157.586286
6.841121,0.930902,17.959581,11.788966,11.788966,149.792670
