#Image Rect[ms], Image Resize[ms], ORB ext[ms], Stereo match[ms], IMU preint[ms], Pose pred[ms], LM track[ms], KF dec[ms], Total[ms]
0.000000,0.000000,32.241026,0.000000,0.000000,6.685043,2.364444,0.499100,64.270554
0.000000,0.000000,26.064551,0.000000,0.000000,1.780840,1.999971,0.439543,44.304056
0.000000,0.000000,25.624508,0.000000,0.000000,1.811672,1.882507,0.640946,39.005623
0.000000,0.000000,24.294578,0.000000,0.000000,2.455439,3.331856,1.030604,38.006218
0.000000,0.000000,30.043257,0.000000,0.000000,1.824698,2.097144,0.045618,50.253585
0.000000,0.000000,23.883283,0.000000,0.000000,1.144356,1.928190,0.426038,37.927251
0.000000,0.000000,22.805105,0.000000,0.000000,1.969421,2.391932,0.044999,35.844275
0.000000,0.000000,23.808299,0.000000,0.000000,1.273935,2.108869,0.415008,36.788628
0.000000,0.000000,22.558313,0.000000,0.000000,2.007006,2.389326,0.048179,35.080113
0.000000,0.000000,21.757728,0.000000,0.000000,1.430642,2.345218,0.451659,35.048578
0.000000,0.000000,22.331257,0.000000,0.000000,2.048823,2.519360,0.050449,35.591457
0.000000,0.000000,21.384929,0.000000,0.000000,1.352174,2.246003,0.515286,34.741508
0.000000,0.000000,21.845338,0.000000,0.000000,2.745759,2.880663,0.067471,34.641894
0.000000,0.000000,21.324326,0.000000,0.000000,1.488169,2.469292,0.477908,35.772505
0.000000,0.000000,22.201516,0.000000,0.000000,2.342243,2.677383,0.049917,35.662576
0.000000,0.000000,22.151067,0.000000,0.000000,1.638451,2.432404,0.528856,36.750871
0.000000,0.000000,23.302838,0.000000,0.000000,2.567833,3.745094,0.052132,37.118571
0.000000,0.000000,21.416369,0.000000,0.000000,1.555640,2.688933,0.478756,36.686256
0.000000,0.000000,21.834394,0.000000,0.000000,2.834817,3.564904,0.138090,35.433955
0.000000,0.000000,23.576282,0.000000,0.000000,1.560058,2.981354,0.423194,39.618886
0.000000,0.000000,23.162229,0.000000,0.000000,2.874584,3.608882,0.098151,37.330521
0.000000,0.000000,25.231854,0.000000,0.000000,1.524266,2.418345,0.461473,41.344665
0.000000,0.000000,21.918378,0.000000,0.000000,2.187620,3.038349,0.047365,35.688198
0.000000,0.000000,22.461780,0.000000,0.000000,1.445147,2.587396,0.431987,37.290040
0.000000,0.000000,22.835210,0.000000,0.000000,1.854314,2.561873,0.042914,37.681046
0.000000,0.000000,20.779818,0.000000,0.000000,1.195814,2.137843,0.417787,34.629637
0.000000,0.000000,22.702766,0.000000,0.000000,1.815189,2.523355,0.042752,36.139179
0.000000,0.000000,21.891562,0.000000,0.000000,1.102679,2.488248,0.386315,35.257609
0.000000,0.000000,22.251648,0.000000,0.000000,1.674797,2.511881,0.040874,35.108055
0.000000,0.000000,21.802500,0.000000,0.000000,1.192687,2.292164,0.397171,34.838107
0.000000,0.000000,20.755034,0.000000,0.000000,1.619854,2.617522,0.041004,33.091593
0.000000,0.000000,22.468793,0.000000,0.000000,1.279210,2.319467,0.413109,35.477881
0.000000,0.000000,19.931335,0.000000,0.000000,2.119877,2.666667,0.043360,33.252601
0.000000,0.000000,22.239272,0.000000,0.000000,1.031615,2.370480,0.482273,35.906191
0.000000,0.000000,21.448893,0.000000,0.000000,1.611391,3.070027,0.044836,33.854216
0.000000,0.000000,21.937480,0.000000,0.000000,1.493304,3.065446,0.439109,35.362957
0.000000,0.000000,21.473665,0.000000,0.000000,2.013910,3.884486,0.073170,35.476230
0.000000,0.000000,21.989192,0.000000,0.000000,1.561177,3.043831,0.459898,37.032522
0.000000,0.000000,21.906739,0.000000,0.000000,2.091857,3.090274,0.048017,36.236680
0.000000,0.000000,21.894895,0.000000,0.000000,1.321093,2.786378,0.461277,37.045787
0.000000,0.000000,21.356560,0.000000,0.000000,2.269170,3.338608,0.048885,35.035817
0.000000,0.000000,21.070013,0.000000,0.000000,1.449435,2.974743,0.456728,35.711982
0.000000,0.000000,21.299392,0.000000,0.000000,2.088449,3.341496,0.049342,35.871370
0.000000,0.000000,21.905881,0.000000,0.000000,1.406303,2.944075,0.501412,36.574979
0.000000,0.000000,20.934605,0.000000,0.000000,2.275771,3.170001,0.103220,34.573663
0.000000,0.000000,21.253721,0.000000,0.000000,1.483914,3.171771,0.504713,35.832964
0.000000,0.000000,22.158258,0.000000,0.000000,2.291252,3.315462,0.052489,37.062734
0.000000,0.000000,22.715511,0.000000,0.000000,1.411341,3.123602,0.545325,38.812373
0.000000,0.000000,22.578701,0.000000,0.000000,2.434499,3.209083,0.074386,37.217076
0.000000,0.000000,23.299896,0.000000,0.000000,1.052545,2.922167,0.541211,38.386650
0.000000,0.000000,22.597873,0.000000,0.000000,2.045989,3.055360,0.053325,37.593631
0.000000,0.000000,22.458654,0.000000,0.000000,0.837779,3.109934,0.580542,37.481544
0.000000,0.000000,21.503987,0.000000,0.000000,2.159838,3.333071,0.081030,35.656094
0.000000,0.000000,24.100372,0.000000,0.000000,1.046129,2.987857,0.883157,40.038247
0.000000,0.000000,24.236866,0.000000,0.000000,2.450685,3.139615,0.720554,38.449974
0.000000,0.000000,24.316312,0.000000,0.000000,2.279765,3.571450,0.545174,40.244308
0.000000,0.000000,23.557076,0.000000,0.000000,2.782350,3.088211,0.703912,39.354724
0.000000,0.000000,24.826062,0.000000,0.000000,2.820900,3.308580,0.695042,41.106730
0.000000,0.000000,24.043779,0.000000,0.000000,2.270125,3.467699,0.579468,40.879663
0.000000,0.000000,22.944390,0.000000,0.000000,2.307959,3.667624,0.664428,40.305125
0.000000,0.000000,23.167647,0.000000,0.000000,2.767097,3.734303,0.617269,39.261590
0.000000,0.000000,24.437325,0.000000,0.000000,2.232900,3.376073,0.546747,42.453834
0.000000,0.000000,23.089863,0.000000,0.000000,2.639733,3.792199,0.613165,38.993411
0.000000,0.000000,22.612844,0.000000,0.000000,2.517917,5.364460,0.739845,39.824306
0.000000,0.000000,23.270182,0.000000,0.000000,2.611931,3.572438,0.659488,42.704405
0.000000,0.000000,23.099047,0.000000,0.000000,2.766576,3.827872,0.639078,39.728729
0.000000,0.000000,23.806801,0.000000,0.000000,2.559528,3.750380,0.583669,42.707597
0.000000,0.000000,23.756917,0.000000,0.000000,2.306048,3.294162,0.563954,40.697323
0.000000,0.000000,22.574207,0.000000,0.000000,2.379849,3.416501,0.514787,39.018977
0.000000,0.000000,22.422319,0.000000,0.000000,2.202383,3.201679,0.063573,38.232775
0.000000,0.000000,25.137317,0.000000,0.000000,0.908984,2.992004,0.563835,41.232469
0.000000,0.000000,22.976100,0.000000,0.000000,1.758585,3.955461,0.057266,37.082915
0.000000,0.000000,23.404527,0.000000,0.000000,0.943648,2.659340,0.559384,39.084352
0.000000,0.000000,23.366510,0.000000,0.000000,1.587774,2.905567,0.089834,38.113739
0.000000,0.000000,23.627794,0.000000,0.000000,0.881800,2.946256,0.731171,38.197700
0.000000,0.000000,22.889622,0.000000,0.000000,1.771645,3.207161,0.066352,36.899981
0.000000,0.000000,22.650579,0.000000,0.000000,1.131784,2.430980,0.538941,37.694225
0.000000,0.000000,21.973330,0.000000,0.000000,2.192190,3.575369,0.064051,35.366138
0.000000,0.000000,22.368950,0.000000,0.000000,1.199048,2.631168,0.572834,38.091938
0.000000,0.000000,21.817297,0.000000,0.000000,2.077647,3.225182,0.052771,35.955605
0.000000,0.000000,23.951427,0.000000,0.000000,1.109051,2.970846,0.533492,38.637460
0.000000,0.000000,22.375551,0.000000,0.000000,2.349712,3.368658,0.052261,36.179946
0.000000,0.000000,21.510913,0.000000,0.000000,0.842880,2.659058,0.534154,38.325160
0.000000,0.000000,21.821334,0.000000,0.000000,1.722510,2.523367,0.047822,34.987313
0.000000,0.000000,22.446756,0.000000,0.000000,0.787992,2.105361,0.544739,36.237494
0.000000,0.000000,20.766846,0.000000,0.000000,1.576625,3.475656,0.047040,33.064769
0.000000,0.000000,22.663434,0.000000,0.000000,0.769319,3.498116,0.804201,36.876183
0.000000,0.000000,23.594488,0.000000,0.000000,1.856410,3.015551,0.128298,37.904595
0.000000,0.000000,24.594826,0.000000,0.000000,0.730053,1.977802,0.579273,39.518305
0.000000,0.000000,23.775275,0.000000,0.000000,1.708126,2.577126,0.053727,36.222089
0.000000,0.000000,22.157516,0.000000,0.000000,0.798207,1.990504,0.570501,36.531870
0.000000,0.000000,21.700072,0.000000,0.000000,1.960437,2.149210,0.054693,34.748815
0.000000,0.000000,22.551383,0.000000,0.000000,0.804439,1.949468,0.650271,36.296708
0.000000,0.000000,23.835830,0.000000,0.000000,2.051168,2.180281,0.053455,36.335851
0.000000,0.000000,22.133252,0.000000,0.000000,0.785017,1.836272,0.671202,35.525875
0.000000,0.000000,21.673029,0.000000,0.000000,2.087829,2.239033,0.056224,33.982091
0.000000,0.000000,20.915965,0.000000,0.000000,0.796677,1.589869,0.601158,34.320865
0.000000,0.000000,22.398304,0.000000,0.000000,1.529618,1.841048,0.056169,35.096623
0.000000,0.000000,21.481059,0.000000,0.000000,0.729001,1.374929,0.532287,34.183210
0.000000,0.000000,21.523323,0.000000,0.000000,1.447698,1.703707,0.041394,33.620679
0.000000,0.000000,20.459204,0.000000,0.000000,0.844152,1.488256,0.816989,32.388920
0.000000,0.000000,23.305019,0.000000,0.000000,1.396304,1.594060,0.105522,36.572504
0.000000,0.000000,20.451692,0.000000,0.000000,0.812440,1.504095,0.597131,32.818791
0.000000,0.000000,22.371609,0.000000,0.000000,2.290470,2.259085,0.045824,34.560917
0.000000,0.000000,22.537100,0.000000,0.000000,0.976140,1.754491,0.500511,35.945202
0.000000,0.000000,22.814626,0.000000,0.000000,2.090391,2.061406,0.046138,35.186143
0.000000,0.000000,23.070244,0.000000,0.000000,1.114198,1.720263,0.524568,36.888265
0.000000,0.000000,23.089015,0.000000,0.000000,1.788288,2.276205,0.046725,36.287932
0.000000,0.000000,22.529935,0.000000,0.000000,0.657675,1.456003,0.599335,35.987967
0.000000,0.000000,22.863163,0.000000,0.000000,1.783966,1.750638,0.051490,34.715280
0.000000,0.000000,21.067376,0.000000,0.000000,0.464230,1.508839,0.744546,33.511596
0.000000,0.000000,20.868144,0.000000,0.000000,1.662366,1.839908,0.057060,32.313524
0.000000,0.000000,22.999343,0.000000,0.000000,0.525534,1.456903,0.646668,35.503739
0.000000,0.000000,23.179653,0.000000,0.000000,1.625846,1.886069,0.050720,35.867854
0.000000,0.000000,22.623536,0.000000,0.000000,0.623142,2.095798,0.548875,35.646225
0.000000,0.000000,22.233824,0.000000,0.000000,1.550636,2.014703,0.535273,34.276909
0.000000,0.000000,21.892171,0.000000,0.000000,1.900821,2.186717,0.545955,35.149407
0.000000,0.000000,21.378512,0.000000,0.000000,1.769854,2.255014,0.704433,35.266142
0.000000,0.000000,22.106871,0.000000,0.000000,1.898857,2.521553,0.482436,36.624613
0.000000,0.000000,22.687717,0.000000,0.000000,1.978867,2.436811,0.455046,36.836220
0.000000,0.000000,22.396969,0.000000,0.000000,1.978541,2.519372,0.527044,36.746343
0.000000,0.000000,21.078785,0.000000,0.000000,1.925367,2.474177,0.500761,35.332039
0.000000,0.000000,21.543069,0.000000,0.000000,1.829639,2.559051,0.423096,35.477175
0.000000,0.000000,23.422222,0.000000,0.000000,1.691472,2.593518,0.423747,37.651494
0.000000,0.000000,21.832711,0.000000,0.000000,1.622199,2.506615,0.421121,35.705371
0.000000,0.000000,23.057857,0.000000,0.000000,1.703251,2.653857,0.452267,36.823584
0.000000,0.000000,22.138735,0.000000,0.000000,2.180693,2.901974,0.437611,36.866151
0.000000,0.000000,22.070190,0.000000,0.000000,1.976098,3.123494,0.472068,37.090682
0.000000,0.000000,22.495012,0.000000,0.000000,2.078602,3.107459,0.522006,37.991604
0.000000,0.000000,23.204079,0.000000,0.000000,2.084138,3.206174,0.544902,39.040895
0.000000,0.000000,22.538392,0.000000,0.000000,1.949337,3.335242,0.585894,38.179005
0.000000,0.000000,22.975559,0.000000,0.000000,2.045132,3.143902,0.571022,38.643235
0.000000,0.000000,23.306367,0.000000,0.000000,2.269398,4.201834,0.121839,38.667032
0.000000,0.000000,22.068311,0.000000,0.000000,0.823818,2.926835,0.572368,39.076600
0.000000,0.000000,23.153543,0.000000,0.000000,2.032931,3.169197,0.067492,36.777326
0.000000,0.000000,22.919854,0.000000,0.000000,0.908908,2.538847,0.595926,37.869236
0.000000,0.000000,21.488540,0.000000,0.000000,2.373097,2.736635,0.048798,34.624013
0.000000,0.000000,22.698075,0.000000,0.000000,0.755099,2.526548,0.634237,37.431570
0.000000,0.000000,21.799221,0.000000,0.000000,1.771916,2.858039,0.104023,34.879143
0.000000,0.000000,24.488817,0.000000,0.000000,0.685347,2.502024,0.605479,40.603365
0.000000,0.000000,24.236812,0.000000,0.000000,1.912991,2.809990,0.049700,37.401857
0.000000,0.000000,22.628574,0.000000,0.000000,0.669400,2.166297,0.628146,37.353949
0.000000,0.000000,22.748155,0.000000,0.000000,1.449945,2.458132,0.668401,35.350679
0.000000,0.000000,21.689541,0.000000,0.000000,1.708635,3.188163,0.519096,36.265416
0.000000,0.000000,22.484036,0.000000,0.000000,1.546619,2.664779,0.463123,37.173336
0.000000,0.000000,22.610858,0.000000,0.000000,1.459694,2.622201,0.514114,36.974278
0.000000,0.000000,24.066719,0.000000,0.000000,1.548573,3.076182,0.441432,38.326888
0.000000,0.000000,22.018807,0.000000,0.000000,1.427158,2.826339,0.418037,36.683063
0.000000,0.000000,23.530426,0.000000,0.000000,1.315024,3.206815,0.445145,37.480240
0.000000,0.000000,23.535963,0.000000,0.000000,1.094059,2.760617,0.373537,38.996942
0.000000,0.000000,22.809371,0.000000,0.000000,1.145322,2.525027,0.357872,37.392977
0.000000,0.000000,22.751096,0.000000,0.000000,1.070013,2.469010,0.397714,36.281494
0.000000,0.000000,22.985501,0.000000,0.000000,1.314471,2.452161,0.348363,37.165619
0.000000,0.000000,22.625133,0.000000,0.000000,1.210545,2.557140,0.366916,36.343917
0.000000,0.000000,22.811348,0.000000,0.000000,1.429703,2.824223,0.366460,36.087094
0.000000,0.000000,20.992496,0.000000,0.000000,1.091464,2.559854,0.350100,35.181856
0.000000,0.000000,22.639615,0.000000,0.000000,1.174725,2.576996,0.353378,35.579678
0.000000,0.000000,21.185095,0.000000,0.000000,1.272903,3.173074,0.315761,34.084007
0.000000,0.000000,21.881434,0.000000,0.000000,1.151987,3.049119,0.307261,35.651372
0.000000,0.000000,21.860807,0.000000,0.000000,1.530389,2.279744,0.347982,35.377189
0.000000,0.000000,21.915566,0.000000,0.000000,1.271481,2.349267,0.304721,34.764937
0.000000,0.000000,22.002642,0.000000,0.000000,1.130829,2.470986,0.338538,34.849994
0.000000,0.000000,20.525731,0.000000,0.000000,1.130678,2.436430,0.363886,33.813958
0.000000,0.000000,22.153879,0.000000,0.000000,1.165069,2.514171,0.374515,35.326666
0.000000,0.000000,20.807294,0.000000,0.000000,1.306297,1.957382,0.400841,33.544869
0.000000,0.000000,22.327684,0.000000,0.000000,1.218171,1.931218,0.392047,34.940250
0.000000,0.000000,21.984183,0.000000,0.000000,1.203500,2.426063,0.669704,34.667601
0.000000,0.000000,22.844427,0.000000,0.000000,1.208504,2.291990,0.606912,38.797806
0.000000,0.000000,22.627087,0.000000,0.000000,1.328259,2.020728,0.493802,36.265047
0.000000,0.000000,21.793911,0.000000,0.000000,1.246208,2.095222,0.418928,34.597807
0.000000,0.000000,21.796375,0.000000,0.000000,1.227156,2.018937,0.386576,34.584171
0.000000,0.000000,21.530672,0.000000,0.000000,1.348255,2.109726,0.503746,34.095320
0.000000,0.000000,23.517290,0.000000,0.000000,1.272534,2.433272,0.471058,36.857835
0.000000,0.000000,21.686979,0.000000,0.000000,1.391734,2.059288,0.387032,34.839301
0.000000,0.000000,23.145499,0.000000,0.000000,1.158664,2.128149,0.370976,36.285273
0.000000,0.000000,22.746896,0.000000,0.000000,1.204792,2.519047,0.419905,35.484557
0.000000,0.000000,22.080860,0.000000,0.000000,1.569525,2.617478,0.518521,35.441284
0.000000,0.000000,21.881629,0.000000,0.000000,1.692992,2.733921,0.512735,35.620573
0.000000,0.000000,21.334979,0.000000,0.000000,1.597501,3.130170,0.551372,35.516181
0.000000,0.000000,22.040204,0.000000,0.000000,1.862239,3.126620,0.547757,36.468686
0.000000,0.000000,22.013671,0.000000,0.000000,1.736547,3.535918,0.681048,37.318504
0.000000,0.000000,21.896079,0.000000,0.000000,1.887773,3.396948,0.609648,36.863080
0.000000,0.000000,22.327153,0.000000,0.000000,1.779852,2.929983,0.554976,37.168473
0.000000,0.000000,22.276293,0.000000,0.000000,1.620440,2.969282,0.582747,36.905190
0.000000,0.000000,21.463618,0.000000,0.000000,1.647038,2.788484,0.669367,35.750666
0.000000,0.000000,23.749524,0.000000,0.000000,1.786148,2.956124,0.575559,38.640384
0.000000,0.000000,22.984275,0.000000,0.000000,1.557995,2.738546,0.602581,37.528770
0.000000,0.000000,23.262225,0.000000,0.000000,1.934953,2.819955,0.650130,37.366304
0.000000,0.000000,22.117609,0.000000,0.000000,1.881270,2.653141,0.662756,37.132647
0.000000,0.000000,22.081164,0.000000,0.000000,1.736926,2.544655,0.876209,36.486817
0.000000,0.000000,21.673463,0.000000,0.000000,1.736318,2.351438,0.878305,36.461315
0.000000,0.000000,22.528221,0.000000,0.000000,1.715681,2.434965,0.691948,36.890666
0.000000,0.000000,21.986021,0.000000,0.000000,1.822212,2.408378,0.718274,36.136760
0.000000,0.000000,21.754460,0.000000,0.000000,2.149558,3.255884,0.933443,36.032107
0.000000,0.000000,22.788876,0.000000,0.000000,2.013584,2.824559,0.839168,38.210098
0.000000,0.000000,22.371382,0.000000,0.000000,2.345478,3.454595,0.802464,37.949550
0.000000,0.000000,21.909019,0.000000,0.000000,2.065357,3.863133,1.017025,37.950874
0.000000,0.000000,23.200833,0.000000,0.000000,2.239001,4.224782,0.867937,40.275714
0.000000,0.000000,22.482277,0.000000,0.000000,2.430329,4.645828,0.859578,39.835022
0.000000,0.000000,23.426684,0.000000,0.000000,2.621050,5.354657,1.157416,41.504325
0.000000,0.000000,23.387147,0.000000,0.000000,2.275782,4.032032,0.816044,43.069769
0.000000,0.000000,23.691530,0.000000,0.000000,1.927277,3.128216,0.759224,40.905468
0.000000,0.000000,22.954508,0.000000,0.000000,1.811258,3.070103,0.820170,38.189927
0.000000,0.000000,23.141253,0.000000,0.000000,2.118585,2.885212,0.837073,38.485116
0.000000,0.000000,22.037664,0.000000,0.000000,1.600079,2.526363,0.748703,37.423396
0.000000,0.000000,23.256608,0.000000,0.000000,1.624001,2.499482,0.662615,37.633050
0.000000,0.000000,23.573264,0.000000,0.000000,1.772860,2.008015,0.716939,37.836331
0.000000,0.000000,22.354120,0.000000,0.000000,1.854806,2.160283,0.746902,36.230969
0.000000,0.000000,22.637082,0.000000,0.000000,1.526589,1.960660,0.717894,36.877724
0.000000,0.000000,22.518766,0.000000,0.000000,1.800772,2.429711,0.672635,36.490594
0.000000,0.000000,22.549943,0.000000,0.000000,1.840570,2.324559,0.995800,36.910900
0.000000,0.000000,22.270831,0.000000,0.000000,1.915010,2.021781,0.663647,36.949961
0.000000,0.000000,21.772959,0.000000,0.000000,1.673104,2.103245,0.610907,35.648179
0.000000,0.000000,22.195154,0.000000,0.000000,1.686456,2.257207,0.631382,35.509819
0.000000,0.000000,22.081414,0.000000,0.000000,2.309089,2.836110,0.746587,35.474005
0.000000,0.000000,21.898792,0.000000,0.000000,2.161803,2.866800,0.712238,36.983246
0.000000,0.000000,21.949197,0.000000,0.000000,2.295366,2.719624,0.590953,36.552148
0.000000,0.000000,21.631298,0.000000,0.000000,2.046684,3.192723,0.638449,37.054092
0.000000,0.000000,21.601932,0.000000,0.000000,2.138593,2.550170,0.526588,36.240186
0.000000,0.000000,22.588178,0.000000,0.000000,2.036480,2.602410,0.538355,37.159191
0.000000,0.000000,22.505215,0.000000,0.000000,1.941043,3.503447,0.584853,36.756091
0.000000,0.000000,22.545927,0.000000,0.000000,1.999547,2.871588,0.771306,38.137666
0.000000,0.000000,22.036187,0.000000,0.000000,1.854003,2.844306,0.686390,37.328122
0.000000,0.000000,23.158578,0.000000,0.000000,1.919407,2.760952,0.526934,37.987872
0.000000,0.000000,21.399617,0.000000,0.000000,1.666308,2.914361,0.552762,36.115462
0.000000,0.000000,21.260581,0.000000,0.000000,2.157895,4.882719,0.823643,35.402691
0.000000,0.000000,20.982579,0.000000,0.000000,1.852968,3.227180,0.673872,38.091168
0.000000,0.000000,21.820521,0.000000,0.000000,2.617642,3.337380,0.616889,36.559999
0.000000,0.000000,22.157461,0.000000,0.000000,2.120886,3.027764,0.529030,38.961613
0.000000,0.000000,21.743376,0.000000,0.000000,2.103321,3.384974,0.088955,37.561108
0.000000,0.000000,21.458924,0.000000,0.000000,0.852694,2.635511,0.648513,38.870151
0.000000,0.000000,21.704358,0.000000,0.000000,2.258922,3.295943,0.094601,36.425241
0.000000,0.000000,22.517354,0.000000,0.000000,0.708612,2.705370,0.720771,43.158550
0.000000,0.000000,21.742442,0.000000,0.000000,2.361133,3.406513,0.145060,39.391363
0.000000,0.000000,23.060160,0.000000,0.000000,0.589249,2.950328,0.671593,43.912823
0.000000,0.000000,22.365247,0.000000,0.000000,1.819879,3.208106,0.204703,35.648191
0.000000,0.000000,22.186122,0.000000,0.000000,1.024080,2.678891,0.793040,38.723016
0.000000,0.000000,22.053862,0.000000,0.000000,2.120778,2.999093,0.080401,35.602432
0.000000,0.000000,24.608982,0.000000,0.000000,1.429483,3.459784,0.753404,40.972026
0.000000,0.000000,24.869952,0.000000,0.000000,3.168394,4.872449,0.165480,45.407777
0.000000,0.000000,23.629628,0.000000,0.000000,0.963796,3.242281,0.795917,52.280990
0.000000,0.000000,23.611629,0.000000,0.000000,2.511012,4.402184,0.164514,41.151946
0.000000,0.000000,27.115728,0.000000,0.000000,1.235862,3.298950,0.753709,53.437395
0.000000,0.000000,23.027363,0.000000,0.000000,2.379837,3.211200,0.068068,46.944809
0.000000,0.000000,24.521439,0.000000,0.000000,0.873430,3.150351,0.677161,46.244676
0.000000,0.000000,24.599570,0.000000,0.000000,2.644923,4.186200,0.122880,47.216680
0.000000,0.000000,25.541437,0.000000,0.000000,0.659021,3.074294,0.673699,49.694450
0.000000,0.000000,25.580063,0.000000,0.000000,2.403526,4.079246,0.763740,43.374695
0.000000,0.000000,27.396728,0.000000,0.000000,1.867558,3.747015,0.142074,52.256302
0.000000,0.000000,29.429117,0.000000,0.000000,1.053371,3.623976,0.786320,46.392744
0.000000,0.000000,27.062674,0.000000,0.000000,2.204250,6.609571,0.222735,45.153330
0.000000,0.000000,28.626206,0.000000,0.000000,1.451248,2.359595,0.595317,49.159344
0.000000,0.000000,23.502893,0.000000,0.000000,1.696238,3.281971,0.105174,39.122793
0.000000,0.000000,30.355610,0.000000,0.000000,0.622729,3.049432,0.823687,44.211029
0.000000,0.000000,22.424717,0.000000,0.000000,1.641762,3.092314,0.534881,36.139127
0.000000,0.000000,22.076692,0.000000,0.000000,1.628897,3.193428,0.054878,38.118156
0.000000,0.000000,22.088905,0.000000,0.000000,0.824209,2.995413,0.710045,37.658989
0.000000,0.000000,22.805876,0.000000,0.000000,1.709537,3.217121,0.056810,39.513212
0.000000,0.000000,21.837733,0.000000,0.000000,0.749996,2.884691,0.583539,38.281368
0.000000,0.000000,22.341945,0.000000,0.000000,1.696868,3.321824,0.557646,38.013221
0.000000,0.000000,22.502578,0.000000,0.000000,1.557909,3.434174,0.504017,41.088762
0.000000,0.000000,22.239708,0.000000,0.000000,1.651934,3.617176,0.599986,38.020300
0.000000,0.000000,22.363881,0.000000,0.000000,2.250975,4.367064,0.635779,38.921380
0.000000,0.000000,22.809697,0.000000,0.000000,1.888304,6.350272,0.669747,42.815789
0.000000,0.000000,28.537827,0.000000,0.000000,1.619333,3.833365,0.551860,47.553415
0.000000,0.000000,23.996414,0.000000,0.000000,1.877861,3.876746,0.585037,40.484424
0.000000,0.000000,22.788877,0.000000,0.000000,1.713836,4.762835,0.605197,42.024409
0.000000,0.000000,23.837405,0.000000,0.000000,1.804626,3.844004,0.616694,40.579817
0.000000,0.000000,25.540372,0.000000,0.000000,2.235592,4.038046,0.583473,41.524636
0.000000,0.000000,27.475783,0.000000,0.000000,1.562773,5.341564,0.527369,44.244087
0.000000,0.000000,22.620617,0.000000,0.000000,1.583823,3.854046,0.785072,39.677684
0.000000,0.000000,22.098403,0.000000,0.000000,2.346922,3.743042,0.548278,37.992084
0.000000,0.000000,22.051039,0.000000,0.000000,1.663474,4.597030,0.526718,38.950182
0.000000,0.000000,21.976088,0.000000,0.000000,1.630156,5.079443,0.554900,37.871647
0.000000,0.000000,21.647365,0.000000,0.000000,1.725126,5.169103,0.540505,38.212649
0.000000,0.000000,22.497671,0.000000,0.000000,1.876981,4.063721,0.536847,39.017749
0.000000,0.000000,23.270541,0.000000,0.000000,1.605514,4.494884,0.509489,39.133173
0.000000,0.000000,21.983242,0.000000,0.000000,1.584500,3.219038,0.682395,38.036389
0.000000,0.000000,21.800854,0.000000,0.000000,1.306926,3.487021,0.639404,37.423455
0.000000,0.000000,22.575335,0.000000,0.000000,1.627161,4.273256,0.574040,37.487414
0.000000,0.000000,22.332452,0.000000,0.000000,1.573444,3.674204,0.686064,39.140555
0.000000,0.000000,21.618400,0.000000,0.000000,1.367862,2.807938,0.524091,36.986958
0.000000,0.000000,22.051592,0.000000,0.000000,1.460161,2.846652,0.600029,36.324734
0.000000,0.000000,21.988389,0.000000,0.000000,1.436960,2.786715,0.539506,39.055334
0.000000,0.000000,22.148690,0.000000,0.000000,1.796331,3.173898,0.561968,38.435177
0.000000,0.000000,23.514012,0.000000,0.000000,2.498280,3.872154,0.672679,42.376486
0.000000,0.000000,22.743031,0.000000,0.000000,2.150491,3.426629,0.704780,42.498389
0.000000,0.000000,23.801971,0.000000,0.000000,1.803735,3.146736,0.717948,45.217003
0.000000,0.000000,23.432569,0.000000,0.000000,2.015473,2.862512,0.739584,44.092219
0.000000,0.000000,22.665031,0.000000,0.000000,1.589121,3.017625,0.887499,42.037627
0.000000,0.000000,24.963895,0.000000,0.000000,1.897977,2.743464,0.677206,40.565523
0.000000,0.000000,33.742344,0.000000,0.000000,1.665059,3.365195,0.602591,49.484657
0.000000,0.000000,21.678609,0.000000,0.000000,1.579046,2.577495,0.856292,36.865858
0.000000,0.000000,22.277547,0.000000,0.000000,1.737491,3.698412,0.687388,36.810823
0.000000,0.000000,22.271201,0.000000,0.000000,1.748043,3.593488,0.639860,37.901060
0.000000,0.000000,23.068856,0.000000,0.000000,1.643391,2.702352,0.804840,38.578869
0.000000,0.000000,21.201254,0.000000,0.000000,2.001828,2.472093,0.513060,35.536025
0.000000,0.000000,21.744158,0.000000,0.000000,2.008591,2.702134,0.529833,40.713521
0.000000,0.000000,21.552618,0.000000,0.000000,1.981939,2.622309,0.504799,41.114828
0.000000,0.000000,21.536632,0.000000,0.000000,2.010121,2.755482,0.530419,39.732658
0.000000,0.000000,21.311052,0.000000,0.000000,1.824416,2.727320,0.481947,42.768624
0.000000,0.000000,21.634499,0.000000,0.000000,2.048014,2.903712,0.546954,40.669337
0.000000,0.000000,21.017080,0.000000,0.000000,2.333460,2.986576,0.603394,39.032797
0.000000,0.000000,22.000546,0.000000,0.000000,2.076811,2.846619,0.491467,41.879788
0.000000,0.000000,21.660327,0.000000,0.000000,1.728897,4.147727,0.567516,42.539207
0.000000,0.000000,23.310161,0.000000,0.000000,1.739717,3.392031,0.553304,39.801214
0.000000,0.000000,22.428148,0.000000,0.000000,1.943963,3.537101,0.557528,37.912813
0.000000,0.000000,23.527939,0.000000,0.000000,1.933151,3.776977,0.707700,39.202173
0.000000,0.000000,23.065653,0.000000,0.000000,1.742615,3.385419,0.116953,40.766693
0.000000,0.000000,23.799974,0.000000,0.000000,0.854063,2.776542,0.812559,42.470728
0.000000,0.000000,21.387696,0.000000,0.000000,2.129863,2.638116,0.545923,34.989321
0.000000,0.000000,21.167872,0.000000,0.000000,2.187511,5.648011,0.704378,39.501055
0.000000,0.000000,20.666319,0.000000,0.000000,1.813777,3.534865,0.489503,45.536997
0.000000,0.000000,22.448145,0.000000,0.000000,1.820476,3.374031,0.694955,38.068501
0.000000,0.000000,22.330824,0.000000,0.000000,2.108015,3.464104,0.565757,37.888494
0.000000,0.000000,22.100554,0.000000,0.000000,2.631396,3.773667,0.098791,43.588705
0.000000,0.000000,22.341647,0.000000,0.000000,0.772262,3.012077,0.516372,49.888587
0.000000,0.000000,21.902609,0.000000,0.000000,1.993424,3.698314,0.723810,40.007579
0.000000,0.000000,22.968008,0.000000,0.000000,2.300664,3.513912,0.576113,47.855263
0.000000,0.000000,22.741728,0.000000,0.000000,2.040551,3.517376,0.568177,47.167834
0.000000,0.000000,22.003864,0.000000,0.000000,2.219894,3.781896,0.624239,47.777351
0.000000,0.000000,22.955290,0.000000,0.000000,2.176719,3.513336,0.645386,49.009712
0.000000,0.000000,22.662522,0.000000,0.000000,2.158091,3.721124,0.624434,47.570807
0.000000,0.000000,22.225812,0.000000,0.000000,3.100924,5.557926,1.152791,46.535578
0.000000,0.000000,22.436899,0.000000,0.000000,2.023268,3.591729,0.659597,51.118852
0.000000,0.000000,22.761019,0.000000,0.000000,2.162411,3.884487,0.691145,43.830702
0.000000,0.000000,22.927054,0.000000,0.000000,2.327445,4.566066,0.864387,47.951250
0.000000,0.000000,23.245561,0.000000,0.000000,1.793759,3.966168,0.667587,44.953491
0.000000,0.000000,22.730537,0.000000,0.000000,2.084671,3.966831,0.649967,41.507061
0.000000,0.000000,22.634361,0.000000,0.000000,2.464852,2.900812,0.661475,44.933343
0.000000,0.000000,23.681858,0.000000,0.000000,1.612808,2.909140,0.573052,45.012776
0.000000,0.000000,23.023727,0.000000,0.000000,1.405358,2.574206,0.465695,45.782368
0.000000,0.000000,22.337131,0.000000,0.000000,2.380101,2.382368,0.477235,41.599946
0.000000,0.000000,21.814235,0.000000,0.000000,1.535773,2.753094,0.475509,42.312912
0.000000,0.000000,21.529141,0.000000,0.000000,1.682929,2.498625,0.487864,41.694514
0.000000,0.000000,22.455049,0.000000,0.000000,1.774000,2.599229,0.467823,42.472779
0.000000,0.000000,21.213109,0.000000,0.000000,1.915011,3.215467,0.474120,41.336316
0.000000,0.000000,21.491991,0.000000,0.000000,2.156267,2.711275,0.454319,42.609859
0.000000,0.000000,21.990764,0.000000,0.000000,1.764969,2.876755,0.474348,38.428480
0.000000,0.000000,21.618841,0.000000,0.000000,2.042148,2.975112,0.440423,40.960524
0.000000,0.000000,21.355226,0.000000,0.000000,2.188210,2.879893,0.470733,41.773470
0.000000,0.000000,21.823819,0.000000,0.000000,1.724627,2.980312,0.474120,42.404385
0.000000,0.000000,21.421607,0.000000,0.000000,1.845369,2.880436,0.464740,38.646938
0.000000,0.000000,21.798568,0.000000,0.000000,1.798698,2.933967,0.486941,43.976798
0.000000,0.000000,21.545936,0.000000,0.000000,1.811563,2.870731,0.513006,43.296336
0.000000,0.000000,22.155388,0.000000,0.000000,1.639569,3.007974,0.451333,39.216308
0.000000,0.000000,23.878128,0.000000,0.000000,1.726320,3.090958,0.458921,45.990226
0.000000,0.000000,21.664843,0.000000,0.000000,1.582107,3.092813,0.502627,44.655552
0.000000,0.000000,20.637104,0.000000,0.000000,1.571740,2.910301,0.459942,43.286238
0.000000,0.000000,22.557977,0.000000,0.000000,1.741172,3.295324,0.483489,42.800689
0.000000,0.000000,22.408532,0.000000,0.000000,1.906250,3.338554,0.502617,44.856644
0.000000,0.000000,23.695699,0.000000,0.000000,2.660219,5.042184,0.692523,40.274271
0.000000,0.000000,24.099266,0.000000,0.000000,1.979800,3.835656,0.726872,49.440479
0.000000,0.000000,23.572223,0.000000,0.000000,1.805538,3.818243,0.738151,48.030278
0.000000,0.000000,22.958903,0.000000,0.000000,2.041528,3.602184,0.716646,49.072835
0.000000,0.000000,22.162592,0.000000,0.000000,1.839614,3.401280,0.129438,48.270762
0.000000,0.000000,23.115861,0.000000,0.000000,0.829951,3.219618,0.703358,50.731461
0.000000,0.000000,23.801401,0.000000,0.000000,1.949393,3.031412,0.602396,48.251053
0.000000,0.000000,22.985458,0.000000,0.000000,1.853511,3.310425,0.113751,48.897641
0.000000,0.000000,22.697446,0.000000,0.000000,0.608280,1.898326,0.482197,45.292739
0.000000,0.000000,21.944421,0.000000,0.000000,1.900724,2.822171,0.568589,39.594980
0.000000,0.000000,22.191496,0.000000,0.000000,2.471465,2.770810,0.625954,48.811490
0.000000,0.000000,22.371338,0.000000,0.000000,1.671497,3.541260,0.539962,48.961216
0.000000,0.000000,23.751001,0.000000,0.000000,2.325525,2.949557,0.585286,42.090227
0.000000,0.000000,22.583771,0.000000,0.000000,1.505994,2.475794,0.556084,44.983910
0.000000,0.000000,22.791753,0.000000,0.000000,2.234376,2.569647,0.059828,43.121769
0.000000,0.000000,22.632656,0.000000,0.000000,0.622480,2.255839,0.539039,44.655501
0.000000,0.000000,22.852754,0.000000,0.000000,1.613199,2.742834,0.526088,43.433068
0.000000,0.000000,22.098970,0.000000,0.000000,1.774804,3.011273,0.526360,42.854981
0.000000,0.000000,21.911917,0.000000,0.000000,2.520717,2.877287,0.561295,42.869396
0.000000,0.000000,22.587972,0.000000,0.000000,2.371207,2.830747,0.692448,43.550000
0.000000,0.000000,22.029674,0.000000,0.000000,1.546424,3.229808,0.511628,47.307882
0.000000,0.000000,22.069480,0.000000,0.000000,2.354673,2.992048,0.675197,43.820209
0.000000,0.000000,24.610013,0.000000,0.000000,1.618530,3.749903,0.651140,44.382768
0.000000,0.000000,24.842818,0.000000,0.000000,1.727721,2.741862,0.496125,41.572916
0.000000,0.000000,22.075606,0.000000,0.000000,1.770168,2.812204,0.495484,48.096015
0.000000,0.000000,23.174496,0.000000,0.000000,2.240543,2.715238,0.487798,47.723586
0.000000,0.000000,23.978835,0.000000,0.000000,1.609943,2.891649,0.453526,44.760990
0.000000,0.000000,22.066237,0.000000,0.000000,1.763578,3.047240,0.059741,40.870500
0.000000,0.000000,23.060921,0.000000,0.000000,0.937123,3.862188,0.614250,45.544444
0.000000,0.000000,23.295487,0.000000,0.000000,1.673690,2.824341,0.487266,44.513882
0.000000,0.000000,22.837109,0.000000,0.000000,2.351633,5.389531,0.486018,43.203656
0.000000,0.000000,22.549808,0.000000,0.000000,2.133816,6.033947,0.607325,46.084841
0.000000,0.000000,22.100912,0.000000,0.000000,1.568765,2.977424,0.517132,47.622449
0.000000,0.000000,22.177100,0.000000,0.000000,1.729208,7.897293,0.687378,40.624403
0.000000,0.000000,22.266619,0.000000,0.000000,2.922633,3.879426,0.553923,51.557677
0.000000,0.000000,22.451250,0.000000,0.000000,2.276433,3.051952,0.478929,47.909709
0.000000,0.000000,23.047160,0.000000,0.000000,1.960910,3.415838,0.549744,49.323465
0.000000,0.000000,22.730281,0.000000,0.000000,3.225511,3.604246,0.711988,49.248246
0.000000,0.000000,22.614233,0.000000,0.000000,1.941001,4.012936,0.658924,51.051163
0.000000,0.000000,22.615254,0.000000,0.000000,1.983350,4.416307,0.636505,49.503078
0.000000,0.000000,23.828058,0.000000,0.000000,1.485879,20.589225,0.099898,54.850190
0.000000,0.000000,23.897677,0.000000,0.000000,0.588923,13.571152,0.583788,55.946655
0.000000,0.000000,21.770038,0.000000,0.000000,1.563641,16.839988,0.060751,45.662961
0.000000,0.000000,22.488986,0.000000,0.000000,0.902579,2.540682,0.601517,50.678560
0.000000,0.000000,22.065792,0.000000,0.000000,1.661357,2.409692,0.054997,49.206826
0.000000,0.000000,22.701820,0.000000,0.000000,0.935961,2.120517,0.564725,45.986508
0.000000,0.000000,21.889792,0.000000,0.000000,1.837411,3.018568,0.641728,44.117818
0.000000,0.000000,23.791251,0.000000,0.000000,1.691896,2.496422,0.439239,50.782365
0.000000,0.000000,22.336131,0.000000,0.000000,1.833427,2.790482,0.564986,41.933501
0.000000,0.000000,20.713237,0.000000,0.000000,1.710459,2.158829,1.174656,43.453108
0.000000,0.000000,23.477752,0.000000,0.000000,2.188357,2.228938,0.542882,46.063004
0.000000,0.000000,22.424143,0.000000,0.000000,1.723509,2.326533,0.495908,43.974452
0.000000,0.000000,21.992444,0.000000,0.000000,1.808111,2.396925,0.486778,44.483855
0.000000,0.000000,20.835087,0.000000,0.000000,2.202865,2.331527,0.500479,42.712438
0.000000,0.000000,22.443249,0.000000,0.000000,1.647722,2.465492,0.489242,48.585909
0.000000,0.000000,25.305391,0.000000,0.000000,1.536088,2.644868,0.476465,49.169318
0.000000,0.000000,22.220731,0.000000,0.000000,2.225974,2.817534,0.561219,41.326643
0.000000,0.000000,22.650481,0.000000,0.000000,2.326904,2.865996,0.465673,47.755882
0.000000,0.000000,21.656354,0.000000,0.000000,1.573129,3.109218,0.551914,45.847179
0.000000,0.000000,21.947804,0.000000,0.000000,1.618779,3.237721,0.456847,47.564847
0.000000,0.000000,21.734257,0.000000,0.000000,1.537988,2.773134,0.484227,47.721566
0.000000,0.000000,21.844534,0.000000,0.000000,1.613080,3.148745,0.476432,45.058709
0.000000,0.000000,21.010773,0.000000,0.000000,1.906499,2.572794,0.514722,43.551694
0.000000,0.000000,20.909191,0.000000,0.000000,1.507883,14.339430,0.529714,41.272481
0.000000,0.000000,21.887123,0.000000,0.000000,1.396445,14.914923,0.506428,47.686022
0.000000,0.000000,21.994001,0.000000,0.000000,1.498972,2.616143,0.507524,47.826273
0.000000,0.000000,22.532096,0.000000,0.000000,1.460410,2.865302,0.481154,45.701523
0.000000,0.000000,21.795540,0.000000,0.000000,1.523104,2.320878,0.512051,44.629968
0.000000,0.000000,22.421635,0.000000,0.000000,2.256359,2.553189,0.459605,47.445555
0.000000,0.000000,21.478095,0.000000,0.000000,1.671203,2.483409,0.495311,45.886564
0.000000,0.000000,21.593074,0.000000,0.000000,1.589403,2.062394,0.534588,46.389139
0.000000,0.000000,21.470150,0.000000,0.000000,1.927999,3.058313,0.725461,43.155821
0.000000,0.000000,22.226018,0.000000,0.000000,1.807079,4.997203,0.510759,48.856640
0.000000,0.000000,21.989545,0.000000,0.000000,2.383638,2.373389,0.465652,49.582682
0.000000,0.000000,20.428325,0.000000,0.000000,1.937788,7.298588,1.013507,44.597313
0.000000,0.000000,24.490910,0.000000,0.000000,1.798947,2.614906,0.509207,53.316593
0.000000,0.000000,23.361764,0.000000,0.000000,1.951271,3.005021,0.051284,46.236987
0.000000,0.000000,22.717259,0.000000,0.000000,1.174015,2.371543,0.513115,50.614258
0.000000,0.000000,22.334221,0.000000,0.000000,2.246209,2.623253,0.535587,46.560600
0.000000,0.000000,22.763299,0.000000,0.000000,2.423664,2.660914,0.449259,51.333966
0.000000,0.000000,21.906967,0.000000,0.000000,1.592833,2.661315,0.481035,52.360087
0.000000,0.000000,22.056760,0.000000,0.000000,1.685805,2.695219,0.485573,48.511947
0.000000,0.000000,22.002426,0.000000,0.000000,1.829562,2.721436,0.569090,46.979913
0.000000,0.000000,22.269204,0.000000,0.000000,1.375244,14.414596,0.621795,49.460609
0.000000,0.000000,22.072839,0.000000,0.000000,1.454215,16.594519,0.535153,47.842699
0.000000,0.000000,21.922335,0.000000,0.000000,1.491709,18.404562,0.528042,49.395168
0.000000,0.000000,21.942956,0.000000,0.000000,1.802259,3.134111,0.509902,51.746400
0.000000,0.000000,22.377635,0.000000,0.000000,1.681365,2.938157,0.507697,51.131380
0.000000,0.000000,21.995194,0.000000,0.000000,1.646593,4.436934,0.749692,45.219049
0.000000,0.000000,21.949378,0.000000,0.000000,2.177067,3.149179,0.592712,48.902822
0.000000,0.000000,22.720645,0.000000,0.000000,2.077061,3.190302,0.060957,47.664116
0.000000,0.000000,22.868440,0.000000,0.000000,0.761948,2.898663,0.548496,53.553046
0.000000,0.000000,21.252788,0.000000,0.000000,1.872053,7.098281,0.602407,45.461048
0.000000,0.000000,22.096254,0.000000,0.000000,2.017286,3.628835,0.495224,58.230421
0.000000,0.000000,23.142839,0.000000,0.000000,2.076300,4.115380,0.588424,51.137370
0.000000,0.000000,22.100608,0.000000,0.000000,2.218646,3.800276,0.692089,55.732468
0.000000,0.000000,24.845407,0.000000,0.000000,1.950293,3.546285,0.554216,49.222471
0.000000,0.000000,23.692822,0.000000,0.000000,1.702784,2.424727,0.608443,53.897148
0.000000,0.000000,23.331552,0.000000,0.000000,1.908171,2.775207,0.642781,52.639752
0.000000,0.000000,22.895440,0.000000,0.000000,1.920482,2.632439,0.602417,53.555889
0.000000,0.000000,22.129344,0.000000,0.000000,1.669304,2.727506,0.657599,50.777590
0.000000,0.000000,22.355835,0.000000,0.000000,2.396546,3.372272,0.666795,48.326567
0.000000,0.000000,24.155930,0.000000,0.000000,1.643781,2.375278,0.612492,53.269288
0.000000,0.000000,22.012218,0.000000,0.000000,1.798373,2.607665,0.642628,51.121214
0.000000,0.000000,23.880405,0.000000,0.000000,1.705129,2.585007,0.579305,51.116162
0.000000,0.000000,23.008235,0.000000,0.000000,1.299739,22.378243,0.705508,48.793750
0.000000,0.000000,22.927660,0.000000,0.000000,1.861913,3.636098,0.626225,57.046114
0.000000,0.000000,23.141070,0.000000,0.000000,1.825600,2.791632,0.640740,56.223784
0.000000,0.000000,22.054405,0.000000,0.000000,2.391052,2.594789,0.563726,54.559147
0.000000,0.000000,23.002982,0.000000,0.000000,1.534253,6.013070,0.600832,54.490429
0.000000,0.000000,22.709290,0.000000,0.000000,1.395859,2.185491,0.615391,52.308856
0.000000,0.000000,23.277847,0.000000,0.000000,1.582609,15.998227,0.726590,46.802072
0.000000,0.000000,21.648728,0.000000,0.000000,1.520553,2.627249,0.623826,49.141820
0.000000,0.000000,22.784466,0.000000,0.000000,1.745677,2.605373,0.593168,48.609001
0.000000,0.000000,21.117889,0.000000,0.000000,1.370359,2.773839,0.649479,45.255790
0.000000,0.000000,22.624568,0.000000,0.000000,1.662389,2.717387,0.586253,36.682302
0.000000,0.000000,22.141537,0.000000,0.000000,1.600280,2.797017,0.632825,45.733613
0.000000,0.000000,21.177653,0.000000,0.000000,1.969769,3.271180,0.690146,44.560033
0.000000,0.000000,23.924800,0.000000,0.000000,1.835153,2.876777,0.619115,56.329882
0.000000,0.000000,22.493014,0.000000,0.000000,1.769767,2.900957,0.645636,53.054923
0.000000,0.000000,23.395192,0.000000,0.000000,2.062263,3.008885,0.659608,52.797046
0.000000,0.000000,23.191204,0.000000,0.000000,2.090858,2.755177,0.635659,55.632049
0.000000,0.000000,23.480288,0.000000,0.000000,1.686923,2.794596,0.589748,54.412565
0.000000,0.000000,22.055051,0.000000,0.000000,1.581261,17.014257,0.648046,42.481615
0.000000,0.000000,22.249944,0.000000,0.000000,1.631991,2.814572,0.608421,50.712393
0.000000,0.000000,22.064501,0.000000,0.000000,2.467599,3.233857,0.900451,49.041737
0.000000,0.000000,23.282146,0.000000,0.000000,2.798949,3.605787,0.660433,55.901032
0.000000,0.000000,23.536132,0.000000,0.000000,2.461932,3.575987,0.715256,52.902481
0.000000,0.000000,21.997486,0.000000,0.000000,2.228438,3.470955,0.712792,49.873338
0.000000,0.000000,21.199267,0.000000,0.000000,2.730990,3.525181,0.696084,52.123283
0.000000,0.000000,22.857486,0.000000,0.000000,2.292348,4.158896,0.766139,50.276589
0.000000,0.000000,22.774350,0.000000,0.000000,2.983935,4.511244,0.820594,54.500980
0.000000,0.000000,22.779571,0.000000,0.000000,2.995437,4.067488,0.874646,56.491951
0.000000,0.000000,22.205642,0.000000,0.000000,2.343318,4.075750,0.799423,55.229776
0.000000,0.000000,24.576574,0.000000,0.000000,2.394298,4.035549,0.707136,55.318020
0.000000,0.000000,22.333187,0.000000,0.000000,2.649244,3.975374,0.710371,55.265368
0.000000,0.000000,22.880552,0.000000,0.000000,2.715498,4.377702,0.741810,52.505414
0.000000,0.000000,23.161208,0.000000,0.000000,2.906469,4.071635,0.693793,55.822385
0.000000,0.000000,24.665787,0.000000,0.000000,2.195110,4.527039,0.640989,53.640508
0.000000,0.000000,25.199368,0.000000,0.000000,2.108891,4.249785,0.651628,56.479696
0.000000,0.000000,22.519651,0.000000,0.000000,2.267336,3.253865,0.684827,57.565797
0.000000,0.000000,23.820891,0.000000,0.000000,2.739110,3.917684,0.641065,56.265655
0.000000,0.000000,23.805304,0.000000,0.000000,2.202601,3.664769,0.609985,58.487787
0.000000,0.000000,23.605013,0.000000,0.000000,2.708676,4.531100,0.624846,55.159162
0.000000,0.000000,23.101087,0.000000,0.000000,2.149829,4.789888,0.584819,57.490548
0.000000,0.000000,23.639704,0.000000,0.000000,2.452682,3.045786,0.545542,57.640184
0.000000,0.000000,23.191963,0.000000,0.000000,2.401257,3.150981,0.581943,57.269029
0.000000,0.000000,22.317448,0.000000,0.000000,1.997800,3.325928,0.536326,55.587854
0.000000,0.000000,22.541671,0.000000,0.000000,2.537414,3.239068,0.545325,45.379053
0.000000,0.000000,24.875566,0.000000,0.000000,1.995606,4.572256,0.636463,52.999208
0.000000,0.000000,23.726911,0.000000,0.000000,2.456482,4.102011,0.565800,57.059099
0.000000,0.000000,22.706579,0.000000,0.000000,2.356867,4.445422,0.490882,57.128962
0.000000,0.000000,22.997931,0.000000,0.000000,2.520316,2.194035,0.484487,57.002902
0.000000,0.000000,22.937995,0.000000,0.000000,1.452392,21.671974,0.466140,54.448166
0.000000,0.000000,21.623579,0.000000,0.000000,2.352589,4.153317,0.465489,56.213160
0.000000,0.000000,24.779727,0.000000,0.000000,2.029727,4.587573,0.107801,55.788432
0.000000,0.000000,23.597972,0.000000,0.000000,0.740247,4.413473,0.442691,54.279723
0.000000,0.000000,21.764665,0.000000,0.000000,1.740900,4.453684,0.412620,47.026047
0.000000,0.000000,22.803739,0.000000,0.000000,2.014908,3.153619,0.419709,53.418788
0.000000,0.000000,22.796540,0.000000,0.000000,1.723802,3.212340,0.358003,54.473091
0.000000,0.000000,21.803411,0.000000,0.000000,1.751593,4.812524,0.408006,53.015635
0.000000,0.000000,21.648689,0.000000,0.000000,1.960042,19.357802,0.376936,53.403969
0.000000,0.000000,21.552590,0.000000,0.000000,1.982742,4.680936,0.389507,53.319085
0.000000,0.000000,22.388133,0.000000,0.000000,1.995335,4.406157,0.444754,56.249124
0.000000,0.000000,23.279302,0.000000,0.000000,2.213685,4.872416,0.436166,59.936874
0.000000,0.000000,24.162492,0.000000,0.000000,1.932380,4.213557,0.355028,55.715795
0.000000,0.000000,22.075085,0.000000,0.000000,1.813625,4.827624,0.460582,55.705467
0.000000,0.000000,23.658409,0.000000,0.000000,1.726527,4.677700,0.355647,61.713427
0.000000,0.000000,22.335241,0.000000,0.000000,1.635292,7.246652,0.417809,53.982421
0.000000,0.000000,22.566280,0.000000,0.000000,1.813017,3.121055,0.413477,59.777044
0.000000,0.000000,22.506873,0.000000,0.000000,1.490275,19.359305,0.395043,53.186771
0.000000,0.000000,21.589197,0.000000,0.000000,1.286115,21.404649,0.442040,52.210891
0.000000,0.000000,21.995185,0.000000,0.000000,1.725224,3.401399,0.436851,54.573442
0.000000,0.000000,22.875442,0.000000,0.000000,1.881639,3.442392,0.429686,56.344395
0.000000,0.000000,22.817612,0.000000,0.000000,1.830441,3.209474,0.382613,51.747357
0.000000,0.000000,22.529903,0.000000,0.000000,2.029727,3.292199,0.394848,46.344194
0.000000,0.000000,22.391009,0.000000,0.000000,1.866615,4.436249,0.354756,49.759706
0.000000,0.000000,21.183482,0.000000,0.000000,2.214966,6.066899,0.417473,47.625934
0.000000,0.000000,23.198386,0.000000,0.000000,1.653541,4.441747,0.400265,54.691745
0.000000,0.000000,21.879055,0.000000,0.000000,1.761288,4.220658,0.405444,52.520627
0.000000,0.000000,21.748392,0.000000,0.000000,1.903058,8.033407,0.558949,53.218704
0.000000,0.000000,23.426673,0.000000,0.000000,2.253408,5.505372,0.444374,56.561670
0.000000,0.000000,23.551964,0.000000,0.000000,1.968955,5.162373,0.380877,56.050548
0.000000,0.000000,26.592050,0.000000,0.000000,2.107120,5.212387,0.431075,60.895807
0.000000,0.000000,21.343632,0.000000,0.000000,2.452671,5.212181,0.441910,58.566560
0.000000,0.000000,23.389523,0.000000,0.000000,3.631266,4.452436,0.474413,55.587766
0.000000,0.000000,23.033971,0.000000,0.000000,1.558311,4.445282,0.530637,58.292876
0.000000,0.000000,23.201257,0.000000,0.000000,2.081837,4.278510,0.449281,43.715284
0.000000,0.000000,22.546936,0.000000,0.000000,2.574933,4.901597,0.385404,58.449497
0.000000,0.000000,22.888740,0.000000,0.000000,2.170390,4.395203,0.422401,57.092372
0.000000,0.000000,23.487046,0.000000,0.000000,2.061058,4.146075,0.524981,57.912944
0.000000,0.000000,22.598449,0.000000,0.000000,2.659600,4.649041,0.480188,58.320028
0.000000,0.000000,22.233378,0.000000,0.000000,2.081250,5.130065,0.433659,60.901377
0.000000,0.000000,22.114363,0.000000,0.000000,2.606807,4.392803,0.508056,58.030223
0.000000,0.000000,24.056731,0.000000,0.000000,2.164506,4.704146,0.412338,60.104504
0.000000,0.000000,27.501815,0.000000,0.000000,2.550255,5.495949,0.425333,56.815932
0.000000,0.000000,23.532043,0.000000,0.000000,2.915477,6.494289,0.489937,60.567594
0.000000,0.000000,22.640668,0.000000,0.000000,2.183494,7.099378,0.484954,60.368851
0.000000,0.000000,22.553004,0.000000,0.000000,2.205770,6.060749,0.444765,58.529792
0.000000,0.000000,23.717597,0.000000,0.000000,2.273035,5.775202,0.535913,59.090388
0.000000,0.000000,22.770062,0.000000,0.000000,2.411146,5.165054,0.426635,58.199318
0.000000,0.000000,23.280234,0.000000,0.000000,2.221826,5.716903,0.539821,58.249587
0.000000,0.000000,22.034809,0.000000,0.000000,2.633882,5.183998,0.541026,61.202221
0.000000,0.000000,21.568824,0.000000,0.000000,2.784966,5.655708,0.467064,57.639265
0.000000,0.000000,23.375938,0.000000,0.000000,2.330866,5.119816,0.497124,59.332205
0.000000,0.000000,26.967455,0.000000,0.000000,2.486622,5.502690,0.525653,60.856561
0.000000,0.000000,22.955235,0.000000,0.000000,2.024604,6.531787,0.528173,54.511826
0.000000,0.000000,23.627283,0.000000,0.000000,2.156201,4.868824,0.437535,60.428059
0.000000,0.000000,23.092279,0.000000,0.000000,1.600096,25.888747,0.753969,59.789893
0.000000,0.000000,21.824156,0.000000,0.000000,23.162381,5.294795,0.468638,60.702091
0.000000,0.000000,23.808288,0.000000,0.000000,2.515202,4.891089,0.511020,63.126145
0.000000,0.000000,21.839594,0.000000,0.000000,2.221002,4.693974,0.602440,57.924147
0.000000,0.000000,22.741196,0.000000,0.000000,1.640980,4.936814,0.457803,55.972205
0.000000,0.000000,22.315060,0.000000,0.000000,2.124295,5.244586,0.537508,43.509419
0.000000,0.000000,21.326512,0.000000,0.000000,2.090630,5.667606,0.468019,47.592379
0.000000,0.000000,22.978912,0.000000,0.000000,2.227895,5.410164,0.480818,58.721074
0.000000,0.000000,21.842839,0.000000,0.000000,2.122808,7.477287,0.117170,58.208621
0.000000,0.000000,24.424677,0.000000,0.000000,1.842601,7.117823,0.486779,61.611797
0.000000,0.000000,23.205307,0.000000,0.000000,2.043418,5.312557,0.441193,60.586310
0.000000,0.000000,23.722503,0.000000,0.000000,2.018936,5.324477,0.467172,58.173015
0.000000,0.000000,22.697794,0.000000,0.000000,2.201135,4.531827,0.385371,61.387932
0.000000,0.000000,23.067269,0.000000,0.000000,2.433818,5.742372,0.376165,59.152866
0.000000,0.000000,22.292388,0.000000,0.000000,1.805352,5.192324,0.376870,60.035042
0.000000,0.000000,21.991841,0.000000,0.000000,1.756131,5.464879,0.424595,57.445532
0.000000,0.000000,21.491537,0.000000,0.000000,1.997474,5.284037,0.475347,58.310811
0.000000,0.000000,21.964516,0.000000,0.000000,2.126988,4.676766,0.419513,57.554649
0.000000,0.000000,21.903950,0.000000,0.000000,2.605363,4.871613,0.497689,57.071311
0.000000,0.000000,20.900777,0.000000,0.000000,3.213349,6.308606,0.462417,58.831199
0.000000,0.000000,22.204355,0.000000,0.000000,2.265523,4.197925,0.524905,58.543908
0.000000,0.000000,22.262049,0.000000,0.000000,1.659545,23.585346,0.587447,56.074557
0.000000,0.000000,21.889191,0.000000,0.000000,2.416380,5.174011,0.400852,58.311934
0.000000,0.000000,22.556826,0.000000,0.000000,2.619334,6.175782,0.508392,60.597466
0.000000,0.000000,22.093703,0.000000,0.000000,2.108912,5.207284,0.433909,59.527540
0.000000,0.000000,22.518916,0.000000,0.000000,2.633176,5.110275,0.618083,56.828568
0.000000,0.000000,21.902602,0.000000,0.000000,2.774263,5.753164,0.583474,60.732124
0.000000,0.000000,22.359331,0.000000,0.000000,2.310011,6.409915,0.487310,59.066408
0.000000,0.000000,24.847905,0.000000,0.000000,2.302759,5.990425,0.526077,54.747349
0.000000,0.000000,22.389217,0.000000,0.000000,2.135032,4.971467,0.552425,50.017841
0.000000,0.000000,21.911761,0.000000,0.000000,2.036154,3.879374,0.388714,57.714283
0.000000,0.000000,21.878856,0.000000,0.000000,2.054111,5.001300,0.562966,54.928796
0.000000,0.000000,21.493403,0.000000,0.000000,1.996399,4.518430,0.644431,59.379640
0.000000,0.000000,22.352568,0.000000,0.000000,2.224834,4.458983,0.554249,58.629673
0.000000,0.000000,22.052799,0.000000,0.000000,2.212881,4.257210,0.584104,59.235699
0.000000,0.000000,24.058620,0.000000,0.000000,1.364996,26.819334,0.725874,61.168730
0.000000,0.000000,22.223316,0.000000,0.000000,1.104285,24.780224,0.645940,61.731361
0.000000,0.000000,22.711091,0.000000,0.000000,1.954278,4.396408,0.572325,60.192955
0.000000,0.000000,26.604340,0.000000,0.000000,2.075573,4.238559,0.542134,62.905071
0.000000,0.000000,22.282806,0.000000,0.000000,2.200788,4.068769,0.549211,60.997920
0.000000,0.000000,22.272080,0.000000,0.000000,1.423207,25.342150,0.596523,62.158613
0.000000,0.000000,22.673508,0.000000,0.000000,2.024885,5.066513,0.564226,60.588068
0.000000,0.000000,21.365180,0.000000,0.000000,2.750702,6.503659,0.539886,59.692329
0.000000,0.000000,23.346489,0.000000,0.000000,2.280385,6.293560,0.519488,61.919246
0.000000,0.000000,22.376049,0.000000,0.000000,2.111278,5.407559,0.590357,60.963180
0.000000,0.000000,22.213805,0.000000,0.000000,2.499656,5.173543,0.651922,58.506438
0.000000,0.000000,21.639570,0.000000,0.000000,2.360198,4.634548,0.496299,59.898845
0.000000,0.000000,21.509404,0.000000,0.000000,2.038238,4.846569,0.637461,60.005538
0.000000,0.000000,21.633501,0.000000,0.000000,2.179857,5.625853,0.605338,61.232998
0.000000,0.000000,21.772351,0.000000,0.000000,2.482244,5.633746,0.597782,60.994325
0.000000,0.000000,21.443399,0.000000,0.000000,2.279810,6.391808,0.556127,63.282190
0.000000,0.000000,22.489420,0.000000,0.000000,2.171117,4.784384,0.549765,59.592616
0.000000,0.000000,23.398980,0.000000,0.000000,2.083639,5.578749,0.547801,57.759592
0.000000,0.000000,23.361310,0.000000,0.000000,2.421850,5.459669,0.501619,57.117222
0.000000,0.000000,21.760962,0.000000,0.000000,2.468044,5.483529,0.559362,60.003552
0.000000,0.000000,22.750630,0.000000,0.000000,2.214912,4.984951,0.594644,60.871489
0.000000,0.000000,22.327251,0.000000,0.000000,2.433738,5.129436,0.577080,61.063621
0.000000,0.000000,21.710102,0.000000,0.000000,2.292282,6.705106,0.492999,62.212688
0.000000,0.000000,22.652013,0.000000,0.000000,1.988159,6.349773,0.111796,61.982973
0.000000,0.000000,25.893447,0.000000,0.000000,0.737294,4.982259,0.109636,58.986517
0.000000,0.000000,22.667430,0.000000,0.000000,0.757823,22.201266,0.342728,42.455768
0.000000,0.000000,21.606024,0.000000,0.000000,1.903926,5.986527,0.564844,55.121671
0.000000,0.000000,21.984457,0.000000,0.000000,2.209473,6.093732,0.527977,56.110261
0.000000,0.000000,22.438408,0.000000,0.000000,2.088557,7.710980,0.549993,60.292685
0.000000,0.000000,22.200974,0.000000,0.000000,2.009155,6.390244,0.501618,64.482173
0.000000,0.000000,21.370317,0.000000,0.000000,1.967663,6.359608,0.485204,61.202728
0.000000,0.000000,21.966957,0.000000,0.000000,1.247738,28.324504,0.477909,61.929756
0.000000,0.000000,20.952561,0.000000,0.000000,1.546337,28.223401,0.576884,61.266750
0.000000,0.000000,23.163000,0.000000,0.000000,1.932565,5.932344,0.580869,65.135386
0.000000,0.000000,22.710126,0.000000,0.000000,1.054315,26.767767,0.464936,62.731557
0.000000,0.000000,22.419865,0.000000,0.000000,1.752310,5.548971,0.446481,61.671118
0.000000,0.000000,22.252959,0.000000,0.000000,2.324211,5.348859,0.493140,57.948595
0.000000,0.000000,23.145663,0.000000,0.000000,2.185719,6.245304,0.468539,61.198855
0.000000,0.000000,23.128944,0.000000,0.000000,2.077364,5.556276,0.410047,59.372486
0.000000,0.000000,22.212675,0.000000,0.000000,2.034667,5.702139,0.573345,59.318823
0.000000,0.000000,23.048608,0.000000,0.000000,1.972972,5.719129,0.427438,60.960563
0.000000,0.000000,21.726376,0.000000,0.000000,1.921057,6.097552,0.442247,62.285207
0.000000,0.000000,21.619590,0.000000,0.000000,1.884667,5.598638,0.501879,59.748690
0.000000,0.000000,22.288777,0.000000,0.000000,2.156516,6.450789,0.456555,45.095583
0.000000,0.000000,21.749836,0.000000,0.000000,1.278614,25.504380,1.028348,60.654323
0.000000,0.000000,22.178957,0.000000,0.000000,2.460271,5.740255,0.492608,61.129526
0.000000,0.000000,22.760096,0.000000,0.000000,2.231835,5.197015,0.488939,61.997422
0.000000,0.000000,22.609316,0.000000,0.000000,1.682863,5.313945,0.412381,57.088117
0.000000,0.000000,22.891995,0.000000,0.000000,1.727470,5.574526,0.524503,57.901837
0.000000,0.000000,21.995640,0.000000,0.000000,1.640850,6.266712,0.444091,57.902381
0.000000,0.000000,22.010242,0.000000,0.000000,1.083072,5.924624,0.495843,51.539233
0.000000,0.000000,25.496992,0.000000,0.000000,2.767714,4.620510,0.528824,44.906571
0.000000,0.000000,22.380403,0.000000,0.000000,2.006940,5.139966,0.529334,52.025817
0.000000,0.000000,23.540971,0.000000,0.000000,2.372704,5.189567,0.645017,61.014194
0.000000,0.000000,25.607138,0.000000,0.000000,2.845812,5.781932,0.638525,65.694230
0.000000,0.000000,24.341477,0.000000,0.000000,1.938362,7.199830,0.579989,61.594572
0.000000,0.000000,22.957863,0.000000,0.000000,8.803899,0.055605,0.169964,60.807601
0.000000,0.000000,20.884120,0.000000,0.000000,19.487613,0.040548,0.097771,57.986913
0.000000,0.000000,21.102398,0.000000,0.000000,19.807707,0.041688,0.091290,66.948980
0.000000,0.000000,22.665583,0.000000,0.000000,17.504012,0.044337,0.103014,61.109760
0.000000,0.000000,22.714385,0.000000,0.000000,18.168712,0.043837,0.093873,61.359188
0.000000,0.000000,23.538838,0.000000,0.000000,16.200160,0.043543,0.120178,60.988529
0.000000,0.000000,22.068604,0.000000,0.000000,17.555926,0.089824,0.098953,59.870066
0.000000,0.000000,21.201426,0.000000,0.000000,19.516772,0.042372,0.139860,61.182376
0.000000,0.000000,22.506965,0.000000,0.000000,17.420660,0.044032,0.096609,63.108146
0.000000,0.000000,21.683286,0.000000,0.000000,18.674989,0.042828,0.098074,58.169159
0.000000,0.000000,22.243453,0.000000,0.000000,20.096599,0.042273,0.086469,60.167231
0.000000,0.000000,21.712914,0.000000,0.000000,17.011091,0.063563,0.098389,59.913044
0.000000,0.000000,22.451748,0.000000,0.000000,15.942847,0.040429,0.097140,57.272605
0.000000,0.000000,21.167958,0.000000,0.000000,19.820234,0.042979,0.092201,58.465478
0.000000,0.000000,22.668188,0.000000,0.000000,19.408190,0.046833,0.092223,63.556081
0.000000,0.000000,22.113158,0.000000,0.000000,16.376110,0.049320,0.102026,57.866111
0.000000,0.000000,23.089416,0.000000,0.000000,16.248979,0.045195,0.102428,58.420700
0.000000,0.000000,25.091435,0.000000,0.000000,20.641642,0.043685,0.093178,59.900127
0.000000,0.000000,22.703145,0.000000,0.000000,20.772284,0.044684,0.091756,65.062781
0.000000,0.000000,22.922688,0.000000,0.000000,18.739930,0.042697,0.133183,54.620464
0.000000,0.000000,21.996649,0.000000,0.000000,19.498286,0.041286,0.094568,57.587823
0.000000,0.000000,22.588927,0.000000,0.000000,17.468470,0.039071,0.091712,61.704697
0.000000,0.000000,25.926970,0.000000,0.000000,20.709828,0.044174,0.103698,58.384839
0.000000,0.000000,23.581971,0.000000,0.000000,17.544659,0.040906,0.099724,63.669430
0.000000,0.000000,22.710127,0.000000,0.000000,19.502355,0.038713,0.107877,62.505132
0.000000,0.000000,22.916968,0.000000,0.000000,22.457905,0.038703,0.086882,58.983029
0.000000,0.000000,23.106353,0.000000,0.000000,20.269254,0.037204,0.086285,61.062004
0.000000,0.000000,21.865074,0.000000,0.000000,20.142737,0.039538,0.098650,57.583504
0.000000,0.000000,21.456807,0.000000,0.000000,19.368912,0.040037,0.096760,57.189785
0.000000,0.000000,22.279615,0.000000,0.000000,22.892519,0.040038,0.711240,58.198047
0.000000,0.000000,22.258727,0.000000,0.000000,6.130848,1.797298,0.421131,58.425364
0.000000,0.000000,22.609499,0.000000,0.000000,1.341449,2.468099,0.540461,32.099299
0.000000,0.000000,21.493012,0.000000,0.000000,1.787245,2.552776,0.466781,40.241116
0.000000,0.000000,22.033452,0.000000,0.000000,2.260941,2.659622,0.043370,37.967994
0.000000,0.000000,24.102771,0.000000,0.000000,2.047988,2.746916,0.389529,38.984812
0.000000,0.000000,21.336357,0.000000,0.000000,1.275074,2.931101,0.424703,36.007366
0.000000,0.000000,21.343968,0.000000,0.000000,1.917681,3.353253,0.412978,35.442836
0.000000,0.000000,21.916499,0.000000,0.000000,1.961844,2.635825,0.419492,36.061603
0.000000,0.000000,21.304603,0.000000,0.000000,1.876385,2.943271,0.372539,36.824496
0.000000,0.000000,20.874170,0.000000,0.000000,2.161977,3.198042,0.513506,35.527993
0.000000,0.000000,21.634381,0.000000,0.000000,1.883246,3.304162,0.351695,36.465419
0.000000,0.000000,20.621633,0.000000,0.000000,1.883050,2.726931,0.409504,35.857856
0.000000,0.000000,20.918310,0.000000,0.000000,1.789666,2.884995,0.341914,36.439125
0.000000,0.000000,22.008776,0.000000,0.000000,1.604677,2.875931,0.335270,36.689913
0.000000,0.000000,21.826349,0.000000,0.000000,1.541202,2.759205,0.348178,37.099374
0.000000,0.000000,22.040942,0.000000,0.000000,1.407736,2.836163,0.348058,36.680201
0.000000,0.000000,21.045130,0.000000,0.000000,1.460421,2.676177,0.371486,35.820651
0.000000,0.000000,21.265880,0.000000,0.000000,1.653758,2.682365,0.350110,35.893973
0.000000,0.000000,21.106556,0.000000,0.000000,1.614046,2.846630,0.364495,34.981289
0.000000,0.000000,21.232682,0.000000,0.000000,1.555195,3.024572,0.353769,35.814051
0.000000,0.000000,21.075540,0.000000,0.000000,1.675068,2.877569,0.357829,35.681281
0.000000,0.000000,21.747816,0.000000,0.000000,1.588197,3.043452,0.517881,36.311740
0.000000,0.000000,21.061480,0.000000,0.000000,1.804951,4.267588,0.434071,35.562255
0.000000,0.000000,22.254179,0.000000,0.000000,1.542851,3.323409,0.523819,37.157845
0.000000,0.000000,20.625651,0.000000,0.000000,1.707724,3.603248,0.466542,37.378431
0.000000,0.000000,25.520548,0.000000,0.000000,1.639547,3.683897,0.502249,41.310682
0.000000,0.000000,23.100697,0.000000,0.000000,1.812518,4.219279,0.551079,40.994924
0.000000,0.000000,22.318164,0.000000,0.000000,2.027958,5.183683,1.018685,38.711768
0.000000,0.000000,22.410931,0.000000,0.000000,2.709702,7.639492,1.251440,40.008437
0.000000,0.000000,21.447731,0.000000,0.000000,1.845955,6.018910,0.697517,40.303484
0.000000,0.000000,23.340920,0.000000,0.000000,1.950673,5.105444,0.585135,46.548833
0.000000,0.000000,22.671478,0.000000,0.000000,1.762417,5.263628,0.670018,44.527801
0.000000,0.000000,24.032142,0.000000,0.000000,1.923619,5.223483,0.631349,43.046807
0.000000,0.000000,23.856544,0.000000,0.000000,1.869339,5.211638,0.612123,42.901499
0.000000,0.000000,23.115364,0.000000,0.000000,1.711763,4.384401,0.659401,43.381795
0.000000,0.000000,22.751151,0.000000,0.000000,1.711892,4.648813,0.793062,41.726376
0.000000,0.000000,22.402897,0.000000,0.000000,1.889249,4.884423,0.605990,40.034188
0.000000,0.000000,22.500667,0.000000,0.000000,1.998353,6.182100,0.848472,40.719947
0.000000,0.000000,22.048825,0.000000,0.000000,2.331202,6.169419,0.614381,40.736785
0.000000,0.000000,22.682051,0.000000,0.000000,1.759410,4.792873,0.595698,42.713144
0.000000,0.000000,22.761051,0.000000,0.000000,1.832602,4.687906,0.684359,43.879765
0.000000,0.000000,22.638562,0.000000,0.000000,1.704228,4.719172,0.638232,41.294009
0.000000,0.000000,22.968262,0.000000,0.000000,1.865419,4.732633,0.665742,41.740553
0.000000,0.000000,22.927651,0.000000,0.000000,1.628072,4.814281,0.760820,41.558291
0.000000,0.000000,23.237841,0.000000,0.000000,1.688053,5.608831,0.702185,42.560907
0.000000,0.000000,22.693657,0.000000,0.000000,1.797449,5.989816,0.592398,41.004269
0.000000,0.000000,22.005310,0.000000,0.000000,1.690516,6.084047,0.787264,40.724628
0.000000,0.000000,21.623286,0.000000,0.000000,2.257435,6.165881,0.723854,41.617653
0.000000,0.000000,22.964832,0.000000,0.000000,1.741084,5.152147,0.671419,42.296170
0.000000,0.000000,25.512233,0.000000,0.000000,1.576810,4.795783,0.939946,47.195336
0.000000,0.000000,22.344534,0.000000,0.000000,2.184569,6.546323,0.529692,40.841062
0.000000,0.000000,21.389964,0.000000,0.000000,1.636475,5.865676,1.178661,39.047917
0.000000,0.000000,22.206867,0.000000,0.000000,1.690744,7.577623,0.661910,43.935632
0.000000,0.000000,22.510817,0.000000,0.000000,1.785356,4.784015,0.699819,41.732042
0.000000,0.000000,22.975993,0.000000,0.000000,1.767595,4.819829,0.780534,45.072508
0.000000,0.000000,23.415344,0.000000,0.000000,1.735212,5.469124,0.670116,43.309907
0.000000,0.000000,22.452326,0.000000,0.000000,1.812051,5.906876,0.746272,40.579958
0.000000,0.000000,22.646085,0.000000,0.000000,1.618552,6.482743,0.732073,41.447992
0.000000,0.000000,22.659503,0.000000,0.000000,2.001589,5.729834,0.717004,42.153500
0.000000,0.000000,22.631306,0.000000,0.000000,2.048421,6.857688,0.533872,43.331369
0.000000,0.000000,21.431382,0.000000,0.000000,1.605079,5.396647,0.472274,40.585234
0.000000,0.000000,23.643058,0.000000,0.000000,1.595742,5.355665,0.394577,44.957464
0.000000,0.000000,21.972494,0.000000,0.000000,1.674396,5.224393,0.529313,40.554251
0.000000,0.000000,22.636034,0.000000,0.000000,1.645377,5.809844,0.547551,41.319413
0.000000,0.000000,21.980083,0.000000,0.000000,1.857918,5.118578,0.455414,39.854389
0.000000,0.000000,21.261386,0.000000,0.000000,1.674971,5.220952,0.511584,40.800837
0.000000,0.000000,22.632254,0.000000,0.000000,1.809478,5.287576,0.524861,41.271439
0.000000,0.000000,23.717662,0.000000,0.000000,1.669825,5.466736,0.664232,42.315614
0.000000,0.000000,21.492859,0.000000,0.000000,2.178076,5.975453,0.688192,40.371129
0.000000,0.000000,23.029394,0.000000,0.000000,1.668078,5.155913,0.577698,41.289959
0.000000,0.000000,24.482520,0.000000,0.000000,1.788342,4.874458,0.571000,44.381655
0.000000,0.000000,22.708280,0.000000,0.000000,1.739565,5.075785,0.522647,40.701374
0.000000,0.000000,22.629572,0.000000,0.000000,1.875267,5.592041,0.456251,41.601238
0.000000,0.000000,21.621060,0.000000,0.000000,1.525199,5.308431,0.425636,40.084516
0.000000,0.000000,23.236785,0.000000,0.000000,1.574454,4.787901,0.078978,42.132443
0.000000,0.000000,22.756991,0.000000,0.000000,1.701530,4.914201,0.518250,41.121411
0.000000,0.000000,23.825235,0.000000,0.000000,1.092098,5.749233,0.419698,41.824161
0.000000,0.000000,22.863529,0.000000,0.000000,1.647320,5.260642,0.529378,40.369415
0.000000,0.000000,23.452084,0.000000,0.000000,1.756642,6.489795,0.425539,41.256522
0.000000,0.000000,22.834102,0.000000,0.000000,1.659175,5.546289,0.402817,40.229792
0.000000,0.000000,23.805021,0.000000,0.000000,1.635042,6.175163,0.376621,43.838763
0.000000,0.000000,21.255414,0.000000,0.000000,2.329824,5.331305,0.325727,39.546269
0.000000,0.000000,22.763299,0.000000,0.000000,1.509827,5.000790,0.390821,42.163839
0.000000,0.000000,22.220405,0.000000,0.000000,1.605785,5.216588,0.123586,41.276095
0.000000,0.000000,21.897305,0.000000,0.000000,1.739879,5.908406,0.065745,38.876936
0.000000,0.000000,22.169990,0.000000,0.000000,1.301302,5.152874,0.419394,39.760299
0.000000,0.000000,23.212755,0.000000,0.000000,1.069763,5.818214,0.671192,42.021197
0.000000,0.000000,22.270355,0.000000,0.000000,1.695370,6.512300,0.520845,39.675099
0.000000,0.000000,25.463663,0.000000,0.000000,1.750898,5.409133,0.582269,43.361168
0.000000,0.000000,22.894483,0.000000,0.000000,2.275608,6.239300,0.104012,42.425413
0.000000,0.000000,23.650809,0.000000,0.000000,1.877546,7.213465,0.062401,42.738309
0.000000,0.000000,23.101825,0.000000,0.000000,1.226080,4.999823,0.407268,43.464632
0.000000,0.000000,22.561206,0.000000,0.000000,1.202859,4.697893,0.507122,42.415144
0.000000,0.000000,22.772223,0.000000,0.000000,1.632881,7.244254,0.398344,39.345810
0.000000,0.000000,22.508908,0.000000,0.000000,2.146648,5.258168,0.387520,39.124835
0.000000,0.000000,21.458837,0.000000,0.000000,1.513062,4.463292,0.423932,41.634600
0.000000,0.000000,22.256969,0.000000,0.000000,1.679552,5.041436,0.407170,40.491176
0.000000,0.000000,22.914460,0.000000,0.000000,1.656754,4.734967,0.558201,40.414500
0.000000,0.000000,23.089396,0.000000,0.000000,1.874999,4.921453,0.424095,41.212958
0.000000,0.000000,22.028610,0.000000,0.000000,1.758987,4.949343,0.397541,38.965694
0.000000,0.000000,22.099963,0.000000,0.000000,1.632697,4.686799,0.771795,39.884155
0.000000,0.000000,22.853904,0.000000,0.000000,2.298449,8.939275,0.452928,40.445364
0.000000,0.000000,21.939469,0.000000,0.000000,1.531312,5.464640,0.454546,38.558914
0.000000,0.000000,24.901402,0.000000,0.000000,1.511119,5.648934,0.424388,48.931167
0.000000,0.000000,22.565685,0.000000,0.000000,1.622286,4.781398,0.481644,40.247890
0.000000,0.000000,23.139691,0.000000,0.000000,1.653074,5.044551,0.418645,46.379944
0.000000,0.000000,21.870230,0.000000,0.000000,1.579806,4.576445,0.487310,39.603526
0.000000,0.000000,22.966254,0.000000,0.000000,1.706790,5.341814,0.374699,41.532236
0.000000,0.000000,22.448732,0.000000,0.000000,1.486292,4.595585,0.500934,39.197398
0.000000,0.000000,22.209963,0.000000,0.000000,1.529619,6.195214,0.737978,40.136278
0.000000,0.000000,22.046263,0.000000,0.000000,2.386883,7.843023,0.538442,38.696335
0.000000,0.000000,22.076519,0.000000,0.000000,1.642945,5.183966,0.436438,40.571013
0.000000,0.000000,23.666724,0.000000,0.000000,1.681495,4.595672,0.578719,45.710880
0.000000,0.000000,22.675853,0.000000,0.000000,1.851525,5.077793,0.593961,40.290523
0.000000,0.000000,22.730177,0.000000,0.000000,1.663952,4.929226,0.458541,40.874900
0.000000,0.000000,22.182844,0.000000,0.000000,1.773621,4.960893,0.454687,40.439730
0.000000,0.000000,21.255350,0.000000,0.000000,1.664516,4.882046,0.841926,39.172432
0.000000,0.000000,22.385766,0.000000,0.000000,1.776085,5.084534,0.406682,41.023750
0.000000,0.000000,21.404101,0.000000,0.000000,1.796863,5.397691,0.453471,38.836420
0.000000,0.000000,22.329293,0.000000,0.000000,1.410462,5.691153,0.500109,40.457240
0.000000,0.000000,21.994486,0.000000,0.000000,1.439045,4.677994,0.534730,40.540669
0.000000,0.000000,24.306518,0.000000,0.000000,1.593474,4.707696,0.399603,43.044581
0.000000,0.000000,22.733151,0.000000,0.000000,1.451237,4.556840,0.549982,41.182581
0.000000,0.000000,22.105460,0.000000,0.000000,1.480418,5.062508,0.386945,39.965218
0.000000,0.000000,22.622961,0.000000,0.000000,1.428026,3.975830,0.420013,39.915856
0.000000,0.000000,22.208453,0.000000,0.000000,1.389564,4.780986,0.600908,39.927422
0.000000,0.000000,22.128042,0.000000,0.000000,1.188681,4.102662,0.517044,38.271369
0.000000,0.000000,22.511752,0.000000,0.000000,1.559607,4.373121,1.682570,39.493097
0.000000,0.000000,22.176296,0.000000,0.000000,2.175460,6.111915,0.464578,39.111948
0.000000,0.000000,25.083359,0.000000,0.000000,1.635031,4.907536,0.549505,42.603902
0.000000,0.000000,23.522663,0.000000,0.000000,1.516351,4.862407,0.515493,45.491358
0.000000,0.000000,22.553352,0.000000,0.000000,1.503498,4.632398,0.380280,39.978888
0.000000,0.000000,23.685625,0.000000,0.000000,1.490959,4.290712,0.809933,42.283993
0.000000,0.000000,22.237147,0.000000,0.000000,1.927137,7.258627,0.737142,39.323817
0.000000,0.000000,22.386699,0.000000,0.000000,1.455460,6.896185,0.568840,38.917624
0.000000,0.000000,23.162370,0.000000,0.000000,2.060570,5.323771,0.509913,44.578217
0.000000,0.000000,24.831782,0.000000,0.000000,1.497549,5.502126,0.528140,44.792604
0.000000,0.000000,24.554375,0.000000,0.000000,1.630613,4.537287,0.558754,44.573613
0.000000,0.000000,23.574805,0.000000,0.000000,1.650244,5.188027,0.613545,43.876262
0.000000,0.000000,22.717432,0.000000,0.000000,1.800066,4.514219,0.466401,40.812724
0.000000,0.000000,22.886251,0.000000,0.000000,1.927256,4.781257,0.434365,41.333796
0.000000,0.000000,22.274361,0.000000,0.000000,2.135955,5.090896,0.551611,39.578328
0.000000,0.000000,22.210395,0.000000,0.000000,2.515474,5.836028,0.496223,40.134411
0.000000,0.000000,22.097970,0.000000,0.000000,2.431296,6.791476,0.399658,40.316382
0.000000,0.000000,22.604638,0.000000,0.000000,2.021119,5.182228,0.494834,43.057860
0.000000,0.000000,24.611588,0.000000,0.000000,2.135282,6.419436,0.488211,45.762159
0.000000,0.000000,22.331237,0.000000,0.000000,2.071328,6.645982,0.385794,40.658861
0.000000,0.000000,21.890759,0.000000,0.000000,2.061714,5.841826,0.646559,41.488313
0.000000,0.000000,21.733812,0.000000,0.000000,2.164983,5.529602,0.992228,41.726887
0.000000,0.000000,21.818833,0.000000,0.000000,1.862727,5.584893,0.577492,40.680686
0.000000,0.000000,22.717183,0.000000,0.000000,1.980115,5.379354,0.638774,41.877668
0.000000,0.000000,22.247459,0.000000,0.000000,2.273372,5.505840,0.522104,42.108588
0.000000,0.000000,22.733509,0.000000,0.000000,1.811291,5.378204,0.476139,41.671704
0.000000,0.000000,22.950980,0.000000,0.000000,2.003101,6.135549,0.635094,42.628730
0.000000,0.000000,22.420093,0.000000,0.000000,1.915336,5.326940,0.582659,41.305896
0.000000,0.000000,21.908135,0.000000,0.000000,1.700592,5.278142,0.435461,41.873129
0.000000,0.000000,21.654411,0.000000,0.000000,1.730641,5.576219,0.565268,41.087102
0.000000,0.000000,22.101497,0.000000,0.000000,1.627877,4.992561,1.204462,40.792347
0.000000,0.000000,23.525345,0.000000,0.000000,1.865225,5.412813,0.616454,43.301463
0.000000,0.000000,22.312129,0.000000,0.000000,2.007798,6.588521,0.551231,40.260337
0.000000,0.000000,21.572641,0.000000,0.000000,2.058507,5.666292,0.438610,40.280412
0.000000,0.000000,21.613765,0.000000,0.000000,1.886296,5.917070,0.696410,42.083326
0.000000,0.000000,23.015390,0.000000,0.000000,2.750868,8.632492,0.675827,42.363397
0.000000,0.000000,21.599956,0.000000,0.000000,1.602344,5.662526,0.635767,40.635943
0.000000,0.000000,22.209147,0.000000,0.000000,1.769912,5.713245,0.424866,46.898469
0.000000,0.000000,21.993415,0.000000,0.000000,1.830778,5.896551,0.605078,41.310271
0.000000,0.000000,22.885198,0.000000,0.000000,1.735863,6.264270,0.615586,41.836502
0.000000,0.000000,22.086983,0.000000,0.000000,1.757217,6.967563,0.655330,41.660158
0.000000,0.000000,21.600867,0.000000,0.000000,1.743625,6.583385,0.131957,41.649287
0.000000,0.000000,22.868918,0.000000,0.000000,1.712924,5.756203,0.408799,43.243619
0.000000,0.000000,23.089731,0.000000,0.000000,0.854519,5.778491,0.547985,43.564243
0.000000,0.000000,22.206814,0.000000,0.000000,1.655517,5.919946,0.565952,41.217995
0.000000,0.000000,25.395162,0.000000,0.000000,1.737745,5.356970,0.549505,44.010701
0.000000,0.000000,22.807418,0.000000,0.000000,1.583312,5.181132,0.451561,41.970836
0.000000,0.000000,21.303341,0.000000,0.000000,1.463679,5.766158,0.483043,40.074019
0.000000,0.000000,22.645641,0.000000,0.000000,1.431707,5.799957,0.587946,40.754340
0.000000,0.000000,22.824570,0.000000,0.000000,1.508460,5.422453,0.527195,40.755925
0.000000,0.000000,23.168142,0.000000,0.000000,1.492414,4.842704,0.568069,41.629859
0.000000,0.000000,22.868871,0.000000,0.000000,1.502901,4.855460,0.489959,41.020782
0.000000,0.000000,22.746689,0.000000,0.000000,1.551927,4.911704,0.562271,40.847421
0.000000,0.000000,21.862098,0.000000,0.000000,1.512498,5.392251,0.425181,39.592767
0.000000,0.000000,22.603551,0.000000,0.000000,1.514560,5.083188,0.377620,41.256947
0.000000,0.000000,21.793097,0.000000,0.000000,1.331451,4.642895,0.454698,41.073140
0.000000,0.000000,22.027296,0.000000,0.000000,1.263979,5.784875,0.462157,40.536163
0.000000,0.000000,21.851307,0.000000,0.000000,1.314275,5.758841,0.366894,38.656490
0.000000,0.000000,21.277539,0.000000,0.000000,1.382576,5.104607,1.265010,39.542079
0.000000,0.000000,22.332581,0.000000,0.000000,1.192167,4.228855,0.649446,40.762612
0.000000,0.000000,22.103035,0.000000,0.000000,1.302312,5.555799,0.485150,39.721943
0.000000,0.000000,22.506127,0.000000,0.000000,1.257021,5.408589,0.569328,40.768453
0.000000,0.000000,24.071745,0.000000,0.000000,1.472895,4.410923,0.803723,43.187644
0.000000,0.000000,24.022620,0.000000,0.000000,1.591910,6.423574,0.551415,42.459578
0.000000,0.000000,24.845558,0.000000,0.000000,1.363356,4.212156,0.480612,43.081699
0.000000,0.000000,24.225078,0.000000,0.000000,1.351267,4.038731,0.610190,45.377880
0.000000,0.000000,23.581157,0.000000,0.000000,1.255316,3.489779,0.578827,40.702479
0.000000,0.000000,22.252187,0.000000,0.000000,1.532945,3.921104,0.662409,38.399917
0.000000,0.000000,22.491114,0.000000,0.000000,1.450362,4.481378,0.579076,39.178128
0.000000,0.000000,21.257669,0.000000,0.000000,1.665895,5.707941,0.626909,37.907063
0.000000,0.000000,22.280686,0.000000,0.000000,1.460356,5.045474,0.670464,39.678057
0.000000,0.000000,21.446489,0.000000,0.000000,1.394829,4.271519,0.109712,40.165671
0.000000,0.000000,23.652415,0.000000,0.000000,1.175339,2.676612,0.068101,41.429993
0.000000,0.000000,23.228907,0.000000,0.000000,11.406964,0.040820,0.079695,42.024041
0.000000,0.000000,22.826003,0.000000,0.000000,12.458018,0.040276,0.080465,38.302363
0.000000,0.000000,22.304059,0.000000,0.000000,10.840053,0.055008,0.054541,44.445458
0.000000,0.000000,21.577711,0.000000,0.000000,16.252149,0.362312,0.082561,44.353656
0.000000,0.000000,21.847670,0.000000,0.000000,20.478344,0.043055,0.120688,42.982788
0.000000,0.000000,21.538065,0.000000,0.000000,15.678978,0.052978,0.083115,48.896048
0.000000,0.000000,21.438634,0.000000,0.000000,14.413696,0.045107,0.087544,52.491012
0.000000,0.000000,23.542498,0.000000,0.000000,24.426034,0.039983,0.108963,49.947345
0.000000,0.000000,21.444561,0.000000,0.000000,36.192735,0.052620,0.085166,46.566581
0.000000,0.000000,21.311541,0.000000,0.000000,16.334157,0.044272,0.078447,55.980954
0.000000,0.000000,23.051138,0.000000,0.000000,14.718884,0.041014,0.079955,70.138890
0.000000,0.000000,22.320782,0.000000,0.000000,11.981771,0.044738,0.080661,49.083523
0.000000,0.000000,22.340235,0.000000,0.000000,12.034760,0.043815,0.090008,47.431078
0.000000,0.000000,22.217736,0.000000,0.000000,17.458406,0.043956,0.079912,44.760459
0.000000,0.000000,21.447113,0.000000,0.000000,30.416491,0.042904,0.079424,43.852485
0.000000,0.000000,20.991340,0.000000,0.000000,21.934899,0.043164,0.105956,48.324406
0.000000,0.000000,22.652295,0.000000,0.000000,14.946602,0.043295,0.083570,63.392717
0.000000,0.000000,22.368493,0.000000,0.000000,14.139242,0.039256,0.082138,54.732954
0.000000,0.000000,21.954072,0.000000,0.000000,14.360827,0.043131,0.100257,47.494250
0.000000,0.000000,21.340539,0.000000,0.000000,25.970461,0.142954,0.083603,45.409199
0.000000,0.000000,22.401541,0.000000,0.000000,15.063262,0.045964,0.113143,46.817989
0.000000,0.000000,21.842276,0.000000,0.000000,29.543322,0.042958,0.082453,58.350653
0.000000,0.000000,22.141851,0.000000,0.000000,13.573171,0.043674,0.110363,47.558279
0.000000,0.000000,21.602756,0.000000,0.000000,21.886058,0.041308,0.085850,62.274722
0.000000,0.000000,21.873855,0.000000,0.000000,11.438530,0.042828,0.080313,46.220108
0.000000,0.000000,22.920950,0.000000,0.000000,16.409336,0.043370,0.080585,55.180911
0.000000,0.000000,21.691277,0.000000,0.000000,19.447826,0.042784,0.080976,43.475202
0.000000,0.000000,23.183432,0.000000,0.000000,19.966335,0.041547,0.556333,50.393814
0.000000,0.000000,21.813332,0.000000,0.000000,11.833530,0.047822,0.438067,51.528811
0.000000,0.000000,21.689747,0.000000,0.000000,8.171822,1.874876,0.506243,51.962665
0.000000,0.000000,21.592031,0.000000,0.000000,1.553371,1.534448,0.539876,42.973529
0.000000,0.000000,21.952605,0.000000,0.000000,1.314656,1.624664,0.580651,31.356154
0.000000,0.000000,20.914358,0.000000,0.000000,1.285920,1.857723,0.571217,40.848712
0.000000,0.000000,22.199355,0.000000,0.000000,1.628779,2.005410,0.576038,36.060104
0.000000,0.000000,22.295672,0.000000,0.000000,1.616239,2.217582,0.569187,36.086154
0.000000,0.000000,22.387405,0.000000,0.000000,1.629483,2.331116,0.550645,35.506431
0.000000,0.000000,22.507908,0.000000,0.000000,1.692351,2.292652,0.574778,36.690174
0.000000,0.000000,22.374454,0.000000,0.000000,1.773382,2.212317,0.625161,36.184756
0.000000,0.000000,21.924488,0.000000,0.000000,1.761831,2.565195,0.657838,36.012859
0.000000,0.000000,21.303964,0.000000,0.000000,1.630830,2.361578,0.630253,35.596028
0.000000,0.000000,21.724952,0.000000,0.000000,1.792912,2.619259,0.543957,35.683191
0.000000,0.000000,21.661282,0.000000,0.000000,2.236775,2.878189,0.681049,36.448342
0.000000,0.000000,21.883723,0.000000,0.000000,1.802204,2.911603,0.047398,36.318318
0.000000,0.000000,22.415706,0.000000,0.000000,1.987248,3.002914,0.489894,37.327330
0.000000,0.000000,23.090773,0.000000,0.000000,1.846585,2.740435,0.547203,38.899016
0.000000,0.000000,23.288594,0.000000,0.000000,0.783270,2.478574,0.517772,39.070835
0.000000,0.000000,23.457397,0.000000,0.000000,1.648818,2.567627,0.557441,39.624576
0.000000,0.000000,22.550301,0.000000,0.000000,1.741670,2.609456,0.075505,37.476830
0.000000,0.000000,21.374420,0.000000,0.000000,1.640296,2.930038,0.451246,34.577603
0.000000,0.000000,22.132905,0.000000,0.000000,1.970909,6.925295,0.491675,36.613713
0.000000,0.000000,22.052591,0.000000,0.000000,0.993488,2.725779,0.085970,36.395863
0.000000,0.000000,22.047000,0.000000,0.000000,1.612341,2.666016,0.445351,37.132637
0.000000,0.000000,23.415448,0.000000,0.000000,1.778778,3.392824,0.119885,42.228026
0.000000,0.000000,21.706336,0.000000,0.000000,0.814058,2.560005,0.462634,35.372077
0.000000,0.000000,23.491746,0.000000,0.000000,2.214770,4.598788,0.079760,39.283899
0.000000,0.000000,23.114766,0.000000,0.000000,0.826412,2.561906,0.519227,38.548504
0.000000,0.000000,22.180053,0.000000,0.000000,1.702892,3.019708,0.050047,35.707987
0.000000,0.000000,23.037232,0.000000,0.000000,0.844965,2.517972,0.584548,39.822938
0.000000,0.000000,21.753038,0.000000,0.000000,1.819694,2.759238,0.138394,34.759129
0.000000,0.000000,23.202549,0.000000,0.000000,0.990753,3.097646,0.468019,37.988686
0.000000,0.000000,22.229535,0.000000,0.000000,2.721534,5.268622,0.106531,35.553188
0.000000,0.000000,22.578266,0.000000,0.000000,0.914781,2.429732,0.533437,36.906817
0.000000,0.000000,22.507263,0.000000,0.000000,1.805006,3.422602,0.052620,36.702523
0.000000,0.000000,24.212863,0.000000,0.000000,0.806394,2.444649,0.474207,42.887015
0.000000,0.000000,21.684385,0.000000,0.000000,1.791446,3.164186,0.051480,34.854347
0.000000,0.000000,22.672063,0.000000,0.000000,0.743168,2.541963,0.525881,38.801897
0.000000,0.000000,22.030261,0.000000,0.000000,1.727910,3.021088,0.116052,35.060626
0.000000,0.000000,22.274596,0.000000,0.000000,0.816327,2.549551,0.494258,36.912670
0.000000,0.000000,20.834761,0.000000,0.000000,2.467989,9.757816,0.063280,33.527434
0.000000,0.000000,22.346885,0.000000,0.000000,0.790055,2.729546,0.487027,37.317636
0.000000,0.000000,21.177686,0.000000,0.000000,1.675757,3.733738,0.117681,34.340701
0.000000,0.000000,23.027103,0.000000,0.000000,0.839299,2.553438,0.466336,45.378324
0.000000,0.000000,22.906773,0.000000,0.000000,2.389217,5.175790,0.108192,36.384670
0.000000,0.000000,22.529367,0.000000,0.000000,0.763935,2.475741,0.518044,37.968157
0.000000,0.000000,22.221209,0.000000,0.000000,1.738294,2.824896,0.546324,35.740827
0.000000,0.000000,23.555198,0.000000,0.000000,0.812647,2.581772,0.083690,41.822517
0.000000,0.000000,23.070028,0.000000,0.000000,1.449026,2.905155,0.534382,36.233630
0.000000,0.000000,22.029664,0.000000,0.000000,1.765054,3.014324,0.099453,36.575435
0.000000,0.000000,21.467240,0.000000,0.000000,0.749041,2.454995,0.571836,34.577907
0.000000,0.000000,22.490034,0.000000,0.000000,1.921101,3.210712,0.053966,37.065904
0.000000,0.000000,23.063037,0.000000,0.000000,0.756488,2.630702,0.479157,38.107680
0.000000,0.000000,21.920234,0.000000,0.000000,2.333124,3.162564,0.048028,34.801403
0.000000,0.000000,22.270409,0.000000,0.000000,0.937470,2.712263,0.553728,37.926297
0.000000,0.000000,21.801716,0.000000,0.000000,1.546510,2.506095,0.046236,35.105113
0.000000,0.000000,21.960769,0.000000,0.000000,0.811344,2.677241,0.576829,40.920732
0.000000,0.000000,23.194275,0.000000,0.000000,1.622167,2.368960,0.045498,36.915991
0.000000,0.000000,22.841649,0.000000,0.000000,0.774976,2.307634,0.504105,37.591656
0.000000,0.000000,23.175289,0.000000,0.000000,1.730923,4.102781,0.045042,37.274798
0.000000,0.000000,21.731913,0.000000,0.000000,0.740605,2.021629,0.481209,36.216536
0.000000,0.000000,21.699995,0.000000,0.000000,1.538597,2.351405,0.067623,34.877287
0.000000,0.000000,22.334265,0.000000,0.000000,0.789719,2.303051,0.516437,38.179331
0.000000,0.000000,21.633501,0.000000,0.000000,1.718313,10.257480,0.049504,34.182353
0.000000,0.000000,22.409878,0.000000,0.000000,0.751581,2.491308,0.575505,35.954475
0.000000,0.000000,21.782350,0.000000,0.000000,1.865203,2.403688,0.103481,34.754601
0.000000,0.000000,22.002009,0.000000,0.000000,0.871585,3.504413,0.642162,43.709010
0.000000,0.000000,23.448832,0.000000,0.000000,2.432382,2.863099,0.742592,36.491877
0.000000,0.000000,22.987662,0.000000,0.000000,0.878966,2.501274,0.579598,38.383816
0.000000,0.000000,21.535058,0.000000,0.000000,2.031269,3.354045,0.561001,35.822812
0.000000,0.000000,23.779345,0.000000,0.000000,1.887762,2.735029,0.515514,38.678040
0.000000,0.000000,22.832224,0.000000,0.000000,2.019012,2.804671,0.499980,36.472139
0.000000,0.000000,23.162675,0.000000,0.000000,2.040714,2.600705,0.523634,39.175317
0.000000,0.000000,22.505074,0.000000,0.000000,1.662193,2.572567,0.051545,37.086693
0.000000,0.000000,23.477577,0.000000,0.000000,1.886839,2.638876,0.573573,39.407798
0.000000,0.000000,22.952543,0.000000,0.000000,1.995057,4.117382,0.050437,37.833205
0.000000,0.000000,22.671825,0.000000,0.000000,0.689451,2.255861,0.555302,37.316663
0.000000,0.000000,22.687882,0.000000,0.000000,1.826516,2.298265,0.054150,36.968829
0.000000,0.000000,24.447807,0.000000,0.000000,0.765042,2.193285,0.531646,40.384547
0.000000,0.000000,22.228993,0.000000,0.000000,1.769549,2.596537,0.157522,34.954289
0.000000,0.000000,22.184739,0.000000,0.000000,0.721629,2.098415,0.626757,35.771507
0.000000,0.000000,20.595091,0.000000,0.000000,1.833036,2.631634,0.053368,34.023006
0.000000,0.000000,22.057249,0.000000,0.000000,0.729825,2.155290,0.559460,36.057305
0.000000,0.000000,21.511316,0.000000,0.000000,1.839842,2.958415,0.046030,34.318858
0.000000,0.000000,22.746481,0.000000,0.000000,0.812483,3.042366,0.524666,40.646767
0.000000,0.000000,22.304453,0.000000,0.000000,1.547584,3.720581,0.046768,35.067105
0.000000,0.000000,22.725921,0.000000,0.000000,0.741213,2.096742,0.491435,37.109134
0.000000,0.000000,21.886481,0.000000,0.000000,1.779516,2.507875,0.043012,36.568792
0.000000,0.000000,22.054698,0.000000,0.000000,0.886588,2.128377,0.491555,36.769265
0.000000,0.000000,22.155908,0.000000,0.000000,1.838246,2.543537,0.089476,34.924185
0.000000,0.000000,22.416261,0.000000,0.000000,0.766801,2.090435,0.541265,36.263625
0.000000,0.000000,22.438115,0.000000,0.000000,1.861979,3.147226,0.042469,35.041149
0.000000,0.000000,22.035927,0.000000,0.000000,0.583170,2.082424,0.509663,35.672074
0.000000,0.000000,22.167993,0.000000,0.000000,1.398063,2.177718,0.041894,34.787995
0.000000,0.000000,24.543282,0.000000,0.000000,0.569958,1.996801,0.469506,39.744035
0.000000,0.000000,22.396264,0.000000,0.000000,1.465882,2.476761,0.067764,35.586280
0.000000,0.000000,21.815124,0.000000,0.000000,0.590769,2.016060,0.471492,35.817612
0.000000,0.000000,21.503282,0.000000,0.000000,1.575159,2.000860,0.043251,34.314570
0.000000,0.000000,20.949728,0.000000,0.000000,0.521116,2.180313,0.553228,35.330165
0.000000,0.000000,21.580946,0.000000,0.000000,1.474404,2.213674,0.049135,34.754124
0.000000,0.000000,22.025983,0.000000,0.000000,0.580326,2.261387,0.520171,35.024108
0.000000,0.000000,21.706400,0.000000,0.000000,1.571169,2.440936,0.482805,33.813375
0.000000,0.000000,21.366854,0.000000,0.000000,0.564953,2.215020,0.436764,34.215247
0.000000,0.000000,21.602854,0.000000,0.000000,1.422418,1.736341,0.471949,34.015006
0.000000,0.000000,21.578653,0.000000,0.000000,1.520467,1.918126,0.435396,34.574401
0.000000,0.000000,22.084280,0.000000,0.000000,1.636736,2.132589,0.439489,34.765468
0.000000,0.000000,21.630109,0.000000,0.000000,1.668218,2.015679,0.533980,34.161389
0.000000,0.000000,21.993512,0.000000,0.000000,1.645898,1.963276,0.470820,34.931763
0.000000,0.000000,22.352860,0.000000,0.000000,1.676328,2.075551,1.875635,36.020538
0.000000,0.000000,21.965361,0.000000,0.000000,1.888185,2.422621,0.607444,35.400237
0.000000,0.000000,21.277268,0.000000,0.000000,1.851177,2.666505,0.566831,34.332732
0.000000,0.000000,21.161162,0.000000,0.000000,2.518416,2.870307,0.489231,34.625163
0.000000,0.000000,22.291448,0.000000,0.000000,2.218531,2.877624,0.555292,36.563938
0.000000,0.000000,21.433704,0.000000,0.000000,2.160164,3.059909,0.479287,36.878342
0.000000,0.000000,21.421339,0.000000,0.000000,1.993098,2.724335,0.062694,38.609211
0.000000,0.000000,23.445234,0.000000,0.000000,2.120854,2.900204,0.646874,39.697369
0.000000,0.000000,22.683278,0.000000,0.000000,1.603157,3.768749,0.053944,38.309431
0.000000,0.000000,23.584185,0.000000,0.000000,0.775290,2.701798,0.614968,39.174263
0.000000,0.000000,22.193048,0.000000,0.000000,1.757640,2.507777,0.062032,38.095341
0.000000,0.000000,22.667504,0.000000,0.000000,0.752178,2.454288,0.589162,39.422455
0.000000,0.000000,22.180574,0.000000,0.000000,1.838139,2.636618,0.063248,36.595573
0.000000,0.000000,22.755005,0.000000,0.000000,0.837486,2.731099,0.532775,37.264973
0.000000,0.000000,22.707541,0.000000,0.000000,1.878186,4.116580,0.068849,36.418404
0.000000,0.000000,23.391782,0.000000,0.000000,0.760277,2.400323,0.561609,37.752599
0.000000,0.000000,22.575553,0.000000,0.000000,1.696509,2.417618,0.053456,36.543540
0.000000,0.000000,21.622133,0.000000,0.000000,0.731692,2.194165,0.543827,37.720120
0.000000,0.000000,22.295682,0.000000,0.000000,1.954211,2.682648,0.053456,35.359549
0.000000,0.000000,22.179825,0.000000,0.000000,0.809857,2.306038,0.830927,35.904049
0.000000,0.000000,21.725128,0.000000,0.000000,1.968998,2.641394,0.139295,34.269441
0.000000,0.000000,22.493167,0.000000,0.000000,1.081882,7.126074,0.741028,36.372361
0.000000,0.000000,21.830681,0.000000,0.000000,2.735582,4.374348,0.058569,34.870968
0.000000,0.000000,22.570049,0.000000,0.000000,0.831960,2.485532,0.596544,36.611380
0.000000,0.000000,24.991245,0.000000,0.000000,2.258628,10.346577,0.057885,44.975495
0.000000,0.000000,24.323336,0.000000,0.000000,0.933942,2.457763,0.995138,42.313097
0.000000,0.000000,23.843279,0.000000,0.000000,1.833524,2.423794,0.049775,40.212348
0.000000,0.000000,24.712343,0.000000,0.000000,0.832405,2.370643,0.609463,47.590565
0.000000,0.000000,23.197784,0.000000,0.000000,2.081598,2.368145,0.056506,37.046873
0.000000,0.000000,22.937323,0.000000,0.000000,0.842392,2.257033,0.538030,36.824637
0.000000,0.000000,23.061637,0.000000,0.000000,2.184514,2.822323,0.051045,37.696960
0.000000,0.000000,23.395548,0.000000,0.000000,0.969583,2.458654,0.566093,38.180231
0.000000,0.000000,22.678860,0.000000,0.000000,2.126282,2.770767,0.059025,36.646836
0.000000,0.000000,22.509167,0.000000,0.000000,0.917810,2.660023,0.626182,37.333605
0.000000,0.000000,21.913438,0.000000,0.000000,2.133946,2.815787,0.058178,35.478522
0.000000,0.000000,21.624350,0.000000,0.000000,0.983685,3.001351,0.601853,36.010862
0.000000,0.000000,22.169783,0.000000,0.000000,2.242551,2.774306,0.054334,36.391890
0.000000,0.000000,21.397544,0.000000,0.000000,0.919829,2.765621,0.582909,36.148225
0.000000,0.000000,22.212655,0.000000,0.000000,1.979626,2.775033,0.558363,36.433198
0.000000,0.000000,21.226038,0.000000,0.000000,0.844987,2.555610,0.579099,36.155011
0.000000,0.000000,22.205141,0.000000,0.000000,1.899671,2.778746,0.571662,36.060432
0.000000,0.000000,22.604322,0.000000,0.000000,2.028175,2.976372,0.568622,37.062420
0.000000,0.000000,21.226744,0.000000,0.000000,1.945874,3.082251,0.583984,34.455407
0.000000,0.000000,21.696727,0.000000,0.000000,1.990710,3.645630,0.480134,36.489238
0.000000,0.000000,22.022846,0.000000,0.000000,2.113211,5.629012,0.577655,36.958798
0.000000,0.000000,22.214673,0.000000,0.000000,1.755361,2.992243,0.063042,37.142602
0.000000,0.000000,22.093953,0.000000,0.000000,1.772307,3.221177,0.560936,38.281009
0.000000,0.000000,21.985913,0.000000,0.000000,1.803963,8.036306,0.074495,40.269548
0.000000,0.000000,21.787887,0.000000,0.000000,0.748943,2.900357,0.901276,36.441351
0.000000,0.000000,22.633915,0.000000,0.000000,1.691688,5.261284,0.099062,37.911716
0.000000,0.000000,21.100150,0.000000,0.000000,0.804407,2.348876,0.551546,41.554067
0.000000,0.000000,22.310512,0.000000,0.000000,1.548811,3.571819,0.046095,36.154260
0.000000,0.000000,22.115362,0.000000,0.000000,0.846192,2.438352,0.652074,38.842533
0.000000,0.000000,21.957253,0.000000,0.000000,1.775021,2.798874,0.537813,35.641536
0.000000,0.000000,24.137804,0.000000,0.000000,0.819432,3.109360,0.504778,39.332122
0.000000,0.000000,22.899597,0.000000,0.000000,1.634813,2.523497,0.453167,36.272832
0.000000,0.000000,22.929506,0.000000,0.000000,1.611397,2.454452,0.442789,37.167224
0.000000,0.000000,22.915001,0.000000,0.000000,1.805549,2.804476,0.407561,37.235238
0.000000,0.000000,22.946377,0.000000,0.000000,1.618171,2.590534,0.220521,37.232427
0.000000,0.000000,22.958869,0.000000,0.000000,1.590239,2.841039,0.486430,37.297703
0.000000,0.000000,22.118585,0.000000,0.000000,2.639701,5.366859,0.051501,36.869267
0.000000,0.000000,23.526723,0.000000,0.000000,1.072651,2.739219,0.479439,37.662557
0.000000,0.000000,22.072327,0.000000,0.000000,1.791967,2.942316,0.198819,36.915763
0.000000,0.000000,22.405795,0.000000,0.000000,0.900907,2.919714,0.450084,41.918095
0.000000,0.000000,21.962149,0.000000,0.000000,1.610345,3.668450,0.113512,35.331832
0.000000,0.000000,22.429115,0.000000,0.000000,0.840124,2.674267,0.420339,38.058787
0.000000,0.000000,21.992003,0.000000,0.000000,1.610605,3.642742,0.120677,36.392151
0.000000,0.000000,23.092782,0.000000,0.000000,0.843109,2.907674,0.467422,38.975216
0.000000,0.000000,21.675253,0.000000,0.000000,1.749531,3.905525,0.094893,34.885852
0.000000,0.000000,22.110106,0.000000,0.000000,1.090585,2.863598,0.427167,37.631269
0.000000,0.000000,21.618519,0.000000,0.000000,1.735417,3.507974,0.105782,35.335318
0.000000,0.000000,22.879588,0.000000,0.000000,0.826608,2.818316,0.518814,38.820765
0.000000,0.000000,23.022608,0.000000,0.000000,1.857919,3.408618,0.054227,36.813793
0.000000,0.000000,23.464008,0.000000,0.000000,1.074127,6.757378,0.443310,38.877260
0.000000,0.000000,22.181953,0.000000,0.000000,1.948936,3.680152,0.576906,35.580698
0.000000,0.000000,23.203320,0.000000,0.000000,1.060590,3.253398,0.113392,38.286785
0.000000,0.000000,22.555003,0.000000,0.000000,1.982775,3.909694,0.446317,40.484218
0.000000,0.000000,22.919628,0.000000,0.000000,2.093333,4.125069,0.076861,38.350792
0.000000,0.000000,22.195588,0.000000,0.000000,1.044208,3.211005,0.447946,36.642060
0.000000,0.000000,22.506063,0.000000,0.000000,1.915749,3.708726,0.115347,38.561858
0.000000,0.000000,22.270032,0.000000,0.000000,1.134574,3.035353,0.000000,39.683718
0.000000,0.000000,22.933046,0.000000,0.000000,2.030302,3.931689,0.000000,37.450982
0.000000,0.000000,22.443205,0.000000,0.000000,-0.000000,0.000000,0.000000,38.500113
0.000000,0.000000,22.423079,0.000000,0.000000,-0.000000,0.000000,0.000000,36.973118
0.000000,0.000000,22.601424,0.000000,0.000000,-0.000000,0.000000,0.000000,38.473152
