#LBA time[ms], KF opt[#], KF fixed[#], MP[#], Edges[#]
0.010582,3,1,0,3934
0.001439,4,1,0,5014
0.515687,5,1,0,6089
0.549070,6,1,0,6943
0.818697,7,1,0,7802
1.725035,8,1,0,8582
1.013618,9,1,0,9497
1.224507,10,1,0,10377
1.251556,11,1,0,11181
1.688787,12,1,0,11909
2.363810,13,1,0,12740
2.969813,14,1,0,13508
2.972183,15,1,0,14245
3.714516,16,1,0,14942
5.575844,17,1,0,15709
3.659168,18,1,0,16413
3.190602,19,1,0,17060
3.499955,20,1,0,17885
3.726699,21,1,0,18549
4.230634,22,1,0,19300
5.651148,22,1,0,19910
8.859027,21,3,0,20414
8.432453,21,4,0,19921
6.321116,18,8,0,17723
5.657331,19,8,0,19291
7.122552,17,11,0,16437
3.598592,17,12,0,15534
4.777424,18,12,0,16024
4.578121,19,12,0,16749
5.390324,18,14,0,17128
4.686244,19,14,0,17869
4.574901,18,16,0,15979
4.915343,17,18,0,15236
4.527606,20,16,0,17309
4.589493,20,17,0,17162
5.054567,21,17,0,17617
5.270366,18,21,0,16742
6.639222,18,22,0,15261
2.817523,19,22,0,15783
4.566726,18,24,0,14844
5.138405,20,23,0,16157
4.789144,16,28,0,13219
3.166330,18,27,0,14468
4.498660,18,28,0,14659
3.668695,16,27,0,14736
4.190106,15,28,0,12927
5.927495,15,28,0,13199
3.740094,14,30,0,12522
5.124137,11,33,0,10475
3.732075,12,33,0,11302
2.048817,12,32,0,11373
2.833656,10,35,0,10354
2.498672,8,33,0,8893
2.209133,6,25,0,7301
1.523464,5,24,0,6162
1.091157,5,25,0,5625
0.514411,6,25,0,6215
0.760628,7,25,0,6758
1.035555,8,25,0,7488
1.093468,8,10,0,7170
1.715022,9,10,0,7820
0.916350,10,10,0,8488
1.038112,11,10,0,9111
1.097890,12,10,0,9745
1.573792,13,10,0,10413
1.550917,14,10,0,11062
2.036338,15,10,0,11637
1.874163,14,6,0,11159
2.085996,13,6,0,11065
1.542372,12,7,0,10391
1.471632,13,7,0,10799
1.692322,11,10,0,9756
1.757761,11,10,0,9809
1.211313,12,10,0,10451
1.948930,13,10,0,11005
2.316579,14,10,0,11447
3.028907,15,10,0,11927
2.326877,14,12,0,11113
2.443543,15,12,0,11601
2.888825,16,12,0,12103
2.351014,17,12,0,12575
3.242313,17,13,0,12480
2.545365,14,17,0,10461
7.169779,15,17,0,10974
2.146751,15,18,0,11105
1.874827,13,20,0,10170
1.921740,14,20,0,10678
2.141038,15,20,0,11218
2.534227,14,22,0,10745
2.606139,15,22,0,11226
2.370366,16,22,0,11639
2.627221,14,25,0,10768
2.775569,18,22,0,12497
1.852055,16,25,0,11636
4.403827,17,25,0,12176
1.833147,17,26,0,12416
3.115365,19,25,0,13507
4.176418,17,27,0,12647
5.459255,18,27,0,13280
2.116695,21,26,0,15231
2.372127,18,29,0,13356
2.934585,18,30,0,13321
3.493244,19,30,0,13812
9.876610,21,29,0,14896
5.643388,21,30,0,14846
6.267192,22,30,0,15462
3.052348,21,32,0,14821
3.171467,23,31,0,16563
4.288636,20,35,0,14902
3.184456,21,35,0,15614
5.053972,22,35,0,16325
4.870318,22,36,0,16884
3.348338,23,36,0,17572
3.613504,23,37,0,18135
3.775519,24,37,0,18433
5.885401,23,37,0,18224
5.286966,24,37,0,18907
5.452812,25,37,0,19664
5.563128,23,40,0,19051
5.671668,18,31,0,16091
3.983366,16,34,0,14953
5.878185,17,34,0,15598
10.510388,19,33,0,16832
2.914329,17,35,0,15752
5.710281,17,34,0,15611
5.123997,15,37,0,13897
6.788056,16,37,0,14314
5.457446,17,37,0,14861
5.882274,15,33,0,13094
3.809140,16,33,0,13500
7.227395,17,33,0,13949
5.794236,18,33,0,14396
8.116838,15,30,0,12201
4.134901,12,34,0,9862
2.837476,13,34,0,10291
3.666710,12,34,0,9198
2.069200,11,36,0,8652
1.538054,11,37,0,8603
1.542179,10,22,0,8812
1.923987,10,23,0,8264
1.978080,10,24,0,8065
1.334750,12,23,0,9165
1.588756,12,24,0,8902
1.995797,13,24,0,8889
1.872144,14,24,0,8929
1.644959,15,24,0,9282
1.538313,16,24,0,9817
4.012197,17,24,0,10291
2.212389,12,26,0,8141
2.127120,13,26,0,8781
1.509403,14,26,0,9422
2.041514,14,27,0,9483
2.242594,15,27,0,10247
2.068804,13,30,0,9873
2.133520,10,34,0,9255
1.967238,9,29,0,9307
1.846449,9,30,0,9787
8.099155,10,30,0,10386
2.094821,10,31,0,10365
2.311420,8,34,0,8751
2.933009,8,35,0,8721
3.920597,9,35,0,9470
1.687653,9,18,0,9255
2.850612,10,18,0,9889
1.610310,10,19,0,9834
2.357307,11,19,0,10485
2.054932,11,20,0,10337
2.355886,12,20,0,11035
2.235828,11,22,0,10331
2.591633,12,22,0,10668
2.013974,13,22,0,11117
2.797935,14,22,0,11722
4.534191,14,9,0,11567
2.604075,15,9,0,12114
1.991468,16,9,0,12949
3.663038,17,9,0,13632
5.283258,17,7,0,13839
2.565644,18,7,0,14671
4.341847,18,8,0,14846
4.224264,18,9,0,15079
2.614801,18,10,0,15560
6.678162,20,9,0,16241
10.854362,19,9,0,15519
2.989259,20,9,0,16175
9.741797,19,11,0,15427
4.326128,19,11,0,15653
4.643237,20,11,0,16453
4.386991,21,11,0,16910
4.860879,20,13,0,16026
7.244569,21,13,0,16580
11.918973,21,14,0,17255
4.938076,17,17,0,15215
4.056755,15,20,0,14103
4.450866,15,21,0,15996
4.054673,11,26,0,11399
4.979562,11,27,0,11438
11.161698,8,31,0,10917
2.773985,7,33,0,9027
2.446377,7,33,0,8862
1.845654,7,34,0,8527
2.354247,8,34,0,9072
1.347875,8,21,0,8077
1.802190,9,21,0,8484
1.509637,10,21,0,8770
1.763475,11,21,0,9357
2.339454,11,13,0,8972
4.223390,12,13,0,9555
2.217369,13,13,0,9679
2.189393,13,13,0,9655
3.835520,13,11,0,9590
1.829885,12,8,0,9037
2.238448,14,12,0,10501
1.565879,14,8,0,9976
2.226356,13,8,0,9761
2.430329,14,8,0,10371
4.097884,13,9,0,10435
1.933689,13,10,0,9967
2.097023,13,11,0,9895
2.331255,13,12,0,10321
2.228704,14,12,0,10919
2.902360,13,14,0,10103
3.222763,15,13,0,10997
2.348226,15,14,0,11059
2.873623,17,13,0,11968
2.668446,17,14,0,11990
2.300352,17,15,0,12417
3.567441,18,15,0,12644
8.327055,19,15,0,13613
15.114056,19,15,0,13358
5.409330,18,17,0,13055
7.211290,19,17,0,13617
3.825953,20,17,0,14248
2.199746,20,18,0,14427
5.645833,21,18,0,14988
8.118187,22,18,0,15418
14.448841,17,22,0,12808
3.659937,16,24,0,12418
4.991511,17,24,0,12930
3.010812,16,26,0,12239
3.048705,17,26,0,12633
7.619746,18,26,0,13113
3.190059,16,29,0,12426
7.413200,16,30,0,12381
6.604159,14,27,0,11523
3.465425,13,29,0,11777
3.319192,12,29,0,10110
5.975253,13,29,0,10855
13.670262,14,29,0,11495
2.347999,15,29,0,12174
2.631603,16,29,0,12847
3.830594,15,31,0,11973
3.398725,17,30,0,13897
4.347224,16,32,0,12517
6.491622,17,32,0,13198
2.726735,18,32,0,13683
6.078463,19,32,0,14294
4.643809,20,32,0,14901
4.670553,21,32,0,15610
4.748568,21,31,0,15704
6.112627,22,31,0,16431
3.955378,19,30,0,15275
16.687945,18,32,0,15077
3.123272,21,30,0,16876
8.010949,18,34,0,16554
8.605089,18,35,0,16280
6.129375,19,35,0,17859
2.988127,21,34,0,18885
7.794606,20,36,0,17303
8.183919,20,27,0,17112
3.878713,22,36,0,19678
5.396351,22,27,0,18169
11.844730,23,27,0,18829
3.948658,23,28,0,18924
7.478413,20,30,0,17052
4.224204,19,31,0,16675
6.227659,22,29,0,18144
17.657269,22,30,0,18271
4.995682,20,33,0,17074
3.485542,21,33,0,17652
6.375177,21,34,0,17635
3.991681,17,34,0,15023
3.442421,17,35,0,15378
5.970203,17,31,0,14275
14.823743,17,32,0,14179
2.664939,18,32,0,14773
3.956323,19,32,0,15188
5.622260,18,30,0,14384
15.114442,18,31,0,14338
2.599439,21,30,0,16275
4.794147,17,34,0,14767
4.804455,18,34,0,15244
18.253076,18,35,0,15279
5.330561,16,37,0,12587
4.973702,17,37,0,13310
2.583850,17,38,0,13479
8.239189,18,38,0,14275
4.769999,18,37,0,14246
6.846426,18,38,0,14728
4.808189,18,39,0,13884
4.149756,16,42,0,12845
5.200544,19,40,0,15361
6.532753,18,42,0,14226
3.427114,19,42,0,14869
4.552504,13,29,0,11682
5.457773,11,32,0,11129
5.496366,8,36,0,8974
2.260185,8,28,0,8747
18.050852,7,29,0,7871
2.068172,8,29,0,8400
2.009846,9,29,0,8949
2.002699,9,30,0,8649
2.016953,10,30,0,9301
1.936017,11,30,0,9908
3.461255,12,30,0,10434
1.987577,13,30,0,11091
6.083629,13,15,0,10614
8.948663,14,15,0,11088
3.342011,15,15,0,11671
8.603514,16,15,0,12382
3.276408,17,15,0,13016
5.113126,17,15,0,13019
3.357518,17,16,0,13016
4.324132,16,18,0,13303
7.187698,15,8,0,12324
3.145896,15,9,0,12347
3.487034,14,11,0,11981
7.899949,15,11,0,12757
4.608159,13,13,0,11499
8.500278,11,16,0,10615
4.168588,7,21,0,8262
3.446747,4,22,0,5850
2.041299,5,22,0,6339
1.155139,5,19,0,5765
1.363291,5,10,0,5269
1.090580,6,10,0,5845
1.085527,7,10,0,6333
1.174146,7,7,0,6075
1.492752,8,7,0,6554
1.272967,9,7,0,7296
1.420357,10,7,0,7786
1.627187,10,4,0,7789
1.925141,9,4,0,7140
1.794535,10,4,0,7519
1.513293,11,4,0,7802
1.707984,11,5,0,7543
1.819682,11,6,0,7705
1.845943,12,6,0,8112
1.856876,12,7,0,8188
19.259609,13,7,0,8812
1.211271,12,9,0,8437
17.583521,12,10,0,8534
2.147007,13,10,0,9188
2.386277,14,10,0,9774
2.630340,13,12,0,9344
4.399508,13,13,0,9613
1.535673,13,14,0,9858
3.561649,13,15,0,10207
2.304165,13,16,0,10494
4.813692,13,17,0,10919
3.007146,14,17,0,11591
1.860615,13,19,0,11278
4.148569,14,19,0,11886
3.561042,15,19,0,12551
2.515502,15,20,0,12690
4.657275,16,20,0,13307
5.612287,17,20,0,13851
5.377192,17,21,0,14006
3.057061,18,21,0,14723
5.361065,17,23,0,14370
7.396481,18,23,0,15010
3.753869,17,21,0,14339
7.817490,18,21,0,14937
3.558058,19,21,0,15676
5.497494,18,23,0,15040
5.025101,17,25,0,14363
4.892703,17,26,0,14168
7.326858,16,28,0,13639
5.957405,18,27,0,14906
5.583360,17,21,0,14517
21.733155,17,22,0,15098
4.202606,20,28,0,16360
4.145627,18,23,0,16022
4.181253,17,25,0,14677
3.955996,17,26,0,14537
6.885914,19,25,0,16021
5.181246,19,26,0,15877
21.847805,19,27,0,15815
3.083801,19,27,0,15486
7.447876,18,29,0,14519
4.802967,18,30,0,14597
8.673297,16,33,0,13848
5.763763,17,33,0,14584
5.919539,16,33,0,13692
4.072734,17,33,0,14417
7.243920,17,34,0,14317
3.449701,17,35,0,14408
5.434683,18,35,0,15056
23.332379,19,35,0,15641
23.744267,20,35,0,16173
5.107537,21,35,0,16637
6.672759,20,37,0,15944
22.623328,22,36,0,17518
5.361150,20,39,0,15936
9.533676,21,39,0,16472
24.492169,17,32,0,13830
3.938293,18,32,0,14289
6.209408,17,34,0,13658
2.817100,18,34,0,14282
8.114867,20,33,0,15632
29.183313,19,35,0,14813
5.241380,16,36,0,12603
8.130641,20,33,0,15524
6.223938,21,33,0,16199
20.704610,15,40,0,12272
4.077511,16,40,0,12894
3.180696,17,40,0,13548
5.635916,18,40,0,14183
4.094983,19,40,0,14662
31.127363,19,41,0,14713
28.729357,20,41,0,15294
5.587673,21,41,0,15968
7.904119,20,43,0,15849
24.955056,21,43,0,16605
5.622538,20,45,0,16501
4.167756,21,45,0,17437
7.103981,23,44,0,18516
6.470490,23,45,0,18487
8.979100,23,46,0,18645
10.959617,22,48,0,17418
7.229808,23,48,0,17802
9.106168,22,50,0,17102
14.308986,22,51,0,16757
5.933435,24,50,0,17642
8.757329,22,48,0,15736
9.763295,24,52,0,16125
31.602227,27,50,0,18167
7.252259,24,49,0,16766
10.496159,25,49,0,17702
4.017853,29,46,0,20060
6.658785,28,48,0,18574
12.594280,25,28,0,16156
11.669743,23,30,0,15604
6.399533,17,35,0,11727
10.236838,10,43,0,9241
7.704942,10,44,0,9860
2.918738,10,45,0,10229
2.734247,9,47,0,10198
2.965028,10,47,0,10818
4.000935,10,48,0,10937
3.147659,11,48,0,11431
5.104716,11,49,0,11234
4.111361,10,21,0,9768
3.647217,11,21,0,10684
5.691609,11,17,0,10602
3.603825,12,17,0,11236
3.168465,13,17,0,11930
5.903009,13,10,0,11859
6.370743,14,10,0,12483
9.409493,14,10,0,12525
4.855364,14,10,0,12537
7.283021,15,10,0,13177
5.750683,16,10,0,13776
9.203891,16,9,0,13694
7.226665,17,9,0,14282
6.699348,17,10,0,14127
6.949506,19,9,0,15718
4.985730,17,11,0,14113
30.409890,18,11,0,14512
33.512590,20,11,0,15643
3.549259,20,11,0,15257
25.852404,21,11,0,15398
6.525393,21,11,0,15311
5.470186,22,11,0,15904
5.648660,17,14,0,13079
5.946483,8,21,0,7036
9.122122,8,22,0,7305
2.805347,8,23,0,7441
1.648003,9,23,0,8049
2.088338,32,93,0,26104
1.760352,30,66,0,21797
6.641117,41,78,0,28162
11.428351,40,45,0,26217
8.359622,39,40,0,25858
12.112370,45,49,0,28920
35.535412,46,54,0,29859
10.780534,48,36,0,29280
30.472590,42,62,0,27698
30.208274,38,57,0,24954
6.996889,41,58,0,28057
9.009569,45,65,0,31834
9.692251,51,57,0,33956
7.573312,48,60,0,32599
8.610644,48,61,0,32440
12.347765,46,63,0,32547
8.009074,48,64,0,34623
7.356386,39,68,0,30298
18.653379,43,61,0,31126
7.057853,51,51,0,36772
16.610311,51,58,0,37041
35.452154,53,54,0,39810
10.030705,55,39,0,40572
9.386473,56,31,0,40316
13.556056,54,36,0,39875
9.904525,43,45,0,33480
9.526961,42,57,0,32415
7.502896,34,68,0,27970
40.826432,32,71,0,25479
7.780813,31,71,0,24419
6.479704,31,72,0,25031
5.468353,33,73,0,26170
12.875809,32,75,0,26103
14.775122,30,76,0,23751
34.151001,30,73,0,23864
10.643294,31,73,0,24676
9.478350,32,73,0,25503
11.369535,33,73,0,26282
6.199524,35,76,0,29504
30.092619,34,69,0,27494
12.932257,34,70,0,27755
16.702865,35,70,0,28564
13.191583,32,57,0,26614
7.440633,28,55,0,24710
7.891072,31,53,0,27015
29.521731,31,54,0,26275
13.850748,26,60,0,25175
8.379225,24,63,0,24989
42.542230,25,63,0,23736
15.845497,17,67,0,19088
9.568167,17,67,0,18734
5.095592,14,68,0,13754
7.439548,14,69,0,13956
5.163044,14,69,0,12191
7.674682,13,71,0,10339
38.108048,12,72,0,9211
6.818500,12,73,0,8802
2.487533,13,73,0,9366
8.062417,12,69,0,8835
2.830426,10,72,0,8126
7.111614,11,72,0,8727
2.234606,10,68,0,8537
2.923603,10,69,0,8708
5.954149,11,69,0,9268
3.196365,10,66,0,8770
8.073642,11,66,0,9187
3.409092,11,67,0,9541
6.890378,13,66,0,9925
3.864542,13,67,0,10230
7.971252,13,65,0,9554
3.829280,13,52,0,9423
9.194589,14,52,0,9926
7.619937,13,22,0,9058
6.295378,13,23,0,8836
3.408952,13,19,0,8986
4.711987,13,20,0,9021
2.646000,12,22,0,9305
3.352623,12,23,0,8692
9.097650,12,24,0,9022
5.419938,13,24,0,9675
3.338118,12,26,0,9657
2.758416,12,26,0,9988
4.772795,13,26,0,10451
2.854040,11,29,0,9540
5.691153,11,30,0,9362
6.331673,11,31,0,9343
7.322988,12,31,0,9938
8.405309,12,32,0,9931
7.804142,13,32,0,10388
3.852221,13,32,0,10221
6.943519,13,33,0,9904
5.280010,14,33,0,10444
8.452824,13,35,0,9726
6.842415,13,36,0,9904
6.592664,12,27,0,9527
5.541314,11,29,0,9098
4.220843,12,29,0,9649
4.151226,12,20,0,9545
3.615990,13,20,0,10260
4.889299,13,21,0,10278
4.173527,14,21,0,10806
3.980636,14,22,0,10822
3.612158,15,22,0,11466
4.707854,16,22,0,12064
8.457577,15,22,0,11939
5.237005,16,22,0,12488
5.009380,13,25,0,11031
4.953269,14,25,0,11602
3.561830,15,25,0,12091
8.611075,14,26,0,11525
5.167482,14,27,0,11708
8.821145,12,28,0,10589
4.787659,12,29,0,10718
8.471599,14,28,0,11730
5.153182,15,28,0,12386
8.656256,12,28,0,10938
6.455119,13,28,0,11392
10.358414,14,28,0,11781
4.964705,15,28,0,12063
5.447114,15,29,0,11588
3.985888,16,29,0,12041
41.691538,16,27,0,11699
10.100171,13,21,0,9469
4.529191,14,21,0,9967
2.721468,15,21,0,10721
2.532706,16,21,0,10940
8.848692,15,22,0,10214
8.928880,17,21,0,11243
4.801530,17,22,0,11670
4.001091,17,23,0,11479
8.876996,15,25,0,10189
6.549618,15,26,0,9701
3.191859,16,26,0,10210
2.610421,15,28,0,10193
7.322832,18,26,0,11476
2.598274,17,28,0,11840
6.665400,17,29,0,12608
10.930150,17,29,0,12433
2.775921,16,29,0,12256
9.203733,15,31,0,12312
6.723373,14,31,0,11447
6.577018,8,29,0,9068
7.998454,7,28,0,8041
3.428854,6,29,0,6729
2.837560,7,29,0,7293
2.824704,7,30,0,7160
3.695958,8,30,0,7699
3.209291,9,30,0,8360
4.908848,10,30,0,8860
2.384018,10,18,0,8596
8.275068,11,18,0,9280
5.117875,11,16,0,9170
6.451182,12,16,0,9864
4.473979,12,11,0,9921
7.058198,13,11,0,10554
4.069771,13,5,0,10527
7.537176,14,5,0,11049
7.861299,13,6,0,10297
8.038539,13,7,0,10783
3.977483,14,7,0,11274
5.281340,15,7,0,11784
43.302536,14,9,0,11075
4.656587,14,10,0,10823
10.039131,15,10,0,11287
5.172339,16,10,0,11783
8.328903,16,11,0,11492
3.225523,16,12,0,11181
9.152992,16,11,0,11056
6.679632,15,13,0,10559
4.116451,19,12,0,13072
2.549928,17,13,0,11864
5.807814,16,15,0,11657
8.324979,18,14,0,12633
3.909015,16,16,0,11786
8.281500,17,16,0,12532
3.369821,18,16,0,13270
8.069061,19,16,0,13962
3.314206,20,16,0,14692
32.901126,19,18,0,14432
45.297321,20,18,0,15011
6.377246,21,18,0,15588
4.032121,21,19,0,15806
5.372771,22,19,0,16323
42.154945,22,20,0,16507
5.489693,22,21,0,16638
39.777970,23,21,0,17046
6.915504,24,21,0,17511
7.732120,23,23,0,17085
6.495183,23,24,0,17047
7.956143,21,27,0,16180
8.965620,22,27,0,16863
8.025729,20,30,0,14424
4.297411,20,31,0,15517
6.291650,21,31,0,14626
3.995815,21,32,0,14307
3.963875,17,35,0,11490
8.533377,19,34,0,13553
5.011802,19,35,0,12477
5.674443,18,37,0,11845
5.310900,16,34,0,11065
7.985637,14,37,0,9827
8.065310,12,40,0,8852
3.865777,12,41,0,8848
3.605989,11,43,0,8716
3.119380,10,35,0,8578
4.697349,10,36,0,8769
5.143108,10,35,0,8995
4.537554,10,36,0,9225
4.068704,11,36,0,9927
47.655706,9,25,0,8820
5.449777,10,25,0,9517
4.106215,11,25,0,10255
4.848342,12,25,0,11030
9.396007,13,25,0,11648
5.238145,14,25,0,12337
6.969813,15,25,0,12860
4.457217,16,25,0,13360
8.864734,17,25,0,13816
8.124091,17,22,0,13682
4.556320,18,22,0,14053
44.130016,19,22,0,14715
47.426360,20,22,0,15282
7.835962,21,22,0,15819
7.599191,22,22,0,16220
47.701549,23,22,0,16705
55.508059,24,22,0,17219
10.436123,25,22,0,17813
9.753238,26,22,0,18348
7.803804,26,15,0,18140
7.984895,25,17,0,17889
6.498926,25,17,0,17005
6.013084,26,17,0,17384
6.128411,24,15,0,16800
6.625520,16,19,0,11140
5.578404,17,19,0,11432
7.175860,15,22,0,10172
8.020143,13,24,0,8888
9.078480,7,31,0,5574
4.363216,8,31,0,5998
2.464632,6,34,0,4944
2.601359,6,32,0,5083
2.046542,6,33,0,5025
8.142276,7,33,0,5873
2.190461,7,22,0,6061
5.481766,7,12,0,6096
3.302828,8,12,0,6669
2.113591,9,12,0,7242
3.313469,10,12,0,7929
3.182177,11,12,0,8605
4.478538,11,10,0,8802
4.704855,12,10,0,9503
4.988987,13,10,0,10244
3.386087,14,10,0,10808
6.334150,15,10,0,11340
7.575613,16,10,0,11873
8.483259,17,10,0,12421
54.007355,18,10,0,13030
8.979948,19,10,0,13634
58.005738,18,12,0,13978
12.058332,17,7,0,12911
14.351624,16,9,0,12200
49.464027,17,9,0,12795
48.802743,18,9,0,13370
6.377486,18,10,0,13425
5.611225,16,13,0,11906
11.543904,16,14,0,11858
5.642108,15,16,0,11409
5.016445,14,18,0,11042
6.170376,15,18,0,11882
6.356429,14,20,0,11680
9.789588,15,20,0,12363
10.007246,15,20,0,12504
5.520927,16,20,0,13098
10.553931,17,20,0,13617
8.078441,17,21,0,13581
6.304066,17,22,0,13588
43.737333,18,22,0,14102
12.162324,19,22,0,14550
6.031097,20,22,0,14933
5.502982,20,23,0,14943
13.205125,17,27,0,13277
9.705811,23,22,0,16754
6.074429,20,26,0,15046
6.414231,20,27,0,15044
7.052025,21,27,0,15589
5.677157,19,30,0,14954
10.330866,15,34,0,11586
40.251112,16,34,0,12113
10.594396,13,38,0,10744
8.566373,13,38,0,10717
6.034945,14,38,0,11176
5.035870,16,38,0,12124
53.195796,13,30,0,10546
4.664878,13,31,0,10633
5.801338,11,29,0,9207
53.513199,15,31,0,11751
4.203709,13,29,0,10495
9.935163,13,30,0,10464
5.188889,13,31,0,11015
4.526723,14,31,0,11585
8.821500,13,32,0,10063
4.973247,13,31,0,9996
53.837137,12,33,0,9726
52.441755,11,35,0,9299
51.664284,12,35,0,9799
53.608898,9,38,0,7713
6.215936,6,33,0,5393
4.353774,5,35,0,4574
2.797134,6,35,0,4780
2.070430,7,35,0,5109
5.124674,8,35,0,5544
3.430398,9,35,0,5949
2.962779,9,33,0,5859
4.416795,10,33,0,6309
3.270940,10,34,0,6466
52.492258,11,34,0,7225
5.008398,11,35,0,7495
4.843644,12,35,0,8264
3.760595,13,35,0,8837
4.747175,14,35,0,9540
6.244636,14,36,0,9866
51.866336,15,36,0,10605
4.198191,16,36,0,11418
9.847010,17,36,0,12182
3.455306,18,36,0,12545
7.745561,19,36,0,13437
8.249590,19,31,0,13886
41.543295,21,36,0,14890
45.825832,21,31,0,15446
48.030617,17,36,0,14475
13.219366,18,36,0,15221
7.079012,12,34,0,13524
43.311362,54,47,0,45058
55.132114,52,50,0,42941
64.575750,53,40,0,42500
16.958035,51,39,0,41055
14.252259,46,24,0,37448
12.739371,41,36,0,33195
20.915305,41,30,0,33587
39.755480,40,34,0,32926
25.505740,37,36,0,25009
6.615726,38,41,0,26645
8.380754,38,36,0,26159
9.219921,32,46,0,22017
10.519788,29,59,0,22449
17.448082,28,71,0,22542
15.589067,25,75,0,22043
24.126329,20,69,0,18768
12.511494,21,69,0,19682
10.843533,21,70,0,19065
9.360331,20,56,0,17438
16.424444,19,51,0,16619
61.494510,20,51,0,17097
52.632722,20,52,0,17269
46.266264,19,54,0,17394
61.679050,18,56,0,15832
63.865138,16,59,0,15744
59.761994,15,61,0,15795
50.980762,13,57,0,13737
10.145566,10,55,0,8058
8.035244,9,39,0,7465
2.881016,9,38,0,7364
3.729391,10,38,0,7877
2.598841,10,39,0,8402
5.282464,9,37,0,7112
3.855865,11,40,0,8272
2.430962,11,37,0,8427
4.696030,12,37,0,9081
4.399981,12,34,0,9228
4.924638,13,34,0,9943
4.336864,13,35,0,10221
5.799703,13,29,0,10330
10.666912,14,29,0,11005
57.982954,15,29,0,11596
5.773884,16,29,0,12124
7.069599,34,95,0,27554
8.878974,26,40,0,18989
8.795029,32,49,0,22801
9.060637,33,48,0,23061
10.789960,32,40,0,21953
9.164373,26,43,0,19148
67.296454,26,34,0,18185
18.331512,23,25,0,16638
17.439529,28,22,0,19299
24.422240,27,23,0,18758
13.152904,26,25,0,18617
15.306267,26,26,0,18569
10.452998,26,47,0,18940
9.222646,23,31,0,17670
10.342589,24,30,0,18253
20.670337,21,51,0,17125
11.432086,18,35,0,15005
14.958182,21,53,0,16815
6.197076,20,52,0,15931
17.168047,16,35,0,13374
15.611235,22,34,0,16952
6.311309,15,35,0,13812
9.852695,14,37,0,13216
8.026048,12,35,0,9424
9.514901,10,34,0,8094
10.842890,8,32,0,7226
4.003670,9,32,0,7826
3.535063,9,33,0,8178
2.413640,10,33,0,8514
3.803151,10,33,0,7890
6.707650,11,33,0,8151
6.951423,12,33,0,8384
4.196604,11,33,0,7696
5.894778,13,34,0,9128
2.883047,11,33,0,7783
9.030338,13,33,0,9085
2.814545,13,33,0,9026
5.787231,14,33,0,9792
6.499594,14,33,0,9938
6.756521,14,26,0,10028
5.885143,15,26,0,10749
10.650148,16,26,0,11554
7.135800,17,26,0,12215
10.881875,18,26,0,12884
4.535845,17,19,0,12696
12.487367,17,18,0,13097
12.794187,19,19,0,14397
7.414304,20,19,0,15072
55.882005,20,18,0,15366
10.060039,19,17,0,15858
8.267220,20,17,0,15907
41.340416,18,20,0,15476
11.606308,17,22,0,15321
9.344604,18,22,0,16157
15.850656,17,24,0,15752
12.320450,15,27,0,14583
8.046730,15,28,0,14307
48.981924,16,28,0,14845
14.736823,15,30,0,15105
7.974616,18,28,0,16125
55.339237,20,27,0,17669
14.232174,18,30,0,16831
64.644462,17,32,0,16745
61.058443,21,29,0,18129
4.907362,20,31,0,18658
64.913030,18,34,0,17409
42.013246,18,29,0,15411
9.248969,24,30,0,20471
8.095683,19,36,0,17878
18.104700,19,28,0,15374
59.151946,22,35,0,19440
8.030754,23,35,0,19915
15.863305,-1064523955,30122,30125,1079409021
45.151007,1314608619,867998112,851919216,723478651
