#Stereo rect[ms], MP culling[ms], MP creation[ms], LBA[ms], KF culling[ms], Total[ms]
6.190519,0.064550,0.552903,0.010582,0.010582,6.825616
7.582340,0.206406,2.836598,0.001439,0.001439,10.630478
8.400184,0.479275,2.848426,0.515687,0.515687,24.746450
6.870395,0.375221,4.260257,0.549070,0.549070,27.989010
6.605318,0.367861,5.029334,0.818697,0.818697,30.858980
6.831237,0.380385,6.149063,1.725035,1.725035,42.821486
7.229512,0.545750,9.121193,1.013618,1.013618,45.662823
7.596278,0.732109,9.334002,1.224507,1.224507,46.571948
7.210815,0.652112,8.913780,1.251556,1.251556,49.568765
7.031119,0.394495,8.958521,1.688787,1.688787,54.001216
6.787312,0.612294,9.956087,2.363810,2.363810,62.483847
6.936911,0.518419,9.873026,2.969813,2.969813,73.567763
6.816352,0.584191,10.594600,2.972183,2.972183,79.939493
6.963886,0.506932,10.661257,3.714516,3.714516,91.237508
7.008595,0.548695,11.461855,5.575844,5.575844,102.255723
8.747627,0.693874,12.749788,3.659168,3.659168,105.273223
6.698519,0.630256,12.085343,3.190602,3.190602,107.224068
6.979477,0.700116,12.524106,3.499955,3.499955,124.511877
7.121132,0.836493,12.834898,3.726699,3.726699,137.720743
7.447433,0.862364,13.973406,4.230634,4.230634,147.447895
7.182823,0.778546,14.057394,5.651148,5.651148,146.702061
6.793011,0.817530,13.631385,8.859027,8.859027,151.965354
7.284391,0.807142,13.275114,8.432453,8.432453,156.188742
6.908383,0.807374,13.595395,6.321116,6.321116,165.630170
7.245037,0.808101,16.279856,5.657331,5.657331,151.494386
7.136164,1.028638,14.891543,7.122552,7.122552,124.628079
6.770074,0.776498,13.759158,3.598592,3.598592,135.203710
6.774256,0.768630,14.288708,4.777424,4.777424,114.023479
6.448111,0.778820,13.313240,4.578121,4.578121,105.044764
6.764564,0.786093,14.773422,5.390324,5.390324,107.185866
6.773904,0.689613,13.764997,4.686244,4.686244,127.131196
6.602431,0.655351,13.421271,4.574901,4.574901,127.459195
6.430361,0.767654,14.234946,4.915343,4.915343,132.146545
6.956649,0.819596,13.644340,4.527606,4.527606,125.617451
6.848480,0.798772,13.379964,4.589493,4.589493,115.967016
6.963029,0.944710,13.219067,5.054567,5.054567,132.379012
6.931315,0.876684,15.481938,5.270366,5.270366,133.240608
7.045445,0.727080,15.158808,6.639222,6.639222,129.582253
6.502062,0.891256,13.230588,2.817523,2.817523,118.349806
6.856514,0.817614,13.105260,4.566726,4.566726,109.545604
6.376379,0.820283,13.321780,5.138405,5.138405,116.010950
7.010942,0.705724,12.701080,4.789144,4.789144,103.983800
6.943282,0.892288,12.705984,3.166330,3.166330,124.658746
6.617571,0.833090,12.510694,4.498660,4.498660,84.008189
6.681229,0.817408,12.646208,3.668695,3.668695,103.315758
6.793433,0.802626,12.716216,4.190106,4.190106,110.539100
6.816819,0.803680,13.070052,5.927495,5.927495,103.803745
6.865390,0.790929,13.034323,3.740094,3.740094,91.746231
7.044171,0.807837,12.928040,5.124137,5.124137,93.658861
6.572097,0.924318,13.328092,3.732075,3.732075,84.087677
6.921038,0.791964,12.940444,2.048817,2.048817,65.928520
6.719458,0.868552,13.628615,2.833656,2.833656,70.081791
8.382983,1.087836,14.567174,2.498672,2.498672,71.655219
7.190702,0.897790,11.633571,2.209133,2.209133,59.760253
6.578746,0.869538,10.136265,1.523464,1.523464,48.312009
6.829765,0.888378,8.436267,1.091157,1.091157,41.410694
6.370590,0.885143,7.331478,0.514411,0.514411,34.821430
6.430233,1.019559,6.776053,0.760628,0.760628,31.992069
6.240028,0.789471,8.265876,1.035555,1.035555,36.003540
5.994640,0.936582,8.022955,1.093468,1.093468,43.926677
6.003944,0.768446,8.997991,1.715022,1.715022,45.971970
6.117150,0.845474,9.422804,0.916350,0.916350,40.910196
6.421076,0.684105,9.700056,1.038112,1.038112,43.081425
6.622260,0.737854,9.778543,1.097890,1.097890,46.801751
6.596573,0.789531,10.253231,1.573792,1.573792,50.052906
7.117666,0.904672,10.421262,1.550917,1.550917,55.508394
7.426108,1.054857,9.492823,2.036338,2.036338,57.613363
7.271510,0.880306,11.192997,1.874163,1.874163,64.779320
7.265793,1.110810,10.518187,2.085996,2.085996,69.338843
7.627938,0.956237,10.813058,1.542372,1.542372,67.084274
7.028543,1.022421,10.885916,1.471632,1.471632,63.069833
6.141158,0.902114,12.679955,1.692322,1.692322,62.736585
6.228146,1.113694,15.005426,1.757761,1.757761,69.114900
6.535670,1.081696,15.051477,1.211313,1.211313,61.034114
6.441468,0.898836,10.866405,1.948930,1.948930,60.776552
6.441596,0.946790,11.378042,2.316579,2.316579,65.258098
6.452678,0.878329,11.189662,3.028907,3.028907,67.594099
6.527297,0.997656,11.350927,2.326877,2.326877,71.956222
6.916083,1.084768,11.944682,2.443543,2.443543,76.863396
6.927752,1.044588,12.068220,2.888825,2.888825,70.794192
6.810086,1.018666,12.190529,2.351014,2.351014,77.644819
7.256044,0.983218,12.197069,3.242313,3.242313,72.612781
7.443327,1.084693,12.588178,2.545365,2.545365,82.383789
7.337371,0.999862,12.568129,7.169779,7.169779,84.966790
7.129487,1.069620,11.813495,2.146751,2.146751,62.581549
7.489621,1.171775,12.006875,1.874827,1.874827,67.594031
7.341360,1.072682,11.793834,1.921740,1.921740,65.746346
7.248306,1.084490,11.693953,2.141038,2.141038,60.271957
6.735077,1.298907,12.485666,2.534227,2.534227,63.725333
7.022615,1.183864,11.730499,2.606139,2.606139,67.316287
7.385614,1.311199,12.178660,2.370366,2.370366,65.026408
7.210680,1.013997,11.888811,2.627221,2.627221,65.653490
6.830842,1.148383,13.356833,2.775569,2.775569,72.662335
7.482995,1.075045,12.990425,1.852055,1.852055,67.680075
7.497810,1.408914,13.762428,4.403827,4.403827,79.796119
7.318484,0.916007,12.829526,1.833147,1.833147,68.267178
7.181578,1.107701,14.054662,3.115365,3.115365,74.459892
7.375737,1.083495,13.388332,4.176418,4.176418,76.544472
7.928094,0.839270,13.745087,5.459255,5.459255,92.458905
7.399591,1.059260,14.169909,2.116695,2.116695,77.380876
7.853047,0.900382,13.613319,2.372127,2.372127,82.273136
7.269430,1.053652,13.697195,2.934585,2.934585,116.513650
8.916385,0.909525,13.377784,3.493244,3.493244,92.957892
7.261995,0.867470,12.939834,9.876610,9.876610,96.147086
7.426648,1.089536,13.314589,5.643388,5.643388,96.137553
7.924141,1.016618,13.089176,6.267192,6.267192,115.321895
7.873790,0.952965,13.830649,3.052348,3.052348,118.563759
7.676185,0.983601,13.473463,3.171467,3.171467,122.824290
8.215867,1.061875,14.608527,4.288636,4.288636,109.449009
7.438451,1.264490,14.408159,3.184456,3.184456,134.949810
8.530059,0.888988,13.812816,5.053972,5.053972,112.057648
7.762720,0.945642,14.014847,4.870318,4.870318,133.875565
7.912032,0.896069,13.397929,3.348338,3.348338,135.044516
7.372767,1.181157,14.062206,3.613504,3.613504,136.472873
7.638386,1.165655,13.251592,3.775519,3.775519,138.685109
7.993265,0.964738,12.601120,5.885401,5.885401,137.510152
7.730003,0.918040,14.087126,5.286966,5.286966,153.127914
7.742019,1.115384,13.740787,5.452812,5.452812,144.322213
7.735251,1.188390,13.810853,5.563128,5.563128,149.358532
7.985546,1.142630,13.931776,5.671668,5.671668,155.149040
7.282747,1.131506,14.301478,3.983366,3.983366,148.681123
7.614080,0.939493,14.216121,5.878185,5.878185,128.045874
7.839213,0.945580,13.617385,10.510388,10.510388,106.399885
8.011198,0.904983,13.044994,2.914329,2.914329,116.053668
7.184450,1.073449,14.252286,5.710281,5.710281,138.049502
7.436885,1.278493,13.942867,5.123997,5.123997,137.545701
7.719920,1.011681,13.575183,6.788056,6.788056,123.258895
7.471401,1.072147,14.267836,5.457446,5.457446,92.713443
7.086209,1.250547,14.159060,5.882274,5.882274,100.298961
7.206188,1.127733,13.687928,3.809140,3.809140,110.888873
8.257809,1.474071,14.226788,7.227395,7.227395,92.060130
6.783374,0.969877,13.905319,5.794236,5.794236,94.967847
7.081537,1.144944,20.536081,8.116838,8.116838,133.000452
7.272822,1.271514,13.012843,4.134901,4.134901,130.682952
7.117117,1.177304,12.253400,2.837476,2.837476,88.591757
6.814587,1.243671,12.276812,3.666710,3.666710,69.084561
7.204466,1.352069,12.458080,2.069200,2.069200,61.669058
6.940903,1.241833,12.586225,1.538054,1.538054,56.498114
7.513069,1.009126,11.877798,1.542179,1.542179,54.249136
8.058893,1.295741,12.871746,1.923987,1.923987,59.007788
7.119206,0.993211,13.140685,1.978080,1.978080,54.794415
7.491158,1.152950,11.930294,1.334750,1.334750,52.425623
7.208795,1.329414,12.474684,1.588756,1.588756,52.679776
7.615183,1.354363,12.483625,1.995797,1.995797,58.496279
6.824287,1.541141,12.589817,1.872144,1.872144,56.468981
7.234227,1.453287,12.951100,1.644959,1.644959,57.825902
6.487137,1.082620,18.102354,1.538313,1.538313,64.531625
6.781959,1.052652,12.468517,4.012197,4.012197,62.058323
6.682071,1.044955,12.758146,2.212389,2.212389,61.404858
8.153391,0.945790,13.688674,2.127120,2.127120,71.812074
9.875483,1.113951,13.690482,1.509403,1.509403,57.256444
6.323634,0.910772,12.925160,2.041514,2.041514,61.449477
6.837064,0.924053,13.400294,2.242594,2.242594,66.018289
7.777357,0.990397,12.482270,2.068804,2.068804,59.725006
6.984447,1.014134,12.972529,2.133520,2.133520,62.194023
9.286879,0.856468,13.026654,1.967238,1.967238,64.278068
6.647537,0.995240,11.211347,1.846449,1.846449,59.887024
6.763055,0.988861,11.223843,8.099155,8.099155,62.042248
6.357967,0.913820,10.432048,2.094821,2.094821,55.368042
7.433147,0.938804,12.051435,2.311420,2.311420,62.295956
9.459377,0.689161,12.750584,2.933009,2.933009,75.941287
6.207229,0.763086,9.937192,3.920597,3.920597,58.576745
6.174611,0.627073,9.538162,1.687653,1.687653,46.608020
7.872282,1.057280,11.556224,2.850612,2.850612,69.172822
9.086162,0.735945,10.265931,1.610310,1.610310,56.975929
6.372034,0.747817,10.568284,2.357307,2.357307,70.639874
6.559470,0.925376,9.709379,2.054932,2.054932,55.417152
6.846730,0.927561,10.899234,2.355886,2.355886,58.902374
7.130281,0.852807,11.690331,2.235828,2.235828,59.214551
7.651771,0.790960,12.252327,2.591633,2.591633,66.776644
8.394575,0.776069,12.820061,2.013974,2.013974,61.637191
5.862025,0.816660,12.111780,2.797935,2.797935,77.013865
6.307910,0.744758,13.646157,4.534191,4.534191,83.887964
6.703670,0.628802,12.235874,2.604075,2.604075,76.488503
6.683703,0.717540,13.077816,1.991468,1.991468,68.801614
7.943054,0.571384,14.184329,3.663038,3.663038,74.925185
11.929313,0.505423,15.179091,5.283258,5.283258,96.192468
6.978256,0.571280,19.604275,2.565644,2.565644,106.474796
7.027840,0.522763,13.365375,4.341847,4.341847,100.409591
6.895114,0.602897,13.810502,4.224264,4.224264,110.028833
6.867128,0.641085,13.224336,2.614801,2.614801,106.737889
8.314240,0.816440,15.776235,6.678162,6.678162,119.151657
7.691130,0.698024,14.111792,10.854362,10.854362,112.115231
8.292417,0.783657,15.033195,2.989259,2.989259,133.418280
11.039780,0.849433,14.951387,9.741797,9.741797,132.879699
7.308116,0.830708,13.730684,4.326128,4.326128,133.522775
6.893159,0.916459,13.272945,4.643237,4.643237,125.166687
7.447462,0.786372,12.830845,4.386991,4.386991,117.088401
7.344561,0.965529,13.481541,4.860879,4.860879,131.885450
8.273013,1.284783,14.709383,7.244569,7.244569,143.151687
7.349735,1.017134,21.351496,11.918973,11.918973,138.406043
7.227515,1.130475,12.349714,4.938076,4.938076,132.443025
7.886800,0.886379,13.576991,4.056755,4.056755,143.556641
7.073707,0.940042,22.104611,4.450866,4.450866,128.343023
7.041662,0.868468,11.583928,4.054673,4.054673,110.596561
6.744928,0.974524,11.813398,4.979562,4.979562,112.176154
6.919678,0.938465,10.942390,11.161698,11.161698,73.689878
7.031269,0.982003,11.449340,2.773985,2.773985,66.825400
7.910832,1.018894,11.921286,2.446377,2.446377,62.972887
7.067112,0.970544,11.395880,1.845654,1.845654,53.350855
8.147534,1.060086,11.040713,2.354247,2.354247,55.665627
7.602042,0.972197,10.891398,1.347875,1.347875,53.122306
12.336123,1.128928,10.690045,1.802190,1.802190,62.411118
6.455612,1.466634,8.568862,1.509637,1.509637,47.254473
6.938910,1.602113,9.913300,1.763475,1.763475,52.353926
8.528781,1.167645,11.066271,2.339454,2.339454,56.762932
6.774555,1.143773,10.247571,4.223390,4.223390,62.466785
7.071289,1.242672,11.090495,2.217369,2.217369,56.188231
6.806789,1.421229,12.818280,2.189393,2.189393,60.870013
6.345757,1.349697,10.626128,3.835520,3.835520,67.000809
6.406331,1.135323,10.872012,1.829885,1.829885,57.889760
7.962589,1.258359,11.468725,2.238448,2.238448,61.348806
7.666202,1.463900,11.884561,1.565879,1.565879,58.197079
7.735306,1.051651,12.176638,2.226356,2.226356,65.469657
6.941009,1.320306,20.333695,2.430329,2.430329,76.348978
6.851718,1.118491,11.647859,4.097884,4.097884,65.124086
6.777118,1.038658,12.566619,1.933689,1.933689,63.651624
7.091361,1.110206,11.903246,2.097023,2.097023,62.681193
8.002382,1.135232,13.532258,2.331255,2.331255,70.460905
7.135099,1.416770,13.818356,2.228704,2.228704,65.569979
6.602523,1.138348,21.705324,2.902360,2.902360,81.758614
6.857091,1.278684,12.076322,3.222763,3.222763,73.783692
7.132219,1.314232,12.531658,2.348226,2.348226,63.743212
6.964965,1.160792,12.772811,2.873623,2.873623,68.679516
8.008697,1.253057,13.804606,2.668446,2.668446,70.315733
6.974587,0.987654,19.778853,2.300352,2.300352,111.023408
6.397010,1.067765,13.325034,3.567441,3.567441,85.381497
7.054210,0.945508,13.032617,8.327055,8.327055,86.731414
7.260801,0.967258,13.048970,15.114056,15.114056,95.464902
8.786025,0.857957,14.496270,5.409330,5.409330,104.264987
7.625316,1.480372,15.148016,7.211290,7.211290,103.693980
7.269240,1.049796,23.186043,3.825953,3.825953,113.473719
7.284578,0.990351,13.387144,2.199746,2.199746,112.110260
6.968743,1.028313,13.454662,5.645833,5.645833,110.559130
8.840861,0.994666,12.644049,8.118187,8.118187,124.297861
9.196806,1.151267,13.855532,14.448841,14.448841,123.800272
8.839975,1.143713,14.348805,3.659937,3.659937,149.090200
7.889650,1.056271,13.953121,4.991511,4.991511,86.180466
8.074499,1.038748,12.879359,3.010812,3.010812,81.668560
13.176252,1.239703,14.312101,3.048705,3.048705,105.293174
6.308102,1.168324,13.275769,7.619746,7.619746,89.225852
7.724724,1.227250,13.215256,3.190059,3.190059,82.235088
8.351012,1.132148,14.185293,7.413200,7.413200,94.496452
8.736845,0.888812,14.279377,6.604159,6.604159,86.745289
16.189952,0.905598,16.054886,3.465425,3.465425,95.101405
7.298925,0.861273,13.301862,3.319192,3.319192,91.081770
6.751601,0.913699,13.308184,5.975253,5.975253,85.868308
7.026639,0.924623,12.912172,13.670262,13.670262,74.114327
7.648783,1.185642,13.571781,2.347999,2.347999,68.510090
8.142665,1.113089,13.692084,2.631603,2.631603,73.694277
8.055742,1.178788,14.591151,3.830594,3.830594,83.720418
7.198524,0.997312,25.429140,3.398725,3.398725,116.396479
6.508604,1.110054,12.836297,4.347224,4.347224,91.325890
7.057136,1.001853,12.940553,6.491622,6.491622,105.915649
7.454277,1.025854,14.514275,2.726735,2.726735,86.232900
8.031284,1.277432,14.540876,6.078463,6.078463,97.569598
6.877663,1.089460,22.664665,4.643809,4.643809,120.125336
6.976168,1.034703,25.698990,4.670553,4.670553,130.536223
7.325408,0.814483,13.621628,4.748568,4.748568,129.419954
7.357609,1.001804,13.783770,6.112627,6.112627,130.780341
8.508060,0.987689,14.901522,3.955378,3.955378,142.954105
7.236459,0.995234,25.077212,16.687945,16.687945,164.058849
7.282269,0.867107,13.641123,3.123272,3.123272,130.294016
7.717146,0.952024,12.997687,8.010949,8.010949,126.125760
16.705454,0.930492,13.993891,8.605089,8.605089,165.781889
6.891533,0.995837,13.495989,6.129375,6.129375,131.980416
6.982820,1.062536,12.721148,2.988127,2.988127,126.822839
7.055678,0.989629,12.602906,7.794606,7.794606,143.577090
8.656430,1.155479,14.331685,8.183919,8.183919,163.353291
8.834930,1.161245,14.356789,3.878713,3.878713,151.879938
15.804987,0.919555,14.646817,5.396351,5.396351,155.729229
7.208399,0.938182,12.892423,11.844730,11.844730,184.387979
7.247151,0.966527,13.504906,3.948658,3.948658,147.197589
7.227117,1.186832,14.371036,7.478413,7.478413,154.497346
8.351168,1.126281,14.962560,4.224204,4.224204,161.175244
8.087027,1.152784,14.143375,6.227659,6.227659,149.513960
19.220509,0.841202,15.312127,17.657269,17.657269,152.967751
8.084215,0.978179,13.460192,4.995682,4.995682,142.271644
7.318608,0.908218,12.373119,3.485542,3.485542,144.648950
7.188787,1.056824,15.385156,6.375177,6.375177,148.390226
16.861297,1.342363,13.947723,3.991681,3.991681,162.541418
7.387666,0.927452,12.236713,3.442421,3.442421,138.343117
7.144713,0.973845,11.757214,5.970203,5.970203,110.128166
7.990882,0.921314,13.555733,14.823743,14.823743,122.433781
7.202224,1.121944,15.073303,2.664939,2.664939,103.782247
7.002958,0.989044,24.648280,3.956323,3.956323,125.623928
6.678402,0.941620,12.862106,5.622260,5.622260,108.131101
7.456360,0.944630,14.295919,15.114442,15.114442,122.363371
7.374590,1.134942,14.266599,2.599439,2.599439,102.702029
6.667320,0.850203,12.603948,4.794147,4.794147,112.529062
6.979833,0.765083,13.121103,4.804455,4.804455,132.281395
7.617283,0.799224,13.473596,18.253076,18.253076,115.730484
6.948591,0.837496,15.525206,5.330561,5.330561,112.535725
6.817257,0.877730,13.670470,4.973702,4.973702,126.027190
7.077622,0.973623,14.901785,2.583850,2.583850,79.638495
7.450572,1.036194,15.355079,8.239189,8.239189,92.294504
7.103138,0.734740,28.404567,4.769999,4.769999,123.149637
7.357446,0.727303,14.437051,6.846426,6.846426,109.361099
8.510004,0.784836,15.349355,4.808189,4.808189,106.025901
7.006556,0.877556,13.651570,4.149756,4.149756,130.808598
7.882688,1.316596,15.293656,5.200544,5.200544,99.060577
6.989588,1.026120,13.527138,6.532753,6.532753,107.476394
6.645690,1.151792,27.784524,3.427114,3.427114,136.794325
8.860088,1.373228,15.011485,4.552504,4.552504,109.723091
7.186549,1.002155,13.591568,5.457773,5.457773,121.381300
6.543290,1.004659,13.118584,5.496366,5.496366,85.511773
7.296374,0.941770,12.979075,2.260185,2.260185,67.853462
6.617757,0.976870,10.416530,18.050852,18.050852,72.097791
21.976110,0.868741,10.172835,2.068172,2.068172,71.934668
6.423961,0.856765,9.451847,2.009846,2.009846,47.894172
7.358966,1.214345,11.437512,2.002699,2.002699,53.915603
6.867424,1.061328,11.120836,2.016953,2.016953,58.801256
7.016527,1.058031,10.630485,1.936017,1.936017,52.290606
18.374779,1.147026,14.007107,3.461255,3.461255,79.726341
7.367685,0.967003,11.850175,1.987577,1.987577,61.512209
19.546563,0.929762,13.079357,6.083629,6.083629,89.767174
6.683302,0.924593,11.541231,8.948663,8.948663,90.698452
7.884113,1.065961,12.345953,3.342011,3.342011,71.995736
6.927526,0.889035,11.679857,8.603514,8.603514,87.033709
7.769473,1.263642,13.221478,3.276408,3.276408,74.116326
7.036485,0.761130,11.899107,5.113126,5.113126,98.227045
7.660895,0.836650,12.555204,3.357518,3.357518,91.093471
18.896133,0.696661,13.455397,4.324132,4.324132,114.462677
6.445936,0.884955,13.094485,7.187698,7.187698,97.597094
17.937597,1.328081,14.433698,3.145896,3.145896,113.083587
6.916615,1.019001,13.234615,3.487034,3.487034,79.767774
6.881612,1.058109,13.145451,7.899949,7.899949,87.028865
7.524764,0.880722,15.016160,4.608159,4.608159,85.617457
6.932601,0.984695,13.312976,8.500278,8.500278,102.614990
25.385956,1.005950,13.735244,4.168588,4.168588,125.901779
7.290246,0.952016,18.212022,3.446747,3.446747,90.581739
18.851903,0.946637,10.020483,2.041299,2.041299,67.096995
25.153084,1.227098,7.178547,1.155139,1.155139,60.318708
6.457752,17.026030,7.233145,1.363291,1.363291,59.134675
17.331288,1.492455,6.681391,1.090580,1.090580,51.842590
7.195328,1.770606,7.480203,1.085527,1.085527,37.365146
6.076855,1.203437,6.789184,1.174146,1.174146,36.773176
6.820856,1.216178,8.968683,1.492752,1.492752,45.097663
6.281098,1.244860,6.942720,1.272967,1.272967,38.465728
7.033882,1.287242,7.013562,1.420357,1.420357,55.315113
7.610489,1.300130,9.165853,1.627187,1.627187,49.643686
19.586658,1.121858,8.519199,1.925141,1.925141,67.335967
6.476446,1.301302,8.864782,1.794535,1.794535,49.073213
6.864979,1.457893,11.377305,1.513293,1.513293,52.831041
6.399883,1.336216,8.825500,1.707984,1.707984,47.482336
7.089991,1.768490,10.994127,1.819682,1.819682,53.371510
6.999985,1.216560,9.643085,1.845943,1.845943,48.401993
6.912742,1.200072,12.100286,1.856876,1.856876,55.035023
6.379321,1.093317,10.573757,19.259609,19.259609,69.145887
6.920085,1.106188,12.797074,1.211271,1.211271,57.338695
6.658251,1.166318,11.575399,17.583521,17.583521,71.934176
7.597042,1.874376,16.220868,2.147007,2.147007,69.907429
6.620096,1.071187,11.693904,2.386277,2.386277,57.250817
8.224892,1.136658,11.662193,2.630340,2.630340,61.198355
7.013413,1.014889,11.050537,4.399508,4.399508,66.129994
7.871883,1.221330,11.656974,1.535673,1.535673,59.861485
25.649122,1.299218,12.311765,3.561649,3.561649,92.677959
7.080554,1.041341,11.655900,2.304165,2.304165,61.960930
21.437818,0.906834,12.389973,4.813692,4.813692,90.141487
6.752478,0.952475,12.222179,3.007146,3.007146,75.774411
7.886604,0.852738,12.750017,1.860615,1.860615,68.286798
23.909141,0.873198,12.767366,4.148569,4.148569,104.668423
6.243034,1.004786,12.192618,3.561042,3.561042,89.330162
6.678406,1.013328,13.430305,2.515502,2.515502,72.397643
7.468626,0.940645,14.193505,4.657275,4.657275,91.957527
6.856100,0.796726,12.697842,5.612287,5.612287,93.270886
7.437475,0.872297,13.094003,5.377192,5.377192,91.619512
7.220795,1.143035,15.574703,3.057061,3.057061,97.220675
6.726009,0.799633,13.739141,5.361065,5.361065,113.316898
7.087064,0.741494,14.027963,7.396481,7.396481,123.746746
7.531569,0.832115,16.180436,3.753869,3.753869,106.532572
6.697047,0.841289,13.028296,7.817490,7.817490,112.471910
7.346317,0.851784,15.046774,3.558058,3.558058,104.097244
7.252993,0.978498,12.244685,5.497494,5.497494,126.087576
7.481652,1.024952,13.171751,5.025101,5.025101,139.670137
21.514822,0.829182,13.201399,4.892703,4.892703,135.237225
6.918576,1.017451,12.908870,7.326858,7.326858,107.364624
7.897005,1.025272,16.121996,5.957405,5.957405,113.118016
6.794642,1.045041,13.493555,5.583360,5.583360,106.940721
8.529215,1.227654,14.228414,21.733155,21.733155,126.942862
6.603621,1.028366,12.718350,4.202606,4.202606,112.853423
6.770734,1.082398,12.320430,4.145627,4.145627,116.895939
7.192402,1.090168,15.618525,4.181253,4.181253,156.107966
6.752837,19.482191,13.456357,3.955996,3.955996,142.226680
6.914959,1.127169,13.608658,6.885914,6.885914,123.337238
8.593622,1.103051,14.652574,5.181246,5.181246,107.490483
23.946882,1.101076,14.058175,21.847805,21.847805,160.257171
6.747168,1.085836,13.329737,3.083801,3.083801,132.461148
7.272968,1.257288,14.006331,7.447876,7.447876,153.501107
23.838178,0.880810,14.007459,4.802967,4.802967,140.740476
7.739602,1.014261,13.536981,8.673297,8.673297,107.467796
8.484346,1.062713,14.098547,5.763763,5.763763,108.631700
7.053756,0.960541,15.626116,5.919539,5.919539,101.975497
7.455853,1.055159,13.207829,4.072734,4.072734,130.979087
7.465053,1.103728,12.788692,7.243920,7.243920,94.716485
8.005913,1.051277,14.414319,3.449701,3.449701,116.098914
7.521555,1.079295,12.587288,5.434683,5.434683,116.714661
7.294598,1.240126,12.606988,23.332379,23.332379,123.286639
7.577150,1.182277,13.643395,23.744267,23.744267,146.788736
7.310250,1.032598,12.527105,5.107537,5.107537,132.722043
7.779769,1.195594,13.295954,6.672759,6.672759,155.409662
23.757226,1.074501,13.553551,22.623328,22.623328,171.512808
7.529588,1.276005,12.814995,5.361150,5.361150,135.183087
7.733887,1.731224,15.144087,9.533676,9.533676,163.634335
7.215766,1.385965,34.825774,24.492169,24.492169,172.036717
7.107477,1.277705,12.976855,3.938293,3.938293,137.483140
8.398142,1.253109,14.393673,6.209408,6.209408,101.841077
24.441803,0.981433,13.669920,2.817100,2.817100,130.049591
6.774775,1.129790,13.362705,8.114867,8.114867,105.575861
7.922611,1.540124,14.682678,29.183313,29.183313,137.807983
7.279340,0.910141,13.060094,5.241380,5.241380,136.890690
8.023995,0.839008,13.005784,8.130641,8.130641,135.008502
8.449372,1.001376,14.431739,6.223938,6.223938,88.669374
8.030082,1.071774,14.147593,20.704610,20.704610,147.129628
6.959266,1.072035,13.148610,4.077511,4.077511,136.560134
6.914109,1.054749,13.772347,3.180696,3.180696,79.507791
7.498268,1.206384,14.490163,5.635916,5.635916,98.064343
6.710577,1.122119,13.061396,4.094983,4.094983,107.492975
7.866070,1.197214,14.268243,31.127363,31.127363,137.122029
7.510873,1.087277,16.104770,28.729357,28.729357,141.383625
7.412513,0.991239,12.585487,5.587673,5.587673,120.180532
7.554725,1.027525,13.113179,7.904119,7.904119,150.000542
7.583257,1.016515,14.158852,24.955056,24.955056,151.129531
7.277985,0.977758,13.107170,5.622538,5.622538,135.565202
8.446128,0.942470,14.136431,4.167756,4.167756,164.536813
7.655220,0.993312,15.041235,7.103981,7.103981,156.754482
7.257592,1.082248,13.049769,6.470490,6.470490,143.594684
8.452040,1.220283,15.694438,8.979100,8.979100,167.056404
27.278582,1.362071,14.176892,10.959617,10.959617,200.979683
7.439229,1.014615,13.194885,7.229808,7.229808,155.746799
7.873936,1.652425,15.897083,9.106168,9.106168,170.956312
7.403146,1.295606,34.257426,14.308986,14.308986,199.573214
6.894154,1.085417,13.061728,5.933435,5.933435,140.062405
7.769378,1.189466,15.103768,8.757329,8.757329,164.976446
6.692398,1.162556,14.501285,9.763295,9.763295,165.426085
30.409736,1.049589,14.683437,31.602227,31.602227,184.301819
26.227209,0.794170,14.680436,7.252259,7.252259,190.536183
7.085177,0.837298,16.488478,10.496159,10.496159,165.801275
7.334765,0.820750,15.209670,4.017853,4.017853,158.754539
6.636298,0.699265,14.421547,6.658785,6.658785,144.530559
10.629336,1.148677,16.556210,12.594280,12.594280,204.920320
22.392574,0.644505,14.905167,11.669743,11.669743,196.494543
7.633118,0.787370,14.053395,6.399533,6.399533,153.866392
17.419314,3.229282,21.342128,10.236838,10.236838,193.605805
8.187847,0.824257,12.908006,7.704942,7.704942,87.383957
7.531914,0.860722,14.418212,2.918738,2.918738,68.219895
6.605942,0.816567,12.520501,2.734247,2.734247,61.420009
8.031084,1.521405,14.618646,2.965028,2.965028,70.242664
7.051971,0.899050,11.831586,4.000935,4.000935,72.236889
8.086081,1.299424,14.295066,3.147659,3.147659,70.710537
6.768433,0.846432,13.050630,5.104716,5.104716,72.816719
25.456293,0.717983,13.006691,4.111361,4.111361,108.116655
7.891740,0.725746,12.737380,3.647217,3.647217,70.493895
6.641483,0.748928,11.186492,5.691609,5.691609,76.664852
29.950580,1.019710,11.360878,3.603825,3.603825,107.245701
7.096396,1.010419,12.047845,3.168465,3.168465,69.087820
6.459319,1.042291,10.623697,5.903009,5.903009,82.656401
7.377125,1.248291,12.652111,6.370743,6.370743,81.590724
6.893926,1.061195,11.107331,9.409493,9.409493,90.084434
25.386779,1.215811,12.436485,4.855364,4.855364,119.260141
7.413455,1.213626,12.323628,7.283021,7.283021,90.696153
28.697814,0.898778,12.474477,5.750683,5.750683,140.572601
7.153386,1.107330,12.786924,9.203891,9.203891,109.544023
7.367167,1.315314,14.209790,7.226665,7.226665,107.737120
7.250763,1.031761,12.738313,6.699348,6.699348,117.619503
7.102562,1.209867,15.242856,6.949506,6.949506,107.942734
7.463287,1.134704,13.167152,4.985730,4.985730,131.639962
25.059464,1.196705,12.976972,30.409890,30.409890,175.826044
7.779208,1.395585,12.535574,33.512590,33.512590,134.266693
31.043792,1.098921,12.129534,3.549259,3.549259,141.374093
6.800507,1.160489,13.901624,25.852404,25.852404,148.890667
6.613791,1.104864,12.863071,6.525393,6.525393,144.381510
6.733964,1.125915,12.974881,5.470186,5.470186,128.317560
6.619786,0.850361,13.216638,5.648660,5.648660,129.719714
7.770931,0.836591,13.770584,5.946483,5.946483,134.468103
7.258679,0.821250,13.116379,9.122122,9.122122,100.789358
6.280729,0.889961,11.890941,2.805347,2.805347,71.665262
25.271843,0.869700,11.415640,1.648003,1.648003,73.072002
27.147028,1.010484,10.790438,2.088338,2.088338,74.776368
7.583345,1.161609,10.266297,1.760352,1.760352,52.750576
10.357680,0.966199,21.272012,6.641117,6.641117,229.779914
32.809403,1.167884,22.094465,11.428351,11.428351,278.586461
11.283034,1.162867,22.071536,8.359622,8.359622,356.093290
10.958550,1.204743,26.308846,12.112370,12.112370,353.210219
11.080126,1.531652,23.684850,35.535412,35.535412,390.009056
12.029800,1.861231,37.681542,10.780534,10.780534,361.714378
10.161834,1.188427,55.079454,30.472590,30.472590,387.948960
9.623824,1.447475,21.580261,30.208274,30.208274,309.417635
30.097548,0.951855,23.892094,6.996889,6.996889,284.221915
8.761384,1.269064,19.024975,9.009569,9.009569,230.953684
8.862146,0.964872,21.723581,9.692251,9.692251,253.892774
30.880134,1.258066,21.686715,7.573312,7.573312,311.038870
9.585037,1.289401,23.895695,8.610644,8.610644,337.882895
9.526502,1.009124,22.173280,12.347765,12.347765,309.043988
9.195714,1.166285,19.001385,8.009074,8.009074,317.999905
8.524612,1.191154,19.249631,7.356386,7.356386,312.382563
33.002974,0.980720,24.026917,18.653379,18.653379,360.616882
31.373900,1.378557,20.964859,7.057853,7.057853,305.185603
10.650305,1.599756,22.409807,16.610311,16.610311,309.502919
9.751660,1.114350,21.360944,35.452154,35.452154,402.756029
10.515147,1.078732,25.253768,10.030705,10.030705,363.410816
9.880246,1.292445,21.909161,9.386473,9.386473,399.247882
10.009001,0.922073,19.408091,13.556056,13.556056,382.020924
31.289222,1.160698,23.220656,9.904525,9.904525,422.534168
9.641960,1.124433,19.994712,9.526961,9.526961,429.472385
9.264413,1.071889,20.122851,7.502896,7.502896,316.764326
28.722933,0.909089,22.030111,40.826432,40.826432,349.720878
9.504550,0.937757,21.752773,7.780813,7.780813,239.866682
29.550980,0.822651,20.813611,6.479704,6.479704,262.847687
9.806462,1.316145,20.853446,5.468353,5.468353,214.885691
33.219648,0.794324,21.117186,12.875809,12.875809,270.840156
8.984269,1.003888,19.999336,14.775122,14.775122,261.279299
9.522982,0.911476,19.877155,34.151001,34.151001,261.108656
9.043525,0.909057,19.598293,10.643294,10.643294,209.694828
9.937198,0.819469,19.501268,9.478350,9.478350,202.382729
12.020872,1.092357,20.251673,11.369535,11.369535,220.202749
9.112357,0.735211,19.050779,6.199524,6.199524,227.400663
8.793250,0.690836,17.368410,30.092619,30.092619,248.006197
32.530579,1.066670,19.873038,12.932257,12.932257,300.794890
10.280900,0.996568,18.558474,16.702865,16.702865,244.690094
8.963783,1.098625,17.057870,13.191583,13.191583,273.991646
26.011485,0.861063,17.224615,7.440633,7.440633,273.810185
9.416151,1.176755,17.423097,7.891072,7.891072,225.518023
8.080008,0.998913,15.108116,29.521731,29.521731,251.162858
9.043376,1.276578,16.250845,13.850748,13.850748,232.845575
27.434993,0.939091,15.906320,8.379225,8.379225,261.470717
6.511537,0.854897,15.653688,42.542230,42.542230,246.373280
7.051136,1.262393,40.494055,15.845497,15.845497,248.558890
7.714984,1.211232,17.874069,9.568167,9.568167,205.731720
7.198311,1.203556,14.943727,5.095592,5.095592,154.334874
7.099340,1.462453,14.523408,7.439548,7.439548,154.147257
6.975741,27.152925,14.425991,5.163044,5.163044,138.951591
7.072797,1.341947,16.949942,7.674682,7.674682,105.686541
6.762137,1.357224,14.401250,38.108048,38.108048,116.015452
6.888147,1.464611,13.698199,6.818500,6.818500,88.166265
7.110679,1.520052,15.766506,2.487533,2.487533,69.899817
6.419937,1.443319,13.564091,8.062417,8.062417,88.854161
7.422079,1.204763,15.329428,2.830426,2.830426,70.145820
6.827123,1.571390,12.892764,7.111614,7.111614,89.539997
7.587842,1.716514,13.666444,2.234606,2.234606,60.151737
7.404701,1.837896,14.654342,2.923603,2.923603,66.348750
7.363445,1.306094,10.963190,5.954149,5.954149,94.042179
7.384986,1.262265,13.585998,3.196365,3.196365,65.439705
6.436988,1.388056,11.865511,8.073642,8.073642,89.633103
8.183870,1.403964,12.722161,3.409092,3.409092,66.176274
7.592748,1.273913,10.885865,6.890378,6.890378,88.508853
7.166173,1.324435,12.684838,3.864542,3.864542,69.884148
6.653728,1.463173,11.417613,7.971252,7.971252,99.576584
7.140034,1.606553,13.233758,3.829280,3.829280,74.690817
6.864089,1.322027,11.406620,9.194589,9.194589,95.532600
7.305698,1.349188,14.409813,7.619937,7.619937,83.567359
7.168506,1.458459,11.679272,6.295378,6.295378,96.585969
33.060762,1.288449,12.569242,3.408952,3.408952,109.665721
30.449096,1.311006,12.238134,4.711987,4.711987,99.733880
7.445422,1.359432,14.003245,2.646000,2.646000,68.608889
7.392294,1.550071,11.535186,3.352623,3.352623,63.846277
7.273537,1.421406,11.189060,9.097650,9.097650,97.305823
6.984880,1.387769,13.394079,5.419938,5.419938,67.119306
33.941889,1.243601,12.100450,3.338118,3.338118,110.774483
7.172402,1.333537,11.814704,2.758416,2.758416,69.575783
36.342268,1.019595,11.964229,4.772795,4.772795,125.983778
7.762986,1.470160,12.054527,2.854040,2.854040,69.077727
7.175794,1.456177,13.027981,5.691153,5.691153,81.660868
6.979899,1.470339,11.825976,6.331673,6.331673,100.409974
6.572218,1.451288,11.932976,7.322988,7.322988,107.291333
7.129264,1.409519,11.215258,8.405309,8.405309,96.745022
7.031608,1.301866,11.472048,7.804142,7.804142,111.271919
6.280160,1.569932,43.250889,3.852221,3.852221,122.246145
7.952251,1.656840,12.647158,6.943519,6.943519,82.177541
6.805465,1.430569,11.621108,5.280010,5.280010,101.852372
7.053728,1.380087,13.230388,8.452824,8.452824,89.205561
7.361522,1.179237,11.662786,6.842415,6.842415,97.598052
7.623340,1.255646,13.710091,6.592664,6.592664,77.984209
6.597543,1.457770,11.727981,5.541314,5.541314,97.328529
7.169026,1.170515,13.857559,4.220843,4.220843,71.281838
7.038431,1.097114,44.388299,4.151226,4.151226,124.331598
7.486957,1.243841,12.311393,3.615990,3.615990,69.222714
37.285035,1.082304,12.202415,4.889299,4.889299,117.430636
7.174440,1.116123,11.956551,4.173527,4.173527,73.758326
39.530651,1.291056,14.910940,3.980636,3.980636,132.242008
7.125201,1.552199,13.404585,3.612158,3.612158,76.673611
33.440410,1.275572,12.464919,4.707854,4.707854,126.895863
7.127959,1.122402,11.734265,8.457577,8.457577,86.167678
31.938010,1.091574,12.845638,5.237005,5.237005,143.105605
6.930891,1.112328,11.842571,5.009380,5.009380,123.819217
7.157506,1.293958,43.116728,4.953269,4.953269,143.607781
7.751248,1.226015,13.721394,3.561830,3.561830,84.667512
7.158988,1.760703,12.217098,8.611075,8.611075,87.791274
35.000237,1.209336,12.308750,5.167482,5.167482,139.454308
7.938347,1.204697,12.057528,8.821145,8.821145,85.704264
35.658863,1.113234,12.869880,4.787659,4.787659,134.158909
7.867888,1.196725,12.620914,8.471599,8.471599,84.063549
34.704771,1.493652,12.543640,5.153182,5.153182,133.110338
6.984115,1.200123,12.305381,8.656256,8.656256,118.959827
7.942886,1.171687,13.840354,6.455119,6.455119,99.889577
6.928040,1.321139,11.932182,10.358414,10.358414,109.447229
7.269302,1.493914,13.509509,4.964705,4.964705,92.598648
6.914457,1.395237,12.319029,5.447114,5.447114,108.131168
6.999840,1.677492,14.121328,3.985888,3.985888,97.061198
6.930034,1.285187,12.203435,41.691538,41.691538,119.579102
6.710040,1.467121,11.921860,10.100171,10.100171,105.617087
34.479909,1.584407,12.328486,4.529191,4.529191,135.720396
38.517810,1.717871,12.645622,2.721468,2.721468,130.820437
6.833462,32.172110,12.443006,2.532706,2.532706,128.180927
7.090900,1.589879,13.682047,8.848692,8.848692,88.482186
6.955470,1.382129,11.902173,8.928880,8.928880,116.939754
7.073704,1.498168,14.657406,4.801530,4.801530,81.765211
6.942128,1.166006,12.631784,4.001091,4.001091,101.387733
6.807791,1.433503,14.213976,8.876996,8.876996,96.031321
6.910915,1.362256,13.261116,6.549618,6.549618,106.813697
7.463170,1.065053,17.350159,3.191859,3.191859,79.154517
8.237307,1.009736,14.703465,2.610421,2.610421,72.392620
6.850821,1.050960,14.122938,7.322832,7.322832,113.230094
30.963699,1.117231,13.747309,2.598274,2.598274,115.215281
7.877598,0.834520,17.576566,6.665400,6.665400,98.133417
6.986901,0.982590,12.873765,10.930150,10.930150,112.908299
36.607065,0.941414,13.582934,2.775921,2.775921,141.922591
7.442232,1.092952,12.470433,9.203733,9.203733,113.840534
8.311693,1.261605,12.022645,6.723373,6.723373,93.620254
6.964142,1.400202,11.417375,6.577018,6.577018,97.668866
6.733788,1.401781,11.544771,7.998454,7.998454,115.183409
6.824395,1.172852,10.485516,3.428854,3.428854,59.646401
37.679051,1.014266,9.685170,2.837560,2.837560,100.600326
6.922248,1.246615,10.254582,2.824704,2.824704,52.739918
6.630666,1.164941,10.308805,3.695958,3.695958,56.170919
7.771916,0.987813,9.139878,3.209291,3.209291,52.206152
6.539362,1.205045,41.458905,4.908848,4.908848,106.388613
6.535226,1.008242,10.697858,2.384018,2.384018,57.128495
6.360339,1.058672,11.099059,8.275068,8.275068,99.682082
6.665131,1.324839,47.351584,5.117875,5.117875,122.708924
37.912646,0.942925,11.878926,6.451182,6.451182,124.563935
6.856587,1.263134,12.251560,4.473979,4.473979,73.714188
7.702556,1.238029,14.056790,7.058198,7.058198,88.897199
39.430086,1.340419,10.482924,4.069771,4.069771,123.952885
7.554660,1.534587,11.772096,7.537176,7.537176,80.449905
6.816023,1.110254,10.597662,7.861299,7.861299,112.378939
7.070174,1.469708,13.007774,8.038539,8.038539,91.872116
6.966300,1.260973,11.477910,3.977483,3.977483,113.301219
35.520753,1.203460,11.700417,5.281340,5.281340,123.057865
6.774318,1.357413,12.542374,43.302536,43.302536,121.565623
7.540098,41.129976,12.630814,4.656587,4.656587,145.990215
7.792156,1.540755,14.190225,10.039131,10.039131,91.641386
6.526334,1.386713,45.561635,5.172339,5.172339,131.459790
6.745997,1.254452,13.573717,8.328903,8.328903,83.737563
6.527719,1.461689,50.120501,3.225523,3.225523,142.067953
7.002946,1.395356,14.495061,9.152992,9.152992,98.259686
6.847122,1.181976,13.246209,6.679632,6.679632,114.519013
37.199405,1.095752,13.176842,4.116451,4.116451,133.108096
7.217995,1.035463,12.169933,2.549928,2.549928,73.184530
43.378101,1.196904,14.258990,5.807814,5.807814,156.959693
7.055339,1.400163,14.783271,8.324979,8.324979,97.963987
6.637317,1.062992,45.391900,3.909015,3.909015,140.517293
7.990848,1.085865,14.077208,8.281500,8.281500,100.854575
7.165818,35.930275,14.630387,3.369821,3.369821,142.775632
6.967150,1.041968,13.885692,8.069061,8.069061,99.416881
6.886338,1.098894,45.237680,3.314206,3.314206,149.660375
7.784122,0.998868,13.935747,32.901126,32.901126,145.071487
40.504242,1.035829,13.848246,45.297321,45.297321,213.137437
7.616798,1.138620,14.451238,6.377246,6.377246,172.254272
7.148146,1.244080,50.919539,4.032121,4.032121,171.234386
8.108297,1.088707,13.704766,5.372771,5.372771,175.477191
40.689803,1.225735,13.698382,42.154945,42.154945,212.051530
9.776968,1.535806,17.858146,5.489693,5.489693,183.796959
7.174064,1.152817,49.722144,39.777970,39.777970,217.825367
8.197978,1.713476,13.951423,6.915504,6.915504,190.208082
39.978669,1.568381,14.356548,7.732120,7.732120,232.258576
7.530204,1.379412,14.735644,6.495183,6.495183,184.893749
6.735504,1.229876,13.233852,7.956143,7.956143,155.212922
7.118439,1.321544,13.073876,8.965620,8.965620,155.518544
7.274855,1.474624,13.021654,8.025729,8.025729,147.759577
6.932198,1.304151,12.644433,4.297411,4.297411,146.464674
6.602410,1.443559,47.041834,6.291650,6.291650,160.473927
45.015030,1.670829,14.439567,3.995815,3.995815,170.940428
39.704750,1.725341,13.482186,3.963875,3.963875,165.816675
7.739919,1.318072,14.193602,8.533377,8.533377,174.438459
6.829598,1.532821,14.254769,5.011802,5.011802,88.426014
6.410936,1.796999,45.831186,5.674443,5.674443,155.151707
39.413539,1.475302,12.938538,5.310900,5.310900,149.697135
7.556841,1.246592,14.218229,7.985637,7.985637,106.313190
6.946890,1.559128,13.532949,8.065310,8.065310,89.612161
7.411796,1.319640,14.039222,3.865777,3.865777,80.429604
8.078592,1.196363,13.035128,3.605989,3.605989,66.850983
6.993503,1.460950,13.933558,3.119380,3.119380,69.931598
6.731622,1.959218,49.340381,4.697349,4.697349,125.165997
6.550084,38.062864,12.012115,5.143108,5.143108,124.768382
41.451496,1.192602,11.860032,4.537554,4.537554,117.476238
6.793678,1.281303,14.071546,4.068704,4.068704,69.390734
6.747210,1.274764,12.116845,47.655706,47.655706,110.590181
37.775233,1.083487,13.400388,5.449777,5.449777,127.453772
8.460957,1.377677,12.779334,4.106215,4.106215,69.541870
42.609417,1.289805,12.713800,4.848342,4.848342,128.355817
7.356644,1.222300,13.723603,9.396007,9.396007,90.826448
7.279313,1.155858,51.666449,5.238145,5.238145,143.357154
7.980084,1.752457,13.796047,6.969813,6.969813,97.599323
7.094055,1.078071,12.457810,4.457217,4.457217,115.283937
6.989022,2.061037,14.108134,8.864734,8.864734,112.117765
6.734169,1.315202,12.674913,8.124091,8.124091,127.155287
40.897775,1.411840,14.048343,4.556320,4.556320,162.171287
7.327491,1.367821,14.765669,44.130016,44.130016,162.821428
7.493247,1.616714,14.712220,47.426360,47.426360,162.650477
7.074585,1.362274,12.621939,7.835962,7.835962,151.732323
7.537137,1.415524,12.773651,7.599191,7.599191,147.588986
7.251047,1.556645,53.098586,47.701549,47.701549,223.706826
6.896139,1.270652,51.506156,55.508059,55.508059,233.304488
7.867438,1.217169,14.012128,10.436123,10.436123,191.081912
6.831356,1.328515,13.598936,9.753238,9.753238,159.526463
43.660906,1.214469,14.182447,7.803804,7.803804,249.447400
45.659247,1.057860,14.539354,7.984895,7.984895,254.126315
7.041594,1.228468,15.035471,6.498926,6.498926,192.145488
7.208480,1.268096,13.250337,6.013084,6.013084,170.976508
7.185159,1.448456,15.125858,6.128411,6.128411,180.738262
6.912759,1.144631,13.744900,6.625520,6.625520,162.062669
7.375382,1.262919,14.580732,5.578404,5.578404,184.468805
6.714286,1.372059,13.101328,7.175860,7.175860,127.486302
6.524620,1.341223,16.572259,8.020143,8.020143,120.705413
6.843594,1.427800,13.684144,9.078480,9.078480,124.970384
6.735958,1.205948,15.054289,4.363216,4.363216,72.141351
6.257855,1.160104,10.505633,2.464632,2.464632,45.996155
6.219949,1.153425,10.706333,2.601359,2.601359,52.489031
6.273764,1.106120,9.768695,2.046542,2.046542,47.799880
6.375244,0.941921,45.756720,8.142276,8.142276,92.208942
6.268458,1.023246,8.141728,2.190461,2.190461,41.326348
6.656008,0.970666,8.580379,5.481766,5.481766,52.327494
6.736148,1.194229,7.720108,3.302828,3.302828,49.348427
6.879580,1.223754,7.809239,2.113591,2.113591,48.234522
6.325412,1.139776,8.743050,3.313469,3.313469,51.324144
42.703355,1.073254,10.552958,3.182177,3.182177,113.085891
7.456217,1.453229,11.758476,4.478538,4.478538,63.477116
6.862438,0.995179,48.922008,4.704855,4.704855,128.801865
6.867188,1.107122,13.567523,4.988987,4.988987,85.652944
6.577548,1.197307,52.297261,3.386087,3.386087,135.025661
7.050016,1.612944,14.046491,6.334150,6.334150,101.309239
6.711089,1.171872,11.240312,7.575613,7.575613,126.970705
6.586448,1.452501,51.370020,8.483259,8.483259,155.212761
7.394849,1.305574,14.418369,54.007355,54.007355,180.738924
7.241129,1.165686,12.531165,8.979948,8.979948,161.162430
7.230679,1.141760,57.936513,58.005738,58.005738,238.825015
8.425507,1.207471,15.023172,12.058332,12.058332,195.165564
7.402179,1.287016,13.630834,14.351624,14.351624,154.185587
7.094517,46.337961,15.403809,49.464027,49.464027,230.722714
7.846551,1.454890,16.094077,48.802743,48.802743,165.795770
6.910857,1.288362,13.640039,6.377486,6.377486,132.518781
7.181482,1.315811,15.202600,5.611225,5.611225,117.208520
6.914503,1.080847,13.027641,11.543904,11.543904,132.888185
43.193421,1.003522,13.971981,5.642108,5.642108,148.509743
7.452631,1.149445,14.869026,5.016445,5.016445,98.389190
6.836630,0.967496,13.447520,6.170376,6.170376,134.217677
44.285742,0.872929,13.638182,6.356429,6.356429,146.083309
6.977463,1.119883,16.330671,9.789588,9.789588,100.408776
7.053016,0.986316,13.200396,10.007246,10.007246,122.570781
44.148921,1.018953,13.186280,5.520927,5.520927,151.827837
7.398318,1.421378,14.273566,10.553931,10.553931,110.184966
7.085047,1.265431,12.954991,8.078441,8.078441,123.850652
43.709464,1.122709,12.987740,6.304066,6.304066,161.641383
7.082445,1.481884,14.356096,43.737333,43.737333,163.167753
6.914234,1.521792,12.867813,12.162324,12.162324,143.414637
7.412009,1.284813,13.401081,6.031097,6.031097,151.030561
7.108581,1.258666,12.454837,5.502982,5.502982,152.669193
7.185228,1.388244,12.673780,13.205125,13.205125,155.019489
6.885657,1.303942,12.260489,9.705811,9.705811,134.419894
7.374045,1.538784,52.121694,6.074429,6.074429,160.021122
7.445302,1.357298,14.567404,6.414231,6.414231,200.301386
6.982739,1.205776,58.139816,7.052025,7.052025,183.372031
7.388932,1.216206,14.911814,5.677157,5.677157,183.383009
7.591217,1.335830,15.544464,10.330866,10.330866,186.026607
7.600860,1.295780,15.526805,40.251112,40.251112,172.582430
7.035731,1.386279,14.103604,10.594396,10.594396,96.385165
6.658532,1.087165,12.490998,8.566373,8.566373,131.535479
6.516589,2.007351,53.028024,6.034945,6.034945,150.841127
6.898467,1.280449,14.218924,5.035870,5.035870,90.942194
6.688152,1.974636,13.264389,53.195796,53.195796,135.346620
6.651109,43.288863,13.584613,4.664878,4.664878,153.158786
7.391852,1.276478,15.963598,5.801338,5.801338,91.010262
6.532477,1.205057,14.783361,53.513199,53.513199,128.046158
8.202601,43.706994,13.776672,4.203709,4.203709,134.947572
7.845745,1.499868,14.493294,9.935163,9.935163,100.679020
6.773789,1.089246,13.061926,5.188889,5.188889,129.494593
42.042971,1.229464,13.405935,4.526723,4.526723,135.066730
7.539418,1.402815,14.071221,8.821500,8.821500,92.549282
7.208005,1.311258,12.638441,4.973247,4.973247,127.743774
6.883338,1.295217,12.753765,53.837137,53.837137,125.199843
6.261963,1.301698,13.226853,52.441755,52.441755,122.119623
6.601578,1.209047,12.005044,51.664284,51.664284,118.675169
6.908371,1.394906,11.796522,53.608898,53.608898,118.714643
6.864248,1.296756,11.494509,6.215936,6.215936,74.181561
6.444915,1.473146,11.072289,4.353774,4.353774,64.042968
6.471974,1.441388,8.925554,2.797134,2.797134,46.671776
5.653469,1.514302,8.106219,2.070430,2.070430,41.904742
5.973823,1.329881,50.912516,5.124674,5.124674,98.275441
7.098453,1.133632,10.222016,3.430398,3.430398,61.182213
6.401795,1.045751,10.618615,2.962779,2.962779,49.115907
6.241669,1.064588,52.101923,4.416795,4.416795,110.574247
6.576133,1.032080,13.199986,3.270940,3.270940,56.506859
6.239116,0.927470,12.623402,52.492258,52.492258,107.612247
6.201991,0.919754,56.366860,5.008398,5.008398,125.060477
6.128501,0.818545,53.116347,4.843644,4.843644,126.009558
6.391303,1.031979,11.882074,3.760595,3.760595,60.384819
6.956069,1.106310,12.669034,4.747175,4.747175,68.767502
6.486648,1.045802,56.600539,6.244636,6.244636,143.440076
6.885667,0.830120,11.512282,51.866336,51.866336,121.093983
7.290687,0.898182,54.202123,4.198191,4.198191,141.081926
6.917518,0.873563,12.734294,9.847010,9.847010,134.954404
7.382290,1.047079,56.766655,3.455306,3.455306,154.637158
7.177700,0.836438,12.593914,7.745561,7.745561,132.192534
7.010062,0.933030,12.668032,8.249590,8.249590,146.209883
7.709845,0.926222,16.285737,41.543295,41.543295,173.104752
7.432239,1.187769,15.848756,45.825832,45.825832,174.413892
7.020434,1.020450,15.587263,48.030617,48.030617,178.850702
8.838789,1.448235,20.275942,13.219366,13.219366,203.793847
7.131771,0.841597,15.363667,7.079012,7.079012,191.689317
7.211284,0.904510,13.886153,43.311362,43.311362,176.663401
7.123906,0.984623,13.075488,55.132114,55.132114,168.122457
9.616126,1.165001,28.883181,64.575750,64.575750,576.523824
11.348707,0.931438,25.207362,16.958035,16.958035,459.756366
48.074872,1.077795,25.871087,14.252259,14.252259,506.218412
10.426728,1.000854,27.517722,12.739371,12.739371,458.563532
53.575132,1.225134,26.268668,20.915305,20.915305,529.321997
58.183148,1.271536,24.879269,39.755480,39.755480,481.544872
10.443486,1.322056,26.336245,25.505740,25.505740,388.379494
53.288684,1.221209,26.117489,6.615726,6.615726,189.673647
11.583433,0.987326,25.772609,8.380754,8.380754,272.297092
9.445929,1.116482,23.283847,9.219921,9.219921,286.659812
9.451255,1.334372,24.034310,10.519788,10.519788,285.860201
48.374372,1.516249,18.730838,17.448082,17.448082,288.484252
8.446870,1.037952,17.259997,15.589067,15.589067,227.750481
8.773047,1.319767,20.895156,24.126329,24.126329,224.994548
9.910820,1.050350,20.945442,12.511494,12.511494,205.903005
8.134850,1.184152,17.222606,10.843533,10.843533,175.590581
8.330003,0.958096,63.452685,9.360331,9.360331,276.663487
7.078193,1.077361,62.024891,16.424444,16.424444,268.318768
7.171951,1.228903,59.150983,61.494510,61.494510,255.270403
7.167850,1.748442,61.423342,52.632722,52.632722,245.580078
7.153077,1.226670,61.209679,46.266264,46.266264,250.594950
6.854570,1.337591,59.859487,61.679050,61.679050,255.624236
50.501845,1.171909,14.280579,63.865138,63.865138,248.597142
6.875879,1.634065,57.016618,59.761994,59.761994,238.085245
7.225415,1.622378,15.260529,50.980762,50.980762,183.576211
7.038885,1.396903,13.940898,10.145566,10.145566,155.465882
44.562360,1.207055,15.042353,8.035244,8.035244,158.107630
6.466043,1.394825,57.331083,2.881016,2.881016,131.384965
7.112303,1.310913,12.987006,3.729391,3.729391,65.164002
6.602852,1.070634,13.029578,2.598841,2.598841,58.379682
6.450328,1.052320,59.070710,5.282464,5.282464,128.387343
7.009999,1.771883,13.484841,3.855865,3.855865,71.224082
6.875307,1.092901,12.700618,2.430962,2.430962,57.684687
6.743720,1.290402,14.287724,4.696030,4.696030,70.167381
7.178718,1.123930,13.590200,4.399981,4.399981,67.904299
7.365906,1.059198,12.825791,4.924638,4.924638,73.491941
6.656732,0.997803,13.538507,4.336864,4.336864,69.346566
6.980966,1.061538,57.264305,5.799703,5.799703,146.549598
7.872384,1.583206,16.142007,10.666912,10.666912,94.338131
6.677483,0.997587,11.974801,57.982954,57.982954,132.076783
6.528266,1.094549,55.037363,5.773884,5.773884,144.553553
7.110284,1.326888,15.023960,7.069599,7.069599,114.205697
6.734375,1.277886,12.879211,8.878974,8.878974,147.920712
7.764805,1.995252,20.582451,8.795029,8.795029,292.978395
7.494588,1.172928,20.640968,9.060637,9.060637,217.194460
9.332370,1.498870,24.100443,10.789960,10.789960,284.629123
9.001349,1.568376,25.352363,9.164373,9.164373,269.126848
7.905043,1.328912,25.520173,67.296454,67.296454,328.166852
7.870280,1.170404,18.886389,18.331512,18.331512,231.709121
9.299198,1.688036,23.842138,17.439529,17.439529,224.930469
9.347720,1.417914,23.822766,24.422240,24.422240,255.785559
8.208175,1.292647,20.183013,13.152904,13.152904,232.116512
8.474848,1.077334,70.917051,15.306267,15.306267,316.346593
8.764874,1.490893,80.545532,10.452998,10.452998,319.480448
59.217696,1.004452,23.130917,9.222646,9.222646,301.909837
7.416956,1.143962,74.713034,10.342589,10.342589,308.495742
7.541124,1.234598,23.130354,20.670337,20.670337,219.091837
7.208274,1.267393,18.660607,11.432086,11.432086,188.152585
7.458805,1.339139,17.291023,14.958182,14.958182,181.844948
6.860136,1.270428,64.317444,6.197076,6.197076,188.940141
7.485208,1.153202,18.380368,17.168047,17.168047,204.166054
6.952567,1.213399,15.902989,15.611235,15.611235,171.104435
6.519403,1.135197,60.094578,6.311309,6.311309,162.345977
7.141665,1.378752,18.948762,9.852695,9.852695,202.461848
6.420043,1.412229,17.423135,8.026048,8.026048,115.975120
6.817104,1.766554,16.404994,9.514901,9.514901,117.515495
6.938305,1.298484,16.688420,10.842890,10.842890,85.539392
6.420596,1.360349,14.695804,4.003670,4.003670,69.238433
7.097166,1.364748,13.337620,3.535063,3.535063,63.667903
7.737463,1.312266,13.526774,2.413640,2.413640,69.840062
6.765063,1.479756,11.300824,3.803151,3.803151,67.446530
6.655813,1.421153,11.507512,6.707650,6.707650,71.440795
6.298240,1.286484,58.133671,6.951423,6.951423,139.326229
6.596375,1.310961,11.977236,4.196604,4.196604,68.535149
6.815614,1.331432,12.215542,5.894778,5.894778,67.323750
6.334256,0.992151,13.622696,2.883047,2.883047,126.762504
6.470228,0.889626,14.406606,9.030338,9.030338,80.667166
6.454790,0.787074,12.570826,2.814545,2.814545,61.417069
6.651654,0.875297,56.857996,5.787231,5.787231,137.497569
6.578151,1.042316,14.436899,6.499594,6.499594,78.823555
7.118755,0.839253,12.507955,6.756521,6.756521,83.897877
6.778898,0.808428,57.683608,5.885143,5.885143,143.339124
7.330558,1.145171,15.095047,10.650148,10.650148,89.725520
7.312086,1.067613,14.505122,7.135800,7.135800,98.940018
7.943400,1.205823,15.788230,10.881875,10.881875,110.803417
7.099871,1.058127,13.654338,4.535845,4.535845,110.642644
7.317360,0.954544,12.834177,12.487367,12.487367,162.836585
6.924904,0.900287,12.517058,12.794187,12.794187,157.924839
6.443410,1.120190,59.732747,7.414304,7.414304,168.081967
7.575233,1.175991,13.619052,55.882005,55.882005,182.486928
7.121203,0.961095,12.620173,10.060039,10.060039,175.539979
6.978992,1.025833,60.809327,8.267220,8.267220,186.106387
7.671358,1.219888,14.381229,41.340416,41.340416,181.435233
6.622690,1.042829,13.413279,11.606308,11.606308,172.427028
7.123285,1.000960,61.323710,9.344604,9.344604,185.724592
7.302460,1.127872,14.473515,15.850656,15.850656,202.138595
7.106759,1.223707,14.051119,12.320450,12.320450,175.644593
7.273891,1.126680,63.096981,8.046730,8.046730,186.473522
7.941515,1.118112,15.849682,48.981924,48.981924,180.065296
6.919878,1.137388,12.804118,14.736823,14.736823,162.487063
6.731573,1.212498,61.786822,7.974616,7.974616,183.326075
6.975335,1.739157,13.916411,55.339237,55.339237,187.241656
6.711226,1.212338,14.531015,14.232174,14.232174,184.381561
6.715851,1.112566,58.577115,64.644462,64.644462,260.360286
6.942314,1.000220,65.997719,61.058443,61.058443,260.880641
6.821297,1.129691,13.221321,4.907362,4.907362,187.184555
7.215275,1.105541,63.022664,64.913030,64.913030,268.266338
6.962958,1.213458,63.286397,42.013246,42.013246,256.618948
6.808748,1.262087,59.957291,9.248969,9.248969,196.508259
6.919732,1.228071,64.028585,8.095683,8.095683,194.419510
7.290062,1.366301,65.062646,18.104700,18.104700,293.418999
6.362378,1.276836,64.978513,59.151946,59.151946,260.499523
7.152505,1.205725,14.718851,8.030754,8.030754,192.758602
7.383646,1.052435,13.387409,15.863305,15.863305,187.366172
6.548876,1.191222,60.931811,45.151007,45.151007,266.511104
