0.000000 0.000000 0.000000 -0.000000 -0.000000 -0.000000 0.000000 1.000000
0.103760 0.051547 -0.024249 1.000725 0.001270 0.021780 0.000853 0.999762
0.207590 0.146463 -0.050516 1.995659 0.003620 0.044353 0.002847 0.999005
0.311605 0.287920 -0.079031 2.986691 0.005802 0.067271 0.003341 0.997712
0.415086 0.465750 -0.110293 3.963845 0.007207 0.090460 0.002445 0.995871
0.518869 0.697164 -0.143877 4.934639 0.007276 0.113844 0.003941 0.993464
0.622688 0.971569 -0.180224 5.887651 0.007795 0.136991 0.004798 0.990530
0.726432 1.288079 -0.218488 6.826202 0.009672 0.159810 0.006476 0.987079
0.830171 1.651331 -0.254729 7.743952 0.011218 0.181982 0.008504 0.983201
0.933953 2.050498 -0.291953 8.646240 0.011604 0.204517 0.008700 0.978756
1.037695 2.488685 -0.330924 9.527392 0.011376 0.227232 0.009370 0.973729
1.141483 2.966292 -0.369739 10.384170 0.010950 0.250296 0.009811 0.968058
1.245136 3.483068 -0.408603 11.215600 0.010697 0.273339 0.010049 0.961806
1.348871 4.036690 -0.443974 12.018780 0.010940 0.295996 0.010726 0.955066
1.452734 4.631439 -0.479023 12.790060 0.011834 0.318321 0.012517 0.947826
1.556375 5.252124 -0.513619 13.530580 0.012317 0.340248 0.012490 0.940172
1.660095 5.913461 -0.546271 14.237310 0.013030 0.362032 0.014889 0.931956
1.763837 6.602643 -0.577743 14.912160 0.013154 0.383645 0.015275 0.923261
1.867714 7.315983 -0.609156 15.554830 0.013355 0.405501 0.015129 0.913872
1.971323 8.059654 -0.636292 16.155000 0.015078 0.426824 0.016987 0.904049
2.074937 8.824947 -0.665278 16.721740 0.015655 0.447790 0.016970 0.893840
2.178679 9.617499 -0.693875 17.248350 0.016878 0.468364 0.017784 0.883195
2.282428 10.435720 -0.720980 17.735820 0.019870 0.488635 0.019249 0.872050
2.386034 11.273390 -0.744895 18.188610 0.020419 0.508341 0.019696 0.860688
2.489649 12.138440 -0.770723 18.605410 0.021253 0.526919 0.021917 0.849367
2.593387 13.023860 -0.796899 18.984860 0.021889 0.544315 0.023562 0.838264
2.697006 13.922820 -0.819498 19.335290 0.023254 0.560476 0.023826 0.827501
2.800620 14.845670 -0.839822 19.655580 0.023141 0.575357 0.024675 0.817202
2.904387 15.788190 -0.859011 19.948580 0.022417 0.589662 0.026336 0.806909
3.008111 16.746090 -0.877958 20.209590 0.022312 0.603540 0.026848 0.796568
3.111717 17.710960 -0.892643 20.442900 0.022089 0.616970 0.025607 0.786260
3.215334 18.690740 -0.906682 20.645440 0.022487 0.629652 0.025258 0.776141
3.319074 19.691660 -0.920475 20.816490 0.022879 0.641781 0.026063 0.766103
3.422811 20.708720 -0.932317 20.958900 0.022943 0.653650 0.027082 0.755964
3.526551 21.741570 -0.942353 21.074500 0.021688 0.665312 0.027320 0.745750
3.630286 22.790760 -0.948405 21.161180 0.021564 0.676377 0.027859 0.735712
3.733924 23.853650 -0.951047 21.214680 0.022420 0.686502 0.028902 0.726207
3.837524 24.931120 -0.951927 21.240690 0.023863 0.695671 0.030500 0.717316
3.941290 26.023480 -0.950951 21.240270 0.025270 0.703820 0.032207 0.709198
4.044901 27.127230 -0.948951 21.215640 0.027153 0.711053 0.034615 0.701761
4.148625 28.242490 -0.945629 21.169690 0.028233 0.717260 0.036787 0.695261
4.252293 29.370220 -0.941439 21.107410 0.029261 0.722697 0.038141 0.689492
4.355974 30.502910 -0.936359 21.029600 0.029722 0.727669 0.039552 0.684141
4.459609 31.641960 -0.929687 20.939840 0.029219 0.732244 0.040286 0.679222
4.563217 32.786820 -0.921677 20.836960 0.028956 0.736470 0.040495 0.674636
4.666947 33.942320 -0.911746 20.718590 0.029768 0.740378 0.039735 0.670354
4.770559 35.114730 -0.900720 20.585330 0.031126 0.743906 0.038767 0.666433
4.874319 36.309120 -0.889158 20.436980 0.032302 0.747168 0.038312 0.662743
4.977967 37.526800 -0.878157 20.278900 0.032548 0.749736 0.037951 0.659846
5.081656 38.767330 -0.867020 20.110850 0.032485 0.751714 0.037677 0.657610
5.185269 40.024030 -0.856448 19.932530 0.033282 0.753438 0.037567 0.655601
5.288943 41.305500 -0.846036 19.746480 0.033613 0.754983 0.036658 0.653856
5.392622 42.606790 -0.837548 19.550650 0.034008 0.756363 0.036434 0.652251
5.496314 43.932780 -0.829550 19.347860 0.033586 0.757369 0.036758 0.651085
5.600026 45.281370 -0.818790 19.137530 0.032951 0.758072 0.037968 0.650230
5.703641 46.648500 -0.805992 18.922310 0.032612 0.758801 0.038408 0.649371
5.807340 48.035590 -0.790753 18.699440 0.033561 0.759430 0.039035 0.648549
5.910955 49.442010 -0.776593 18.473180 0.033631 0.759777 0.038749 0.648157
6.014715 50.871250 -0.761209 18.239940 0.034585 0.759931 0.039226 0.647897
6.118447 52.316340 -0.748866 18.005710 0.034596 0.759977 0.038849 0.647865
6.221927 53.784140 -0.738559 17.768220 0.035029 0.759828 0.038378 0.648044
6.325669 55.275610 -0.728246 17.528650 0.035175 0.759433 0.038466 0.648494
6.429280 56.786900 -0.719322 17.289470 0.034493 0.758938 0.038555 0.649105
6.533021 58.319700 -0.709023 17.046980 0.035079 0.758560 0.038618 0.649512
6.636673 59.870040 -0.698229 16.805550 0.035363 0.758181 0.038224 0.649961
6.740399 61.449320 -0.689854 16.560090 0.035930 0.757856 0.038335 0.650302
6.844097 63.045640 -0.682234 16.314830 0.035778 0.757520 0.038169 0.650712
6.947755 64.661460 -0.674295 16.065550 0.035806 0.757139 0.039487 0.651076
7.051471 66.292730 -0.665932 15.814290 0.035665 0.756851 0.040633 0.651347
7.155209 67.933580 -0.656659 15.564290 0.036360 0.756575 0.041000 0.651606
7.258923 69.591460 -0.649548 15.310650 0.037935 0.756223 0.041008 0.651925
7.362568 71.263480 -0.645550 15.060480 0.037604 0.756020 0.040828 0.652191
7.466210 72.949570 -0.641151 14.807080 0.037617 0.755936 0.041117 0.652269
7.569925 74.656790 -0.635143 14.553820 0.036887 0.755844 0.041440 0.652397
7.673572 76.375830 -0.626639 14.295830 0.037600 0.755679 0.042038 0.652509
7.777286 78.112070 -0.619273 14.037650 0.037887 0.755663 0.042228 0.652499
7.881024 79.864170 -0.612185 13.776110 0.038388 0.755669 0.042024 0.652475
7.984696 81.626560 -0.606953 13.514710 0.038435 0.755805 0.041567 0.652345
8.088400 83.403150 -0.603745 13.249300 0.038136 0.756204 0.041058 0.651932
8.192118 85.193770 -0.601808 12.980000 0.038183 0.756620 0.040544 0.651479
8.295863 87.005380 -0.599482 12.707110 0.037586 0.756962 0.040364 0.651127
8.399546 88.827470 -0.594876 12.428430 0.037455 0.757273 0.040639 0.650756
8.503235 90.666610 -0.589258 12.148610 0.036248 0.757452 0.040037 0.650653
8.606978 92.516130 -0.582260 11.861270 0.036514 0.757936 0.039575 0.650102
8.710698 94.384170 -0.576158 11.569350 0.036550 0.758845 0.038702 0.649092
8.814436 96.263770 -0.569087 11.267510 0.036721 0.760078 0.039091 0.647614
8.918107 98.153870 -0.567065 10.959010 0.035753 0.761657 0.038492 0.645848
9.021867 100.052700 -0.565243 10.639880 0.034567 0.763269 0.038162 0.644026
9.125548 101.955300 -0.564148 10.309910 0.034593 0.764846 0.037405 0.642195
9.229148 103.869800 -0.562445 9.966128 0.035134 0.766384 0.037178 0.640343
9.332783 105.791000 -0.564355 9.611618 0.035537 0.767917 0.036490 0.638522
9.436507 107.724800 -0.568797 9.246382 0.035382 0.769514 0.035866 0.636640
9.540126 109.668300 -0.571794 8.871585 0.034226 0.771154 0.035570 0.634732
9.643856 111.620600 -0.573345 8.486629 0.033491 0.772921 0.035004 0.632650
9.747566 113.581500 -0.572804 8.086921 0.032804 0.774735 0.035095 0.630458
9.851216 115.547800 -0.570538 7.674193 0.032676 0.776505 0.035237 0.628276
9.954854 117.518200 -0.568058 7.246929 0.033229 0.778264 0.035031 0.626078
10.058450 119.496300 -0.565878 6.808278 0.033353 0.780110 0.034612 0.623794
10.162270 121.486100 -0.564565 6.351224 0.033415 0.781990 0.034927 0.621413
10.265950 123.481700 -0.563668 5.883248 0.033146 0.783792 0.034536 0.619176
10.369540 125.479400 -0.560734 5.403529 0.033024 0.785448 0.034295 0.617094
10.473330 127.488900 -0.559152 4.911013 0.032609 0.787120 0.033833 0.615008
10.577010 129.500400 -0.555614 4.402279 0.033100 0.788488 0.034554 0.613185
10.680800 131.523300 -0.549412 3.880107 0.033196 0.789662 0.035834 0.611594
10.784490 133.548600 -0.542754 3.348158 0.034005 0.790792 0.035981 0.610080
10.888380 135.583700 -0.536035 2.806947 0.034199 0.791755 0.035991 0.608818
10.992100 137.625000 -0.529597 2.257989 0.033808 0.792843 0.035787 0.607434
11.096280 139.679700 -0.522454 1.699296 0.033417 0.794108 0.035259 0.605832
11.199650 141.730400 -0.517999 1.132152 0.033225 0.795550 0.034441 0.603995
11.303360 143.792700 -0.512737 0.551587 0.032832 0.796964 0.034247 0.602161
11.407080 145.861800 -0.506199 -0.041372 0.032897 0.798396 0.034326 0.600252
11.510570 147.930500 -0.500625 -0.644931 0.032846 0.799819 0.033995 0.598378
11.614180 150.006800 -0.495969 -1.261108 0.032843 0.801252 0.033727 0.596472
11.718020 152.096800 -0.489830 -1.892338 0.032373 0.802549 0.034107 0.594730
11.821430 154.181200 -0.482992 -2.533182 0.032524 0.803855 0.034420 0.592937
11.925060 156.275300 -0.475391 -3.187653 0.032976 0.805065 0.034678 0.591253
12.028650 158.373400 -0.467684 -3.851462 0.033342 0.806195 0.034325 0.589711
12.132140 160.473700 -0.460873 -4.525316 0.034119 0.807332 0.033720 0.588145
12.235950 162.587500 -0.455531 -5.211974 0.034460 0.808384 0.033822 0.586673
12.339620 164.703700 -0.452548 -5.908582 0.034615 0.809441 0.033444 0.585225
12.443230 166.825700 -0.449531 -6.614701 0.034566 0.810525 0.033403 0.583728
12.546850 168.953700 -0.445613 -7.331463 0.034484 0.811754 0.033528 0.582016
12.650590 171.087100 -0.441674 -8.063072 0.034933 0.812895 0.034127 0.580359
12.754210 173.224500 -0.436552 -8.806086 0.035923 0.813851 0.034821 0.578916
12.857820 175.366500 -0.429409 -9.557829 0.035947 0.814675 0.035387 0.577719
12.961450 177.516900 -0.420933 -10.318270 0.035666 0.815488 0.035670 0.576571
13.065050 179.671400 -0.411828 -11.085600 0.035257 0.816356 0.035262 0.575393
13.168790 181.830300 -0.404363 -11.862250 0.035497 0.817318 0.034155 0.574077
13.272410 183.996900 -0.398580 -12.649860 0.035857 0.818342 0.033526 0.572631
13.376170 186.169900 -0.399051 -13.447970 0.035716 0.819368 0.032324 0.571240
13.479770 188.344000 -0.400055 -14.255450 0.035763 0.820422 0.031233 0.569783
13.583380 190.519500 -0.401383 -15.074930 0.035957 0.821553 0.031648 0.568117
13.687000 192.708700 -0.403865 -15.908790 0.035279 0.822640 0.031870 0.566571
13.790730 194.901000 -0.403566 -16.753160 0.034912 0.823763 0.032150 0.564944
13.894440 197.093000 -0.402116 -17.607380 0.034968 0.824939 0.032323 0.563212
13.998450 199.295800 -0.400664 -18.474840 0.034671 0.826004 0.031907 0.561691
14.101800 201.480400 -0.401197 -19.344490 0.034496 0.827161 0.031299 0.560032
14.205920 203.688200 -0.403082 -20.234590 0.034457 0.828141 0.031335 0.558581
14.309200 205.877000 -0.406195 -21.127230 0.034919 0.828976 0.031574 0.557299
14.412870 208.074800 -0.408323 -22.036650 0.035312 0.829714 0.032131 0.556143
14.516540 210.274600 -0.407256 -22.953960 0.035451 0.830499 0.032781 0.554923
14.620330 212.474400 -0.405178 -23.878960 0.035919 0.831239 0.033016 0.553770
14.723680 214.669700 -0.403694 -24.806880 0.036382 0.832005 0.032766 0.552603
14.827390 216.871600 -0.405346 -25.745200 0.036184 0.832847 0.032439 0.551366
14.931630 219.085400 -0.408967 -26.695130 0.036239 0.833686 0.031870 0.550126
15.034850 221.275200 -0.414573 -27.642300 0.036548 0.834566 0.031417 0.548796
15.138550 223.474800 -0.422788 -28.598900 0.035957 0.835331 0.030603 0.547715
15.242180 225.674300 -0.432373 -29.566300 0.036183 0.836207 0.030504 0.546368
15.345730 227.868600 -0.441833 -30.542110 0.036635 0.836935 0.031508 0.545165
15.449500 230.065600 -0.448562 -31.524500 0.036423 0.837678 0.031923 0.544012
15.553070 232.258400 -0.450201 -32.511370 0.035873 0.838628 0.031982 0.542580
15.656680 234.447800 -0.451644 -33.504090 0.035578 0.839558 0.031350 0.541197
15.760420 236.640200 -0.454562 -34.507130 0.034906 0.840583 0.030978 0.539669
15.864040 238.826600 -0.456504 -35.515520 0.034252 0.841607 0.030984 0.538113
15.967780 241.009800 -0.458359 -36.533550 0.034055 0.842671 0.030779 0.536469
16.071400 243.186600 -0.459815 -37.558710 0.033620 0.843754 0.030703 0.534795
16.175170 245.357100 -0.461858 -38.591140 0.033655 0.844914 0.030238 0.532986
16.278760 247.524400 -0.461475 -39.631980 0.033042 0.846130 0.030176 0.531094
16.382370 249.683900 -0.461446 -40.683640 0.033004 0.847265 0.030163 0.529286
16.486210 251.842400 -0.462839 -41.746310 0.033475 0.848296 0.030076 0.527607
16.589730 253.989600 -0.462321 -42.813710 0.033291 0.849369 0.029996 0.525894
16.693380 256.142500 -0.459941 -43.890310 0.033039 0.850458 0.029553 0.524172
16.796960 258.295100 -0.456604 -44.977770 0.032905 0.851521 0.029637 0.522447
16.900690 260.444600 -0.451586 -46.074080 0.033292 0.852535 0.029610 0.520767
17.004320 262.592500 -0.446893 -47.183980 0.033990 0.853553 0.029871 0.519037
17.107930 264.734000 -0.444323 -48.300070 0.035171 0.854486 0.030062 0.517410
17.212260 266.892000 -0.442692 -49.434520 0.035645 0.855322 0.030181 0.515988
17.315330 269.025500 -0.439489 -50.567930 0.036773 0.856165 0.030184 0.514507
17.418950 271.174400 -0.435794 -51.720410 0.037981 0.856938 0.030047 0.513139
17.522740 273.331800 -0.431275 -52.887710 0.038414 0.857749 0.030170 0.511743
17.626280 275.487000 -0.424406 -54.062120 0.038922 0.858689 0.030049 0.510133
17.730020 277.658000 -0.418242 -55.253110 0.038603 0.859655 0.029606 0.508554
17.833610 279.827300 -0.412827 -56.455140 0.039117 0.860610 0.029539 0.506900
17.937820 282.016800 -0.410583 -57.674140 0.038895 0.861591 0.029018 0.505279
18.041020 284.188500 -0.409559 -58.892510 0.038351 0.862420 0.028378 0.503939
18.144610 286.372400 -0.407962 -60.129560 0.038717 0.863197 0.028888 0.502551
18.248220 288.570200 -0.404549 -61.384950 0.039167 0.863750 0.029736 0.501515
18.351820 290.770400 -0.398668 -62.649290 0.039312 0.864330 0.030174 0.500478
18.455670 292.982700 -0.390882 -63.923410 0.039289 0.864965 0.030231 0.499378
18.559140 295.195300 -0.382147 -65.206240 0.038890 0.865627 0.030334 0.498255
18.663050 297.421200 -0.371400 -66.505210 0.039090 0.866346 0.030885 0.496954
18.766280 299.642300 -0.358711 -67.808740 0.039214 0.866952 0.031194 0.495867
18.869920 301.876300 -0.347006 -69.125600 0.039292 0.867538 0.030680 0.494866
18.973530 304.114100 -0.337252 -70.451700 0.039732 0.868228 0.029320 0.493702
19.077140 306.359300 -0.330795 -71.791680 0.039015 0.869192 0.028968 0.492081
19.180870 308.613400 -0.323336 -73.144030 0.037482 0.870484 0.028933 0.489914
19.284530 310.871400 -0.312619 -74.512450 0.036032 0.871886 0.029042 0.487517
19.388220 313.130100 -0.297188 -75.900120 0.035181 0.873246 0.029219 0.485129
19.491840 315.385200 -0.279642 -77.307250 0.035354 0.874484 0.029348 0.482873
19.595460 317.638300 -0.257841 -78.729880 0.036276 0.875644 0.030017 0.480656
19.699070 319.895400 -0.238155 -80.172710 0.036985 0.876698 0.030254 0.478662
19.802840 322.157900 -0.219785 -81.632110 0.037040 0.877726 0.030610 0.476747
19.906420 324.412000 -0.201682 -83.100090 0.036645 0.878806 0.031752 0.474709
20.010030 326.662600 -0.182536 -84.579720 0.035792 0.879916 0.031839 0.472709
20.113650 328.905500 -0.160832 -86.068260 0.035506 0.880990 0.031628 0.470739
20.217270 331.147700 -0.138391 -87.570510 0.035168 0.882126 0.031830 0.468619
20.320880 333.384000 -0.112561 -89.086750 0.035353 0.883242 0.032936 0.466421
20.424500 335.613300 -0.084551 -90.614260 0.035556 0.884323 0.033251 0.464331
20.528120 337.838900 -0.052428 -92.151540 0.034740 0.885372 0.032932 0.462413
20.631730 340.056000 -0.015996 -93.700140 0.034205 0.886347 0.033475 0.460542
20.735350 342.275200 0.023339 -95.265020 0.033943 0.887157 0.034202 0.458945
20.838960 344.489200 0.063375 -96.836160 0.033205 0.887971 0.033482 0.457475
20.942580 346.701000 0.102477 -98.411950 0.031758 0.888859 0.031880 0.455966
21.046320 348.910300 0.140298 -99.998130 0.030625 0.889773 0.030747 0.454336
21.149940 351.109400 0.175422 -101.590900 0.029013 0.890665 0.031007 0.452674
21.253550 353.310700 0.214119 -103.203300 0.028841 0.891496 0.031830 0.450988
21.357170 355.499600 0.253971 -104.817000 0.028597 0.892357 0.031555 0.449316
21.460820 357.680900 0.290319 -106.441100 0.028330 0.893183 0.030739 0.447747
21.564620 359.867000 0.329790 -108.078100 0.026251 0.894071 0.031582 0.446039
21.668140 362.038600 0.380137 -109.716700 0.024767 0.894951 0.031614 0.444352
21.771790 364.205100 0.433594 -111.363100 0.024639 0.895789 0.031400 0.442684
21.875360 366.362600 0.485550 -113.017600 0.024348 0.896558 0.031287 0.441149
21.979040 368.514800 0.535753 -114.681700 0.024211 0.897282 0.031431 0.439670
22.082650 370.654300 0.585754 -116.349400 0.023583 0.898044 0.032040 0.438104
22.186210 372.792500 0.634751 -118.026200 0.022658 0.898851 0.031077 0.436564
22.290250 374.932200 0.680641 -119.705500 0.019370 0.899764 0.027581 0.435074
22.393570 377.044400 0.714184 -121.373300 0.017051 0.900848 0.021687 0.433258
22.497250 379.148900 0.732239 -123.073400 0.022479 0.901585 0.021409 0.431488
22.600850 381.246000 0.751450 -124.786100 0.025097 0.901733 0.024812 0.430850
22.704440 383.353100 0.791264 -126.497900 0.021976 0.902078 0.030403 0.429939
22.808100 385.462500 0.858119 -128.206200 0.017749 0.902802 0.032972 0.428422
22.911770 387.563800 0.937574 -129.914000 0.014418 0.903685 0.033080 0.426674
23.015390 389.648900 1.015440 -131.627300 0.013889 0.904477 0.032569 0.425051
23.119010 391.716800 1.088896 -133.350700 0.016618 0.905148 0.032943 0.423493
23.222650 393.780000 1.154913 -135.083100 0.019992 0.905726 0.031898 0.422189
23.326370 395.838500 1.214067 -136.824400 0.021417 0.906432 0.030705 0.420688
23.430070 397.893400 1.272858 -138.570200 0.020953 0.907218 0.031015 0.418993
23.533710 399.942900 1.334967 -140.317600 0.020991 0.907974 0.031761 0.417294
23.637320 401.977500 1.399861 -142.068800 0.021031 0.908604 0.032471 0.415863
23.741080 404.013200 1.463950 -143.839800 0.021332 0.909100 0.032667 0.414747
23.844680 406.039600 1.530570 -145.609400 0.021406 0.909477 0.032870 0.413899
23.948430 408.063900 1.596786 -147.386100 0.021769 0.909806 0.033025 0.413145
24.052120 410.086500 1.665192 -149.165300 0.022053 0.910050 0.034065 0.412508
24.155650 412.099900 1.739480 -150.939100 0.022288 0.910280 0.035721 0.411847
24.259390 414.119900 1.820766 -152.725600 0.022597 0.910540 0.036931 0.411148
24.363000 416.129700 1.902123 -154.506300 0.022599 0.910870 0.036174 0.410484
24.466620 418.136900 1.980352 -156.285800 0.021588 0.911363 0.033790 0.409647
24.570240 420.140100 2.051261 -158.070100 0.020593 0.911768 0.032306 0.408914
24.673870 422.141300 2.117805 -159.857900 0.020029 0.912056 0.032486 0.408286
24.777590 424.142400 2.186326 -161.650900 0.019173 0.912307 0.032264 0.407784
24.881210 426.135700 2.256082 -163.442300 0.018301 0.912606 0.030838 0.407265
24.984880 428.128800 2.325413 -165.237800 0.017594 0.912837 0.030890 0.406774
25.088320 430.110900 2.396912 -167.032000 0.017332 0.912917 0.032137 0.406510
25.191950 432.096100 2.471810 -168.831000 0.017640 0.912847 0.033728 0.406523
25.295560 434.072100 2.549279 -170.628000 0.018481 0.912461 0.037354 0.407036
25.399160 436.053100 2.650572 -172.422100 0.019278 0.911924 0.040346 0.407916
25.502780 438.042000 2.755615 -174.202900 0.017644 0.911508 0.038761 0.409071
25.606390 440.030000 2.843910 -175.970500 0.015747 0.911507 0.034150 0.409562
25.710010 442.033900 2.921911 -177.747500 0.013571 0.911116 0.032161 0.410669
25.813620 444.039200 3.006852 -179.520000 0.012886 0.910480 0.031486 0.412150
25.917260 446.046000 3.098726 -181.288400 0.013410 0.909682 0.032360 0.413825
26.020850 448.053200 3.192574 -183.044700 0.013776 0.908876 0.032573 0.415564
26.124480 450.064000 3.278015 -184.791600 0.013654 0.908277 0.030635 0.417022
26.228100 452.092400 3.358861 -186.532700 0.010384 0.907899 0.029363 0.418030
26.331730 454.125100 3.436998 -188.265200 0.006064 0.907691 0.028075 0.418655
26.435440 456.158000 3.516788 -189.992400 0.003375 0.907595 0.025698 0.419046
26.539060 458.187300 3.593514 -191.720300 0.002444 0.907463 0.024940 0.419383
26.642670 460.215200 3.669483 -193.451900 0.002937 0.907128 0.025995 0.420041
26.746310 462.246200 3.750848 -195.183000 0.003214 0.906707 0.027720 0.420836
26.849920 464.279100 3.835891 -196.905900 0.002350 0.906325 0.028042 0.421644
26.953530 466.313500 3.921999 -198.621400 0.001514 0.906097 0.026961 0.422207
27.057260 468.350900 4.004216 -200.337600 0.001596 0.905882 0.025802 0.422739
27.160890 470.383900 4.079549 -202.048300 0.002088 0.905606 0.025194 0.423367
27.264530 472.425900 4.154116 -203.765600 0.002828 0.905259 0.026127 0.424047
27.368230 474.468300 4.230210 -205.478700 0.003301 0.904886 0.027075 0.424780
27.471850 476.511300 4.309712 -207.185500 0.003189 0.904626 0.027447 0.425309
27.575480 478.555800 4.389454 -208.886800 0.003142 0.904370 0.027304 0.425863
27.679200 480.606000 4.471449 -210.588600 0.002723 0.904137 0.027726 0.426333
27.782840 482.654500 4.555624 -212.285300 0.002247 0.903922 0.028095 0.426768
27.886560 484.707100 4.640076 -213.982600 0.002350 0.903799 0.027358 0.427075
27.990170 486.757700 4.720801 -215.677000 0.002720 0.903704 0.026650 0.427319
28.093790 488.806600 4.799764 -217.370700 0.002723 0.903536 0.027112 0.427645
28.197410 490.862900 4.880930 -219.065900 0.002220 0.903393 0.027639 0.427916
28.301020 492.916600 4.960767 -220.757600 0.001505 0.903363 0.027537 0.427989
28.404640 494.971300 5.038016 -222.447600 0.001215 0.903408 0.027426 0.427903
28.508250 497.024700 5.116707 -224.138900 0.001366 0.903462 0.027344 0.427793
28.611870 499.072200 5.193552 -225.827000 0.001615 0.903520 0.027375 0.427668
28.715630 501.132800 5.267707 -227.527400 0.001129 0.903557 0.028116 0.427543
28.819230 503.186700 5.349108 -229.220500 0.000322 0.903616 0.028445 0.427397
28.922840 505.239000 5.432770 -230.914300 0.000151 0.903688 0.028504 0.427242
29.026460 507.291500 5.519275 -232.607200 -0.000039 0.903717 0.028139 0.427205
29.130070 509.338100 5.605249 -234.297500 0.000069 0.903748 0.027911 0.427154
29.233840 511.393900 5.689304 -235.996900 0.000585 0.903687 0.028026 0.427275
29.337430 513.445400 5.773309 -237.690800 0.000509 0.903615 0.028062 0.427426
29.441040 515.497400 5.857608 -239.384300 0.000458 0.903619 0.028080 0.427416
29.544660 517.549300 5.942483 -241.076200 0.000417 0.903599 0.027697 0.427483
29.648260 519.601400 6.026971 -242.768000 -0.000134 0.903576 0.027836 0.427524
29.752010 521.657400 6.115358 -244.463900 -0.000091 0.903501 0.028284 0.427652
29.855620 523.710600 6.206642 -246.155700 -0.000513 0.903413 0.029023 0.427789
29.959120 525.762700 6.299720 -247.845500 -0.000159 0.903360 0.028765 0.427917
30.062730 527.815900 6.392878 -249.536700 0.000395 0.903299 0.028965 0.428033
30.166350 529.865100 6.486799 -251.222800 0.000465 0.903205 0.029358 0.428205
30.269960 531.926200 6.582378 -252.915800 0.000056 0.903133 0.029569 0.428342
30.373580 533.981400 6.677372 -254.603600 -0.000109 0.903183 0.029057 0.428270
30.477220 536.037700 6.771372 -256.292500 -0.000096 0.903237 0.028982 0.428163
30.580810 538.095100 6.865967 -257.983000 -0.000534 0.903239 0.029497 0.428123
30.684470 540.153600 6.964906 -259.674600 -0.001123 0.903255 0.030310 0.428031
30.788170 542.213600 7.066817 -261.366100 -0.001801 0.903332 0.030446 0.427857
30.891780 544.267900 7.168745 -263.054700 -0.001371 0.903446 0.029320 0.427695
30.995560 546.325300 7.265256 -264.747800 -0.000955 0.903560 0.027885 0.427553
31.099140 548.376000 7.357150 -266.436600 -0.000796 0.903578 0.027843 0.427518
31.202760 550.436500 7.450904 -268.134300 -0.001207 0.903505 0.029291 0.427574
31.306520 552.495600 7.551427 -269.831900 -0.001293 0.903477 0.030313 0.427562
31.410110 554.549300 7.654529 -271.525400 -0.000777 0.903481 0.030238 0.427559
31.513850 556.605100 7.757167 -273.220000 -0.000492 0.903509 0.029881 0.427526
31.617470 558.659100 7.857401 -274.914100 -0.000161 0.903507 0.029857 0.427533
31.721250 560.720400 7.957556 -276.614600 0.000253 0.903463 0.030338 0.427592
31.824820 562.777500 8.058037 -278.311400 0.000386 0.903398 0.031053 0.427678
31.928570 564.838600 8.161795 -280.008500 -0.000165 0.903327 0.031339 0.427806
32.032190 566.895900 8.267916 -281.702100 -0.000149 0.903299 0.031551 0.427849
32.135930 568.950200 8.373989 -283.394700 0.000309 0.903209 0.031715 0.428027
32.239540 571.015000 8.483450 -285.093600 0.000111 0.903072 0.032662 0.428246
32.343330 573.077300 8.593947 -286.787100 -0.000479 0.902968 0.032415 0.428483
32.447030 575.138400 8.705148 -288.476600 -0.001489 0.902908 0.032372 0.428610
32.550780 577.200700 8.816896 -290.167700 -0.001153 0.902841 0.031847 0.428792
32.654370 579.254000 8.924907 -291.852900 -0.000386 0.902692 0.031731 0.429115
32.758130 581.314100 9.031620 -293.542800 0.000317 0.902463 0.031925 0.429582
32.861740 583.371300 9.137328 -295.226700 0.000376 0.902264 0.032273 0.429975
32.965700 585.438300 9.245509 -296.913900 -0.000134 0.902080 0.033044 0.430303
33.070500 587.519000 9.353208 -298.612100 0.000364 0.901942 0.032499 0.430632
33.172920 589.548900 9.456599 -300.263000 0.000083 0.901765 0.032221 0.431024
33.276450 591.610800 9.561344 -301.938300 -0.000223 0.901634 0.032114 0.431305
33.380050 593.671600 9.666809 -303.609100 -0.000435 0.901451 0.032083 0.431691
33.483810 595.737000 9.775807 -305.280000 -0.000839 0.901300 0.032156 0.431999
33.587620 597.802700 9.883665 -306.948800 -0.001432 0.901190 0.031958 0.432242
33.691220 599.867000 9.992222 -308.613100 -0.002079 0.901096 0.031466 0.432471
33.794940 601.934500 10.098610 -310.281300 -0.002196 0.901171 0.030558 0.432379
33.898640 604.002400 10.206840 -311.952300 -0.002309 0.901199 0.031199 0.432276
34.002380 606.070100 10.317170 -313.624200 -0.002341 0.901206 0.032058 0.432198
34.105990 608.133300 10.430160 -315.290200 -0.002962 0.901234 0.032153 0.432128
34.209730 610.204100 10.542050 -316.963500 -0.003087 0.901314 0.031344 0.432020
34.313530 612.270700 10.651030 -318.635800 -0.002371 0.901369 0.030437 0.431973
34.417100 614.331600 10.756460 -320.303900 -0.001804 0.901335 0.029974 0.432081
34.520830 616.401400 10.858510 -321.978100 -0.001569 0.901305 0.029999 0.432142
34.624450 618.465800 10.960620 -323.646200 -0.001998 0.901288 0.030721 0.432124
34.728060 620.535000 11.067650 -325.317100 -0.001943 0.901252 0.031455 0.432147
34.831800 622.606700 11.177050 -326.989100 -0.001847 0.901208 0.031693 0.432222
34.935420 624.675100 11.286850 -328.657500 -0.001871 0.901162 0.031346 0.432344
35.039150 626.745900 11.396410 -330.327000 -0.001806 0.901104 0.031083 0.432483
35.142780 628.813800 11.504860 -331.994200 -0.001797 0.901014 0.031368 0.432651
35.246520 630.888700 11.612290 -333.665600 -0.001806 0.900910 0.031255 0.432876
35.350130 632.958700 11.722320 -335.330800 -0.002209 0.900829 0.031444 0.433028
35.454000 635.032400 11.831930 -336.999800 -0.002515 0.900733 0.031396 0.433230
35.557430 637.095100 11.940900 -338.659400 -0.002021 0.900660 0.030681 0.433436
35.661090 639.165900 12.048050 -340.323400 -0.002099 0.900526 0.030732 0.433710
35.764770 641.237400 12.155640 -341.988600 -0.002167 0.900409 0.031245 0.433916
35.868330 643.304700 12.266420 -343.649600 -0.002060 0.900295 0.031690 0.434120
35.972070 645.375000 12.376560 -345.310100 -0.001800 0.900190 0.031218 0.434373
36.075840 647.445400 12.482490 -346.968600 -0.001304 0.900096 0.030647 0.434610
36.179530 649.515500 12.586290 -348.623900 -0.000977 0.899938 0.030738 0.434933
36.283280 651.591300 12.692350 -350.282000 -0.001011 0.899727 0.031720 0.435297
36.386840 653.662300 12.800420 -351.935500 -0.001198 0.899588 0.032124 0.435555
36.490550 655.735800 12.910090 -353.587000 -0.001221 0.899457 0.032172 0.435821
36.594140 657.805700 13.020230 -355.234100 -0.001581 0.899353 0.032235 0.436030
36.697760 659.877900 13.130000 -356.880600 -0.001406 0.899219 0.031906 0.436332
36.801500 661.958600 13.238870 -358.532800 -0.001145 0.899099 0.031289 0.436624
36.905210 664.036100 13.346650 -360.181900 -0.001042 0.898995 0.030999 0.436860
37.008850 666.112000 13.452270 -361.828900 -0.001150 0.898957 0.030816 0.436950
37.112590 668.190400 13.558130 -363.475200 -0.001471 0.898949 0.030833 0.436964
37.216330 670.271200 13.663570 -365.123200 -0.001637 0.898998 0.030529 0.436884
37.319950 672.350500 13.768720 -366.769500 -0.002035 0.899073 0.030501 0.436730
37.423720 674.432500 13.874130 -368.419200 -0.002415 0.899184 0.030101 0.436527
37.527300 676.509000 13.978930 -370.067500 -0.002509 0.899294 0.029894 0.436315
37.631050 678.587600 14.083240 -371.720300 -0.002497 0.899376 0.030288 0.436118
37.734660 680.665700 14.188500 -373.374300 -0.002487 0.899455 0.030707 0.435925
37.838400 682.743200 14.297130 -375.030400 -0.002054 0.899543 0.031410 0.435697
37.942020 684.819800 14.405710 -376.684200 -0.002237 0.899585 0.031459 0.435605
38.045630 686.894500 14.513490 -378.337000 -0.002223 0.899650 0.030954 0.435508
38.149250 688.965600 14.619210 -379.990200 -0.001739 0.899646 0.030574 0.435546
38.252870 691.040800 14.724060 -381.648800 -0.000992 0.899581 0.030930 0.435656
38.356480 693.115600 14.827070 -383.304600 -0.000382 0.899437 0.031073 0.435945
38.460100 695.193000 14.929750 -384.961300 -0.000005 0.899283 0.031675 0.436219
38.563710 697.271000 15.032830 -386.614300 0.000270 0.899153 0.031725 0.436483
38.667310 699.345700 15.138590 -388.264600 0.000272 0.899029 0.031372 0.436765
38.771060 701.427400 15.244350 -389.918100 -0.000070 0.898925 0.030893 0.437013
38.874760 703.506500 15.346680 -391.568600 -0.000047 0.898826 0.030525 0.437241
38.978300 705.582900 15.448040 -393.216800 -0.000364 0.898694 0.030517 0.437512
39.082020 707.661300 15.549960 -394.866500 -0.000334 0.898529 0.031582 0.437777
39.185650 709.744100 15.655810 -396.517700 -0.000210 0.898331 0.032210 0.438136
39.289260 711.824300 15.765310 -398.160700 0.000153 0.898191 0.032357 0.438412
39.392880 713.905400 15.878360 -399.800100 0.000814 0.898042 0.032053 0.438739
39.496500 715.983900 15.991160 -401.433800 0.001013 0.897853 0.031597 0.439158
39.600240 718.063100 16.101830 -403.067400 0.001467 0.897661 0.031043 0.439589
39.703850 720.144100 16.215130 -404.698000 0.001484 0.897472 0.030968 0.439979
39.807600 722.229600 16.327980 -406.329600 0.001965 0.897305 0.030682 0.440339
39.911340 724.315600 16.440290 -407.958200 0.002200 0.897090 0.030537 0.440786
40.014950 726.405700 16.543990 -409.585000 0.001267 0.896874 0.030654 0.441222
40.118690 728.498300 16.662730 -411.207700 0.000340 0.896739 0.030170 0.441530
40.222330 730.588800 16.773430 -412.828700 0.000306 0.896614 0.029762 0.441811
40.325920 732.675200 16.881040 -414.450100 0.001068 0.896433 0.029693 0.442182
40.429660 734.766400 16.981710 -416.073400 0.002065 0.896237 0.029549 0.442586
40.533280 736.855600 17.079510 -417.693500 0.002040 0.896135 0.029609 0.442788
40.637020 738.953300 17.175400 -419.315700 0.001380 0.896122 0.030217 0.442775
40.740630 741.047900 17.272420 -420.934000 0.000285 0.896174 0.030168 0.442676
40.844270 743.141900 17.371460 -422.550800 -0.000094 0.896247 0.029544 0.442569
40.947990 745.235400 17.467200 -424.169200 0.000300 0.896254 0.028441 0.442628
41.051600 747.328900 17.555000 -425.791700 0.000525 0.896102 0.029216 0.442886
41.155220 749.420700 17.651910 -427.413400 0.001277 0.895868 0.030474 0.443273
41.258960 751.517300 17.754130 -429.036200 0.002180 0.895685 0.031263 0.443583
41.362570 753.611600 17.854040 -430.654100 0.003090 0.895537 0.031131 0.443886
41.466320 755.710900 17.940060 -432.270600 0.003728 0.895433 0.029888 0.444177
41.569920 757.808900 18.022050 -433.884000 0.004308 0.895283 0.028999 0.444531
41.673550 759.909100 18.095940 -435.497600 0.004694 0.895002 0.029136 0.445085
41.777290 762.018100 18.173080 -437.112500 0.004412 0.894710 0.030018 0.445616
41.880900 764.124900 18.254780 -438.722100 0.004023 0.894480 0.030244 0.446066
41.984640 766.234600 18.339320 -440.329500 0.003957 0.894259 0.029854 0.446535
42.088380 768.346800 18.422810 -441.935500 0.003602 0.894054 0.029622 0.446965
42.192000 770.457100 18.502840 -443.537800 0.003415 0.893827 0.029654 0.447418
42.295640 772.573000 18.584890 -445.140400 0.003626 0.893601 0.029220 0.447895
42.399350 774.690100 18.665850 -446.740900 0.003345 0.893386 0.028536 0.448370
42.502970 776.805000 18.748230 -448.338900 0.003845 0.893244 0.028870 0.448627
42.606580 778.917600 18.827980 -449.932200 0.003741 0.893109 0.029057 0.448886
42.710200 781.038200 18.910260 -451.529000 0.003200 0.893081 0.029294 0.448930
42.813810 783.155300 18.994280 -453.120700 0.002336 0.893138 0.029343 0.448818
42.917430 785.270600 19.079130 -454.711000 0.001924 0.893260 0.028628 0.448624
43.021170 787.386600 19.162170 -456.303600 0.001854 0.893351 0.027878 0.448490
43.124790 789.493500 19.243720 -457.892700 0.001834 0.893468 0.027842 0.448259
43.228400 791.604400 19.325380 -459.487600 0.002221 0.893609 0.028093 0.447961
43.332030 793.709700 19.405410 -461.081700 0.002735 0.893756 0.028386 0.447645
43.435640 795.813700 19.485760 -462.677200 0.003032 0.893895 0.028591 0.447353
43.539250 797.914000 19.569810 -464.271400 0.002817 0.894022 0.029394 0.447049
43.642870 800.012300 19.655330 -465.863500 0.002452 0.894120 0.029401 0.446855
43.746480 802.108300 19.737920 -467.454300 0.002566 0.894184 0.027946 0.446819
43.850090 804.202800 19.816300 -469.044800 0.002930 0.894194 0.026858 0.446863
43.953730 806.298700 19.889380 -470.637300 0.003366 0.894122 0.026422 0.447031
44.057450 808.395900 19.962490 -472.230700 0.003390 0.894000 0.026882 0.447248
44.161070 810.490200 20.036860 -473.819600 0.003268 0.893844 0.027145 0.447544
44.264680 812.591000 20.114430 -475.412500 0.003478 0.893671 0.027495 0.447865
44.368290 814.688800 20.194130 -477.001300 0.003933 0.893409 0.028076 0.448349
44.471930 816.791500 20.273210 -478.590500 0.004329 0.893128 0.028368 0.448887
44.575530 818.894900 20.353800 -480.174800 0.004492 0.892788 0.028479 0.449553
44.679140 821.002300 20.435630 -481.757300 0.004477 0.892460 0.028747 0.450188
44.782910 823.116400 20.516930 -483.340400 0.004686 0.892135 0.028918 0.450818
44.886500 825.230100 20.599120 -484.918200 0.004637 0.891810 0.029042 0.451454
44.990110 827.347200 20.683850 -486.492700 0.004061 0.891494 0.029518 0.452051
45.093740 829.464500 20.770680 -488.061400 0.003623 0.891188 0.029751 0.452643
45.197350 831.590900 20.857970 -489.631900 0.003234 0.890959 0.028933 0.453149
45.300980 833.722900 20.946020 -491.204900 0.003137 0.890741 0.028834 0.453584
45.404710 835.854100 21.034070 -492.776100 0.003526 0.890517 0.029183 0.453999
45.508320 837.986000 21.122950 -494.344600 0.003433 0.890405 0.029421 0.454204
45.612070 840.119900 21.212120 -495.913200 0.003432 0.890416 0.029526 0.454176
45.715670 842.262300 21.303590 -497.485400 0.002167 0.890444 0.030439 0.454068
45.819420 844.403800 21.397800 -499.055800 0.001584 0.890537 0.030123 0.453910
45.923030 846.543700 21.494390 -500.625700 0.000948 0.890611 0.029757 0.453790
46.026650 848.682700 21.587260 -502.196400 0.001030 0.890620 0.028799 0.453834
46.130280 850.821300 21.679070 -503.767000 0.000748 0.890492 0.028910 0.454078
46.233900 852.972200 21.773390 -505.343100 0.000080 0.890348 0.029457 0.454327
46.337490 855.114700 21.865980 -506.913500 0.000286 0.890275 0.028689 0.454519
46.441130 857.261900 21.956430 -508.487400 0.000750 0.890183 0.028107 0.454735
46.544720 859.408400 22.047620 -510.061300 0.001360 0.890057 0.028887 0.454931
46.648340 861.557000 22.140200 -511.637000 0.001153 0.889960 0.030014 0.455048
46.752090 863.710400 22.236410 -513.213700 0.000925 0.889898 0.031078 0.455098
46.855700 865.858900 22.334320 -514.784800 0.000566 0.889825 0.031204 0.455233
46.959440 868.011600 22.436360 -516.355400 -0.000079 0.889661 0.031792 0.455513
47.063060 870.157100 22.535880 -517.922200 0.000457 0.889445 0.031478 0.455956
47.166550 872.293800 22.632920 -519.483600 0.001513 0.889131 0.031473 0.456568
47.270160 874.441900 22.729870 -521.049300 0.002566 0.888714 0.031953 0.457341
47.373770 876.588500 22.826590 -522.608000 0.002901 0.888279 0.032522 0.458143
47.477390 878.736800 22.925040 -524.160900 0.002632 0.887884 0.033297 0.458854
47.581030 880.882200 23.023880 -525.706500 0.002632 0.887549 0.033715 0.459471
47.684770 883.032300 23.125410 -527.247900 0.002462 0.887191 0.034270 0.460122
47.789310 885.200100 23.229570 -528.796300 0.001931 0.886886 0.034300 0.460709
47.892090 887.323800 23.329740 -530.307900 0.001507 0.886602 0.033760 0.461297
47.995840 889.470600 23.430870 -531.831000 0.001302 0.886285 0.033536 0.461923
48.099490 891.609100 23.532630 -533.345600 0.001312 0.885977 0.033766 0.462496
48.203200 893.755000 23.634180 -534.861900 0.001484 0.885636 0.033822 0.463144
48.306820 895.895200 23.734150 -536.369700 0.001942 0.885347 0.033695 0.463704
48.410450 898.034700 23.835290 -537.873200 0.001541 0.885067 0.034272 0.464198
48.514170 900.174200 23.941380 -539.374300 0.001788 0.884821 0.034969 0.464613
48.617800 902.307900 24.048610 -540.866200 0.001527 0.884594 0.035021 0.465042
48.721660 904.456500 24.158870 -542.363200 0.001120 0.884393 0.034975 0.465429
48.825160 906.591000 24.267070 -543.848100 0.001086 0.884222 0.034641 0.465779
48.928780 908.727200 24.372860 -545.332100 0.000655 0.884088 0.034154 0.466071
49.032370 910.862300 24.479740 -546.814300 0.000498 0.883954 0.034035 0.466334
49.136000 912.989900 24.584930 -548.291900 0.000960 0.883846 0.033876 0.466549
49.239480 915.123000 24.688020 -549.772700 0.001860 0.883754 0.033358 0.466757
49.343220 917.261700 24.789050 -551.257800 0.001947 0.883652 0.033954 0.466907
49.446710 919.400600 24.894710 -552.731200 0.001585 0.883498 0.035571 0.467080
49.550580 921.544500 25.013990 -554.202400 0.000713 0.883461 0.035548 0.467153
49.654110 923.676200 25.121900 -555.662100 0.001319 0.883580 0.031528 0.467216
49.757560 925.806600 25.210080 -557.125700 0.002068 0.883643 0.029063 0.467254
49.861160 927.945000 25.300800 -558.595100 0.000448 0.883557 0.030677 0.467317
49.964780 930.086300 25.410050 -560.064900 -0.001085 0.883391 0.033882 0.467410
50.068530 932.226300 25.529850 -561.535200 -0.001223 0.883282 0.035065 0.467527
50.172010 934.353900 25.651680 -562.995900 -0.000530 0.883161 0.035176 0.467748
50.275650 936.492800 25.772690 -564.466200 0.000148 0.883002 0.035315 0.468039
50.379370 938.632500 25.892320 -565.932700 -0.000128 0.882819 0.035926 0.468338
50.483000 940.771900 26.014110 -567.396900 -0.000770 0.882629 0.036197 0.468674
50.586610 942.915800 26.137590 -568.859500 -0.001163 0.882448 0.036299 0.469006
50.690230 945.057500 26.260070 -570.322000 -0.000382 0.882225 0.035272 0.469505
50.793950 947.204900 26.381590 -571.786200 -0.000060 0.881971 0.035269 0.469982
50.897570 949.353200 26.500830 -573.248100 0.000222 0.881637 0.035700 0.470576
51.001310 951.507700 26.620790 -574.710200 0.000233 0.881364 0.035902 0.471072
51.105070 953.660400 26.742280 -576.166100 0.000547 0.881136 0.035632 0.471519
51.208670 955.815300 26.861690 -577.619100 0.000523 0.880862 0.035386 0.472049
51.312450 957.980400 26.982190 -579.074900 -0.000237 0.880610 0.036072 0.472466
51.416040 960.137800 27.099650 -580.525800 0.000033 0.880399 0.036407 0.472835
51.519760 962.301900 27.220090 -581.977800 -0.000476 0.880143 0.037269 0.473244
51.623380 964.464000 27.348300 -583.424600 -0.001592 0.879855 0.039249 0.473615
51.727120 966.636800 27.484470 -584.874100 -0.002985 0.879651 0.039779 0.473944
51.830730 968.800400 27.627850 -586.315000 -0.003611 0.879558 0.039805 0.474110
51.934500 970.963300 27.766190 -587.758200 -0.002502 0.879553 0.038892 0.474202
52.038090 973.125200 27.899620 -589.204100 -0.000928 0.879511 0.038918 0.474284
52.141830 975.287600 28.029950 -590.649100 -0.000194 0.879489 0.039271 0.474297
52.245440 977.455300 28.160510 -592.093300 -0.000447 0.879503 0.038978 0.474294
52.349180 979.624600 28.291930 -593.533300 -0.002204 0.879549 0.038327 0.474258
52.452950 981.794900 28.423960 -594.975700 -0.002443 0.879668 0.037101 0.474134
52.556660 983.961700 28.554650 -596.421100 -0.001662 0.879656 0.037222 0.474149
52.660280 986.126800 28.684280 -597.868700 -0.000792 0.879564 0.038614 0.474211
52.763900 988.292900 28.814550 -599.317700 0.000250 0.879470 0.039009 0.474354
52.867640 990.461700 28.945400 -600.766400 0.000978 0.879413 0.038851 0.474470
52.971270 992.630400 29.074430 -602.212200 0.001040 0.879339 0.039019 0.474594
53.074870 994.799000 29.203650 -603.655800 0.000932 0.879218 0.039310 0.474794
53.178480 996.966300 29.332360 -605.096100 0.000949 0.879068 0.039144 0.475086
53.282240 999.137500 29.458510 -606.536900 0.001003 0.878933 0.038335 0.475401
53.385840 1001.304000 29.581250 -607.973200 0.000910 0.878780 0.038061 0.475705
53.489460 1003.471000 29.702970 -609.407800 0.000806 0.878606 0.038438 0.475997
53.593090 1005.637000 29.826810 -610.839700 0.000279 0.878415 0.039307 0.476279
53.696680 1007.806000 29.955550 -612.269700 -0.000493 0.878237 0.039989 0.476551
53.800320 1009.973000 30.087340 -613.695400 -0.001405 0.878181 0.039846 0.476664
53.904040 1012.137000 30.217810 -615.118600 -0.001226 0.878139 0.038526 0.476849
54.007650 1014.298000 30.344900 -616.538100 -0.001379 0.878073 0.037525 0.477051
54.111440 1016.458000 30.470990 -617.959200 -0.001050 0.877950 0.037842 0.477253
54.215030 1018.616000 30.598320 -619.381100 -0.000720 0.877823 0.038482 0.477436
54.318750 1020.773000 30.723110 -620.800600 -0.000149 0.877730 0.038199 0.477631
54.422370 1022.925000 30.845250 -622.217200 0.000419 0.877668 0.038578 0.477713
54.525980 1025.074000 30.967190 -623.631100 0.000876 0.877548 0.039513 0.477857
54.629720 1027.219000 31.087770 -625.042000 0.002188 0.877436 0.039609 0.478050
54.733340 1029.367000 31.209270 -626.452700 0.002534 0.877226 0.039971 0.478404
54.837080 1031.514000 31.332700 -627.857200 0.001930 0.877041 0.040237 0.478724
54.940700 1033.658000 31.456840 -629.252700 0.000611 0.876901 0.039011 0.479085
55.044310 1035.804000 31.582190 -630.641600 -0.001700 0.876796 0.038045 0.479352
55.147950 1037.942000 31.706980 -632.024200 -0.002830 0.876669 0.036608 0.479691
55.251540 1040.088000 31.828130 -633.410800 -0.003203 0.876494 0.035081 0.480122
55.355300 1042.231000 31.946740 -634.798800 -0.002416 0.876203 0.035183 0.480650
55.458900 1044.372000 32.064560 -636.184900 -0.002120 0.875835 0.036217 0.481246
55.562540 1046.514000 32.186510 -637.567500 -0.001570 0.875452 0.037069 0.481879
55.666250 1048.656000 32.310520 -638.946200 -0.001157 0.875123 0.037712 0.482427
55.769890 1050.796000 32.431670 -640.317400 -0.000826 0.874894 0.036680 0.482923
55.873610 1052.940000 32.547220 -641.685000 -0.000417 0.874735 0.035506 0.483300
55.977290 1055.084000 32.659610 -643.051500 0.000314 0.874527 0.035449 0.483680
56.080860 1057.226000 32.774290 -644.417300 0.000591 0.874177 0.037184 0.484182
56.184470 1059.374000 32.898610 -645.784000 -0.000051 0.873903 0.039192 0.484518
56.288130 1061.525000 33.029300 -647.144100 -0.000853 0.873664 0.039235 0.484944
56.391700 1063.674000 33.161350 -648.491900 -0.003084 0.873560 0.038245 0.485202
56.495310 1065.821000 33.290590 -649.837500 -0.004379 0.873537 0.036723 0.485351
56.598920 1067.966000 33.416200 -651.185500 -0.004660 0.873474 0.035977 0.485517
56.702420 1070.112000 33.538350 -652.534700 -0.004249 0.873407 0.035225 0.485696
56.806030 1072.257000 33.657370 -653.884700 -0.003505 0.873368 0.035024 0.485788
56.909640 1074.401000 33.774290 -655.235300 -0.002662 0.873324 0.035211 0.485857
57.013380 1076.547000 33.890270 -656.590100 -0.001188 0.873272 0.036007 0.485899
57.117000 1078.687000 34.004700 -657.941200 -0.000519 0.873174 0.036777 0.486018
57.220620 1080.840000 34.124920 -659.293400 -0.001527 0.873075 0.037736 0.486121
57.324230 1082.986000 34.247940 -660.639100 -0.001539 0.873018 0.037526 0.486240
57.427720 1085.128000 34.367090 -661.981400 -0.000160 0.872853 0.036317 0.486629
57.531360 1087.270000 34.480780 -663.328400 0.002340 0.872577 0.036029 0.487140
57.634950 1089.413000 34.587100 -664.669300 0.003307 0.872138 0.035869 0.487931
57.738590 1091.568000 34.694340 -666.014000 0.003106 0.871844 0.037137 0.488364
57.842180 1093.718000 34.805750 -667.347400 0.003790 0.871627 0.036317 0.488808
57.945800 1095.878000 34.921020 -668.677700 0.001182 0.871360 0.037807 0.489183
58.049530 1098.041000 35.047020 -670.011200 -0.000411 0.871161 0.039418 0.489412
58.153180 1100.195000 35.179770 -671.340900 -0.000196 0.870931 0.040254 0.489754
58.256810 1102.354000 35.311000 -672.672600 0.000735 0.870664 0.039498 0.490289
58.360400 1104.507000 35.433680 -673.995800 0.001604 0.870438 0.038148 0.490795
58.464000 1106.668000 35.548720 -675.317100 0.001286 0.870171 0.037877 0.491290
58.567620 1108.829000 35.665450 -676.637400 0.001075 0.869907 0.038257 0.491729
58.671360 1110.993000 35.785360 -677.958100 0.000998 0.869635 0.038441 0.492195
58.774970 1113.157000 35.904720 -679.272000 0.000540 0.869373 0.038884 0.492623
58.878710 1115.326000 36.026580 -680.586800 0.000228 0.869115 0.039539 0.493027
58.982460 1117.494000 36.148250 -681.895800 0.000215 0.868891 0.039260 0.493444
59.086070 1119.659000 36.268610 -683.201000 0.000783 0.868669 0.038602 0.493886
59.189810 1121.838000 36.387960 -684.511700 0.000829 0.868413 0.038205 0.494366
59.293570 1124.019000 36.511090 -685.823700 0.000184 0.868157 0.038283 0.494811
59.397170 1126.198000 36.634450 -687.131900 0.000125 0.867929 0.038400 0.495202
59.500910 1128.381000 36.756670 -688.439200 0.000871 0.867691 0.037974 0.495651
59.604650 1130.564000 36.874630 -689.743100 0.001057 0.867417 0.037093 0.496196
59.708260 1132.753000 36.990320 -691.046400 0.000973 0.867148 0.036786 0.496689
59.812000 1134.946000 37.102660 -692.350400 0.001349 0.866932 0.036442 0.497091
59.915740 1137.143000 37.212420 -693.654000 0.001659 0.866691 0.036143 0.497531
60.019480 1139.341000 37.322040 -694.955400 0.001797 0.866473 0.036275 0.497902
60.123100 1141.541000 37.432610 -696.255100 0.001717 0.866229 0.036560 0.498306
60.226840 1143.749000 37.546730 -697.556000 0.001485 0.866037 0.036563 0.498639
60.330460 1145.954000 37.661140 -698.852200 0.000751 0.865929 0.036642 0.498823
60.434070 1148.163000 37.776450 -700.148700 0.000352 0.865895 0.036269 0.498909
60.537830 1150.376000 37.891350 -701.445000 -0.000075 0.865949 0.035769 0.498851
60.641430 1152.585000 38.006810 -702.740800 -0.000421 0.866016 0.036197 0.498704
60.745170 1154.800000 38.124490 -704.040800 -0.000250 0.866091 0.036312 0.498566
60.848780 1157.012000 38.243560 -705.337700 0.000322 0.866158 0.035775 0.498488
60.952400 1159.229000 38.362140 -706.637800 0.000235 0.866160 0.036513 0.498431
61.056140 1161.448000 38.482440 -707.936300 0.000670 0.866197 0.036836 0.498343
61.159760 1163.663000 38.600750 -709.236900 0.001739 0.866290 0.035884 0.498248
61.263370 1165.886000 38.717050 -710.538400 0.001641 0.866318 0.036283 0.498171
61.366980 1168.110000 38.834610 -711.843600 0.000809 0.866341 0.036809 0.498094
61.470630 1170.337000 38.955440 -713.150500 0.000940 0.866370 0.036813 0.498044
61.574220 1172.562000 39.077280 -714.459000 0.001811 0.866333 0.036331 0.498140
61.677850 1174.790000 39.193280 -715.767800 0.002974 0.866192 0.035675 0.498427
61.784120 1177.083000 39.307860 -717.112200 0.003002 0.865983 0.036320 0.498744
61.885240 1179.271000 39.418730 -718.394000 0.002500 0.865806 0.037214 0.498988
61.988910 1181.516000 39.541540 -719.710500 0.001521 0.865667 0.038870 0.499107
62.092420 1183.758000 39.670710 -721.022300 0.001111 0.865609 0.039421 0.499164
62.196570 1186.021000 39.802340 -722.344800 0.000815 0.865548 0.039078 0.499298
62.300010 1188.272000 39.932740 -723.659100 0.000780 0.865516 0.038037 0.499435
62.403410 1190.524000 40.060150 -724.974300 0.000920 0.865443 0.037572 0.499595
62.507020 1192.784000 40.186050 -726.294800 0.001000 0.865269 0.037819 0.499879
62.611050 1195.054000 40.309560 -727.620100 0.001372 0.865063 0.037507 0.500257
62.714120 1197.315000 40.432520 -728.937000 0.001951 0.864810 0.037108 0.500723
62.817730 1199.585000 40.553320 -730.258400 0.002502 0.864636 0.036621 0.501056
62.921550 1201.867000 40.672010 -731.581900 0.002496 0.864382 0.036838 0.501479
63.024960 1204.142000 40.790010 -732.897800 0.002468 0.864152 0.037543 0.501823
63.128570 1206.417000 40.906370 -734.212600 0.002598 0.863967 0.037559 0.502139
63.232210 1208.709000 41.025570 -735.534000 0.002533 0.863784 0.037911 0.502427
63.335690 1210.993000 41.144430 -736.845900 0.001923 0.863582 0.038152 0.502759
63.439300 1213.283000 41.265120 -738.159200 0.001990 0.863365 0.037978 0.503145
63.542910 1215.578000 41.383300 -739.475600 0.002295 0.863094 0.038273 0.503585
63.646520 1217.874000 41.502370 -740.790400 0.002721 0.862704 0.038136 0.504263
63.750030 1220.173000 41.617260 -742.105200 0.003262 0.862264 0.037395 0.505066
63.853630 1222.478000 41.729810 -743.415200 0.003581 0.861841 0.036679 0.505838
63.957240 1224.787000 41.837380 -744.722300 0.004210 0.861414 0.035906 0.506615
64.060730 1227.101000 41.943500 -746.027900 0.004432 0.861002 0.035766 0.507323
64.164350 1229.416000 42.049890 -747.328100 0.004266 0.860630 0.036144 0.507929
64.267970 1231.744000 42.158310 -748.631400 0.003499 0.860357 0.036113 0.508399
64.371580 1234.074000 42.269550 -749.929400 0.003297 0.860238 0.035215 0.508665
64.475200 1236.405000 42.379200 -751.226700 0.003378 0.860100 0.034118 0.508973
64.578710 1238.735000 42.484290 -752.519700 0.003597 0.859951 0.033424 0.509269
64.682580 1241.082000 42.586500 -753.823500 0.004270 0.859789 0.033294 0.509544
64.785940 1243.423000 42.686510 -755.120300 0.004392 0.859589 0.033683 0.509856
64.889620 1245.771000 42.786860 -756.419400 0.004459 0.859439 0.034022 0.510085
64.993150 1248.123000 42.887540 -757.717500 0.004176 0.859254 0.034099 0.510394
65.096770 1250.478000 42.990820 -759.013700 0.003635 0.859063 0.034335 0.510705
65.200410 1252.841000 43.097610 -760.312000 0.003220 0.858872 0.034645 0.511007
65.304130 1255.209000 43.206900 -761.611600 0.002895 0.858672 0.034978 0.511323
65.407740 1257.579000 43.320630 -762.911000 0.002677 0.858428 0.036187 0.511648
65.511370 1259.949000 43.435900 -764.208700 0.003195 0.858236 0.036173 0.511968
65.614970 1262.318000 43.547820 -765.501500 0.003865 0.858100 0.034648 0.512297
65.719300 1264.716000 43.651790 -766.807400 0.005107 0.857997 0.032022 0.512631
65.822450 1267.084000 43.739510 -768.095200 0.006864 0.857875 0.029188 0.512983
65.926080 1269.473000 43.815980 -769.393200 0.007278 0.857627 0.028854 0.513410
66.029810 1271.868000 43.893180 -770.692800 0.006743 0.857373 0.030225 0.513763
66.133430 1274.261000 43.976570 -771.986900 0.006372 0.857188 0.030534 0.514059
66.237180 1276.670000 44.066340 -773.287000 0.005375 0.857040 0.031711 0.514245
66.340900 1279.074000 44.159040 -774.582100 0.004720 0.856911 0.032388 0.514425
66.444520 1281.478000 44.252520 -775.876300 0.004791 0.856766 0.032685 0.514646
66.548250 1283.885000 44.346610 -777.170800 0.004826 0.856630 0.032776 0.514867
66.651880 1286.290000 44.438810 -778.461700 0.005114 0.856473 0.032258 0.515157
66.755490 1288.696000 44.528460 -779.751600 0.005258 0.856337 0.031691 0.515417
66.859100 1291.103000 44.614110 -781.040700 0.005746 0.856232 0.030889 0.515634
66.962720 1293.510000 44.696100 -782.328200 0.006210 0.856064 0.030650 0.515924
67.066340 1295.919000 44.776310 -783.614700 0.005994 0.855896 0.031029 0.516182
67.169960 1298.329000 44.858660 -784.899000 0.005588 0.855707 0.031253 0.516486
67.273570 1300.742000 44.941190 -786.182500 0.005684 0.855589 0.031024 0.516694
67.377190 1303.154000 45.022800 -787.464000 0.005581 0.855454 0.031085 0.516914
67.480800 1305.561000 45.103700 -788.742100 0.006111 0.855287 0.030778 0.517203
67.584290 1307.966000 45.181370 -790.017300 0.006677 0.855121 0.030170 0.517508
67.687910 1310.380000 45.254920 -791.295400 0.007301 0.854992 0.029539 0.517748
67.791520 1312.794000 45.324930 -792.571300 0.007406 0.854881 0.029353 0.517940
67.895140 1315.208000 45.393210 -793.843700 0.007041 0.854715 0.029466 0.518214
67.998740 1317.624000 45.463620 -795.116800 0.006471 0.854518 0.030334 0.518495
68.102260 1320.032000 45.538310 -796.384600 0.007112 0.854343 0.030655 0.518756
68.205860 1322.449000 45.626510 -797.648100 0.007723 0.854166 0.030088 0.519071
68.309500 1324.867000 45.707160 -798.907000 0.007605 0.853994 0.029950 0.519365
68.412960 1327.287000 45.800710 -800.172300 0.007208 0.853880 0.029703 0.519572
68.516600 1329.709000 45.866640 -801.428500 0.007259 0.853750 0.029022 0.519822
68.620200 1332.123000 45.920050 -802.688700 0.007723 0.853621 0.027570 0.520108
68.723700 1334.542000 45.969580 -803.950000 0.008110 0.853522 0.026708 0.520309
68.827300 1336.962000 46.015450 -805.210600 0.007967 0.853364 0.027080 0.520550
68.930920 1339.380000 46.064170 -806.468900 0.008076 0.853202 0.028011 0.520765
69.034420 1341.797000 46.114650 -807.723100 0.007828 0.853052 0.028546 0.520986
69.138040 1344.212000 46.169210 -808.974100 0.007941 0.852957 0.027700 0.521186
69.241640 1346.638000 46.219610 -810.229600 0.008046 0.852850 0.026731 0.521408
69.345250 1349.058000 46.271890 -811.481900 0.008195 0.852764 0.026352 0.521567
69.448870 1351.478000 46.320330 -812.733900 0.008595 0.852634 0.025978 0.521792
69.552530 1353.902000 46.365950 -813.985600 0.008659 0.852465 0.026062 0.522062
69.656100 1356.319000 46.411710 -815.232700 0.008654 0.852299 0.026642 0.522304
69.759720 1358.741000 46.458460 -816.480800 0.008473 0.852119 0.026945 0.522585
69.863330 1361.156000 46.507280 -817.723400 0.008374 0.851975 0.026688 0.522835
69.966820 1363.568000 46.556810 -818.960500 0.008186 0.851850 0.026624 0.523045
70.070460 1365.979000 46.604840 -820.197100 0.008590 0.851718 0.026234 0.523273
70.174050 1368.388000 46.652990 -821.431200 0.008338 0.851553 0.026269 0.523544
70.277680 1370.797000 46.700620 -822.663500 0.008409 0.851432 0.026165 0.523745
70.381410 1373.206000 46.749660 -823.893200 0.008552 0.851272 0.025921 0.524014
70.485050 1375.612000 46.798070 -825.119400 0.008822 0.851125 0.025793 0.524255
70.588760 1378.014000 46.843580 -826.342400 0.009658 0.850910 0.025399 0.524608
70.692380 1380.423000 46.886910 -827.566000 0.010005 0.850657 0.025240 0.525020
70.795990 1382.830000 46.926240 -828.785000 0.010454 0.850396 0.024560 0.525465
70.899760 1385.241000 46.962430 -830.002800 0.010578 0.850190 0.024167 0.525814
71.003350 1387.647000 46.994310 -831.215500 0.010845 0.850009 0.023326 0.526140
71.107200 1390.058000 47.023380 -832.428000 0.010517 0.849801 0.022955 0.526498
71.210820 1392.473000 47.051850 -833.639800 0.010112 0.849619 0.022759 0.526809
71.314340 1394.883000 47.078940 -834.847000 0.009734 0.849403 0.022793 0.527163
71.418080 1397.297000 47.107790 -836.054500 0.009809 0.849161 0.022737 0.527554
71.521800 1399.712000 47.135630 -837.258600 0.009691 0.848896 0.023089 0.527966
71.625410 1402.118000 47.164950 -838.458600 0.009820 0.848670 0.023116 0.528326
71.729150 1404.531000 47.194200 -839.659600 0.010372 0.848452 0.023139 0.528664
71.832900 1406.940000 47.220890 -840.856000 0.010589 0.848215 0.023287 0.529033
71.936530 1409.345000 47.247490 -842.048800 0.010890 0.847980 0.023591 0.529392
72.040250 1411.748000 47.270640 -843.237200 0.011443 0.847739 0.022964 0.529793
72.143990 1414.145000 47.292590 -844.419900 0.011723 0.847509 0.022618 0.530169
72.247600 1416.545000 47.312610 -845.602600 0.011993 0.847279 0.022077 0.530553
72.351370 1418.942000 47.328690 -846.782000 0.012732 0.847035 0.021795 0.530937
72.454960 1421.338000 47.342030 -847.958700 0.012993 0.846785 0.021798 0.531329
72.558610 1423.739000 47.358200 -849.131600 0.012565 0.846592 0.021939 0.531641
72.662320 1426.137000 47.374310 -850.303800 0.012408 0.846469 0.021480 0.531860
72.766060 1428.540000 47.391070 -851.473700 0.012475 0.846330 0.021104 0.532095
72.869690 1430.939000 47.406140 -852.642800 0.012773 0.846206 0.020235 0.532318
72.973420 1433.338000 47.416390 -853.809800 0.013080 0.846042 0.019463 0.532600
73.077160 1435.735000 47.421410 -854.974700 0.013300 0.845889 0.019337 0.532843
73.180810 1438.134000 47.423520 -856.138900 0.013270 0.845710 0.019366 0.533126
73.284400 1440.537000 47.426460 -857.302000 0.012600 0.845558 0.019833 0.533366
73.388130 1442.936000 47.432370 -858.462100 0.012509 0.845431 0.019480 0.533582
73.491740 1445.330000 47.438870 -859.617700 0.012870 0.845278 0.019164 0.533827
73.595360 1447.721000 47.446200 -860.771300 0.012730 0.845044 0.019376 0.534195
73.698980 1450.116000 47.452020 -861.922600 0.012626 0.844876 0.019205 0.534469
73.802720 1452.509000 47.456360 -863.070600 0.012630 0.844759 0.018935 0.534663
73.906330 1454.899000 47.459530 -864.212900 0.012357 0.844611 0.019025 0.534900
74.010090 1457.288000 47.464580 -865.353900 0.012277 0.844451 0.019526 0.535136
74.113680 1459.672000 47.469950 -866.490500 0.012252 0.844260 0.020015 0.535420
74.217430 1462.058000 47.474050 -867.627200 0.012240 0.844077 0.020307 0.535698
74.321040 1464.432000 47.479770 -868.758100 0.012513 0.843895 0.020503 0.535970
74.424700 1466.807000 47.475990 -869.886500 0.012544 0.843717 0.020340 0.536256
74.528420 1469.182000 47.466890 -871.013800 0.012367 0.843576 0.020276 0.536485
74.632010 1471.550000 47.460290 -872.135000 0.012482 0.843360 0.019893 0.536836
74.735780 1473.920000 47.450730 -873.257300 0.012654 0.843215 0.019861 0.537061
74.839370 1476.283000 47.439230 -874.373400 0.012538 0.843053 0.019839 0.537319
74.942980 1478.642000 47.426850 -875.485100 0.012438 0.842884 0.019864 0.537584
75.046740 1481.001000 47.424770 -876.593400 0.012296 0.842778 0.020040 0.537748
75.150340 1483.348000 47.425920 -877.695300 0.011946 0.842772 0.019922 0.537769
75.253960 1485.696000 47.436110 -878.796500 0.011395 0.842791 0.020306 0.537736
75.357700 1488.042000 47.448040 -879.897000 0.011337 0.842838 0.020924 0.537641
75.461430 1490.381000 47.456750 -880.993400 0.011211 0.842863 0.021075 0.537599
75.565050 1492.712000 47.468040 -882.085000 0.010921 0.842845 0.021177 0.537628
75.668790 1495.041000 47.478760 -883.175000 0.010928 0.842822 0.020664 0.537684
75.772410 1497.363000 47.491610 -884.261200 0.010785 0.842786 0.020533 0.537749
75.876160 1499.686000 47.514050 -885.346400 0.010229 0.842732 0.021074 0.537823
75.979760 1501.996000 47.532100 -886.427000 0.010940 0.842647 0.021124 0.537940
76.083250 1504.298000 47.543960 -887.502300 0.011609 0.842484 0.020320 0.538213
76.186870 1506.608000 47.553860 -888.579300 0.011542 0.842304 0.020650 0.538483
76.290480 1508.913000 47.565520 -889.652400 0.011606 0.842089 0.021733 0.538776
76.394100 1511.216000 47.580290 -890.722900 0.011379 0.841910 0.022565 0.539026
76.497610 1513.510000 47.597510 -891.787400 0.011806 0.841749 0.022016 0.539291
76.601210 1515.801000 47.611240 -892.848500 0.012304 0.841601 0.021708 0.539523
76.704860 1518.096000 47.623990 -893.909600 0.012610 0.841411 0.021332 0.539827
76.808450 1520.388000 47.633130 -894.966500 0.012177 0.841252 0.021576 0.540076
76.911950 1522.676000 47.645960 -896.019100 0.011599 0.841064 0.022308 0.540350
77.015550 1524.961000 47.667360 -897.070500 0.011383 0.840915 0.022708 0.540571
77.119180 1527.242000 47.687060 -898.117000 0.011010 0.840724 0.022906 0.540867
77.222770 1529.523000 47.705170 -899.162300 0.011237 0.840558 0.022783 0.541126
77.326390 1531.795000 47.720200 -900.201700 0.012105 0.840398 0.021614 0.541403
77.430010 1534.067000 47.731310 -901.240100 0.012942 0.840207 0.020617 0.541719
77.533630 1536.337000 47.738180 -902.274200 0.012396 0.839988 0.021126 0.542052
77.637240 1538.605000 47.750820 -903.306000 0.011492 0.839794 0.022128 0.542332
77.740860 1540.873000 47.769280 -904.334900 0.010377 0.839592 0.023554 0.542608
77.844470 1543.134000 47.793460 -905.358400 0.010335 0.839425 0.023779 0.542856
77.948260 1545.392000 47.816790 -906.378700 0.010553 0.839297 0.022951 0.543086
78.051830 1547.641000 47.833430 -907.393900 0.011057 0.839082 0.022035 0.543446
78.155450 1549.884000 47.847940 -908.406700 0.011845 0.838862 0.022258 0.543760
78.259190 1552.134000 47.860340 -909.420300 0.011779 0.838627 0.022767 0.544102
78.362800 1554.374000 47.872740 -910.425200 0.010944 0.838505 0.022803 0.544306
78.466420 1556.611000 47.887680 -911.427100 0.010203 0.838553 0.023015 0.544239
78.570050 1558.842000 47.904680 -912.426600 0.009586 0.838707 0.022916 0.544017
78.673770 1561.071000 47.926150 -913.426300 0.008745 0.838933 0.023561 0.543654
78.777380 1563.292000 47.949970 -914.426100 0.008909 0.839165 0.023782 0.543284
78.881010 1565.507000 47.973970 -915.425600 0.009346 0.839391 0.023446 0.542941
78.984610 1567.716000 47.997070 -916.424100 0.009335 0.839614 0.022916 0.542620
79.088250 1569.920000 48.019850 -917.422200 0.009178 0.839799 0.022999 0.542332
79.191840 1572.126000 48.043770 -918.423200 0.008997 0.839981 0.022822 0.542062
79.295580 1574.331000 48.068020 -919.426300 0.008671 0.840165 0.023308 0.541761
79.399200 1576.528000 48.093010 -920.428900 0.009141 0.840362 0.023295 0.541448
79.502830 1578.723000 48.119230 -921.431200 0.009404 0.840531 0.023004 0.541192
79.606430 1580.910000 48.143140 -922.431500 0.009472 0.840739 0.022866 0.540875
79.710070 1583.106000 48.166060 -923.438600 0.009731 0.840969 0.023094 0.540503
79.813790 1585.294000 48.189100 -924.443800 0.009748 0.841297 0.023168 0.539988
79.917400 1587.477000 48.211550 -925.449400 0.009131 0.841798 0.023409 0.539208
80.021040 1589.656000 48.236390 -926.457400 0.008470 0.842481 0.023640 0.538140
80.124630 1591.825000 48.262600 -927.466600 0.007722 0.843229 0.023649 0.536979
80.228390 1593.998000 48.290250 -928.484000 0.007373 0.843957 0.023893 0.535828
80.331990 1596.156000 48.319390 -929.502500 0.007422 0.844682 0.024158 0.534671
80.435600 1598.309000 48.349060 -930.525500 0.007281 0.845375 0.024207 0.533574
80.539350 1600.456000 48.378020 -931.552300 0.007013 0.846129 0.023793 0.532401
80.642960 1602.594000 48.405480 -932.580800 0.006819 0.846950 0.023464 0.531111
80.746700 1604.728000 48.434060 -933.614800 0.006499 0.847821 0.023231 0.529734
80.850320 1606.851000 48.461430 -934.653500 0.006233 0.848661 0.023693 0.528369
80.954060 1608.968000 48.491950 -935.699100 0.006536 0.849302 0.024489 0.527299
81.057690 1611.079000 48.526240 -936.747000 0.006279 0.849899 0.025193 0.526306
81.161430 1613.177000 48.561140 -937.795300 0.006350 0.850491 0.025153 0.525350
81.265030 1615.276000 48.596970 -938.848800 0.006200 0.851058 0.024965 0.524440
81.368770 1617.365000 48.633250 -939.903400 0.006010 0.851611 0.024893 0.523548
81.472390 1619.446000 48.670090 -940.960600 0.005763 0.852114 0.025433 0.522706
81.576000 1621.514000 48.707670 -942.017400 0.006613 0.852437 0.025397 0.522171
81.679610 1623.582000 48.745510 -943.079800 0.007385 0.852600 0.026046 0.521863
81.783110 1625.639000 48.781120 -944.138700 0.008125 0.852749 0.026076 0.521606
81.886720 1627.692000 48.813640 -945.194800 0.008698 0.852985 0.025183 0.521255
81.990350 1629.739000 48.843360 -946.249300 0.008370 0.853190 0.024342 0.520965
82.093950 1631.780000 48.871780 -947.302000 0.008222 0.853378 0.024080 0.520671
82.197580 1633.819000 48.897920 -948.357400 0.008398 0.853534 0.024020 0.520415
82.301180 1635.848000 48.922520 -949.409300 0.008991 0.853676 0.023696 0.520188
82.404920 1637.876000 48.947130 -950.461600 0.008786 0.853722 0.024192 0.520093
82.508540 1639.898000 48.974590 -951.509000 0.008288 0.853731 0.024586 0.520068
82.612160 1641.905000 49.002610 -952.550900 0.008663 0.853681 0.024111 0.520166
82.715890 1643.920000 49.030830 -953.598100 0.008534 0.853532 0.024432 0.520397
82.819520 1645.927000 49.061230 -954.635800 0.007664 0.853218 0.024651 0.520916
82.923130 1647.929000 49.093620 -955.671800 0.007732 0.852889 0.025883 0.521393
83.026880 1649.931000 49.130700 -956.702500 0.007202 0.852316 0.027797 0.522238
83.130480 1651.926000 49.177850 -957.723200 0.006767 0.851758 0.028977 0.523089
83.234220 1653.922000 49.227710 -958.739200 0.006197 0.851322 0.028827 0.523814
83.337860 1655.907000 49.274040 -959.742900 0.005997 0.850820 0.026701 0.524745
83.441640 1657.888000 49.310590 -960.744500 0.009710 0.850232 0.024372 0.525754
83.545230 1659.868000 49.336710 -961.740700 0.011460 0.849439 0.023787 0.527026
83.648840 1661.857000 49.363680 -962.732200 0.010932 0.848548 0.026059 0.528363
83.752550 1663.845000 49.398450 -963.714100 0.010750 0.847658 0.026832 0.529754
83.856290 1665.835000 49.438820 -964.686400 0.009788 0.846907 0.027663 0.530931
83.960030 1667.828000 49.481180 -965.652000 0.008726 0.846277 0.028167 0.531926
84.063650 1669.813000 49.524210 -966.610000 0.008995 0.845770 0.028051 0.532734
84.167410 1671.797000 49.564560 -967.564900 0.010022 0.845303 0.028252 0.533446
84.271000 1673.786000 49.605990 -968.517000 0.009725 0.844770 0.029314 0.534238
84.375100 1675.782000 49.651300 -969.464400 0.008907 0.844381 0.028971 0.534885
84.478430 1677.761000 49.696530 -970.398500 0.007917 0.844245 0.028347 0.535149
84.582130 1679.740000 49.740000 -971.331200 0.007438 0.844200 0.027383 0.535277
84.685720 1681.723000 49.781850 -972.264100 0.006601 0.844085 0.026863 0.535495
84.789410 1683.703000 49.823340 -973.196400 0.006032 0.843986 0.026889 0.535658
84.893170 1685.682000 49.865590 -974.128800 0.005702 0.843931 0.027166 0.535732
84.996840 1687.655000 49.909050 -975.059700 0.006132 0.843919 0.027371 0.535736
85.100490 1689.621000 49.952620 -975.985500 0.005957 0.843903 0.027227 0.535771
85.204070 1691.585000 49.995820 -976.910500 0.006124 0.843922 0.027048 0.535749
85.307680 1693.546000 50.037760 -977.833800 0.006306 0.843949 0.026696 0.535722
85.411440 1695.506000 50.078320 -978.757700 0.006517 0.843888 0.027045 0.535797
85.515020 1697.460000 50.120170 -979.678900 0.006519 0.843718 0.027783 0.536027
85.618780 1699.416000 50.165150 -980.599400 0.006403 0.843497 0.028757 0.536326
85.723090 1701.378000 50.211390 -981.520300 0.006425 0.843304 0.028577 0.536638
85.826500 1703.321000 50.258320 -982.431100 0.006544 0.843138 0.029225 0.536863
85.929770 1705.258000 50.305720 -983.335400 0.005797 0.842862 0.028962 0.537318
86.033690 1707.206000 50.355120 -984.243500 0.005721 0.842642 0.029191 0.537651
86.137390 1709.144000 50.405980 -985.145100 0.005646 0.842255 0.029923 0.538219
86.240760 1711.078000 50.456850 -986.044200 0.006706 0.841806 0.029542 0.538929
86.344470 1713.011000 50.504090 -986.939000 0.008159 0.841332 0.028628 0.539699
86.448450 1714.950000 50.546220 -987.831400 0.008281 0.840873 0.028131 0.540438
86.551860 1716.881000 50.589310 -988.714300 0.006993 0.840399 0.029362 0.541127
86.655630 1718.815000 50.638860 -989.592800 0.005413 0.839974 0.029922 0.541774
86.759380 1720.748000 50.692220 -990.466700 0.004562 0.839573 0.029858 0.542407
86.863010 1722.678000 50.747080 -991.336600 0.003815 0.839136 0.030327 0.543063
86.966920 1724.608000 50.803920 -992.203700 0.003637 0.838713 0.030550 0.543705
87.070550 1726.528000 50.858820 -993.063100 0.003938 0.838317 0.029629 0.544363
87.174110 1728.444000 50.913070 -993.918100 0.003715 0.837956 0.030096 0.544894
87.278320 1730.369000 50.969530 -994.773800 0.003304 0.837633 0.031198 0.545331
87.381660 1732.261000 51.021220 -995.615600 0.003987 0.837461 0.029745 0.545672
87.485350 1734.159000 51.071700 -996.457800 0.004316 0.837294 0.029685 0.545929
87.588960 1736.038000 51.122030 -997.293000 0.005666 0.837128 0.030607 0.546121
87.692700 1737.915000 51.170200 -998.126400 0.006728 0.837018 0.031337 0.546236
87.796300 1739.776000 51.218490 -998.952700 0.007195 0.837006 0.032952 0.546153
87.900120 1741.629000 51.268800 -999.774100 0.007263 0.837075 0.033891 0.545989
88.003840 1743.475000 51.322530 -1000.590000 0.006664 0.837213 0.033756 0.545794
88.107400 1745.308000 51.375730 -1001.398000 0.005899 0.837407 0.032909 0.545556
88.211600 1747.151000 51.447660 -1002.199000 0.005023 0.837661 0.031597 0.545253
88.314960 1748.971000 51.508140 -1002.990000 0.004293 0.837910 0.030879 0.544917
88.418530 1750.784000 51.559950 -1003.788000 0.003670 0.838093 0.030763 0.544646
88.522330 1752.592000 51.606350 -1004.589000 0.003223 0.838284 0.031308 0.544325
88.625980 1754.388000 51.653860 -1005.375000 0.002572 0.838497 0.031391 0.543996
88.729780 1756.187000 51.705780 -1006.165000 0.001532 0.838789 0.031508 0.543542
88.833470 1757.974000 51.762650 -1006.957000 0.000586 0.839207 0.032049 0.542866
88.937260 1759.751000 51.823110 -1007.751000 0.000293 0.839599 0.032419 0.542238
89.040970 1761.513000 51.883420 -1008.544000 0.000962 0.839921 0.033049 0.541701
89.144560 1763.261000 51.952850 -1009.335000 0.001745 0.840189 0.034472 0.541195
89.248170 1764.998000 52.010450 -1010.123000 0.002828 0.840431 0.035959 0.540717
89.351910 1766.720000 52.070580 -1010.909000 0.004395 0.840700 0.036796 0.540232
89.455530 1768.424000 52.129010 -1011.690000 0.006205 0.841034 0.037204 0.539665
89.559150 1770.113000 52.186150 -1012.467000 0.007372 0.841320 0.038081 0.539143
89.662760 1771.786000 52.242930 -1013.242000 0.008744 0.841633 0.039044 0.538566
89.766510 1773.447000 52.300270 -1014.014000 0.010278 0.842040 0.039615 0.537860
89.870260 1775.097000 52.357610 -1014.785000 0.011621 0.842425 0.040181 0.537188
89.973980 1776.731000 52.414300 -1015.552000 0.012626 0.842968 0.040738 0.536271
90.077600 1778.350000 52.471290 -1016.316000 0.013540 0.843574 0.041498 0.535237
90.181340 1779.954000 52.528580 -1017.080000 0.014695 0.844185 0.042621 0.534152
90.285080 1781.539000 52.586090 -1017.840000 0.016063 0.844793 0.043482 0.533081
90.388820 1783.104000 52.642530 -1018.596000 0.017295 0.845434 0.044366 0.531953
90.492430 1784.649000 52.697970 -1019.347000 0.018134 0.846407 0.044621 0.530355
90.596170 1786.178000 52.754410 -1020.097000 0.018187 0.847729 0.045051 0.528200
90.699910 1787.688000 52.811420 -1020.850000 0.018202 0.849345 0.045794 0.525532
90.803530 1789.178000 52.870060 -1021.604000 0.018513 0.851172 0.046442 0.522500
90.907270 1790.644000 52.928710 -1022.359000 0.018757 0.853216 0.046525 0.519140
91.011010 1792.093000 52.987560 -1023.119000 0.018282 0.855659 0.046172 0.515152
91.114650 1793.508000 53.044910 -1023.881000 0.017888 0.858663 0.045453 0.510208
91.218370 1794.918000 53.104130 -1024.665000 0.017678 0.862176 0.045015 0.504294
91.322130 1796.305000 53.162510 -1025.467000 0.018058 0.865949 0.045176 0.497760
91.425850 1797.645000 53.225610 -1026.269000 0.018691 0.869849 0.045944 0.490818
91.529590 1798.986000 53.286400 -1027.105000 0.019946 0.873818 0.046818 0.483583
91.633230 1800.303000 53.349480 -1027.957000 0.020593 0.877811 0.047716 0.476179
91.736950 1801.573000 53.418600 -1028.814000 0.021591 0.881991 0.048553 0.468262
91.840690 1802.849000 53.487460 -1029.705000 0.021680 0.886272 0.049004 0.460054
91.944420 1804.070000 53.556870 -1030.593000 0.022342 0.890669 0.048732 0.451480
92.048160 1805.302000 53.627780 -1031.525000 0.023089 0.895189 0.048579 0.442429
92.151900 1806.512000 53.702010 -1032.479000 0.022776 0.899748 0.050223 0.432912
92.255650 1807.659000 53.781340 -1033.436000 0.023158 0.904434 0.051123 0.422905
92.359390 1808.823000 53.863690 -1034.439000 0.023067 0.909156 0.051725 0.412587
92.463120 1809.965000 53.948920 -1035.467000 0.022450 0.913851 0.051961 0.402085
92.566890 1811.032000 54.031570 -1036.486000 0.022464 0.918605 0.051498 0.391162
92.670480 1812.120000 54.119210 -1037.563000 0.022261 0.923390 0.050975 0.379811
92.774250 1813.127000 54.207400 -1038.631000 0.021945 0.928140 0.051382 0.368015
92.877970 1814.163000 54.297480 -1039.764000 0.021843 0.932830 0.052547 0.355795
92.981700 1815.169000 54.393580 -1040.921000 0.021289 0.937320 0.054316 0.343551
93.085450 1816.083000 54.494320 -1042.062000 0.020240 0.941721 0.055783 0.331121
93.189210 1817.025000 54.598500 -1043.266000 0.021176 0.946055 0.055863 0.318450
93.292930 1817.931000 54.704650 -1044.484000 0.021434 0.950277 0.054547 0.305840
93.396540 1818.744000 54.810080 -1045.693000 0.022045 0.954259 0.054010 0.293234
93.500280 1819.586000 54.916010 -1046.959000 0.022129 0.958136 0.053745 0.280351
93.604020 1820.326000 55.022540 -1048.207000 0.022286 0.961886 0.053914 0.267154
93.707670 1821.100000 55.130950 -1049.517000 0.021978 0.965467 0.054890 0.253727
93.811380 1821.838000 55.243580 -1050.848000 0.021671 0.968976 0.055240 0.239927
93.915120 1822.465000 55.355880 -1052.152000 0.021816 0.972374 0.054797 0.225855
94.018900 1823.124000 55.471320 -1053.518000 0.022362 0.975561 0.054257 0.211745
94.122480 1823.739000 55.585960 -1054.897000 0.022680 0.978478 0.054235 0.197798
94.226290 1824.255000 55.703640 -1056.260000 0.022446 0.981163 0.055171 0.183768
94.329830 1824.795000 55.823550 -1057.672000 0.021680 0.983678 0.055920 0.169646
94.433570 1825.228000 55.940700 -1059.056000 0.020906 0.986041 0.055858 0.155454
94.537200 1825.688000 56.066580 -1060.491000 0.020449 0.988190 0.055147 0.141497
94.640800 1826.105000 56.190320 -1061.934000 0.020249 0.990061 0.055016 0.127836
94.744540 1826.418000 56.316310 -1063.357000 0.020636 0.991668 0.055785 0.114262
94.848290 1826.758000 56.444010 -1064.825000 0.020393 0.993145 0.055816 0.100657
94.951890 1827.054000 56.573250 -1066.300000 0.020862 0.994413 0.055885 0.087092
95.055660 1827.248000 56.702760 -1067.744000 0.020631 0.995493 0.056207 0.073551
95.159370 1827.464000 56.835180 -1069.230000 0.020232 0.996435 0.055858 0.059898
95.263120 1827.640000 56.968800 -1070.726000 0.020584 0.997188 0.055276 0.046225
95.366730 1827.717000 57.099510 -1072.185000 0.020344 0.997728 0.055067 0.033049
95.470470 1827.812000 57.232150 -1073.687000 0.020668 0.998085 0.054707 0.020144
95.574090 1827.812000 57.365800 -1075.152000 0.020923 0.998250 0.054813 0.007398
95.677830 1827.830000 57.499290 -1076.658000 0.020875 0.998240 0.055246 -0.005360
95.781570 1827.812000 57.635950 -1078.165000 0.020764 0.998098 0.055146 -0.018139
95.885200 1827.696000 57.769810 -1079.636000 0.020680 0.997810 0.054638 -0.031028
95.988800 1827.601000 57.907710 -1081.139000 0.020179 0.997384 0.053643 -0.044046
96.092540 1827.468000 58.043960 -1082.643000 0.020019 0.996799 0.051978 -0.057357
96.196160 1827.234000 58.171930 -1084.111000 0.019502 0.996000 0.050984 -0.070747
96.299770 1827.023000 58.302300 -1085.615000 0.018461 0.994960 0.051018 -0.084328
96.403410 1826.704000 58.435920 -1087.072000 0.018303 0.993684 0.051385 -0.098065
96.507130 1826.410000 58.566080 -1088.569000 0.017886 0.992176 0.052629 -0.111790
96.610910 1826.076000 58.703150 -1090.056000 0.017631 0.990504 0.052833 -0.125695
96.714500 1825.633000 58.833840 -1091.489000 0.017344 0.988695 0.051446 -0.139766
96.818220 1825.214000 58.969630 -1092.954000 0.017156 0.986667 0.050713 -0.153694
96.921840 1824.755000 59.102010 -1094.410000 0.016920 0.984421 0.050865 -0.167458
97.025580 1824.183000 59.235400 -1095.811000 0.016955 0.981929 0.051071 -0.181435
97.129320 1823.643000 59.368500 -1097.240000 0.016585 0.979222 0.051119 -0.195538
97.233060 1823.060000 59.495070 -1098.648000 0.016093 0.976262 0.050828 -0.209928
97.336810 1822.357000 59.606840 -1099.995000 0.015735 0.973080 0.050009 -0.224427
97.440420 1821.684000 59.720510 -1101.364000 0.015121 0.969621 0.049839 -0.239002
97.544160 1820.889000 59.842340 -1102.660000 0.014768 0.965916 0.049509 -0.253648
97.647900 1820.139000 59.943560 -1103.994000 0.013994 0.962014 0.049423 -0.268123
97.751640 1819.352000 60.052080 -1105.305000 0.013985 0.957910 0.049323 -0.282454
97.855250 1818.450000 60.159610 -1106.542000 0.013859 0.953598 0.049459 -0.296670
97.958990 1817.589000 60.270910 -1107.799000 0.013494 0.949077 0.049411 -0.310852
98.062740 1816.694000 60.383450 -1109.029000 0.013439 0.944337 0.048754 -0.325071
98.166520 1815.685000 60.491280 -1110.182000 0.012933 0.939394 0.048441 -0.339154
98.270110 1814.723000 60.602270 -1111.351000 0.012404 0.934245 0.047524 -0.353232
98.373830 1813.646000 60.712160 -1112.443000 0.012417 0.928844 0.047257 -0.367236
98.477450 1812.614000 60.820780 -1113.551000 0.012298 0.923239 0.047693 -0.381056
98.581060 1811.551000 60.930130 -1114.626000 0.011948 0.917371 0.047109 -0.395056
98.684800 1810.378000 61.035860 -1115.622000 0.011370 0.911298 0.046402 -0.408966
98.788420 1809.249000 61.144240 -1116.631000 0.010947 0.905130 0.045087 -0.422596
98.892150 1808.088000 61.248840 -1117.606000 0.010365 0.898850 0.043953 -0.435923
98.995770 1806.825000 61.348990 -1118.505000 0.010086 0.892443 0.043464 -0.448949
99.099510 1805.603000 61.448390 -1119.412000 0.009934 0.885915 0.043446 -0.461702
99.203130 1804.284000 61.546840 -1120.246000 0.009775 0.879228 0.043911 -0.474273
99.306750 1803.008000 61.645820 -1121.087000 0.009396 0.872486 0.043319 -0.486624
99.410360 1801.706000 61.743460 -1121.892000 0.008503 0.865706 0.042631 -0.498662
99.513970 1800.315000 61.839060 -1122.623000 0.008656 0.858927 0.042316 -0.510274
99.617730 1798.960000 61.934210 -1123.358000 0.008692 0.852232 0.041879 -0.521412
99.721330 1797.579000 62.029200 -1124.058000 0.008941 0.845591 0.041088 -0.532172
99.825070 1796.124000 62.117340 -1124.692000 0.008907 0.838948 0.039807 -0.542680
99.928690 1794.701000 62.207320 -1125.325000 0.008371 0.832315 0.039501 -0.552830
100.032400 1793.253000 62.295340 -1125.928000 0.008706 0.825583 0.039974 -0.562796
100.136200 1791.742000 62.385230 -1126.471000 0.007851 0.818869 0.040710 -0.572481
100.239800 1790.258000 62.474350 -1127.004000 0.007557 0.812347 0.039131 -0.581812
100.343500 1788.716000 62.560900 -1127.485000 0.007222 0.806072 0.038829 -0.590499
100.447100 1787.194000 62.644820 -1127.955000 0.007379 0.800079 0.038599 -0.598607
100.550800 1785.654000 62.728120 -1128.395000 0.007852 0.794374 0.037891 -0.606196
100.654400 1784.075000 62.808710 -1128.793000 0.008187 0.789104 0.037497 -0.613059
100.758000 1782.506000 62.890760 -1129.180000 0.008318 0.784238 0.036245 -0.619345
100.861600 1780.922000 62.970710 -1129.541000 0.008408 0.779652 0.034832 -0.625186
100.965200 1779.311000 63.047280 -1129.873000 0.008469 0.775301 0.033846 -0.630627
101.068800 1777.702000 63.122340 -1130.193000 0.008919 0.771141 0.033325 -0.635729
101.172400 1776.082000 63.195010 -1130.494000 0.008769 0.767206 0.032811 -0.640500
101.276200 1774.439000 63.267380 -1130.771000 0.008797 0.763394 0.032553 -0.645052
101.379800 1772.797000 63.339210 -1131.038000 0.008008 0.759815 0.032647 -0.649270
101.483400 1771.135000 63.411720 -1131.284000 0.007977 0.756466 0.032709 -0.653166
101.587000 1769.479000 63.483610 -1131.517000 0.008549 0.753692 0.033083 -0.656339
101.690600 1767.796000 63.557990 -1131.740000 0.009312 0.751499 0.033233 -0.658830
101.794300 1766.113000 63.632220 -1131.949000 0.009593 0.749724 0.032640 -0.660875
101.897900 1764.428000 63.705960 -1132.152000 0.009726 0.747930 0.032755 -0.662898
102.001600 1762.736000 63.778720 -1132.348000 0.009688 0.746087 0.033053 -0.664957
102.105200 1761.046000 63.851090 -1132.534000 0.009368 0.744403 0.033383 -0.666830
102.208900 1759.353000 63.922800 -1132.713000 0.009220 0.742988 0.033597 -0.668398
102.312600 1757.655000 63.994760 -1132.885000 0.009291 0.741782 0.034019 -0.669714
102.416200 1755.959000 64.066820 -1133.051000 0.009251 0.740764 0.034030 -0.670839
102.520000 1754.261000 64.137950 -1133.210000 0.009227 0.739901 0.033698 -0.671807
102.623600 1752.565000 64.208150 -1133.366000 0.008828 0.739190 0.033363 -0.672612
102.727300 1750.863000 64.278880 -1133.519000 0.009116 0.738607 0.033245 -0.673255
102.830900 1749.163000 64.348110 -1133.669000 0.009045 0.738100 0.033214 -0.673813
102.934700 1747.458000 64.417210 -1133.818000 0.008840 0.737654 0.033169 -0.674306
103.038300 1745.755000 64.486410 -1133.964000 0.008927 0.737247 0.033079 -0.674754
103.142000 1744.051000 64.556590 -1134.108000 0.009477 0.736825 0.033519 -0.675185
103.245700 1742.342000 64.628630 -1134.251000 0.009607 0.736491 0.033697 -0.675539
103.349400 1740.635000 64.701780 -1134.391000 0.009881 0.736045 0.034076 -0.676003
103.453000 1738.929000 64.775640 -1134.530000 0.009855 0.735606 0.034295 -0.676469
103.556700 1737.220000 64.849500 -1134.667000 0.009423 0.735180 0.034147 -0.676946
103.660300 1735.516000 64.921970 -1134.802000 0.009073 0.734803 0.033917 -0.677371
103.764100 1733.810000 64.994700 -1134.934000 0.009624 0.734383 0.034338 -0.677798
103.867700 1732.115000 65.065850 -1135.064000 0.009660 0.733918 0.034921 -0.678271
103.971300 1730.426000 65.136650 -1135.192000 0.009577 0.733432 0.034853 -0.678802
104.075100 1728.748000 65.205110 -1135.319000 0.008344 0.733068 0.034490 -0.679229
104.178700 1727.075000 65.271670 -1135.441000 0.007555 0.732557 0.033867 -0.679821
104.282300 1725.404000 65.334810 -1135.561000 0.007052 0.732051 0.033381 -0.680395
104.386000 1723.740000 65.394810 -1135.676000 0.006624 0.731494 0.032830 -0.681025
104.489800 1722.082000 65.452660 -1135.788000 0.006584 0.730711 0.032584 -0.681877
104.593400 1720.432000 65.512400 -1135.894000 0.007106 0.729440 0.032858 -0.683218
104.697300 1718.787000 65.569500 -1135.995000 0.006934 0.727713 0.033571 -0.685025
104.800900 1717.161000 65.624710 -1136.086000 0.006298 0.725485 0.033580 -0.687390
104.904600 1715.535000 65.679490 -1136.161000 0.005842 0.722709 0.033997 -0.690292
105.008400 1713.931000 65.731990 -1136.225000 0.005203 0.719520 0.033922 -0.693623
105.112100 1712.341000 65.782310 -1136.271000 0.005165 0.715902 0.033628 -0.697372
105.215900 1710.746000 65.832700 -1136.295000 0.005043 0.711808 0.034235 -0.701521
105.319400 1709.184000 65.880130 -1136.308000 0.004599 0.706984 0.034763 -0.706360
105.423200 1707.613000 65.927240 -1136.285000 -0.004183 -0.701532 -0.034936 0.711769
105.526900 1706.078000 65.971280 -1136.253000 -0.003511 -0.695542 -0.034822 0.717632
105.630700 1704.565000 66.012300 -1136.194000 -0.002426 -0.689056 -0.034004 0.723906
105.734400 1703.031000 66.047790 -1136.085000 -0.001697 -0.681951 -0.033180 0.730643
105.838100 1701.548000 66.081160 -1135.967000 -0.001002 -0.674390 -0.032334 0.737666
105.941900 1700.082000 66.110410 -1135.821000 -0.000717 -0.666341 -0.031555 0.744979
106.045600 1698.586000 66.136490 -1135.613000 -0.000900 -0.657755 -0.031403 0.752576
106.149400 1697.155000 66.162150 -1135.401000 -0.000803 -0.648360 -0.030698 0.760714
106.253100 1695.669000 66.186530 -1135.102000 0.000209 -0.638147 -0.029934 0.769332
106.357000 1694.241000 66.210430 -1134.791000 0.000666 -0.627357 -0.029142 0.778186
106.460800 1692.835000 66.218010 -1134.472000 0.001091 -0.616155 -0.027591 0.787141
106.564500 1691.371000 66.207300 -1134.067000 0.001121 -0.604716 -0.025138 0.796044
106.668200 1689.991000 66.195910 -1133.671000 0.001421 -0.592999 -0.023860 0.804848
106.771900 1688.621000 66.171160 -1133.232000 0.000998 -0.580781 -0.022247 0.813755
106.875700 1687.197000 66.143850 -1132.693000 0.000639 -0.567977 -0.021489 0.822764
106.979300 1685.870000 66.096410 -1132.171000 0.000232 -0.554488 -0.021026 0.831926
107.083200 1684.476000 66.062320 -1131.541000 0.000177 -0.540190 -0.020549 0.841292
107.186900 1683.200000 66.017760 -1130.935000 0.001043 -0.525323 -0.020161 0.850663
107.290500 1681.961000 65.984520 -1130.284000 0.002360 -0.510100 -0.018825 0.859906
107.394300 1680.643000 65.942410 -1129.520000 0.003638 -0.494744 -0.017342 0.868858
107.498000 1679.457000 65.907580 -1128.777000 0.003517 -0.479510 -0.016586 0.877373
107.601600 1678.306000 65.871010 -1127.996000 0.003736 -0.463970 -0.015329 0.885711
107.705400 1677.079000 65.827570 -1127.102000 0.004355 -0.447982 -0.014387 0.893916
107.809100 1675.989000 65.788960 -1126.240000 0.004227 -0.431890 -0.014113 0.901806
107.912800 1674.826000 65.745850 -1125.267000 0.004434 -0.415549 -0.014129 0.909450
108.016400 1673.811000 65.706680 -1124.329000 0.005327 -0.398946 -0.013007 0.916867
108.120200 1672.831000 65.663200 -1123.355000 0.006950 -0.382361 -0.011942 0.923910
108.223900 1671.787000 65.613130 -1122.274000 0.007953 -0.365852 -0.010097 0.930584
108.327600 1670.884000 65.562760 -1121.227000 0.008632 -0.349314 -0.008572 0.936927
108.431200 1670.025000 65.509540 -1120.149000 0.009476 -0.332469 -0.006956 0.943041
108.534900 1669.099000 65.447460 -1118.972000 0.010129 -0.315653 -0.005730 0.948803
108.638800 1668.319000 65.388860 -1117.831000 0.010837 -0.298928 -0.003920 0.954206
108.742600 1667.481000 65.322170 -1116.599000 0.012328 -0.282380 -0.002494 0.959220
108.845900 1666.783000 65.253920 -1115.408000 0.014290 -0.266290 -0.000457 0.963787
108.949700 1666.116000 65.184990 -1114.183000 0.015040 -0.250791 0.001066 0.967924
109.053200 1665.409000 65.104620 -1112.881000 0.013919 -0.235961 0.002129 0.971661
109.156900 1664.817000 65.032540 -1111.609000 0.013942 -0.221244 0.003717 0.975112
109.260500 1664.267000 64.958350 -1110.320000 0.014600 -0.206473 0.005227 0.978329
109.364400 1663.679000 64.876540 -1108.960000 0.015936 -0.191676 0.006988 0.981304
109.467900 1663.209000 64.795070 -1107.637000 0.018037 -0.176776 0.009250 0.984042
109.571600 1662.781000 64.712870 -1106.297000 0.018298 -0.161437 0.009241 0.986670
109.675300 1662.301000 64.624310 -1104.878000 0.016594 -0.145328 0.008707 0.989206
109.779100 1661.958000 64.538000 -1103.507000 0.015416 -0.128420 0.007051 0.991575
109.882700 1661.562000 64.469150 -1102.062000 0.019186 -0.111150 0.007517 0.993590
109.986400 1661.319000 64.363200 -1100.685000 0.025881 -0.093925 0.007806 0.995212
110.090100 1661.115000 64.265540 -1099.284000 0.028001 -0.077235 0.007575 0.996591
110.193900 1660.875000 64.144440 -1097.802000 0.025630 -0.060933 0.008678 0.997775
110.297600 1660.772000 64.051740 -1096.370000 0.022355 -0.044434 0.010487 0.998707
110.401400 1660.724000 63.953510 -1094.939000 0.021582 -0.027603 0.012558 0.999307
110.505100 1660.624000 63.860490 -1093.444000 0.023111 -0.010629 0.013574 0.999584
110.608900 1660.666000 63.756550 -1092.014000 0.025838 0.006247 0.014101 0.999547
110.712500 1660.665000 63.653470 -1090.516000 0.028193 0.022974 0.014343 0.999236
110.816200 1660.808000 63.538990 -1089.081000 0.029868 0.039766 0.014710 0.998654
110.920000 1660.998000 63.423860 -1087.649000 0.030447 0.056672 0.013919 0.997831
111.023600 1661.140000 63.305480 -1086.159000 0.030177 0.073584 0.013653 0.996739
111.127300 1661.423000 63.188440 -1084.736000 0.029785 0.090390 0.012205 0.995386
111.231000 1661.752000 63.072570 -1083.312000 0.030715 0.106820 0.011953 0.993732
111.334700 1662.049000 62.956940 -1081.841000 0.031099 0.122500 0.011641 0.991913
111.438400 1662.469000 62.842390 -1080.424000 0.031116 0.137464 0.011615 0.989950
111.542000 1662.869000 62.724060 -1078.968000 0.030845 0.151703 0.012325 0.987868
111.645800 1663.374000 62.614870 -1077.556000 0.029966 0.165052 0.012956 0.985744
111.749400 1663.914000 62.504190 -1076.148000 0.029448 0.177559 0.013258 0.983580
111.853000 1664.445000 62.396750 -1074.719000 0.029806 0.189384 0.014080 0.981350
111.956600 1665.055000 62.286610 -1073.325000 0.030776 0.200098 0.014331 0.979188
112.060200 1665.691000 62.176590 -1071.933000 0.031898 0.209507 0.016028 0.977155
112.163800 1666.334000 62.062170 -1070.534000 0.032577 0.218032 0.017142 0.975247
112.268400 1667.040000 61.952600 -1069.131000 0.031531 0.225930 0.018590 0.973456
112.370900 1667.748000 61.843620 -1067.757000 0.030148 0.233511 0.018775 0.971705
112.474600 1668.471000 61.738720 -1066.365000 0.030381 0.241125 0.019388 0.969825
112.578200 1669.233000 61.632800 -1064.989000 0.031140 0.247937 0.019180 0.968086
112.681700 1670.011000 61.526040 -1063.611000 0.032301 0.253538 0.020510 0.966569
112.785600 1670.820000 61.418490 -1062.227000 0.031650 0.257606 0.021503 0.965492
112.889800 1671.640000 61.310310 -1060.840000 0.030991 0.260484 0.021515 0.964741
112.992400 1672.455000 61.204770 -1059.464000 0.030794 0.262694 0.020986 0.964159
113.096000 1673.289000 61.098900 -1058.082000 0.030640 0.264412 0.020429 0.963706
113.199600 1674.135000 60.994270 -1056.683000 0.029845 0.265606 0.020448 0.963403
113.303200 1674.989000 60.890920 -1055.278000 0.028365 0.266536 0.020934 0.963180
113.407300 1675.853000 60.790000 -1053.860000 0.027855 0.267463 0.020986 0.962937
113.510500 1676.716000 60.691110 -1052.451000 0.027952 0.268390 0.020990 0.962676
113.614200 1677.591000 60.592080 -1051.033000 0.028240 0.269372 0.021024 0.962393
113.717900 1678.473000 60.491930 -1049.604000 0.028707 0.270244 0.021003 0.962135
113.823800 1679.381000 60.384540 -1048.145000 0.029434 0.271157 0.019689 0.961884
113.925200 1680.259000 60.280890 -1046.739000 0.029377 0.272165 0.019847 0.961597
114.028800 1681.167000 60.176130 -1045.291000 0.028018 0.273111 0.020939 0.961346
