#LBA time[ms], KF opt[#], KF fixed[#], MP[#], Edges[#]
0.007801,3,1,0,3211
0.001283,4,1,0,3464
0.126582,5,1,0,4041
0.326753,6,1,0,4620
0.472238,7,1,0,5114
0.299741,8,1,0,5686
0.847774,9,1,0,6362
1.973342,10,1,0,7002
0.986400,11,1,0,7463
1.138803,12,1,0,8017
1.678486,13,1,0,8672
1.335223,14,1,0,9137
1.712694,15,1,0,9523
1.998198,16,1,0,9992
1.667350,17,1,0,10348
3.080924,18,1,0,10841
3.753242,19,1,0,11457
1.868460,20,1,0,11992
1.529530,21,1,0,12454
1.843586,22,1,0,12935
6.611827,23,1,0,13565
6.475404,24,1,0,14181
3.043182,25,1,0,14705
2.465295,24,2,0,15066
3.965583,22,5,0,13873
2.572991,22,6,0,14046
2.077656,23,6,0,14559
3.292169,21,9,0,13559
5.470308,21,10,0,13504
3.165796,19,13,0,12195
3.060956,17,16,0,11799
2.686325,17,17,0,11514
2.227906,18,17,0,12254
1.402522,17,19,0,12019
1.941749,17,20,0,12169
2.382595,17,21,0,12624
1.868984,15,24,0,12158
1.993756,13,27,0,11276
1.726455,11,30,0,10472
3.047784,11,31,0,10517
1.293618,11,32,0,10596
1.681911,11,33,0,10779
1.573135,10,35,0,9788
2.320858,11,35,0,10236
2.160086,10,30,0,9403
2.036334,10,30,0,9058
1.688698,10,29,0,8352
1.626766,11,29,0,8643
1.209319,11,24,0,7893
1.742856,12,24,0,8286
1.552365,13,24,0,8673
1.356327,14,24,0,9214
1.433922,11,16,0,7214
5.154583,9,14,0,6162
0.659413,11,13,0,7090
0.736798,10,14,0,6582
1.106220,12,14,0,7576
1.341095,11,13,0,6939
2.391728,9,16,0,6145
0.795328,10,16,0,6597
0.622522,11,16,0,7049
0.804888,9,19,0,6248
1.421060,10,19,0,6849
0.932116,10,18,0,6847
1.201917,10,19,0,6904
1.710459,10,18,0,6868
1.210131,10,19,0,6608
0.973824,12,18,0,7512
1.153493,12,19,0,7541
1.086234,11,21,0,7076
1.115624,10,23,0,6497
1.523211,7,21,0,4703
2.197899,6,23,0,4327
0.652179,8,22,0,5020
0.581401,7,24,0,4363
0.566420,6,24,0,3718
0.612902,7,24,0,4026
0.413945,7,25,0,3971
0.731530,7,18,0,4036
0.723194,7,15,0,4230
0.530409,8,15,0,4521
0.529869,7,16,0,4008
0.672515,7,16,0,3859
0.415351,8,16,0,4214
0.445612,9,16,0,4607
0.393378,9,16,0,4686
0.709401,9,10,0,4720
0.927458,10,10,0,5231
0.360121,11,10,0,5777
0.620765,12,10,0,6451
0.961057,12,11,0,6743
0.881458,13,11,0,7264
0.921809,13,12,0,7459
1.501441,14,12,0,8212
0.704144,13,11,0,8349
0.818905,15,10,0,9279
1.364568,13,13,0,8933
1.096218,14,13,0,9571
1.987989,14,14,0,9844
1.337587,15,14,0,10388
1.852210,15,15,0,10563
1.376852,16,15,0,11006
1.942157,17,15,0,11235
1.770159,13,17,0,10334
2.444453,10,17,0,7783
2.465899,10,17,0,7804
1.350261,10,18,0,8214
2.376886,10,18,0,8367
6.809137,11,18,0,8938
1.706348,10,18,0,8437
1.484488,10,19,0,8468
1.031889,10,20,0,8831
1.144095,11,20,0,9347
1.506465,11,20,0,9267
2.411865,8,17,0,7307
1.851662,8,18,0,7002
0.786356,4,14,0,4398
0.719252,4,13,0,4263
0.502421,5,13,0,4715
0.229879,5,14,0,4513
0.482533,5,8,0,4228
0.654505,5,6,0,4311
0.816300,6,6,0,4619
0.736651,5,6,0,4322
0.657785,5,7,0,4468
0.549395,6,7,0,4703
0.629332,6,8,0,4577
0.510119,7,8,0,4706
0.493780,8,8,0,4991
0.537256,9,8,0,5338
0.533759,9,8,0,5384
0.633152,9,7,0,5377
2.174882,10,7,0,5581
0.866374,8,9,0,5113
1.128610,8,10,0,5213
0.486844,9,10,0,5527
0.775095,8,12,0,5025
1.212761,9,12,0,5250
1.215221,10,12,0,5504
0.680259,9,11,0,5541
1.111825,9,11,0,5744
0.947860,10,11,0,6221
0.669077,11,11,0,6476
1.019795,12,11,0,6568
2.663449,13,11,0,7016
1.240674,12,12,0,6870
0.859296,14,11,0,7855
1.205808,15,11,0,8256
1.119226,13,14,0,7799
1.180307,14,14,0,8630
1.460975,14,15,0,8551
1.014798,14,16,0,8802
1.316171,14,15,0,8937
1.420499,14,16,0,8832
0.960502,13,18,0,8504
1.691549,12,18,0,8377
1.574231,13,18,0,8749
1.102348,13,19,0,8537
0.933381,13,20,0,8293
1.577026,14,20,0,8872
1.315374,16,19,0,10134
1.083666,13,23,0,9161
2.687974,13,24,0,9205
1.470395,14,24,0,9755
1.116466,14,25,0,9630
1.452739,14,25,0,9699
2.335700,13,27,0,9278
1.103754,13,28,0,9350
1.402211,14,28,0,9727
3.060675,15,28,0,10172
1.384765,15,29,0,10465
3.313494,14,31,0,10339
1.942196,15,31,0,11067
1.471536,13,34,0,10807
7.166693,12,36,0,10297
5.509927,12,37,0,10318
1.408506,12,34,0,10231
1.922787,12,35,0,10081
1.452326,10,28,0,8514
2.563136,10,29,0,8285
1.768752,10,28,0,8223
2.259520,12,29,0,9513
1.220049,10,20,0,8474
1.827934,10,17,0,8360
1.061658,11,17,0,8976
1.635106,12,17,0,9600
1.453245,11,15,0,8942
3.352296,11,14,0,8923
4.173966,12,14,0,9445
1.243612,11,15,0,8874
2.268399,12,15,0,9491
1.437578,12,16,0,9693
7.140033,12,17,0,9772
1.879789,12,16,0,9731
1.055396,12,16,0,9775
1.435087,13,16,0,10177
1.580375,11,14,0,8713
1.633268,13,15,0,10053
0.954567,13,14,0,9789
5.851331,14,14,0,10319
2.286008,14,14,0,10272
1.701482,15,14,0,10778
1.905845,16,14,0,11212
2.079317,17,14,0,11683
2.095936,17,15,0,12055
3.774605,18,15,0,12533
2.657722,18,14,0,11972
2.945299,19,14,0,12432
4.904214,20,14,0,12958
6.557860,21,14,0,13623
6.887681,19,14,0,12315
2.353668,21,14,0,13340
4.171818,22,14,0,13859
2.644318,20,16,0,13753
2.761410,20,17,0,14314
3.941583,19,14,0,12814
2.668335,14,18,0,10585
4.297818,13,20,0,10681
1.991051,13,21,0,11140
2.617181,9,26,0,9586
4.074866,6,30,0,7526
8.378395,6,31,0,7039
1.800970,7,31,0,7292
1.480273,8,31,0,7692
2.162601,7,20,0,6330
1.320325,8,20,0,6699
1.345528,8,12,0,6046
1.204665,9,12,0,6389
0.941826,8,6,0,5589
1.439179,7,7,0,5212
1.681843,8,7,0,5759
0.999269,8,8,0,5914
0.997718,9,8,0,6328
0.869812,9,7,0,6227
1.387681,10,7,0,6937
0.924632,9,9,0,6627
1.092062,9,9,0,6778
0.730679,8,11,0,6490
1.365651,7,10,0,6269
1.450942,8,10,0,6731
9.510357,9,10,0,7090
2.655685,9,10,0,7141
1.573604,10,10,0,7709
2.065194,10,11,0,7724
4.057545,12,10,0,8834
1.944190,12,11,0,8984
5.653065,12,12,0,9118
2.137912,11,11,0,8761
3.233793,12,11,0,9290
1.248157,11,13,0,8882
1.761774,11,14,0,8815
2.040895,12,14,0,9206
2.595021,12,11,0,9235
1.616059,11,13,0,8770
1.656589,11,14,0,8822
1.373856,12,14,0,9430
2.567222,13,14,0,10006
2.115475,12,16,0,9468
2.318496,15,14,0,11143
1.696542,11,17,0,9027
8.551899,12,17,0,9535
1.848691,11,19,0,9148
2.518766,11,20,0,9179
1.798436,10,22,0,8746
10.391078,11,22,0,9225
1.585678,12,22,0,9655
1.727234,8,23,0,6723
2.146389,10,26,0,7765
1.194746,11,26,0,8384
1.565185,11,23,0,8435
2.381328,12,23,0,9029
3.276705,11,23,0,8491
2.600034,13,24,0,9360
1.677078,13,23,0,9505
2.397255,14,23,0,10010
2.124158,12,26,0,8830
2.040999,11,27,0,8401
2.153911,11,28,0,8532
2.230181,11,29,0,8687
2.157729,11,30,0,9168
1.731954,11,31,0,8623
3.856993,12,31,0,9090
22.769842,12,30,0,8903
2.074319,12,31,0,9006
2.396093,9,35,0,7295
1.638503,10,35,0,7731
1.039020,10,36,0,7717
11.738211,10,37,0,8218
1.197274,10,28,0,7646
2.871100,8,31,0,6723
2.845235,8,24,0,6840
1.810677,7,19,0,5909
0.974146,8,19,0,6257
0.691221,9,19,0,6566
0.658795,8,19,0,5914
1.056255,8,15,0,5859
0.861567,9,15,0,6378
0.623653,10,15,0,6961
0.813753,10,15,0,7181
1.765143,11,15,0,7746
0.883353,11,16,0,7934
1.336401,11,17,0,7992
1.437322,11,16,0,8130
1.271937,11,17,0,8196
1.157142,11,18,0,8479
1.208433,12,18,0,9206
1.875406,12,19,0,9429
1.964567,12,20,0,9556
2.675078,12,21,0,9592
17.066734,12,22,0,9536
5.433550,12,22,0,9529
2.849938,11,24,0,9082
3.271937,10,21,0,8569
1.492536,10,18,0,8402
2.705563,11,18,0,8850
2.179799,10,20,0,8131
2.465716,9,19,0,7793
1.686321,10,19,0,8387
1.851215,9,20,0,7790
1.569060,8,18,0,6913
1.523744,8,19,0,6935
1.620124,8,20,0,7040
1.417685,9,20,0,7699
1.385906,9,21,0,7991
1.120276,10,21,0,8547
2.030221,10,21,0,8510
1.817443,9,20,0,7784
2.903575,10,20,0,8270
1.242075,10,15,0,8168
3.365796,10,15,0,7907
1.650310,11,15,0,8387
2.030559,9,18,0,7193
3.038488,9,19,0,6914
1.534754,9,20,0,7150
1.247734,9,21,0,6442
1.048023,7,24,0,5539
1.699890,7,24,0,5469
0.840939,7,20,0,5319
0.684773,7,18,0,5430
0.819136,7,19,0,5413
2.281092,7,20,0,5608
0.969252,8,20,0,6346
1.167662,8,14,0,6482
1.604810,9,14,0,7218
0.883965,9,14,0,7518
2.923063,10,14,0,8020
1.266989,11,14,0,8451
1.606827,12,14,0,8781
4.457597,13,14,0,9158
1.804115,13,12,0,9119
2.561727,13,10,0,9206
1.552122,13,11,0,9450
3.289825,10,14,0,7752
1.907574,12,13,0,8877
0.904305,11,15,0,7824
3.905454,10,17,0,7028
1.288558,10,18,0,7025
1.550266,11,18,0,7669
1.906969,10,20,0,7275
1.734864,9,19,0,7053
1.588025,9,20,0,7238
1.219881,9,20,0,7139
1.230933,10,20,0,7516
1.026446,9,19,0,7030
1.775760,9,20,0,6988
1.586150,8,17,0,6561
1.206367,8,18,0,6410
1.251438,8,13,0,6156
1.067407,10,18,0,6902
1.235747,9,11,0,6036
2.156001,9,12,0,5993
1.409259,11,11,0,6985
0.989196,11,12,0,7204
1.131186,12,12,0,7883
5.715418,12,12,0,8115
2.177707,13,12,0,8491
1.460164,14,12,0,9474
3.274021,13,14,0,9451
1.732873,13,15,0,8987
2.032663,10,19,0,8871
1.940243,11,19,0,9550
3.057981,8,23,0,8635
22.553254,7,23,0,8036
3.176214,6,17,0,6731
4.448141,7,17,0,7167
1.290964,8,17,0,7444
1.917453,8,15,0,7064
1.626456,9,15,0,7579
1.442321,10,15,0,8340
1.180771,11,15,0,9323
1.887317,12,15,0,10140
4.937179,11,14,0,9263
2.265630,12,14,0,9858
1.945073,13,14,0,10420
1.524256,11,7,0,9456
17.307174,13,6,0,10430
1.202727,13,7,0,10489
6.907956,11,9,0,9719
3.086239,11,10,0,9277
1.934710,11,11,0,9334
1.460493,8,15,0,7460
16.886095,9,15,0,8042
1.066314,10,15,0,8495
1.449464,10,15,0,8424
2.611594,10,16,0,8250
4.841927,12,15,0,9295
2.145777,11,17,0,8371
1.885531,10,19,0,7640
5.533209,10,20,0,7366
3.011387,11,20,0,7844
2.016396,10,21,0,7267
1.821256,10,22,0,7321
1.422563,12,21,0,8757
2.154893,14,20,0,10059
4.767478,14,21,0,10260
3.498219,14,22,0,10494
3.627770,13,19,0,10240
4.474531,12,21,0,10066
2.790211,6,28,0,7758
2.244296,6,29,0,7561
1.330120,6,30,0,6985
1.462597,6,17,0,6398
1.769993,6,16,0,5994
1.650925,7,16,0,6554
1.173269,8,16,0,6906
1.300512,9,16,0,7426
20.841576,9,8,0,7081
0.977179,10,8,0,7716
1.591221,10,7,0,7737
2.430115,10,8,0,8227
1.968325,12,7,0,8913
2.230786,11,6,0,8688
2.404094,12,6,0,9278
2.231050,10,7,0,8457
3.160843,11,7,0,9108
2.153048,10,9,0,8306
1.736338,11,9,0,8896
6.768386,11,10,0,8845
3.370040,11,11,0,8678
2.245374,12,11,0,9127
4.515598,12,12,0,9036
2.446591,12,12,0,8948
2.408145,10,15,0,7752
3.142078,11,15,0,9333
1.547641,11,16,0,8733
1.564885,11,17,0,8187
19.830394,12,17,0,8770
2.002039,13,17,0,9493
3.598143,14,17,0,10115
2.113506,13,14,0,9587
24.593317,13,14,0,9621
3.074334,14,17,0,10011
3.325631,15,14,0,10506
2.276134,17,14,0,11311
2.885524,17,14,0,11512
7.292881,17,15,0,11837
3.518731,17,16,0,12102
2.415113,18,16,0,12635
3.979800,16,19,0,12747
19.413506,16,20,0,12905
5.764433,13,23,0,10277
3.207821,14,23,0,10755
3.102396,13,25,0,9988
2.789347,10,27,0,8552
4.184540,9,29,0,7756
2.966709,11,28,0,8929
1.852404,10,30,0,8770
2.224070,10,31,0,8078
2.147881,9,32,0,7359
25.599386,9,33,0,7145
3.756986,10,33,0,7586
2.547445,7,20,0,5576
2.558739,8,20,0,6079
1.182594,9,20,0,6635
2.184663,10,20,0,7027
2.994905,9,22,0,6354
5.574008,10,22,0,7022
1.961042,9,21,0,6801
1.832197,12,22,0,8414
1.557844,11,20,0,8241
2.685106,12,20,0,8951
2.218489,13,20,0,9666
2.830969,14,20,0,10373
6.012148,15,20,0,11120
4.280355,16,20,0,11810
6.579909,17,20,0,12535
24.161308,18,20,0,13220
2.481984,19,20,0,13794
2.153916,20,20,0,14360
6.583966,19,22,0,14350
7.016546,20,22,0,14856
5.766956,14,26,0,12156
2.821928,12,21,0,10811
2.302582,13,21,0,11415
4.023110,13,22,0,11327
3.074915,14,22,0,11906
6.380804,13,24,0,10900
2.282455,12,26,0,9992
2.038960,13,26,0,10499
2.576067,15,25,0,12295
31.195626,14,27,0,11459
3.297581,14,28,0,11087
32.763792,14,29,0,10241
2.732444,14,25,0,9935
2.367221,14,23,0,9877
4.009790,15,23,0,10441
6.922114,15,24,0,10290
3.573367,15,25,0,10201
3.491417,17,24,0,11263
3.018961,16,24,0,10606
3.671899,16,25,0,10707
4.411320,17,25,0,11340
5.053764,16,27,0,11800
3.665739,14,30,0,10385
3.178083,11,28,0,8890
3.169270,11,29,0,8961
2.470625,10,31,0,9034
3.719688,10,32,0,9257
2.578266,9,34,0,8989
4.666524,8,29,0,8599
6.200049,7,15,0,7567
1.333290,8,15,0,8360
3.376440,9,15,0,9141
2.998736,10,15,0,9753
1.816812,11,15,0,10471
2.844410,12,15,0,11373
2.551166,13,15,0,12064
6.574132,14,15,0,12590
5.286535,15,15,0,13029
2.601905,16,15,0,13637
7.126669,15,15,0,13480
31.034865,12,10,0,11133
2.312718,13,10,0,11751
2.629247,11,12,0,10384
3.421023,12,12,0,11053
3.979478,13,12,0,11787
2.787471,12,15,0,10925
5.165400,13,15,0,11619
31.691927,14,14,0,12169
6.831736,15,14,0,12755
5.411675,16,14,0,13301
4.396094,16,15,0,13123
3.024438,16,16,0,12834
3.505030,13,17,0,11911
2.167073,12,19,0,10083
2.097231,12,17,0,9838
2.990154,13,20,0,10772
2.733937,12,18,0,9267
2.914420,11,20,0,8771
2.372538,10,22,0,8132
4.606633,8,23,0,7067
1.995572,9,23,0,7607
31.953211,8,25,0,7017
2.120069,9,25,0,7452
2.356003,9,23,0,7433
1.196938,10,23,0,7955
1.383344,11,23,0,8695
2.519528,11,24,0,8904
2.513687,11,25,0,9114
4.604675,12,25,0,9669
32.808891,12,20,0,9799
2.057134,12,17,0,9975
1.867473,13,17,0,10607
3.030678,14,17,0,11192
2.497008,15,17,0,11762
2.854261,15,14,0,11887
1.974500,14,12,0,11551
2.654191,15,12,0,12345
2.189241,16,12,0,13053
2.785623,17,12,0,13867
5.937261,17,13,0,14270
33.259021,16,14,0,13929
5.207324,16,15,0,14180
32.892089,17,15,0,14870
26.989464,15,14,0,13722
32.960511,16,14,0,14382
33.719126,15,14,0,13613
36.205425,15,15,0,13725
28.607306,16,15,0,14456
2.966836,17,15,0,15073
3.597440,16,17,0,14632
31.885887,17,17,0,15179
7.317531,17,16,0,15100
35.086116,13,18,0,12321
5.773843,14,18,0,12944
5.439451,13,19,0,11819
3.237228,13,19,0,11558
2.109362,14,19,0,12048
5.175582,14,19,0,11974
4.730327,13,20,0,11386
36.120347,16,19,0,13092
3.408257,13,20,0,10903
4.039375,13,18,0,10657
2.506133,13,19,0,11027
3.877668,9,16,0,7571
3.667547,9,17,0,7933
1.858187,8,18,0,6657
2.142731,9,18,0,7127
2.252543,10,18,0,7693
2.159804,10,19,0,7662
3.570920,10,20,0,7472
7.729656,10,21,0,7468
2.875313,10,22,0,7499
2.244290,11,22,0,8166
35.676582,12,22,0,8835
2.286413,11,24,0,8422
2.328375,12,24,0,9051
3.656931,12,23,0,9230
3.999075,10,25,0,8203
2.899526,11,25,0,8630
2.489700,11,26,0,8570
34.420822,12,26,0,8971
3.607680,11,17,0,8362
2.681793,11,18,0,8489
3.386523,12,18,0,9178
1.830272,11,20,0,8393
3.157579,12,20,0,8987
2.310957,10,21,0,8098
36.490785,11,21,0,8713
4.204473,11,22,0,8676
2.536553,11,23,0,8816
7.158367,12,23,0,9480
2.236873,11,24,0,9219
2.402970,12,24,0,9792
2.724831,10,20,0,9120
5.330122,11,20,0,9752
5.256458,11,21,0,9934
3.838177,10,18,0,8869
4.774366,10,16,0,8810
5.875358,8,19,0,7463
3.040400,9,19,0,7733
2.689912,8,19,0,6777
3.160022,6,22,0,5241
1.820162,6,23,0,5125
2.818444,7,23,0,5574
2.268579,5,26,0,4482
1.264899,5,16,0,4307
1.035635,5,14,0,4265
1.697276,6,14,0,4822
1.112254,5,7,0,4558
2.242633,7,15,0,5731
1.279899,7,15,0,5332
1.892275,7,15,0,5475
2.458191,8,7,0,5929
1.474357,9,7,0,6318
2.243177,9,8,0,6393
1.864964,10,16,0,7043
3.011594,9,18,0,6775
3.107230,12,8,0,8370
4.864690,12,9,0,8732
3.377109,12,7,0,8850
3.098624,12,8,0,9232
3.550545,13,8,0,9943
2.979030,13,9,0,10376
3.508030,14,9,0,11027
2.535604,14,10,0,11183
2.315876,15,10,0,11776
2.558769,16,10,0,12386
3.316345,17,10,0,12932
5.504259,16,12,0,12337
2.885823,17,12,0,12864
5.338845,18,12,0,13384
3.402113,17,14,0,13091
4.092216,16,16,0,12779
4.587493,16,17,0,12996
3.377846,18,16,0,13954
6.712725,15,20,0,12072
8.755082,16,20,0,12680
4.448148,17,20,0,13366
4.042264,14,18,0,11478
5.901802,16,18,0,13359
2.204092,16,19,0,12941
30.639990,15,20,0,12636
3.814146,16,20,0,13457
3.428413,16,21,0,13728
4.901523,16,22,0,13898
3.109105,15,24,0,13462
3.415477,16,24,0,13942
37.561959,14,26,0,12617
8.283452,13,28,0,12010
4.140384,14,28,0,12554
34.564594,14,29,0,12420
3.420791,14,29,0,12274
4.035814,14,30,0,11928
4.516289,15,30,0,12333
4.915445,16,30,0,12923
5.667431,16,31,0,13674
6.802190,15,17,0,11738
4.927451,15,18,0,11519
3.250781,15,19,0,11405
4.249395,16,19,0,12091
2.182024,16,20,0,11882
42.115469,17,20,0,12346
3.024661,14,17,0,10639
2.488375,14,17,0,10664
4.467527,13,19,0,10202
2.861636,14,19,0,10711
4.545901,15,19,0,11185
4.287112,15,18,0,10771
5.976475,15,19,0,10965
2.459142,16,19,0,11779
2.960812,13,22,0,10040
2.464743,13,23,0,9881
2.211002,14,23,0,10536
2.004716,14,23,0,10819
2.538077,14,24,0,10840
4.435857,14,25,0,10756
4.103634,15,25,0,11749
4.067487,15,24,0,11985
5.331001,16,24,0,12755
6.180014,15,21,0,12526
4.082548,13,24,0,12074
5.709691,13,25,0,12459
3.894794,10,27,0,11292
3.075261,10,27,0,10955
4.397600,4,18,0,5502
4.589169,3,10,0,3476
3.921316,4,10,0,3972
1.917174,5,10,0,4758
2.811960,5,5,0,5183
1.665310,6,5,0,5974
2.878771,7,5,0,6581
1.865037,8,5,0,7129
2.459062,9,5,0,7658
1.771546,10,5,0,8511
1.836953,11,5,0,9208
3.234666,11,3,0,9439
3.535901,12,3,0,9954
41.718106,12,3,0,10391
2.653844,13,3,0,11136
2.641421,11,6,0,10170
2.884998,11,7,0,10082
2.154955,12,7,0,10616
3.278292,12,8,0,10441
4.226413,11,10,0,9887
3.895959,10,12,0,9128
1.790495,11,12,0,9656
1.745511,12,12,0,10320
2.162934,11,13,0,9708
2.979205,11,14,0,9843
2.919530,11,15,0,9850
47.574793,12,15,0,10379
2.501657,13,15,0,11026
3.134635,13,16,0,10812
2.714768,13,17,0,10656
2.775055,14,17,0,11173
2.354856,15,17,0,11946
2.615580,15,18,0,11909
2.891391,15,19,0,11854
3.829429,14,21,0,11634
3.272618,15,21,0,12254
2.380930,15,22,0,12234
5.698084,15,23,0,12173
3.334324,15,24,0,12022
3.329237,14,23,0,11242
4.866845,15,23,0,11837
45.455273,15,23,0,11879
2.483460,13,25,0,10881
4.420873,14,25,0,11419
2.399115,13,24,0,10644
42.682584,14,24,0,11082
4.708964,12,25,0,9816
4.819463,13,25,0,10246
3.987160,10,26,0,8371
3.202047,10,27,0,8217
1.600368,8,28,0,6955
2.033291,8,22,0,6773
1.905625,9,22,0,7212
1.327244,9,23,0,7570
1.718437,8,19,0,6548
2.707350,7,17,0,6164
3.090889,7,18,0,6148
1.634807,8,18,0,6478
2.333702,6,14,0,5466
2.583292,6,13,0,5229
3.073509,7,13,0,5492
3.642336,7,14,0,5253
2.263871,7,15,0,5118
2.917640,11,14,0,6774
1.990887,9,15,0,5570
2.546182,11,14,0,6513
2.272812,11,15,0,6633
2.366547,12,15,0,7138
2.930029,12,16,0,7410
2.186114,13,16,0,8254
1.875224,13,15,0,8561
3.455852,11,17,0,8241
2.624155,6,23,0,6743
1.676813,5,24,0,6071
2.998817,5,16,0,5814
2.324721,5,13,0,5549
1.496720,6,13,0,6240
2.055644,7,13,0,6790
6.484569,7,9,0,6495
1.979339,8,9,0,6781
7.404233,9,9,0,7190
5.217784,10,9,0,7728
1.675826,11,9,0,8342
2.447432,11,10,0,9099
2.676512,9,5,0,7701
3.116081,11,5,0,8974
2.380760,10,6,0,8497
51.523624,11,6,0,9165
3.750221,11,7,0,9311
4.300693,12,7,0,9782
5.329877,13,7,0,10194
3.304363,13,8,0,10117
2.955327,13,9,0,10175
44.031128,14,9,0,10602
3.235472,10,13,0,8295
4.160138,10,14,0,8072
2.604560,11,14,0,8632
3.524213,9,17,0,7260
2.762252,10,17,0,7882
2.811866,10,18,0,7972
5.592935,9,20,0,7425
2.639217,7,20,0,6221
2.838899,7,21,0,6149
3.168750,7,21,0,5872
1.717308,8,21,0,6375
2.349346,9,21,0,6723
1.346301,9,21,0,6537
3.317886,10,21,0,7017
3.914987,10,22,0,6927
4.960368,11,22,0,7448
2.277995,12,22,0,7932
3.469849,13,22,0,8448
3.960984,13,23,0,8702
2.104773,13,16,0,9024
2.312333,14,16,0,9604
2.662346,11,14,0,8592
2.515710,12,14,0,9190
3.255092,12,15,0,9402
7.779307,13,15,0,10033
2.164761,13,16,0,10074
2.986705,14,16,0,10653
3.693227,13,18,0,10359
46.062292,14,18,0,10821
2.702620,15,18,0,11337
3.815935,15,19,0,11536
2.727066,15,20,0,12019
2.366980,15,21,0,12294
2.933970,18,19,0,13245
6.492629,17,21,0,12645
6.591950,17,21,0,12501
5.074512,16,23,0,11815
8.640444,12,28,0,10129
3.575482,10,31,0,8335
3.853515,10,32,0,8359
2.366269,12,31,0,9359
2.552186,11,33,0,8705
5.196660,13,32,0,9806
3.746595,13,33,0,9788
4.957232,12,35,0,8963
4.381596,13,35,0,9275
1.709959,12,28,0,8586
3.057742,11,30,0,8033
1.855630,12,30,0,8503
2.033952,13,30,0,8939
7.415895,14,30,0,9358
3.531004,14,31,0,9240
3.291763,13,33,0,8425
8.088161,12,35,0,7786
8.004973,11,37,0,7551
2.258602,10,34,0,7373
6.786381,9,28,0,6821
5.484427,9,29,0,6961
4.812899,9,29,0,7079
2.177970,10,29,0,7540
2.444689,9,31,0,7229
7.301544,9,32,0,7436
1.897528,8,34,0,7182
1.908249,9,34,0,7601
5.029797,9,35,0,7688
1.974145,9,33,0,7698
8.269569,10,33,0,8356
2.865731,10,34,0,8856
2.925857,11,34,0,9488
2.680711,10,27,0,8482
3.146297,10,14,0,8186
2.341284,10,15,0,8078
5.997554,10,16,0,8123
2.217140,10,17,0,8307
2.706591,9,19,0,7903
7.178482,10,19,0,8343
2.179251,9,15,0,7486
2.467235,8,17,0,6996
7.509589,9,17,0,7737
3.254439,10,17,0,8364
3.646084,10,12,0,8304
3.187732,10,13,0,8341
1.883383,11,13,0,8812
5.907043,12,13,0,9340
2.268181,11,15,0,8516
3.114958,12,15,0,8925
3.588175,13,15,0,9233
2.261288,11,16,0,8179
2.037585,10,17,0,7450
1.905375,10,18,0,7335
1.925423,8,21,0,6362
5.059838,9,21,0,6802
4.462566,9,22,0,7004
2.369235,9,21,0,7007
2.899403,10,21,0,7391
2.400495,10,22,0,7430
7.301674,11,22,0,7877
7.249850,11,23,0,7771
5.769468,10,25,0,7202
2.260090,10,21,0,6895
2.698932,10,22,0,6711
1.394296,11,22,0,7140
3.718419,9,24,0,6471
2.702401,9,25,0,6500
2.857415,9,15,0,6620
1.935110,7,18,0,5929
2.400216,7,19,0,5840
2.456583,9,18,0,6443
1.831261,7,17,0,5367
2.261879,8,17,0,5598
1.498031,8,18,0,5508
1.616439,6,18,0,4703
1.257658,7,18,0,5076
2.325735,5,16,0,4464
1.815462,6,16,0,4937
3.925209,6,17,0,5186
3.948443,7,17,0,5745
2.062907,8,17,0,6231
3.827102,9,17,0,6733
3.810542,9,14,0,6832
6.299077,9,15,0,6919
2.296194,10,15,0,7393
2.670787,10,16,0,7480
3.674987,11,16,0,7860
3.491304,10,18,0,7486
1.894122,10,19,0,7393
1.507072,12,18,0,8344
58.401408,12,19,0,8335
6.538169,12,20,0,8467
2.411449,13,20,0,9045
2.650077,14,20,0,9645
3.077618,13,22,0,9306
2.675386,13,13,0,9388
2.781622,13,11,0,9504
56.552724,16,22,0,11140
3.228600,15,11,0,10572
3.666029,17,13,0,11515
6.851149,17,11,0,11588
9.187616,16,13,0,11732
14.459462,16,14,0,11454
72.283025,14,17,0,10740
4.283500,17,15,0,12234
56.753511,17,16,0,12519
2.561812,16,18,0,11625
5.365137,13,22,0,9983
5.251040,13,23,0,9987
3.826012,12,25,0,9828
57.466848,12,26,0,9398
8.247408,11,28,0,9222
3.503038,12,28,0,9733
3.202555,11,30,0,8889
8.343992,14,28,0,10410
56.472236,15,28,0,10871
3.075626,16,28,0,11122
4.250810,17,28,0,11494
2.593847,17,29,0,11838
8.474800,18,29,0,12328
3.299660,19,29,0,12804
5.459549,18,31,0,11760
9.253347,15,35,0,11131
56.544369,17,34,0,11725
3.432155,13,27,0,8851
4.515422,14,27,0,9420
2.495842,14,28,0,9436
1.928686,13,30,0,9088
4.061973,13,31,0,9420
3.613306,11,34,0,9006
3.198180,12,34,0,9593
3.658923,11,36,0,9165
6.393037,11,37,0,9089
4.064523,12,37,0,9544
2.802673,13,37,0,10217
64.379118,13,38,0,10335
3.626554,11,34,0,9127
3.226117,13,33,0,10056
4.400609,13,34,0,9949
61.424160,11,21,0,8460
8.181140,11,18,0,8452
2.418365,12,18,0,8908
3.907053,11,16,0,8481
3.992705,11,17,0,8364
7.769782,11,18,0,8184
8.558786,10,20,0,7377
2.566146,11,20,0,7596
2.570024,10,18,0,6642
3.252404,9,17,0,5755
5.883838,10,17,0,6202
8.598869,10,18,0,6256
4.895777,11,18,0,6701
4.897560,12,18,0,7334
3.869814,12,13,0,7434
3.323703,13,13,0,8049
8.888519,14,13,0,8712
3.604027,15,13,0,9462
6.506741,16,13,0,10083
4.216693,17,13,0,10718
2.787122,17,14,0,10979
4.956141,18,14,0,11638
2.508689,19,14,0,12221
4.214892,19,15,0,12420
3.221476,19,14,0,12624
3.544337,19,15,0,12809
4.280126,21,14,0,13883
4.433382,21,15,0,14058
63.781467,21,16,0,14261
8.359568,17,19,0,13617
11.481969,13,22,0,10788
6.293221,12,23,0,9953
3.471319,13,23,0,10487
5.090415,10,21,0,8713
4.899258,9,23,0,7539
1.962841,9,24,0,7332
7.019126,9,25,0,7128
2.595040,10,25,0,7685
4.039870,10,26,0,7498
2.349134,11,26,0,7895
5.576165,12,26,0,8474
10.231653,13,26,0,9212
5.402346,14,26,0,9890
4.222819,14,27,0,10098
2.246151,15,27,0,10780
67.397401,15,28,0,11105
8.935409,16,28,0,11790
10.566673,16,29,0,12049
11.987036,15,31,0,11851
7.832422,15,14,0,12170
60.261744,15,15,0,12403
10.698580,14,17,0,12030
3.636632,13,19,0,11734
5.893280,10,16,0,10209
4.925164,6,18,0,6931
4.953227,5,15,0,5684
3.303175,6,15,0,6131
4.092499,6,16,0,5936
6.205926,6,10,0,5604
2.780850,7,10,0,6075
1.720559,8,10,0,6747
2.905691,9,10,0,7336
2.307435,10,10,0,7978
6.690472,11,10,0,8408
3.590199,12,10,0,8911
5.705019,13,10,0,9409
3.028627,14,10,0,9903
8.042126,13,10,0,9509
3.677980,14,10,0,10041
3.494319,15,12,0,11086
2.663668,17,11,0,11796
5.823360,15,6,0,10126
3.771861,16,6,0,10557
4.021790,17,6,0,11057
6.198380,17,7,0,11763
61.088690,16,9,0,11028
7.713424,11,14,0,8544
85.383393,8,18,0,7466
3.006303,9,18,0,8156
5.926735,7,21,0,7310
3.487041,6,23,0,6499
4.224499,6,24,0,6068
3.474499,6,10,0,5534
2.519087,7,10,0,6305
4.207198,8,10,0,6592
4.289906,9,10,0,6879
2.420269,10,10,0,7290
5.306607,11,10,0,7763
4.772519,12,10,0,8465
8.719648,13,10,0,9123
7.597873,14,10,0,9631
70.064640,12,9,0,8697
6.245214,11,7,0,8357
8.601351,11,8,0,8191
6.515679,12,8,0,8609
3.101100,13,8,0,9249
2.623249,14,8,0,9874
2.945734,13,10,0,9393
4.373180,13,11,0,9890
2.334498,14,10,0,10153
62.048344,12,13,0,9817
6.370527,14,12,0,10394
8.923212,12,15,0,9058
9.489259,16,12,0,11148
5.544704,17,12,0,11487
4.911099,16,14,0,10880
7.038770,16,15,0,10673
11.608402,16,16,0,10565
6.929658,17,16,0,11100
3.588435,16,18,0,11622
6.400138,14,21,0,10398
5.458176,14,22,0,9412
2.707060,13,23,0,8724
7.326260,14,23,0,9216
2.162879,13,25,0,8776
6.371594,13,26,0,8799
2.362061,11,29,0,8744
2.714215,12,29,0,9456
8.213650,11,30,0,8503
5.116743,11,31,0,8494
10.517213,11,32,0,8469
4.197857,10,33,0,8084
3.075768,11,33,0,8609
2.038822,12,33,0,9167
5.381043,13,33,0,9640
4.419972,14,33,0,10097
6.332314,15,33,0,10634
6.124376,15,34,0,10913
6.934886,15,24,0,11062
2.445563,16,24,0,11692
7.923764,14,21,0,11110
3.379060,15,21,0,11817
8.404326,15,16,0,11790
3.332737,16,16,0,12263
5.587668,16,17,0,12703
5.312744,17,17,0,13176
4.301781,16,16,0,12117
65.042182,15,15,0,11513
6.979124,16,15,0,12166
6.803545,16,16,0,12413
4.679059,16,16,0,12594
5.736770,16,17,0,12786
11.402441,17,17,0,13356
65.375485,16,16,0,12766
56.339189,14,19,0,11773
7.176227,13,19,0,10621
5.662421,14,19,0,11089
3.438988,15,19,0,11544
2.941676,16,19,0,12107
7.672428,14,22,0,11468
6.047048,16,21,0,11988
67.945557,13,24,0,10226
61.134914,14,24,0,10909
75.249687,15,24,0,11683
67.346524,15,25,0,11553
10.489561,16,25,0,12071
6.836161,16,26,0,12568
10.378018,14,19,0,10572
67.909333,12,21,0,9570
65.724657,13,21,0,10100
7.159811,13,22,0,9901
4.509200,12,24,0,9189
6.575590,12,24,0,9477
2.430502,10,27,0,8408
2.279423,11,27,0,8830
3.046201,8,31,0,6724
3.880562,9,31,0,7183
2.638013,9,24,0,6845
7.339357,9,24,0,6573
6.723242,10,24,0,6790
5.306154,10,27,0,6495
2.782714,10,26,0,7264
4.184116,7,19,0,5122
2.385619,7,30,0,5443
4.469332,8,19,0,5815
2.610830,7,20,0,5618
5.984429,7,21,0,5708
5.742056,8,21,0,6182
5.487098,8,22,0,6289
8.626707,9,22,0,6670
3.932308,10,22,0,7148
2.946443,10,23,0,7433
3.236377,10,24,0,7536
4.475857,11,24,0,7832
8.456038,10,26,0,7269
6.817115,11,26,0,7664
3.890348,11,27,0,7425
4.769250,12,27,0,7719
5.839267,13,27,0,8280
3.573624,13,18,0,8334
3.743749,13,19,0,8479
2.337330,10,22,0,7205
5.296279,11,22,0,7842
2.614320,8,17,0,6894
2.469974,7,19,0,7038
7.010683,6,21,0,6214
5.290558,5,21,0,5374
5.291929,4,12,0,4426
7.290463,5,12,0,4734
68.369202,6,12,0,4969
2.672040,6,10,0,4596
6.497956,7,10,0,4680
3.810947,7,9,0,4204
6.200883,8,9,0,4426
6.691253,9,9,0,4849
4.479274,10,9,0,5344
2.571330,10,9,0,5702
2.022892,10,10,0,6093
1.720540,11,10,0,6814
2.362585,12,10,0,7461
1.878571,12,10,0,7795
2.264309,12,11,0,8208
2.615700,12,11,0,8459
4.161226,11,12,0,8372
7.447778,8,16,0,7046
1.976709,9,16,0,7298
5.765393,10,16,0,7677
1.958584,10,14,0,7549
3.239128,11,14,0,8143
3.768546,9,17,0,7284
4.101250,11,16,0,8336
4.793347,10,18,0,8344
10.024047,9,19,0,7323
4.794879,10,19,0,7681
6.227985,11,19,0,8010
6.280623,11,20,0,8016
3.979473,13,19,0,8988
4.464181,14,19,0,9749
4.404219,12,22,0,9131
3.174075,13,22,0,9741
4.941656,14,22,0,10360
3.158908,15,22,0,11022
4.616779,15,22,0,11034
5.082773,16,22,0,11513
5.620605,15,24,0,11184
6.414190,16,24,0,11552
6.442233,16,25,0,11974
3.112205,16,26,0,11406
3.417618,17,26,0,11854
3.671703,18,26,0,12377
3.673146,18,25,0,12402
9.652038,17,26,0,12018
5.102648,18,26,0,12600
6.645475,17,28,0,12411
5.387282,19,27,0,12870
9.224241,17,29,0,11706
10.717687,18,29,0,12400
5.513454,19,29,0,12913
9.329087,20,29,0,13403
5.506180,19,31,0,13005
10.358774,16,32,0,11306
5.412894,17,32,0,11995
4.780645,17,32,0,12074
10.849182,17,33,0,12386
2.978291,18,33,0,13136
7.454126,19,32,0,13819
3.125413,17,35,0,13306
65.171794,15,38,0,12243
12.120301,14,33,0,11957
3.404546,15,33,0,12549
9.417407,14,32,0,12000
9.791651,14,33,0,12062
10.256858,13,22,0,11480
80.721894,11,25,0,10833
4.836730,9,23,0,8469
3.098512,8,23,0,7517
8.099537,6,18,0,5818
1.795527,5,19,0,5004
4.384688,5,17,0,4679
6.896001,6,17,0,4858
5.684028,7,17,0,5221
7.084371,7,15,0,5050
2.669896,8,15,0,5421
6.146221,9,15,0,5785
5.938693,9,10,0,5656
3.444005,10,10,0,6168
5.473778,11,10,0,6646
2.292616,12,10,0,7036
5.428061,13,10,0,7477
6.073735,13,11,0,7535
4.917458,13,9,0,7647
5.641359,15,11,0,8549
6.269899,14,10,0,8588
77.593965,13,12,0,8591
10.449841,13,13,0,8984
4.261776,12,15,0,8662
6.165250,13,15,0,9230
2.603070,15,14,0,10158
78.067880,14,16,0,9805
7.932878,13,18,0,9646
5.512316,13,19,0,9236
80.478220,12,17,0,8733
4.683462,13,17,0,9215
7.068957,14,17,0,9773
7.829716,15,17,0,10318
6.787042,14,19,0,10028
3.424619,12,22,0,9584
7.761617,14,21,0,10923
5.003683,12,23,0,9273
3.419976,13,23,0,10051
4.669238,14,23,0,10683
7.475835,14,24,0,10871
3.034623,12,25,0,10207
4.630514,13,25,0,10710
6.578745,14,25,0,11134
8.629045,12,27,0,9957
7.401504,14,27,0,11652
8.802895,12,29,0,9991
9.975520,11,26,0,9307
4.947119,11,26,0,9261
3.149282,12,26,0,9896
6.528413,11,28,0,9182
3.967622,12,28,0,9860
3.567800,13,28,0,10548
7.605758,11,31,0,10001
4.859321,10,25,0,9002
2.557811,10,18,0,8731
3.717087,12,25,0,9918
4.600607,11,19,0,8862
9.771144,13,18,0,9923
8.355818,13,19,0,9815
4.144545,11,21,0,8859
6.426158,12,21,0,9513
3.980302,14,21,0,10700
7.504843,10,25,0,8229
12.520213,12,24,0,9395
7.400913,11,25,0,8802
7.799545,11,26,0,8828
6.498510,12,26,0,9402
7.101909,14,25,0,10338
3.438124,15,25,0,10659
2.324925,16,25,0,11159
7.789749,14,28,0,10437
4.373034,15,28,0,11218
4.528721,16,28,0,11953
9.972003,16,26,0,12056
10.507895,16,27,0,12439
9.486320,16,23,0,11616
6.035301,12,25,0,9303
3.182729,13,25,0,9890
7.181803,12,27,0,9583
5.551290,12,24,0,9589
9.606622,12,25,0,9674
3.583012,10,28,0,8699
3.027535,10,29,0,8802
6.862856,10,30,0,8761
6.056002,10,31,0,8729
3.373074,10,32,0,8631
4.193636,11,32,0,9370
4.423955,12,32,0,10122
9.611584,12,33,0,10504
6.760415,12,28,0,10706
4.867090,13,28,0,11500
4.529396,13,20,0,11742
8.812065,13,18,0,11786
7.132994,13,17,0,11761
3.861376,15,18,0,13021
5.449594,14,15,0,12446
5.169128,15,15,0,13087
7.422399,16,15,0,13933
3.977178,17,15,0,14709
4.426828,16,17,0,14937
7.535718,15,18,0,13562
6.610953,15,19,0,13439
4.559404,16,19,0,14351
79.115572,15,16,0,13335
76.392492,15,17,0,13763
79.084810,12,19,0,11188
71.658672,12,20,0,11304
9.682812,12,21,0,11285
9.403203,9,22,0,9869
8.710351,9,21,0,9846
9.341688,7,19,0,8189
11.162581,8,19,0,8724
8.080820,9,19,0,9241
7.980339,10,19,0,9753
5.336433,10,18,0,9640
11.989043,11,18,0,10209
8.628951,11,19,0,9919
10.294104,12,19,0,10662
9.650880,12,20,0,10276
7.705140,13,20,0,10712
10.842345,14,20,0,11212
3.237079,15,20,0,12440
5.582054,17,19,0,13071
3.067986,17,20,0,13617
4.062232,18,20,0,14462
9.325521,19,20,0,15368
3.764847,19,21,0,16353
6.208279,16,8,0,12728
6.412050,18,8,0,14072
5.188604,14,12,0,11982
78.327295,11,15,0,10833
7.481633,5,22,0,7356
3.422104,5,23,0,7015
1.910718,5,23,0,6727
2.933992,6,23,0,7411
7.209766,7,23,0,7913
2.949152,7,13,0,7093
4.831505,8,13,0,7891
2.836297,9,13,0,8588
9.213284,9,10,0,8455
6.528597,10,10,0,9042
8.934375,10,4,0,9006
9.213905,11,4,0,9425
6.069260,11,5,0,9337
3.888603,11,5,0,9453
7.650185,12,5,0,10016
6.461104,10,8,0,8741
88.414369,11,8,0,9231
4.689650,11,9,0,9716
9.325439,10,10,0,8327
9.157954,12,9,0,9479
4.018873,11,11,0,8725
8.015292,12,11,0,9564
6.834648,12,12,0,9649
11.918486,13,12,0,10110
8.228902,11,15,0,9064
7.542061,11,16,0,9019
5.669475,11,17,0,9099
7.803050,11,18,0,9214
4.324047,11,19,0,9372
8.886489,10,20,0,9186
9.130877,11,20,0,9863
8.704172,12,20,0,10558
4.919405,10,15,0,9907
9.723531,11,15,0,10625
6.071767,12,15,0,11247
10.703082,11,16,0,10408
6.499944,12,16,0,11075
6.622844,11,13,0,10421
7.974289,12,13,0,11047
9.748434,11,12,0,10248
6.385249,13,13,0,11557
6.923888,13,12,0,11534
7.916563,14,12,0,12224
4.413146,14,13,0,12248
6.118383,15,13,0,12874
5.145809,16,13,0,13445
4.303311,15,12,0,12670
5.263704,13,12,0,11247
4.005975,13,13,0,11172
4.648020,14,13,0,11771
4.509115,12,13,0,10452
3.420247,12,14,0,10370
6.747045,11,15,0,9697
7.275464,8,18,0,7579
3.611382,9,18,0,8157
9.229925,8,19,0,7073
7.023455,9,19,0,7541
3.615521,9,20,0,7481
5.881434,10,20,0,8022
3.224364,11,20,0,8597
6.568103,12,20,0,9239
8.113697,13,20,0,9896
6.379236,13,21,0,9939
6.757188,12,20,0,9407
4.103823,13,20,0,9855
5.009673,14,20,0,10421
7.393904,15,20,0,11020
7.857791,14,22,0,10331
5.970788,15,22,0,10822
3.094247,14,24,0,10960
7.633804,16,23,0,11656
8.629241,16,24,0,11864
4.926251,14,26,0,11013
3.616397,14,27,0,10851
3.330335,13,29,0,10010
11.651175,14,29,0,10452
6.914883,15,29,0,10821
6.517980,14,29,0,9972
6.068790,14,30,0,10354
9.670080,12,33,0,8940
7.807237,14,32,0,10085
2.031813,13,34,0,10007
9.416749,12,36,0,9513
5.175467,13,36,0,10375
9.189299,14,36,0,11132
9.589818,15,36,0,11807
6.302443,16,36,0,12552
2.703898,15,37,0,11927
9.566720,16,37,0,12540
3.265419,17,37,0,13109
7.175018,16,25,0,12662
13.573595,16,25,0,12972
9.229447,16,23,0,13191
9.045357,17,23,0,13787
9.534831,18,23,0,14406
8.885563,18,21,0,14602
7.392885,19,21,0,15139
7.257346,17,23,0,14258
10.080764,17,24,0,14110
6.894275,14,28,0,11973
4.674699,14,21,0,12382
11.768154,14,22,0,11821
10.351955,12,25,0,10258
6.743021,13,25,0,10880
9.369139,14,25,0,11510
4.588684,15,25,0,12142
9.091926,15,26,0,11807
10.280101,16,26,0,12229
6.220125,17,26,0,12478
11.597338,12,28,0,8806
5.974351,15,30,0,11003
6.242318,13,29,0,9263
9.309979,15,28,0,10232
9.057477,14,29,0,9983
10.299144,15,29,0,10582
9.045386,14,30,0,10125
6.864248,15,30,0,11713
11.287200,15,28,0,10947
6.616315,15,29,0,10816
6.660649,15,30,0,10828
10.038751,14,32,0,10388
8.898658,16,31,0,11475
8.688286,15,33,0,11358
11.981686,16,33,0,12225
10.082386,17,33,0,12903
4.966431,18,33,0,13392
5.908748,16,35,0,12601
9.698536,18,35,0,14308
5.411430,19,35,0,15028
7.455047,20,35,0,15505
86.198654,21,35,0,15796
5.964064,21,35,0,14898
14.816738,22,35,0,15365
6.973550,21,37,0,15686
90.860908,22,37,0,16230
11.768871,22,29,0,15302
14.368982,22,30,0,15301
10.710706,23,30,0,15905
10.827648,24,30,0,16671
10.041738,25,30,0,17246
12.339495,26,30,0,17571
10.339214,27,30,0,17907
6.369263,28,30,0,18583
14.259868,29,30,0,19132
12.398097,29,31,0,18948
9.007713,28,33,0,19366
9.365698,25,30,0,16527
8.968648,26,30,0,17104
6.102475,27,30,0,17800
8.085476,27,31,0,18224
8.343039,27,32,0,17474
13.344886,27,33,0,17366
9.506758,28,33,0,17887
14.126848,25,37,0,16172
15.990633,26,37,0,16683
11.123522,26,36,0,16693
14.730861,27,36,0,17262
9.280687,27,37,0,17398
7.177959,25,40,0,17189
14.337153,19,44,0,13949
13.039517,19,45,0,13971
9.166180,19,46,0,14205
5.637994,16,50,0,12918
10.229952,14,45,0,11747
8.784632,13,47,0,11066
8.097447,13,47,0,10975
12.173630,11,48,0,9681
6.853329,10,50,0,8959
7.221117,11,50,0,9468
9.840044,12,50,0,10006
10.773346,13,50,0,10625
7.733179,14,50,0,11506
12.521442,14,34,0,11351
7.563357,13,23,0,10628
7.713215,14,23,0,11142
6.535010,13,23,0,10538
5.884219,12,18,0,9792
6.889145,13,18,0,10271
6.705735,13,19,0,10218
8.887546,14,19,0,10758
10.285661,15,19,0,11384
12.047922,16,19,0,12017
5.849774,17,19,0,12534
7.784403,18,19,0,13159
5.075849,19,19,0,13865
3.792532,20,19,0,14377
92.569074,20,17,0,14312
84.423602,21,17,0,14843
79.328154,21,16,0,14748
89.327093,20,18,0,14868
90.731010,18,15,0,12798
88.665772,18,16,0,12705
6.314411,19,16,0,13206
4.560016,15,18,0,11046
6.509674,12,21,0,10007
9.544363,15,19,0,10923
7.443218,11,24,0,8875
9.984708,12,25,0,9499
11.299804,13,25,0,10081
8.165628,14,25,0,10647
8.923517,15,25,0,11201
3.965953,16,24,0,11753
5.893119,17,23,0,12348
11.082873,17,24,0,12302
3.675522,18,23,0,12732
4.308032,15,26,0,10522
3.590942,15,25,0,10222
9.113708,17,25,0,11471
5.299113,17,25,0,11458
12.433238,18,25,0,12166
11.108329,17,29,0,11941
7.787578,15,32,0,11519
3.617057,16,30,0,12036
94.641730,16,31,0,11612
5.311338,16,32,0,11779
3.881421,16,33,0,11670
3.698062,14,35,0,10796
5.330575,13,37,0,10570
5.943363,13,38,0,10503
6.749865,14,38,0,10908
11.648174,12,35,0,9516
8.414997,10,34,0,8073
3.916088,9,35,0,7234
10.060026,5,20,0,4656
4.279838,5,20,0,4564
92.170123,5,19,0,4410
4.986595,5,20,0,4410
2.820117,6,20,0,4858
6.152487,6,15,0,4991
95.830645,6,16,0,5127
6.474809,7,16,0,5518
2.925348,6,15,0,5164
4.826313,6,13,0,4884
6.887533,7,13,0,5277
89.763387,7,13,0,4954
90.292906,6,15,0,4523
3.999284,7,15,0,4933
3.116672,7,14,0,4915
5.535412,7,15,0,5077
91.038027,6,17,0,4661
5.599586,6,12,0,4791
5.101466,7,12,0,5170
5.135942,8,12,0,5820
3.633117,9,12,0,6515
3.382279,8,14,0,6371
3.162850,9,14,0,6928
3.670578,10,14,0,7448
5.208621,12,13,0,8466
10.824149,13,13,0,9171
10.094287,13,14,0,9454
9.867855,14,14,0,9994
7.769104,14,8,0,10113
6.980186,14,9,0,10322
6.239985,16,8,0,11197
4.171458,16,9,0,11395
6.682392,18,8,0,12227
6.855991,17,10,0,11838
5.634388,18,10,0,12305
11.858794,15,14,0,10770
95.876244,16,14,0,11182
10.155469,13,18,0,9426
3.803532,14,18,0,9853
6.173676,14,19,0,9825
8.448943,11,23,0,8188
9.901151,9,23,0,7023
6.716912,8,23,0,6322
6.013472,9,23,0,6964
7.671883,9,24,0,7162
3.372838,9,25,0,7088
10.347615,10,25,0,7543
8.547733,11,25,0,8004
7.375308,9,28,0,7216
8.134255,11,27,0,8730
12.461234,11,28,0,8178
7.627771,11,26,0,8336
8.950371,12,26,0,8888
10.709405,12,23,0,8627
6.521493,11,23,0,8563
8.393100,6,25,0,6585
4.654472,6,26,0,6280
9.177616,6,16,0,5857
2.897091,6,17,0,5772
97.269452,7,17,0,6416
5.989092,7,13,0,6241
2.465947,8,13,0,6832
10.169962,9,13,0,7425
3.833034,10,13,0,7994
4.696977,11,13,0,8598
5.862623,10,6,0,8026
8.641672,11,6,0,8595
7.880258,12,6,0,9003
5.930355,13,6,0,9571
8.138429,14,6,0,10070
5.494120,15,6,0,10552
7.819657,16,6,0,11208
3.413634,16,7,0,11609
13.718297,17,7,0,12248
4.213057,12,10,0,10299
10.936503,13,10,0,10975
7.235913,12,11,0,10500
5.046769,14,11,0,12076
5.158489,14,11,0,11368
4.159932,14,12,0,11516
5.228446,15,12,0,12050
3.801399,16,12,0,12620
4.132843,15,13,0,12230
13.108641,17,13,0,13889
8.611876,18,13,0,14349
6.815948,19,13,0,14881
7.650848,17,14,0,13328
6.592207,18,14,0,13947
11.365377,17,16,0,13008
11.484247,17,17,0,13044
11.545133,16,19,0,12330
7.385023,17,19,0,12879
9.242784,18,19,0,13576
11.844011,18,20,0,13441
13.373300,18,21,0,13469
12.777525,18,22,0,13587
13.610749,18,23,0,14117
12.885316,18,24,0,14240
11.806093,18,25,0,14100
12.714139,20,24,0,15740
11.887407,20,25,0,15605
14.233053,17,29,0,14181
96.682824,19,28,0,15231
12.870347,19,29,0,15705
7.462270,16,33,0,14329
7.743359,11,39,0,11806
106.863234,10,41,0,11175
6.188117,11,41,0,11596
9.839474,9,44,0,10449
11.908740,8,46,0,9828
8.203179,7,24,0,8200
10.820796,37,43,0,27767
8.298462,41,40,0,29933
13.974083,41,31,0,29244
12.307924,41,29,0,28451
14.553241,39,18,0,26899
113.618332,37,21,0,25322
104.100564,35,23,0,24042
110.118769,33,26,0,24176
12.389047,32,27,0,23436
10.056621,34,28,0,24289
20.243144,34,29,0,24593
8.789721,33,37,0,24858
12.082736,30,39,0,21541
14.578175,30,40,0,21768
13.928497,31,40,0,22437
11.694541,31,39,0,21730
24.121753,26,44,0,20062
8.870500,26,39,0,20138
25.417394,24,39,0,19188
12.630714,21,38,0,17192
19.466469,12,48,0,13375
6.101483,10,49,0,12083
14.168561,10,50,0,11973
16.047036,8,50,0,8521
7.895239,7,28,0,6585
11.052393,8,24,0,6955
8.705725,8,28,0,6668
10.639391,5,22,0,4848
7.658986,6,22,0,5209
95.452111,7,22,0,5427
9.785004,7,23,0,5226
7.683231,7,24,0,5289
8.878829,7,25,0,5267
8.665103,7,25,0,5337
6.874671,7,20,0,5365
11.407083,7,21,0,5416
12.492323,8,21,0,5874
10.105774,9,21,0,6387
8.297925,8,12,0,6182
7.879242,8,11,0,5919
11.418445,8,11,0,5889
6.538301,6,14,0,5189
10.280194,7,14,0,5663
5.115859,8,14,0,6062
8.898802,8,15,0,5949
8.725509,8,15,0,6128
7.136004,9,15,0,6691
8.560634,9,16,0,6673
10.051426,9,14,0,6720
10.959600,9,15,0,6703
11.452891,9,16,0,6607
10.091245,10,16,0,7514
4.178302,9,16,0,6563
11.760152,8,18,0,6170
4.462911,8,17,0,6171
11.820708,8,14,0,5987
2.892295,8,15,0,5780
6.652359,6,16,0,4658
3.143161,6,17,0,4583
101.877662,7,17,0,4816
5.674296,7,18,0,4667
103.312088,8,18,0,5262
5.962286,9,18,0,5973
101.080025,7,21,0,5637
10.600335,7,22,0,5933
103.340350,6,24,0,5620
3.165703,6,12,0,5626
3.793144,6,12,0,5597
4.200343,7,12,0,6271
5.352680,32,44,0,24024
4.153172,37,32,0,26688
12.646671,36,33,0,26587
12.285175,38,32,0,27037
11.006904,34,36,0,25487
11.365917,34,35,0,25423
12.075540,39,32,0,28365
11.943070,36,34,0,27155
13.855858,39,35,0,28984
108.144103,36,40,0,26979
14.672271,37,40,0,27389
19.396687,41,42,0,29793
90.758382,38,41,0,27809
15.138108,38,42,0,28676
17.576087,34,42,0,25439
13.911623,39,42,0,28005
9.735523,38,44,0,27831
12.968308,39,44,0,26406
75.257988,38,46,0,26301
11.873583,40,45,0,27050
10.488761,42,45,0,28128
15.456673,36,51,0,24715
108.827706,39,58,0,26168
11.268974,40,58,0,26769
12.121947,37,62,0,24690
12.780000,36,58,0,24178
11.505621,33,63,0,22618
9.436732,35,61,0,24336
22.918441,33,63,0,22792
9.670853,33,64,0,23039
11.919970,30,59,0,21016
8.006719,31,55,0,20281
11.911456,32,54,0,20176
10.470759,33,52,0,20286
17.418649,33,42,0,19774
10.497028,31,45,0,19837
14.227241,29,43,0,17889
15.613450,28,37,0,16991
10.211602,30,44,0,19019
10.198720,30,37,0,18417
10.061736,31,39,0,19531
18.520873,31,40,0,20152
19.274886,29,38,0,19507
11.753172,29,39,0,19677
19.487999,29,38,0,19412
18.762589,31,41,0,20439
19.099975,33,57,0,21674
21.179618,34,57,0,22046
19.068121,31,41,0,20795
24.511481,30,43,0,20983
19.839688,31,43,0,21663
18.238011,31,41,0,21916
18.418344,26,33,0,17833
9.523976,24,36,0,17918
12.487046,18,43,0,16665
10.887039,11,42,0,11706
14.317112,13,41,0,12667
15.114905,15,40,0,13922
16.887833,14,42,0,13194
11.199000,15,42,0,13734
14.128471,12,46,0,12352
8.138973,13,46,0,12976
12.025041,11,41,0,9405
8.129984,12,41,0,9961
11.892513,11,43,0,9097
10.570379,8,46,0,7194
14.657139,9,46,0,7434
13.242628,8,46,0,6386
11.728168,9,46,0,6731
5.107052,8,48,0,6346
13.048033,6,49,0,5795
10.576660,6,44,0,5851
8.689941,6,34,0,6044
4.997744,5,18,0,5689
11.638512,5,17,0,5536
11.130753,5,14,0,5518
12.370999,6,14,0,6058
106.811908,6,11,0,6031
11.796514,6,12,0,6129
11.166769,7,12,0,6726
14.440011,7,7,0,6590
13.840595,7,6,0,6570
12.530825,7,7,0,6493
10.219854,7,8,0,6434
15.603577,8,8,0,6852
9.977029,7,10,0,6208
12.742926,8,10,0,6658
12.894771,-827936788,96,38,1088516511
12.136835,31107,0,39,1078699080
