#Stereo rect[ms], MP culling[ms], MP creation[ms], LBA[ms], KF culling[ms], Total[ms]
7.476040,0.058509,0.686667,0.011580,0.011580,8.243280
0.689988,0.103550,6.336594,0.002388,0.002388,7.139694
8.116093,0.366239,5.372638,0.112384,0.112384,23.234357
8.219355,0.238855,7.209944,0.231291,0.231291,26.926707
9.180677,0.310812,10.131932,0.173835,0.173835,34.799109
7.776510,0.313330,11.489356,0.582010,0.582010,43.676777
9.874239,0.257675,15.856690,0.553684,0.553684,52.945998
7.828898,0.362831,17.132529,0.660684,0.660684,49.579179
6.925873,0.297452,14.279816,0.733336,0.733336,55.549704
7.741943,0.239778,16.699847,0.913334,0.913334,61.653843
9.733101,0.409532,23.587876,1.424930,1.424930,143.174371
8.178130,0.365360,20.784176,1.643838,1.643838,104.698437
7.397008,0.319223,17.614138,1.063335,1.063335,83.312163
7.927400,0.402554,18.884660,1.016635,1.016635,86.049106
6.807824,0.319364,16.804688,1.055153,1.055153,73.072414
7.985422,0.410780,19.141987,1.422781,1.422781,106.045463
7.058238,0.346714,17.640944,1.351866,1.351866,109.959180
5.805895,0.337490,17.093978,1.646714,1.646714,116.784574
6.487428,0.276212,17.552916,1.819321,1.819321,107.941414
7.192644,0.313677,19.040284,1.897041,1.897041,116.185276
7.211337,0.273846,18.737535,1.620709,1.620709,115.389973
6.527172,0.247604,20.242256,1.691450,1.691450,122.725157
8.253820,0.344305,21.826315,1.755972,1.755972,103.912412
6.709560,0.281150,19.321097,2.020723,2.020723,116.437056
10.630548,0.274834,22.479792,2.948243,2.948243,125.690461
7.346693,0.254169,20.594962,2.556315,2.556315,114.067036
8.320114,0.280011,21.518281,2.189935,2.189935,150.462461
8.906515,0.343491,21.336100,2.775320,2.775320,131.489147
8.273931,0.306763,19.942385,3.068561,3.068561,121.209462
7.764474,0.236522,19.392446,2.404881,2.404881,106.352108
7.255353,0.226418,19.473193,2.061835,2.061835,118.736001
7.279642,0.255603,19.218100,2.424102,2.424102,119.506312
7.200588,0.213568,18.677430,2.342692,2.342692,110.908394
7.413407,0.203757,18.948693,1.957049,1.957049,127.946383
8.921167,0.240701,22.770407,1.596333,1.596333,102.659384
7.326441,0.228067,19.834309,1.925661,1.925661,101.310154
7.389107,0.230673,19.756904,3.080076,3.080076,115.675394
7.457144,0.209140,18.593209,4.593023,4.593023,110.047892
7.476724,0.196138,20.566701,7.293805,7.293805,127.204082
9.499998,0.332486,24.074694,1.678513,1.678513,122.338612
8.634473,0.268485,22.326058,4.413774,4.413774,112.440479
7.635548,0.256275,21.620192,6.617178,6.617178,219.185998
7.435818,0.284851,20.877741,1.607328,1.607328,238.354619
6.895419,0.297788,19.326057,2.129906,2.129906,245.646449
8.315563,0.385460,23.353394,4.931685,4.931685,98.888592
8.351607,0.371437,21.496487,1.882443,1.882443,258.492208
8.335489,0.433431,31.368678,6.251026,6.251026,208.856134
7.961328,0.465686,22.903608,3.928910,3.928910,120.205342
6.773571,0.391332,23.315006,2.848557,2.848557,91.270679
7.067691,0.331888,20.043297,5.644520,5.644520,199.772119
7.431803,0.323695,20.347857,4.240656,4.240656,186.591401
8.767465,0.743049,23.308473,5.623747,5.623747,273.596885
6.727250,0.385341,19.644857,2.829488,2.829488,213.915882
6.612348,0.396281,19.552105,3.966451,3.966451,139.051397
7.004385,0.379957,23.103892,3.719760,3.719760,107.196026
7.185996,0.368670,20.668821,6.081825,6.081825,121.675246
7.024141,0.357340,23.705487,2.727002,2.727002,80.563210
7.163481,0.301000,20.984437,2.199051,2.199051,115.855231
6.796005,0.283646,21.344186,2.260360,2.260360,117.442750
6.855328,0.270927,19.723813,1.721492,1.721492,105.909594
6.984800,0.283343,19.609312,5.645746,5.645746,123.132784
6.923247,0.390214,20.673094,2.378833,2.378833,96.355970
7.058770,0.297701,19.393162,2.645832,2.645832,111.562198
6.990884,0.317237,19.051994,3.900236,3.900236,109.694754
6.946125,0.315620,19.784819,2.375859,2.375859,105.846211
7.723975,0.328926,19.073677,1.613112,1.613112,117.467448
6.727749,0.307209,19.418666,2.414084,2.414084,107.920755
7.153073,0.312831,19.084975,5.154099,5.154099,114.262784
7.037032,0.339247,19.796854,3.986465,3.986465,107.000019
7.215077,0.336045,19.878340,3.857779,3.857779,116.521277
6.529315,0.346541,19.142519,1.616249,1.616249,110.780430
6.297606,0.339226,19.306282,1.556209,1.556209,112.889460
6.690089,0.337424,18.509565,4.640919,4.640919,136.074991
6.568719,0.375127,17.192080,8.149249,8.149249,107.652117
7.521536,0.513191,19.155315,4.572599,4.572599,123.078067
7.511422,0.634800,23.190705,5.073753,5.073753,147.995129
6.622257,0.625444,20.321658,4.896815,4.896815,92.600069
6.401205,0.424715,18.894449,3.251990,3.251990,77.455914
6.150320,0.387674,19.563381,3.844907,3.844907,74.029726
6.477703,0.314687,17.930246,4.320633,4.320633,85.339322
7.188042,0.409684,19.361849,6.378893,6.378893,74.009980
7.275833,0.421883,19.749632,6.091158,6.091158,72.476688
7.079314,0.343708,21.606746,4.374823,4.374823,69.570967
6.678074,0.279142,18.092327,5.387887,5.387887,86.906134
9.112692,0.599213,21.539163,4.974653,4.974653,121.027368
6.335572,0.447931,17.119158,6.148224,6.148224,81.976740
6.860950,0.451241,18.142642,6.950131,6.950131,119.401559
7.383529,0.475475,20.961668,5.361286,5.361286,97.795226
6.667373,0.419951,19.688465,5.366668,5.366668,107.929057
6.702553,0.451035,19.139686,5.844630,5.844630,109.682657
7.532535,0.454508,24.329656,2.052067,2.052067,146.217150
7.779603,0.330152,20.702809,5.437474,5.437474,120.025874
8.978939,0.416630,23.493596,3.088335,3.088335,115.191693
7.874377,0.344034,20.420985,5.255673,5.255673,114.713811
8.415829,0.337587,22.306457,3.993053,3.993053,109.244343
7.152551,0.278318,19.776711,3.919620,3.919620,118.490263
9.004542,0.376310,24.234191,6.661404,6.661404,125.495256
8.307933,0.383376,21.503272,1.886936,1.886936,99.656365
7.671238,0.314448,20.320715,2.111216,2.111216,111.589846
7.329209,0.267377,20.850846,2.396177,2.396177,120.706442
7.574950,0.301490,25.207673,3.731947,3.731947,114.188314
8.161671,0.290972,23.045763,5.670990,5.670990,118.433106
8.511245,0.397018,23.111011,2.913882,2.913882,122.974507
8.524649,0.305092,24.420800,4.476147,4.476147,123.660319
8.247123,0.335427,21.497498,1.802945,1.802945,127.609003
10.084124,0.525324,32.780969,3.103497,3.103497,94.859810
9.687573,0.343534,22.119539,1.608282,1.608282,112.256262
7.726541,0.277981,19.415372,7.868208,7.868208,119.745271
7.575032,0.279425,20.572170,2.106290,2.106290,117.170816
6.710190,0.275236,18.689574,1.390352,1.390352,96.014889
7.018688,0.287901,20.471735,4.270578,4.270578,119.250145
7.351761,0.279968,20.793639,2.544909,2.544909,127.946025
7.927400,0.315805,21.935345,5.710062,5.710062,112.675069
8.979708,0.320135,27.994758,1.432766,1.432766,121.328226
7.532977,0.260269,22.403256,7.589543,7.589543,118.719884
8.385575,0.293708,22.668594,4.524248,4.524248,90.127984
8.082167,0.273434,24.841065,1.308802,1.308802,107.276924
7.767230,0.248168,22.233393,3.768751,3.768751,125.298358
8.256119,0.343600,23.177953,4.595368,4.595368,117.513946
9.508137,0.464210,26.943362,6.300559,6.300559,131.180691
8.623390,0.311626,24.664420,2.675179,2.675179,120.223672
10.370614,0.536406,26.792806,3.766341,3.766341,110.241979
10.077357,0.300632,43.160516,6.619446,6.619446,119.472880
7.814767,0.251413,24.834488,2.045392,2.045392,103.727169
9.838615,0.334722,32.307729,1.485610,1.485610,129.703950
8.160559,0.332963,22.481550,9.334792,9.334792,106.891476
10.544721,0.444739,39.042234,9.440996,9.440996,158.873603
17.798423,0.759915,72.359442,0.000000,0.000000,90.920797
10.865180,0.468844,68.146051,5.750185,5.750185,121.164911
8.954642,0.358674,37.145176,5.116667,5.116667,104.677906
12.133304,0.404714,31.809805,9.376110,9.376110,123.972030
10.918982,0.505539,39.611302,3.992509,3.992509,109.136270
12.063469,0.492656,32.967914,5.412063,5.412063,90.466212
14.016266,0.359434,34.655534,1.356859,1.356859,115.677042
10.383367,0.403509,25.634928,1.487671,1.487671,97.093624
8.967044,6.332051,37.145551,3.387242,3.387242,139.901133
14.490257,0.433182,29.998768,4.753618,4.753618,109.212852
11.553511,0.412409,28.911794,3.881309,3.881309,105.911300
10.583355,0.359749,28.606781,1.657219,1.657219,101.228029
7.430598,0.301847,29.009990,1.547580,1.547580,113.720788
6.874364,0.298364,32.534994,2.070246,2.070246,120.827671
9.117294,0.370580,36.399763,1.987969,1.987969,110.953077
7.739771,0.449244,25.538380,2.072276,2.072276,106.386795
7.948858,0.333170,20.596502,2.409939,2.409939,110.404539
9.711568,0.394793,22.814920,1.248327,1.248327,108.644934
7.760284,0.405799,22.147295,4.051779,4.051779,109.754630
7.803219,0.358728,21.690872,2.533360,2.533360,109.413098
7.590357,0.341060,23.221224,2.044687,2.044687,128.489375
7.372002,0.310421,22.109983,1.857090,1.857090,108.398215
7.554758,0.328817,21.526443,2.016805,2.016805,123.551654
8.190730,0.381065,27.389382,4.703281,4.703281,116.593993
6.989559,0.266640,20.977089,1.222410,1.222410,113.853359
7.259151,0.305201,21.592624,1.528426,1.528426,110.800634
8.115767,0.474391,23.377478,3.094294,3.094294,105.713607
7.818663,0.304908,20.611458,1.318439,1.318439,112.982061
7.530862,0.460827,21.560358,5.068566,5.068566,130.222822
9.778631,0.441831,25.841942,1.392696,1.392696,114.983519
7.212569,0.326082,22.977344,3.859906,3.859906,118.225175
6.695917,0.335937,21.679721,3.880299,3.880299,110.482191
7.421025,0.337088,20.739221,4.225028,4.225028,119.343439
7.680231,0.451262,23.394420,2.843901,2.843901,110.740159
6.694788,0.532249,20.374317,1.841419,1.841419,115.140966
7.191226,0.454703,20.367469,1.249381,1.249381,110.617417
7.311572,0.420743,18.202074,1.632887,1.632887,123.769068
6.862827,0.463939,18.655875,3.677725,3.677725,110.103416
7.749898,0.557992,20.245089,4.678830,4.678830,107.968562
7.193544,0.528255,20.302643,1.596377,1.596377,111.304273
7.539564,0.544523,20.745657,4.929917,4.929917,117.242077
7.733563,0.717631,22.195994,1.697582,1.697582,123.189052
7.897620,0.834758,23.023078,7.943061,7.943061,109.265882
7.621940,0.532433,21.023692,8.735840,8.735840,108.305683
9.796935,0.624239,22.532772,15.304622,15.304622,123.329382
10.291037,0.707125,22.829616,3.641052,3.641052,98.532080
9.611633,0.797760,20.486560,4.821125,4.821125,114.245907
9.000366,0.580437,23.811254,3.233692,3.233692,108.337529
6.891588,0.589542,24.824352,2.895963,2.895963,99.847802
9.482723,0.725770,33.578002,3.947980,3.947980,122.853248
8.934387,0.751069,21.609762,3.243036,3.243036,107.790604
7.221469,0.630947,20.012061,5.810204,5.810204,133.036860
7.680025,0.812042,18.894613,3.377745,3.377745,71.457698
7.950974,0.732804,19.972142,4.298938,4.298938,131.757667
8.011643,0.746022,20.532567,3.540043,3.540043,106.120665
7.135512,0.574511,18.930883,5.939377,5.939377,109.840685
8.140642,0.729081,20.293158,8.843361,8.843361,113.979104
7.522601,0.750103,19.641916,5.004640,5.004640,93.053600
6.773335,0.748498,17.647663,3.528853,3.528853,62.327577
8.071759,0.762584,21.595067,3.376399,3.376399,71.401141
9.032240,0.984357,28.886528,4.867153,4.867153,160.010297
10.934579,0.876054,27.233422,3.533156,3.533156,137.582834
7.626247,0.801352,25.348548,7.662096,7.662096,163.051832
10.235455,1.312187,44.083510,10.000677,10.000677,165.967317
8.952381,1.077988,28.880003,2.398683,2.398683,124.766634
7.260345,0.849203,24.419520,4.819540,4.819540,113.010690
13.029795,2.865629,37.068620,3.437872,3.437872,160.226404
8.216129,0.735831,22.327438,13.183345,13.183345,118.449665
8.849873,0.817100,21.207046,2.901682,2.901682,84.352631
10.292320,0.676378,24.102522,3.420365,3.420365,115.173601
11.860783,0.651351,26.409875,9.636920,9.636920,200.522082
9.652325,0.845925,46.681229,4.578775,4.578775,140.169701
15.175609,1.411970,35.855161,7.503189,7.503189,183.032973
9.798014,1.161090,30.284123,3.757681,3.757681,210.016431
8.858320,0.891075,24.779441,7.022629,7.022629,188.839284
10.108013,0.968674,28.258609,3.140757,3.140757,191.165822
11.545960,1.084575,31.352762,4.869649,4.869649,145.227528
11.438374,0.661987,28.358050,14.127699,14.127699,115.389545
13.064004,0.774240,27.075466,3.840511,3.840511,173.724987
9.064950,0.538022,24.416198,2.375795,2.375795,136.624732
8.726502,0.744199,25.254520,1.867177,1.867177,125.899883
7.357482,0.517998,25.363963,2.828891,2.828891,117.207069
7.402065,0.514373,25.464394,2.794454,2.794454,121.704332
8.909163,0.698736,26.072083,2.555142,2.555142,127.966992
10.999594,0.577647,30.040578,4.607558,4.607558,105.642519
9.041942,0.484440,25.059290,2.001741,2.001741,111.896540
8.317031,0.433811,22.213272,10.477905,10.477905,100.492531
10.042415,0.505637,26.468660,1.831086,1.831086,108.810628
8.712271,0.558286,27.193515,1.701750,1.701750,119.013706
10.498549,0.530023,28.239804,2.799317,2.799317,116.296347
12.180982,0.440854,27.621574,5.003697,5.003697,102.061409
8.304558,0.478059,36.736316,1.429933,1.429933,118.476663
8.417994,0.362180,33.700127,1.769387,1.769387,106.225646
7.474629,0.339204,23.802751,1.697799,1.697799,113.578258
8.427317,0.497367,26.341413,1.750524,1.750524,118.401397
7.893451,0.418595,27.053185,3.386036,3.386036,111.663816
10.913037,0.414655,26.778405,1.603323,1.603323,123.518732
8.862691,0.433941,27.946202,1.585318,1.585318,130.430752
7.966483,0.402435,27.085319,4.993343,4.993343,101.402754
8.225149,0.431271,27.131662,1.444649,1.444649,100.063501
9.718806,0.411573,28.793114,1.417365,1.417365,142.485868
9.372480,0.495228,27.858611,12.265095,12.265095,99.350175
9.403832,0.505104,27.920817,1.372987,1.372987,105.372496
8.830234,0.502239,30.608551,4.669658,4.669658,111.021390
7.190114,0.437273,40.704431,3.052390,3.052390,126.560426
8.581605,0.372046,28.092951,4.100596,4.100596,106.645080
8.409681,0.432378,39.574749,4.324345,4.324345,105.873105
8.752004,0.398050,37.630095,1.145787,1.145787,106.638461
7.753308,0.393849,24.828140,5.041465,5.041465,116.973357
9.218265,0.406384,28.633194,1.860520,1.860520,106.558875
7.921182,0.380131,25.080855,3.362095,3.362095,132.956049
11.116334,0.430229,35.770362,5.696800,5.696800,103.722643
10.326271,0.417944,32.094226,5.395451,5.395451,126.649067
9.272982,0.332758,27.475143,2.076410,2.076410,135.802542
11.694149,0.474629,38.424632,4.521026,4.521026,104.381924
11.936355,0.517923,38.997373,8.461484,8.461484,87.358117
9.184455,0.333082,26.303863,1.463979,1.463979,134.308383
10.413245,0.484061,28.983501,7.940185,7.940185,111.057234
10.290866,0.445228,28.855456,10.508829,10.508829,95.495457
11.719746,0.391885,30.400791,6.711546,6.711546,150.500997
9.917138,0.372936,35.079488,1.788499,1.788499,69.983125
9.989245,0.422806,42.438131,4.398210,4.398210,108.741554
9.474189,0.403867,41.725004,1.408542,1.408542,139.377848
9.904049,0.409402,43.685981,1.961150,1.961150,81.188867
8.598928,0.381553,27.999750,3.411303,3.411303,133.364809
10.543324,0.468617,33.233317,8.444303,8.444303,95.660569
9.742066,0.405082,26.599686,1.417126,1.417126,118.711581
8.943514,0.357035,25.835398,1.675768,1.675768,128.491101
9.639601,0.421524,32.053375,1.633104,1.633104,99.409063
8.965480,0.358870,31.601683,1.664904,1.664904,116.766021
11.478926,0.430631,36.646107,3.900508,3.900508,117.279641
9.482329,0.712167,29.484964,5.920689,5.920689,118.580791
10.165220,0.460227,28.203280,2.078711,2.078711,125.143019
11.846131,0.680492,35.260107,7.269701,7.269701,83.137819
10.292211,0.448484,35.023932,13.899161,13.899161,135.208699
11.933792,0.466186,32.561497,3.354606,3.354606,81.257958
10.483870,0.413798,43.720407,1.468972,1.468972,142.465588
13.093488,0.403454,30.123855,2.370813,2.370813,75.923132
9.623902,0.390561,30.375751,1.838532,1.838532,135.108478
9.555441,0.398734,26.347198,2.769557,2.769557,95.523008
9.755974,0.405093,26.868865,1.917878,1.917878,126.909783
9.997625,0.368269,29.436934,2.750217,2.750217,98.565962
10.057213,0.400492,27.727152,3.461292,3.461292,113.175326
10.286872,0.380956,26.603538,3.841923,3.841923,129.751161
9.876081,0.431162,29.000899,1.682149,1.682149,123.319333
10.899923,0.409836,30.168066,5.818167,5.818167,105.292610
11.053975,0.427842,31.526770,9.576220,9.576220,108.032132
10.588155,0.366011,29.428891,6.291903,6.291903,122.411783
10.923473,0.417770,32.511529,5.251093,5.251093,77.623407
13.887552,0.446942,34.082749,1.833821,1.833821,123.462595
11.002495,0.413613,30.343518,10.382325,10.382325,131.790182
11.946229,0.496488,30.337235,5.769146,5.769146,80.436419
10.599030,0.513223,41.918679,1.944415,1.944415,135.955616
12.001671,0.535450,41.310089,3.066585,3.066585,87.184706
10.260781,0.431520,27.876058,1.666607,1.666607,124.955302
10.631448,0.495978,27.510437,1.754051,1.754051,130.651799
9.950706,0.445413,28.471309,9.471758,9.471758,116.291408
12.037678,0.440974,34.100286,6.766973,6.766973,103.263153
13.129330,0.765320,53.525876,8.980024,8.980024,123.748195
10.849531,0.443872,29.996651,2.184084,2.184084,148.212537
9.469566,0.488185,35.813476,0.000000,0.000000,45.772258
11.767955,0.544708,34.771217,10.723557,10.723557,159.869648
11.075895,0.464004,29.584927,3.901257,3.901257,80.842955
10.111703,0.485764,31.344655,8.014758,8.014758,136.566582
11.377929,0.422371,30.514195,5.419111,5.419111,104.498329
9.700173,0.383420,31.163700,5.547743,5.547743,96.966816
9.159547,0.323097,33.347210,1.536652,1.536652,123.530547
10.633413,8.749970,30.193322,5.962689,5.962689,110.543870
9.852312,0.456852,39.838588,8.160776,8.160776,108.252556
10.540654,0.473066,36.766403,9.328649,9.328649,110.824633
11.129021,0.465968,33.686392,2.880878,2.880878,110.007366
10.863520,0.450937,29.874564,5.513490,5.513490,117.625952
9.231047,0.385167,32.726855,2.566994,2.566994,124.879525
10.686734,0.664287,39.508217,4.438942,4.438942,109.945981
12.486889,0.712269,35.946601,12.688646,12.688646,133.739240
13.719936,0.665308,42.213091,0.000000,0.000000,56.599974
11.322591,0.502077,39.912129,9.986088,9.986088,170.165187
12.877344,0.837124,39.720441,0.000000,0.000000,53.435940
14.017943,0.733270,46.317562,20.550616,20.550616,171.631313
14.064935,0.718466,45.431708,0.000000,0.000000,60.216574
15.179294,0.612279,37.045610,11.086292,11.086292,150.998464
11.552599,0.404789,40.626015,4.190862,4.190862,89.836276
10.622733,0.356797,32.197808,3.222708,3.222708,146.035030
12.184119,0.492982,50.714373,0.000000,0.000000,63.392961
12.619981,0.617478,35.028610,3.495415,3.495415,166.400263
12.592935,0.559512,42.929995,6.893087,6.893087,119.526728
11.922591,0.533985,41.396562,0.000000,0.000000,53.855070
12.453027,0.550037,47.072008,5.437496,5.437496,183.142947
12.561906,0.635136,25.252486,0.000000,0.000000,38.450679
10.315622,0.421243,29.254525,19.523867,19.523867,189.114212
24.023119,0.935377,29.354049,0.000000,0.000000,54.314303
12.177154,0.512105,27.427954,2.501093,2.501093,147.285173
10.406409,0.387479,30.531701,8.444574,8.444574,104.954496
17.817027,0.833423,70.216695,0.000000,0.000000,88.868828
13.702093,0.533833,37.401353,2.969406,2.969406,192.208036
13.523157,0.530111,9.823845,0.000000,0.000000,23.879859
14.661607,0.517586,42.218290,5.043582,5.043582,197.471037
16.426938,0.498332,25.087823,0.000000,0.000000,42.014472
12.058020,0.789544,40.923327,16.213836,16.213836,147.955074
14.298581,0.625314,35.112949,8.184371,8.184371,91.492603
10.891837,0.464232,43.868628,12.365746,12.365746,259.351388
11.504691,0.518714,48.377727,0.000000,0.000000,60.402467
12.773019,0.626313,33.803161,3.584866,3.584866,156.280193
11.182624,0.511812,35.297225,12.636814,12.636814,113.840139
12.008657,0.472242,34.236663,13.822259,13.822259,103.157239
12.066682,0.557710,31.093936,18.918857,18.918857,103.554424
12.841518,0.629699,34.345611,12.383132,12.383132,150.491774
11.810109,0.507438,36.257706,0.000000,0.000000,48.576772
11.720765,0.419149,43.222205,10.399473,10.399473,137.307807
15.019045,0.442699,35.638816,6.139944,6.139944,101.156473
11.642576,0.566863,48.068379,14.666318,14.666318,122.260763
15.498395,0.780047,65.555307,0.000000,0.000000,81.835257
14.228918,0.642452,37.032814,21.346053,21.346053,226.414927
16.299424,0.627800,1.944458,0.000000,0.000000,18.872453
13.168952,0.547313,35.741248,8.653117,8.653117,157.206429
11.198948,0.451436,40.210058,0.000000,0.000000,51.861951
16.160929,0.409685,39.080052,20.008946,20.008946,158.643554
12.677817,0.486937,39.417985,21.455560,21.455560,110.723434
14.758200,0.527940,39.910880,0.000000,0.000000,55.198561
13.156846,0.531196,34.501700,5.936415,5.936415,181.512658
13.060228,0.564938,48.938420,0.000000,0.000000,62.565290
13.282141,0.622156,34.657269,7.857115,7.857115,136.367080
12.138178,0.489585,32.368832,9.041355,9.041355,122.721305
11.310984,0.414731,39.155124,11.587348,11.587348,118.345320
11.735538,0.511725,57.941150,10.614289,10.614289,125.092693
11.458598,0.506765,39.104721,11.157837,11.157837,101.909410
11.771585,0.537241,35.361866,18.585689,18.585689,103.570932
11.842885,0.444946,35.656040,24.561066,24.561066,121.485946
21.353499,0.606853,50.103754,0.000000,0.000000,72.065691
13.761157,0.594447,36.833291,14.319212,14.319212,156.901004
12.634176,0.524467,59.315484,0.000000,0.000000,72.475733
13.855654,0.472415,41.487679,5.885753,5.885753,154.512934
11.947737,0.497725,38.721639,10.868025,10.868025,105.073337
12.577817,0.444881,36.496734,7.870118,7.870118,104.777144
13.039911,0.533637,42.155918,10.770238,10.770238,116.803959
13.920162,0.791074,40.904561,20.717287,20.717287,112.620539
15.973784,0.539813,37.842079,12.127618,12.127618,105.753384
12.966269,0.610934,42.871844,14.455387,14.455387,114.696712
12.547861,0.582575,57.076301,15.365119,15.365119,134.778115
23.861571,0.475519,48.223482,0.000000,0.000000,72.562243
14.075224,0.580349,39.360627,17.674827,17.674827,167.223092
13.685203,0.671581,48.494349,0.000000,0.000000,62.853607
14.087216,0.444316,39.994841,14.391017,14.391017,156.818203
13.146510,0.513483,45.838255,0.000000,0.000000,59.499637
14.260343,0.622753,46.697910,15.658098,15.658098,175.565982
13.521409,0.525422,39.245194,0.000000,0.000000,53.293208
13.440425,0.648443,49.535484,11.119731,11.119731,145.720410
11.272976,0.437045,42.845016,10.538219,10.538219,102.169321
11.972889,0.442992,50.689204,14.005938,14.005938,120.237427
13.471181,0.538598,56.344360,12.363294,12.363294,125.730117
14.500764,0.588934,57.827441,0.000000,0.000000,72.919071
13.695136,0.658677,35.584269,12.521510,12.521510,153.174527
13.267495,0.456125,39.428698,10.059629,10.059629,108.732900
11.756452,0.399091,35.532314,6.430233,6.430233,98.681677
14.527800,0.645153,37.887750,17.292418,17.292418,117.774447
13.579191,0.557222,37.412924,13.731938,13.731938,108.230806
12.912104,0.506668,38.366611,17.093524,17.093524,121.949375
14.567439,0.922473,37.655676,0.000000,0.000000,53.146760
12.389482,0.487339,32.653379,17.098862,17.098862,210.886510
17.443526,0.466544,8.102418,0.000000,0.000000,26.015462
12.365258,0.432031,36.712050,12.374407,12.374407,170.840757
11.524693,0.511421,56.075529,0.000000,0.000000,68.114139
12.359115,0.516805,33.638420,7.132072,7.132072,138.879971
11.501402,0.403248,34.402591,15.243569,15.243569,97.801341
13.382639,0.370005,33.644835,15.016005,15.016005,114.245969
12.905145,0.508946,34.985915,7.060962,7.060962,99.539473
12.765516,0.458523,43.416010,7.005014,7.005014,109.432786
11.516760,0.451186,46.644818,9.925440,9.925440,128.339592
20.669517,0.690929,63.819231,0.000000,0.000000,85.181131
14.397899,0.567239,35.292688,13.943651,13.943651,155.354487
14.310931,0.471113,52.924885,0.000000,0.000000,67.708123
15.207709,0.453618,36.097610,3.584053,3.584053,179.845933
11.048426,0.662942,59.914069,12.983605,12.983605,197.940767
11.644056,0.488543,33.696202,6.011975,6.011975,91.407753
12.007788,0.518292,41.731298,5.913319,5.913319,105.201328
11.745348,0.438673,40.794945,6.387232,6.387232,137.232259
10.946243,0.405842,44.120040,5.312609,5.312609,99.239343
12.231107,0.402499,30.685630,7.394012,7.394012,110.891033
13.226649,0.457514,34.314560,6.654187,6.654187,138.760575
11.311406,0.416261,33.629304,6.214493,6.214493,105.753283
10.329492,0.358598,28.232823,5.773510,5.773510,118.831118
10.127277,0.382345,28.818316,9.925408,9.925408,82.694056
11.152344,0.531011,29.377862,5.251160,5.251160,144.946603
11.595976,0.437968,33.120477,14.542277,14.542277,93.718604
13.245115,0.513147,31.047365,14.408687,14.408687,125.755139
12.940333,0.539628,33.417875,7.713670,7.713670,90.171354
11.472092,0.426550,52.745807,11.836309,11.836309,118.960653
11.792494,0.465274,45.087701,12.393693,12.393693,117.101664
14.068972,0.567499,32.068482,11.578155,11.578155,110.705831
12.532072,0.454008,31.589154,5.817649,5.817649,165.499877
12.328227,0.463602,36.406485,0.000000,0.000000,49.200094
13.298399,0.502348,29.704519,2.697774,2.697774,159.554930
10.855999,0.436806,37.858310,8.864960,8.864960,119.359251
10.750616,0.386013,30.678663,8.803053,8.803053,90.348554
11.187292,0.484049,29.730500,8.504071,8.504071,138.196092
11.242184,0.462257,35.524955,19.383719,19.383719,101.948706
12.337608,0.499592,33.248170,7.849713,7.849713,99.813477
12.952108,0.508014,36.770418,6.581221,6.581221,108.167141
13.301016,10.076457,36.868297,13.506281,13.506281,120.467315
13.168399,0.704531,51.121117,11.067234,11.067234,121.771403
11.986115,0.578830,45.154584,12.681063,12.681063,112.341345
12.074057,0.624739,46.038073,16.559929,16.559929,120.817913
12.578696,0.632542,46.878962,0.000000,0.000000,60.091557
13.524221,0.641767,33.063249,19.310635,19.310635,192.416572
17.732664,1.324061,23.541317,0.000000,0.000000,42.599094
12.422297,0.629199,37.579692,9.847091,9.847091,317.879683
12.082296,0.763420,1.622120,0.000000,0.000000,14.468737
12.106975,0.757082,34.311184,7.615254,7.615254,182.925233
14.179707,0.972799,44.004357,0.000000,0.000000,59.158828
13.692480,0.727692,31.776295,11.421513,11.421513,191.214797
13.744956,0.744818,2.060050,0.000000,0.000000,16.550552
12.916060,0.745827,50.059842,26.311252,26.311252,203.462722
22.477326,1.205539,46.948748,0.000000,0.000000,70.633729
16.421242,0.867611,49.473718,16.552896,16.552896,137.063726
21.065035,0.960622,31.418185,0.000000,0.000000,53.445708
14.795019,0.928019,38.451188,15.665022,15.665022,134.729628
15.398003,0.792583,39.193944,16.873585,16.873585,139.501757
14.421840,0.672308,59.500142,0.000000,0.000000,74.595831
14.896756,0.735744,35.993573,19.970375,19.970375,168.764700
18.826030,1.435837,29.225428,0.000000,0.000000,49.488858
20.421541,0.515860,36.864786,19.933513,19.933513,160.302600
14.561758,0.644014,39.425258,0.000000,0.000000,54.632853
17.008827,0.893223,64.981034,11.865634,11.865634,158.017758
20.135044,0.886452,68.915404,0.000000,0.000000,89.938789
15.888423,0.678137,40.406456,18.701828,18.701828,142.399544
14.944722,0.634181,45.528366,18.426896,18.426896,144.565525
19.812790,0.917807,50.126307,0.000000,0.000000,70.858722
19.583310,0.776107,44.621572,25.055211,25.055211,146.619639
24.159799,1.265428,35.029614,0.000000,0.000000,60.456505
18.464648,0.638257,54.685242,17.545918,17.545918,149.966687
14.885412,0.517655,52.220301,0.000000,0.000000,67.624679
16.563400,0.441853,50.620100,9.924078,9.924078,164.714119
13.788052,0.520873,41.861232,13.384926,13.384926,146.384606
24.963770,0.787482,47.139759,0.000000,0.000000,72.893479
18.416231,0.694233,49.191594,27.470547,27.470547,177.420866
17.089881,0.554146,2.021532,0.000000,0.000000,19.666375
20.012159,0.492704,62.466863,32.937728,32.937728,186.853859
21.689209,0.702620,32.756127,36.586660,36.586660,169.117000
18.897275,0.586492,1.900291,0.000000,0.000000,21.384763
16.839429,0.495624,48.485778,21.327655,21.327655,254.079606
20.006821,0.709255,2.147723,0.000000,0.000000,22.864813
20.016193,0.949457,37.849756,0.000000,0.000000,58.818007
32.940466,0.816665,109.481189,0.000000,0.000000,143.240668
23.007327,0.818738,56.234051,0.000000,0.000000,80.061979
20.632936,0.572176,58.141330,45.991810,45.991810,262.226308
21.223795,0.593722,2.164431,0.000000,0.000000,23.982697
23.058819,0.460797,33.651220,0.000000,0.000000,57.172312
17.875808,0.425817,73.197600,39.648170,39.648170,207.769309
17.886057,0.598935,1.954106,0.000000,0.000000,20.439804
18.147828,0.464082,45.667859,6.869615,6.869615,183.869537
19.670453,0.584563,49.786808,0.000000,0.000000,70.043995
26.163944,0.673514,71.733567,0.000000,0.000000,98.573395
18.390557,0.503923,58.071723,7.588216,7.588216,178.123558
20.988892,0.721257,9.449173,0.000000,0.000000,31.160159
12.206741,0.459861,37.575291,16.769987,16.769987,218.709444
16.816062,0.696922,1.751564,0.000000,0.000000,19.265286
12.705507,0.405120,39.250544,24.447374,24.447374,199.084620
14.042428,0.384301,1.923270,0.000000,0.000000,16.350682
15.263707,0.346003,45.320291,22.406352,22.406352,228.399802
20.314057,0.620437,2.527296,0.000000,0.000000,23.462396
15.252431,0.417805,68.902673,30.342932,30.342932,171.532078
20.316835,0.590405,9.489288,0.000000,0.000000,30.397300
13.883373,0.495393,44.109615,19.410435,19.410435,197.131239
16.182682,0.546927,20.490436,0.000000,0.000000,37.222712
15.021366,0.505190,40.097815,16.792612,16.792612,181.943931
14.281444,0.572287,25.630942,0.000000,0.000000,40.486800
11.639789,0.352264,48.916313,13.791866,13.791866,163.470201
13.715579,0.501311,35.437410,0.000000,0.000000,49.655413
10.345387,0.384489,31.987702,11.424418,11.424418,186.652972
11.787640,0.625727,23.866931,0.000000,0.000000,36.281720
11.515516,0.579230,28.631860,7.590948,7.590948,151.744260
10.748049,0.389779,26.637911,7.745782,7.745782,123.234061
10.340980,0.472623,25.463903,6.985016,6.985016,106.346361
11.396039,0.383320,25.672475,5.686249,5.686249,116.425481
10.348368,0.405142,27.126868,4.647247,4.647247,88.443907
9.064056,0.310252,28.504934,2.704911,2.704911,107.612939
10.368036,0.348262,38.758260,4.181501,4.181501,109.444257
9.404593,0.354402,24.282840,2.900147,2.900147,102.946139
10.211130,0.396402,27.567411,3.306083,3.306083,122.842610
9.491338,0.378582,25.944064,4.782529,4.782529,121.339865
10.536017,0.448499,26.188410,4.093244,4.093244,135.869397
12.429862,0.561992,29.637534,4.146024,4.146024,130.060155
10.774566,0.431064,35.945873,6.360391,6.360391,89.855810
16.436370,0.740125,39.881562,6.957618,6.957618,100.002743
17.120406,0.654392,44.216246,6.686270,6.686270,109.027950
12.575349,0.485948,45.018459,6.717448,6.717448,130.576311
11.019816,0.376113,45.021662,5.228395,5.228395,97.031148
10.339414,0.325647,29.701186,3.992778,3.992778,128.091770
11.604853,0.364287,28.128399,3.950776,3.950776,130.256548
10.800796,0.382736,28.368458,4.905623,4.905623,111.492713
10.364078,0.352407,24.987224,6.726132,6.726132,120.880026
10.748142,1.217796,27.039274,4.475661,4.475661,126.371319
11.488592,0.384963,28.541829,8.379168,8.379168,83.634218
12.926160,0.497519,29.450454,7.965839,7.965839,129.587182
12.725896,0.513136,30.222308,6.805947,6.805947,93.890855
11.773551,0.377986,42.021957,3.602436,3.602436,116.309321
10.424949,0.308223,40.626404,4.010621,4.010621,118.017462
10.249824,0.296839,27.339331,3.316001,3.316001,121.279206
10.137212,0.365842,27.342030,4.508350,4.508350,102.252345
10.270224,0.463255,26.837249,5.573890,5.573890,139.557114
11.182320,0.480901,29.987647,7.726522,7.726522,115.919519
11.677547,0.473924,31.778050,7.415682,7.415682,114.834020
10.621474,0.433973,29.405048,12.100874,12.100874,98.220411
12.926290,0.386483,30.967481,12.058410,12.058410,125.708648
11.416957,0.500319,29.434793,3.913029,3.913029,72.898359
9.959257,0.460643,26.960451,5.578001,5.578001,125.492137
10.352287,0.490786,28.751867,5.251946,5.251946,129.481929
9.648345,0.376123,25.698969,5.342383,5.342383,106.636620
10.239828,0.415402,27.960209,3.912094,3.912094,122.087682
10.231419,0.357620,27.409997,3.642476,3.642476,112.800858
10.099410,0.408823,25.192082,4.486473,4.486473,129.039260
11.198488,0.403786,29.368783,5.616607,5.616607,116.846587
10.915602,0.475918,27.431268,3.702199,3.702199,85.789050
12.029609,0.425611,27.988852,5.317631,5.317631,110.473681
9.791727,0.362943,34.814261,3.261414,3.261414,110.646744
9.435043,0.391366,26.117271,3.960100,3.960100,121.772163
10.216466,0.457812,25.058651,3.598700,3.598700,108.585615
9.992110,0.438448,24.347280,7.811533,7.811533,132.134247
9.678728,0.434480,23.920614,8.538246,8.538246,105.580822
9.189893,0.464766,23.482409,9.186708,9.186708,101.015891
11.970289,0.511968,25.340821,6.892936,6.892936,191.465097
9.638790,0.485761,23.350432,3.848039,3.848039,146.806658
9.645412,0.581687,37.413834,4.033842,4.033842,106.675931
9.325143,0.587870,23.030869,6.317674,6.317674,121.383222
9.621894,0.472910,23.788594,6.007874,6.007874,133.729324
11.027321,0.577113,28.470877,8.069623,8.069623,142.641422
11.397968,0.639294,31.104943,0.000000,0.000000,43.143318
15.371900,0.710632,40.941702,19.324538,19.324538,289.770508
11.184434,0.736807,30.009492,7.210527,7.210527,83.167610
10.203669,0.587153,28.353415,9.001644,9.001644,131.174431
12.794732,0.647129,45.671089,7.484817,7.484817,103.662356
8.802517,0.369147,31.130446,7.769289,7.769289,145.888487
12.681217,0.935548,40.633721,7.612230,7.612230,113.753942
9.345113,0.449005,32.262972,12.858389,12.858389,87.492099
12.147121,0.504859,27.060633,18.495134,18.495134,119.878257
12.087958,0.576419,29.928807,5.520824,5.520824,79.886504
9.236887,0.561243,25.548588,4.837205,4.837205,131.387204
9.521228,0.454858,25.561768,4.611484,4.611484,113.893677
9.657249,0.449005,24.826539,5.309012,5.309012,119.034443
9.457662,0.444388,26.146752,8.926580,8.926580,129.992953
11.928880,0.554046,37.317280,10.985138,10.985138,95.496659
11.773904,0.690497,30.596998,9.763094,9.763094,139.333697
11.844031,0.475764,32.383783,0.000000,0.000000,44.704537
10.321660,0.509411,28.312548,5.934617,5.934617,150.873702
9.966365,0.460070,52.352642,6.746334,6.746334,235.258251
9.784420,0.497861,24.081015,5.052268,5.052268,186.588578
13.951274,0.761869,26.886754,16.308682,16.308682,153.453649
11.967355,0.613625,27.664770,5.418671,5.418671,81.414671
10.060650,0.477076,40.229868,6.254644,6.254644,120.435781
10.056053,0.463961,24.999182,7.783264,7.783264,115.335639
9.690091,0.373898,23.392589,5.708886,5.708886,125.849703
9.740258,0.361069,25.546649,5.641802,5.641802,131.853542
10.083022,0.478145,26.188840,12.754210,12.754210,84.074264
11.215967,0.476040,26.472747,4.875766,4.875766,151.085080
11.395862,0.451728,29.947576,8.818211,8.818211,80.291998
14.492921,0.535046,33.256984,6.484101,6.484101,127.190302
18.737957,0.495679,31.793325,5.809981,5.809981,96.997379
9.187755,0.377854,24.444166,5.198085,5.198085,129.369669
10.184525,0.497586,26.797551,4.686282,4.686282,128.795355
9.413079,0.455585,24.544490,8.237152,8.237152,127.026699
11.911232,0.544292,35.890519,10.579869,10.579869,93.793593
13.040037,0.500628,29.902908,17.999101,17.999101,115.692575
11.407555,0.418764,29.321310,5.006111,5.006111,87.129664
10.299959,0.522207,43.324854,3.852006,3.852006,234.934479
9.821494,0.610330,24.827102,3.747969,3.747969,119.993973
10.905886,0.572253,24.927557,7.743556,7.743556,138.589489
10.295429,0.641398,26.182129,23.048909,23.048909,92.709559
11.648958,0.620095,25.776679,19.550269,19.550269,136.614537
13.138003,0.455838,32.755621,7.265014,7.265014,88.390781
10.054721,0.517721,39.311931,4.609864,4.609864,87.245647
10.019853,0.446945,23.858698,5.430001,5.430001,257.208495
11.338168,0.518603,24.931050,8.875024,8.875024,122.949644
11.323675,0.480724,28.512932,17.801416,17.801416,94.745563
11.484336,0.572694,26.266720,7.580666,7.580666,102.690386
10.574624,0.788251,48.779986,9.946075,9.946075,120.500673
11.893661,0.640451,53.264649,8.653767,8.653767,121.528129
21.987470,1.030318,73.401167,0.000000,0.000000,96.420994
13.753519,0.626630,33.488119,9.515641,9.515641,154.882996
20.591114,0.952080,59.672222,0.000000,0.000000,81.217025
13.648348,0.576187,39.283909,12.858445,12.858445,127.196632
21.419883,0.796618,36.264220,7.305053,7.305053,110.278528
10.872422,0.448509,26.992204,7.886972,7.886972,91.354212
10.386617,0.581599,26.693976,9.692175,9.692175,157.137176
11.056184,0.529701,35.491385,8.734870,8.734870,135.595377
14.539870,0.651946,27.805264,0.000000,0.000000,42.999373
26.977035,0.968942,38.995126,7.595875,7.595875,143.797522
16.295985,0.437324,30.995846,8.724929,8.724929,92.367390
12.550143,0.460721,30.989444,12.300452,12.300452,156.375494
13.699191,0.529017,42.104691,7.971602,7.971602,104.005462
11.006040,0.410300,34.848062,11.260613,11.260613,130.834609
12.355680,0.491855,38.082288,5.799004,5.799004,91.200458
13.564482,0.531079,30.827986,7.329807,7.329807,217.995903
9.511122,0.446118,34.862047,8.653911,8.653911,218.612415
11.423261,0.702246,29.066185,6.635948,6.635948,144.047127
11.284517,0.800035,35.079163,11.010812,11.010812,101.142281
14.532798,0.811948,33.269473,13.213960,13.213960,131.303005
12.627887,0.566037,31.485260,5.543451,5.543451,77.562219
11.103939,0.430964,43.389332,5.362706,5.362706,125.982102
9.668736,0.409804,29.493192,6.150639,6.150639,114.438083
10.688723,0.423448,27.333093,7.672073,7.672073,119.173120
11.985537,0.443859,29.895866,9.755169,9.755169,137.968186
11.070314,0.445346,30.007828,6.108683,6.108683,79.024785
12.653157,0.546320,31.094926,15.926861,15.926861,128.975184
12.548953,0.429256,28.393950,6.683592,6.683592,85.725525
11.452984,0.394077,44.433521,9.282183,9.282183,132.450671
13.688224,0.672665,56.621836,5.219632,5.219632,108.292223
10.492033,0.467476,30.495186,4.460838,4.460838,121.782225
11.279271,0.383585,25.315781,6.438398,6.438398,119.672987
12.764392,0.531122,29.275000,18.536747,18.536747,97.933600
11.750903,0.447363,30.122315,4.816352,4.816352,94.804140
9.605660,0.387178,40.447984,23.896508,23.896508,159.537077
13.661825,0.581577,36.339173,0.000000,0.000000,50.583633
10.704230,0.490808,29.052321,7.239754,7.239754,151.942430
13.232546,0.612193,35.456354,13.778982,13.778982,126.132021
13.761504,0.516046,33.201594,7.889165,7.889165,124.617833
13.268216,0.479985,35.732110,12.600433,12.600433,97.442692
15.422028,0.581973,35.575067,5.966149,5.966149,104.988257
14.103980,0.399411,28.402050,3.276370,3.276370,110.298591
7.997436,0.419491,34.713684,4.044322,4.044322,98.026827
9.193707,0.361796,22.898760,4.329248,4.329248,129.591422
8.826455,0.285740,22.925270,4.782617,4.782617,117.370786
9.660027,0.397648,25.402057,6.002573,6.002573,124.452942
11.253057,0.448818,28.146210,7.825288,7.825288,116.492769
9.045475,0.360782,23.605613,3.504295,3.504295,77.221710
8.874407,0.301765,34.164455,5.016780,5.016780,113.814480
8.272562,0.310252,39.778013,5.108143,5.108143,124.595652
8.306209,0.418896,22.148872,4.310733,4.310733,109.116967
9.754211,0.514349,25.069363,5.032484,5.032484,117.073944
9.603476,0.507141,27.245652,5.577351,5.577351,129.815652
10.933148,0.477340,26.343094,15.233405,15.233405,105.964187
15.436867,0.527309,30.878862,18.149405,18.149405,119.197599
12.732895,0.939152,30.529439,8.747357,8.747357,88.690608
10.575653,0.521579,47.382832,11.816488,11.816488,128.826847
12.706003,0.530726,44.668770,6.635067,6.635067,97.441955
8.929655,0.442062,25.544852,6.962598,6.962598,127.906690
9.630550,0.500186,25.822901,6.845082,6.845082,119.244221
10.147241,0.476602,25.644492,7.616683,7.616683,190.463594
9.743576,0.468678,23.630840,6.565866,6.565866,134.774982
9.249638,0.419855,37.153937,4.472443,4.472443,100.135634
9.144718,0.474762,24.792031,5.149010,5.149010,127.262999
9.320745,0.407467,23.501719,7.102940,7.102940,121.579494
8.956689,0.394783,23.212109,6.312473,6.312473,119.393683
9.423803,0.380796,22.305391,8.241230,8.241230,98.124395
11.355856,0.662051,24.905647,13.064533,13.064533,126.297337
9.497025,0.598164,26.559535,5.565338,5.565338,92.710996
7.603645,0.353123,32.695976,3.109964,3.109964,110.314451
9.052182,0.363328,41.448463,8.895623,8.895623,136.522447
9.345366,0.434986,36.417909,4.948748,4.948748,82.054130
8.776662,0.423966,23.422322,32.144607,32.144607,236.706275
16.624505,0.888808,33.340366,29.349331,29.349331,279.851593
12.279375,0.682077,33.127755,0.000000,0.000000,46.090210
11.262112,0.667099,29.663302,24.346785,24.346785,245.094360
12.239939,0.838476,27.461598,6.093749,6.093749,223.673327
8.956877,0.574413,33.644066,11.793885,11.793885,275.726801
10.522731,0.744615,39.347265,4.494728,4.494728,85.003948
9.189640,0.523694,25.474087,6.984607,6.984607,125.149088
8.922921,0.507880,23.333285,9.205377,9.205377,133.177327
9.257061,0.427448,24.437389,7.701665,7.701665,110.878896
9.708276,0.434700,24.591454,8.223993,8.223993,119.795976
10.332052,0.711106,32.781797,4.082455,4.082455,82.978902
15.318073,0.344802,27.586962,4.783069,4.783069,133.386176
11.627534,0.648849,27.919100,6.049093,6.049093,100.510050
9.528558,0.394518,45.745490,7.572047,7.572047,107.278306
10.699513,0.558334,33.749614,9.311322,9.311322,281.121744
13.651429,0.972347,39.716821,0.000000,0.000000,54.341599
10.889504,1.148892,50.222949,15.056864,15.056864,153.819719
21.373749,1.343027,44.332200,0.000000,0.000000,67.050144
11.417959,0.589347,36.053802,7.243623,7.243623,164.734957
12.527817,0.661699,43.044092,11.094208,11.094208,146.103419
13.798592,0.549440,8.962421,0.000000,0.000000,23.311455
13.164762,0.620459,63.360896,7.397178,7.397178,155.617395
10.343272,0.436276,50.667693,12.342498,12.342498,122.268045
10.612845,0.488262,61.676747,0.000000,0.000000,72.779067
12.620303,0.514283,32.815476,9.619039,9.619039,151.269290
10.555701,0.451826,29.911097,8.116825,8.116825,90.134167
13.188842,0.538033,31.567329,13.365453,13.365453,133.039895
11.940387,0.463883,33.819069,5.785768,5.785768,85.269588
9.760923,0.411479,48.634794,5.355818,5.355818,104.438730
9.837420,0.375022,26.573505,5.216623,5.216623,126.753500
11.932728,0.467355,40.481235,14.065021,14.065021,157.414276
14.085233,0.731043,29.023975,0.000000,0.000000,43.841364
21.256497,0.442889,36.492954,20.581238,20.581238,165.242313
16.073197,0.745525,39.701391,0.000000,0.000000,56.521689
14.809697,0.586822,39.320264,7.830379,7.830379,169.853802
12.779237,0.455144,55.769463,0.000000,0.000000,69.005266
13.105968,0.477308,35.509299,9.452490,9.452490,162.727127
11.242274,0.416791,43.088456,0.000000,0.000000,54.748689
12.860355,0.495987,49.116840,23.856830,23.856830,167.544741
14.178383,0.648408,63.150054,0.000000,0.000000,77.982840
23.359751,0.704670,68.568845,7.694998,7.694998,140.548952
12.520476,0.458031,33.663249,9.088489,9.088489,126.264543
16.523580,0.778290,40.376497,14.955725,14.955725,225.046570
15.964012,0.864044,38.736284,7.042788,7.042788,226.118448
11.532523,0.634378,49.173604,0.000000,0.000000,61.341905
13.697284,0.576837,30.968946,7.041960,7.041960,179.538669
10.937148,0.444431,32.466090,9.007177,9.007177,97.511475
12.160707,0.420318,34.998752,23.685526,23.685526,121.494027
15.599253,0.736829,36.901579,0.000000,0.000000,53.238443
12.776868,0.396490,32.843546,8.313726,8.313726,173.675809
11.671651,0.395035,59.857583,0.000000,0.000000,71.925724
14.729233,0.490400,32.912659,12.515107,12.515107,183.956990
15.618703,0.594912,23.240235,0.000000,0.000000,39.455481
23.078377,0.555504,41.237032,6.288302,6.288302,130.580313
12.773847,0.451827,51.073117,7.161671,7.161671,126.682568
11.203204,0.397505,52.193432,10.467698,10.467698,131.044096
12.535764,0.406354,48.393026,0.000000,0.000000,61.336257
14.666998,0.498015,54.242793,11.355129,11.355129,191.970095
15.727616,0.522967,26.802125,0.000000,0.000000,43.054846
21.234959,0.626432,42.161749,12.937223,12.937223,141.464067
15.070761,0.518537,44.060462,8.292358,8.292358,121.402289
11.746351,0.394794,65.274346,0.000000,0.000000,77.417375
14.132139,0.451584,34.950040,11.202157,11.202157,163.504377
15.561162,0.476249,23.459508,0.000000,0.000000,39.497746
12.852592,0.430557,60.517056,25.136899,25.136899,195.999517
14.112676,0.507593,26.487012,0.000000,0.000000,41.108163
11.707679,0.343987,31.427130,8.519300,8.519300,198.472591
23.444803,0.572198,10.108395,0.000000,0.000000,34.126387
18.823360,0.689891,45.557341,11.714792,11.714792,170.865177
14.702242,0.608931,44.846599,0.000000,0.000000,60.158929
24.428042,0.366722,37.098061,21.337474,21.337474,165.527773
16.059145,0.431174,38.930077,0.000000,0.000000,55.421685
11.324788,0.277773,36.549745,14.164871,14.164871,199.268813
23.260601,0.548051,10.393747,0.000000,0.000000,34.203160
15.706121,0.517699,43.880787,10.411513,10.411513,172.228899
11.931779,0.395123,39.848499,0.000000,0.000000,52.176944
14.806876,0.404668,66.978288,34.982607,34.982607,190.824301
29.129545,1.046475,16.761643,0.000000,0.000000,46.938379
15.789362,0.606738,119.387571,0.000000,0.000000,135.785170
15.460598,0.587396,40.180098,32.960590,32.960590,136.527727
14.573716,0.440838,43.158880,0.000000,0.000000,58.174944
11.999206,0.337936,33.965394,6.043703,6.043703,145.372311
9.738761,0.278489,29.909575,9.415405,9.415405,98.159885
15.297188,0.414278,38.185842,12.842630,12.842630,161.394783
15.995124,0.485694,63.305347,0.000000,0.000000,79.788667
15.726854,0.580221,42.629564,17.887005,17.887005,143.639825
15.709295,0.504948,45.720698,0.000000,0.000000,61.935878
13.802093,0.472348,50.304074,7.876403,7.876403,142.797743
10.736433,0.305645,54.737896,7.052948,7.052948,121.981451
11.946944,0.294105,57.700602,0.000000,0.000000,69.942797
13.643887,0.352683,35.046881,8.579717,8.579717,164.867583
12.301186,0.376355,37.226026,10.184889,10.184889,106.112821
12.607948,0.375022,36.653905,7.325762,7.325762,95.297438
17.885375,0.502115,51.479759,12.735274,12.735274,137.871875
23.686582,0.726679,33.749097,0.000000,0.000000,58.164055
14.494832,0.446416,33.661181,9.033242,9.033242,179.684581
11.882472,0.335842,38.632841,10.223805,10.223805,140.937625
16.271039,0.420726,8.593536,0.000000,0.000000,25.286007
16.007572,15.687660,41.308680,9.371740,9.371740,137.620980
12.396522,0.433224,51.446640,9.087047,9.087047,133.647274
12.803042,0.390594,47.513001,0.000000,0.000000,60.707717
12.287724,0.326683,30.479284,6.485798,6.485798,166.027685
13.309655,0.416691,40.289135,6.784500,6.784500,128.311017
11.334321,0.300631,32.413684,0.000000,0.000000,44.049386
12.523969,0.337540,42.408549,15.607064,15.607064,205.784786
14.140308,0.347215,2.392951,0.000000,0.000000,16.881279
11.796860,0.241073,30.620770,6.498186,6.498186,175.753308
11.943869,12.408933,41.955443,0.000000,0.000000,66.309887
14.343940,0.383045,36.192566,7.068786,7.068786,196.640840
15.168291,0.328899,23.315325,0.000000,0.000000,38.813221
14.624647,0.358060,34.151714,10.323995,10.323995,175.577096
12.798876,0.465988,25.279600,0.000000,0.000000,38.545269
13.463220,0.235849,45.146016,22.357427,22.357427,178.804424
17.402000,0.591495,51.691383,0.000000,0.000000,69.686531
19.912066,0.422467,37.842142,8.572564,8.572564,131.105031
12.382438,0.313172,34.701650,12.763003,12.763003,159.748520
16.109720,0.651703,51.567299,0.000000,0.000000,68.330430
15.926495,0.335314,33.565485,25.470665,25.470665,130.459009
13.403023,0.348792,36.292576,0.000000,0.000000,50.045251
12.444894,0.319795,34.215901,6.699584,6.699584,161.632377
10.331469,0.290270,44.172617,5.638208,5.638208,104.450016
12.249635,0.275667,31.024282,6.737198,6.737198,144.324095
10.016433,0.313580,31.743588,6.946993,6.946993,95.725583
11.060010,0.303099,27.053369,16.860711,16.860711,97.068179
12.647393,0.385017,32.525074,16.072425,16.072425,136.624654
11.974816,0.389768,31.819367,5.792039,5.792039,91.750868
11.345243,0.313900,40.391975,6.467085,6.467085,102.245423
10.107786,0.312433,28.006783,5.954544,5.954544,127.238819
9.613165,0.281277,26.482219,5.673145,5.673145,114.092198
9.498943,0.237513,25.251628,5.517408,5.517408,128.906479
9.635085,0.256733,26.175538,8.491131,8.491131,107.494326
9.322982,0.305854,24.954272,6.075179,6.075179,120.007463
10.037587,0.302195,28.576292,16.748777,16.748777,104.548332
11.294106,0.518449,27.996786,22.010822,22.010822,122.590404
13.081134,0.340526,34.351701,5.490131,5.490131,82.097487
10.677890,0.296916,46.793949,6.229568,6.229568,138.068475
11.569486,0.432981,45.807159,5.048355,5.048355,98.720419
10.107148,0.399047,29.288125,9.482908,9.482908,136.283457
9.749837,0.325923,24.149762,8.488573,8.488573,116.914913
10.038872,0.374856,25.252500,16.177753,16.177753,107.064048
11.395190,0.345441,24.686373,7.029254,7.029254,94.507797
10.020489,0.241304,41.933160,4.405490,4.405490,110.304709
9.447995,0.294348,22.963684,6.904265,6.904265,118.004214
8.870594,0.208373,22.463686,9.892690,9.892690,132.170837
9.665867,0.314461,25.566884,14.977095,14.977095,93.158995
10.572565,0.400943,26.505716,7.754794,7.754794,104.716975
12.161302,0.365731,26.356084,6.841919,6.841919,118.194203
9.936322,0.553330,35.839752,7.997479,7.997479,109.877403
9.410566,0.353244,24.322880,10.562303,10.562303,127.199849
10.671105,0.302349,26.242624,4.839937,4.839937,100.375234
8.739510,0.252976,23.752665,5.178259,5.178259,120.683302
9.558137,0.247939,24.361619,7.008259,7.008259,141.380744
10.601007,0.312192,23.493628,11.193539,11.193539,126.679626
10.339204,0.299418,24.563330,7.595699,7.595699,73.843152
10.772141,13.447934,25.338716,5.310643,5.310643,120.773717
11.628483,0.408591,47.827178,17.734583,17.734583,137.620033
16.785912,0.779976,76.865265,0.000000,0.000000,94.433060
12.641761,0.371175,28.500590,14.665764,14.665764,132.564619
12.224926,0.365037,25.658325,7.118976,7.118976,99.507848
26.841027,0.795350,42.197023,10.001643,10.001643,130.714911
13.236012,0.343524,66.327110,9.970663,9.970663,132.061233
10.187412,0.324844,31.429511,13.412315,13.412315,130.958387
13.350223,0.402794,65.213412,9.679555,9.679555,139.085738
12.314334,0.428430,26.570721,0.000000,0.000000,39.314268
10.705352,0.310748,50.868006,11.756700,11.756700,183.298264
12.566528,0.347955,28.327331,0.000000,0.000000,41.242530
8.745827,0.285278,19.344948,5.359400,5.359400,147.209518
10.052460,0.327996,24.438720,14.157983,14.157983,159.595910
11.690685,0.374162,34.716935,9.585117,9.585117,121.868354
9.687743,0.327566,28.128091,0.000000,0.000000,38.145230
12.291160,0.381072,39.927916,4.495686,4.495686,126.151862
8.266115,0.221533,19.891302,4.480212,4.480212,119.419714
8.389120,0.216562,19.349908,11.428165,11.428165,133.909307
8.611171,0.218193,19.941293,8.505612,8.505612,118.187094
9.189773,0.262685,20.707008,27.601321,27.601321,109.932266
11.305361,0.322661,27.045644,30.212605,30.212605,121.691301
10.954406,0.306328,31.428939,9.321407,9.321407,87.574128
9.043061,0.241392,21.004641,8.805867,8.805867,130.035810
8.779682,0.273651,23.707843,11.257053,11.257053,111.427888
9.843438,0.282677,25.141219,18.514739,18.514739,139.758821
17.858927,0.662350,27.867346,0.000000,0.000000,46.389593
10.824855,0.333439,44.542420,7.034875,7.034875,143.966112
12.994608,0.379970,53.743279,12.083252,12.083252,121.643968
12.205220,0.420428,27.034739,9.895279,9.895279,109.477170
9.625740,0.285223,22.463068,10.640220,10.640220,138.966810
9.072389,0.318715,23.584595,10.894848,10.894848,119.276772
10.600104,0.349717,24.136791,5.008415,5.008415,70.746866
9.750916,0.263081,43.502172,6.625379,6.625379,129.031678
8.960382,0.292011,42.530255,6.145691,6.145691,102.001143
9.593051,0.315564,22.314362,10.274346,10.274346,144.739660
9.814783,0.270047,25.642453,9.916077,9.916077,145.990035
12.066608,0.403368,20.252606,0.000000,0.000000,32.723310
11.046157,0.312147,40.603622,17.938683,17.938683,173.413709
12.900798,0.385349,36.902570,26.586013,26.586013,127.313133
11.496950,0.431636,20.528182,0.000000,0.000000,32.458047
11.292816,0.342036,25.427215,10.360123,10.360123,160.681400
9.396415,0.272902,23.260061,8.427473,8.427473,136.580195
8.718669,0.254629,24.238470,11.343887,11.343887,87.560748
9.877172,0.368652,26.920104,22.113518,22.113518,131.381395
9.753770,0.285245,26.847598,5.601466,5.601466,73.920918
8.428267,0.277211,24.250416,6.940657,6.940657,133.610595
8.277500,0.312665,22.811452,10.719604,10.719604,117.402919
8.148368,0.279205,22.067052,11.461062,11.461062,119.452997
9.467831,0.279977,24.127996,7.729901,7.729901,77.969041
19.286790,0.475996,27.637239,5.949198,5.949198,135.140933
16.801828,0.265693,25.906274,5.742720,5.742720,89.291605
7.948998,0.306471,23.556581,15.197977,15.197977,168.860802
10.551490,0.414543,52.358515,0.000000,0.000000,63.326047
12.486090,0.446493,27.261941,10.184624,10.184624,129.868599
9.918789,0.373071,23.973824,27.383745,27.383745,136.080760
10.190410,0.447930,33.295766,9.572949,9.572949,101.076797
8.401199,0.310273,47.106581,19.983271,19.983271,150.312205
25.302896,0.627567,8.406304,0.000000,0.000000,34.337407
11.860929,0.515153,26.629735,8.451852,8.451852,159.074435
9.353247,0.346664,21.812478,8.308701,8.308701,77.768471
20.631118,0.420075,27.824276,9.006637,9.006637,122.699985
9.194273,0.342455,42.047678,6.489865,6.489865,112.910390
7.886387,0.252480,20.072774,7.321024,7.321024,115.981479
8.609617,0.281145,24.558398,10.420816,10.420816,130.976516
9.150494,0.425112,25.228659,13.503017,13.503017,140.540626
12.446602,0.538826,33.285588,13.129263,13.129263,106.031250
12.231550,0.391156,28.356446,9.195944,9.195944,98.313494
23.568328,0.331765,25.814569,9.316777,9.316777,105.155798
8.494470,0.306802,21.197222,6.824617,6.824617,120.697001
7.886927,0.276825,20.387753,10.683412,10.683412,133.425716
8.390431,0.319002,19.958453,13.082127,13.082127,119.672468
9.824988,0.328778,27.942217,27.483100,27.483100,107.489688
10.370901,0.454758,26.767630,12.723768,12.723768,96.002693
7.879135,0.285565,39.038225,6.566781,6.566781,94.275716
7.046976,0.305016,19.391601,9.059266,9.059266,135.591857
7.448580,0.329461,21.084907,11.753008,11.753008,113.772789
7.819314,0.388908,20.284476,17.263836,17.263836,114.411056
8.726618,0.454472,23.477812,9.123073,9.123073,108.126789
16.102335,0.529558,22.341420,5.216789,5.216789,90.933265
6.874309,0.287989,19.461386,8.018596,8.018596,125.843972
6.937999,0.360155,19.933458,9.543975,9.543975,122.996779
7.912915,0.514052,24.844546,10.433257,10.433257,147.230975
7.400024,0.387365,26.104559,33.491975,33.491975,99.866471
9.205582,0.685460,33.643922,10.077546,10.077546,89.935873
8.162639,0.516862,49.379920,15.394348,15.394348,126.941990
8.281644,0.529448,22.528146,9.051349,9.051349,124.098051
6.969002,0.375749,20.065346,22.445754,22.445754,88.462010
8.579762,0.414080,20.899335,6.532087,6.532087,104.122251
15.819615,0.462539,22.252645,29.166288,29.166288,155.858644
8.417500,0.708064,28.032870,9.675764,9.675764,88.516222
8.232650,0.423580,20.707879,9.813648,9.813648,100.533497
7.550126,0.344604,19.494293,18.621543,18.621543,179.671019
14.291550,1.064174,53.209901,0.000000,0.000000,68.567543
10.424937,0.546233,25.589177,29.942673,29.942673,147.007733
11.727117,0.678253,29.901024,0.000000,0.000000,42.307253
9.202215,0.374206,23.609194,8.338071,8.338071,149.778868
7.691878,0.392876,23.244015,15.516274,15.516274,155.036876
9.197597,0.494786,30.287276,14.658534,14.658534,95.210614
9.098143,0.456059,23.058025,10.542376,10.542376,84.234222
21.351486,0.387321,26.323584,9.933875,9.933875,131.440901
8.593824,0.418323,47.784044,8.169297,8.169297,108.103582
8.444537,0.377491,22.941256,11.014615,11.014615,150.412943
9.051503,0.489574,33.405164,12.221003,12.221003,125.637526
11.744511,0.546872,41.025274,0.000000,0.000000,53.317991
22.581036,0.583318,35.597770,28.503609,28.503609,179.343416
15.674060,0.786887,40.810144,0.000000,0.000000,57.272546
10.974575,0.565695,32.275041,9.110784,9.110784,163.527291
9.225722,0.485606,28.856434,9.646096,9.646096,123.064460
9.288172,0.398143,26.348810,22.904801,22.904801,91.995846
10.075642,0.520730,22.403776,6.787123,6.787123,77.485975
8.580213,0.349519,21.599619,6.020835,6.020835,145.607442
8.513514,0.329373,35.494454,13.330528,13.330528,103.872207
9.059516,0.436056,23.019264,7.620507,7.620507,138.303106
9.360102,0.406266,23.490366,13.123059,13.123059,91.873719
9.725083,0.354588,24.440065,22.453116,22.453116,123.930267
11.798728,0.350500,26.473031,6.537806,6.537806,84.969318
9.483482,0.496649,44.838663,7.269819,7.269819,132.360320
8.838111,0.324160,23.590573,10.165437,10.165437,104.966777
9.122857,0.318219,22.592103,10.743719,10.743719,141.429042
9.406113,0.304422,25.706893,15.672870,15.672870,103.269293
10.825065,0.431196,25.057504,7.424983,7.424983,80.923059
8.787407,0.259742,33.660829,10.084323,10.084323,120.180679
10.563338,0.363472,24.575679,6.749277,6.749277,119.400439
8.866729,0.244600,20.959950,13.451847,13.451847,135.884115
10.279110,0.401637,30.025473,10.130578,10.130578,95.625381
11.831301,0.401075,26.853262,7.840101,7.840101,107.829927
15.354426,0.423249,28.247563,41.233860,41.233860,163.192309
17.421745,0.912548,43.927058,0.000000,0.000000,62.262729
10.975423,0.418444,31.536508,24.695465,24.695465,250.237786
11.856518,0.581070,27.616199,11.022483,11.022483,244.679786
11.733027,0.590074,56.672686,0.000000,0.000000,68.997760
12.725289,0.658019,34.973812,11.760249,11.760249,175.632571
10.069605,0.467102,25.304021,23.460974,23.460974,92.360168
9.385868,0.367340,24.098757,7.409918,7.409918,74.738518
9.220400,0.315530,22.718832,5.443082,5.443082,137.702725
9.060717,0.321085,23.735152,12.306063,12.306063,109.433666
9.412682,0.313767,24.099684,12.270013,12.270013,145.589466
8.965022,0.314252,24.102217,36.551090,36.551090,249.200288
13.373876,0.456786,23.092488,0.000000,0.000000,36.924197
10.962959,0.417992,24.845318,16.297274,16.297274,248.379821
15.232010,0.739827,30.523345,24.478396,24.478396,189.334872
13.781043,0.562069,24.773797,0.000000,0.000000,39.118915
11.316875,0.532974,52.367211,10.712706,10.712706,129.610665
12.236620,0.459266,34.072880,11.331698,11.331698,144.102902
9.696968,0.392468,30.754308,13.754951,13.754951,105.532925
10.306295,0.444564,24.657841,10.316105,10.316105,213.273714
9.256442,0.413341,53.752723,11.281751,11.281751,126.700712
8.634778,0.528742,25.615122,14.859909,14.859909,135.045371
8.448292,0.476767,27.681941,19.850646,19.850646,94.563948
9.515775,0.441445,24.731835,12.849429,12.849429,89.069654
8.772154,0.476426,59.797452,8.784729,8.784729,129.552936
7.867223,0.433994,21.527157,8.528095,8.528095,122.577840
7.996157,0.423349,22.853938,16.447512,16.447512,95.067354
9.032315,0.555160,26.503148,23.413583,23.413583,122.493695
7.750940,0.566731,21.809823,5.616530,5.616530,79.634112
7.399117,0.361609,20.448501,13.705936,13.705936,131.757781
8.195526,0.550685,24.353882,10.494678,10.494678,112.363800
6.924281,0.504650,21.981319,9.910543,9.910543,132.138647
8.380603,0.610132,22.513654,25.484051,25.484051,105.343488
8.860598,0.592520,24.282864,29.429327,29.429327,131.462223
9.186410,0.493938,28.741618,6.932115,6.932115,70.882345
6.859466,0.405858,23.551301,9.653479,9.653479,131.048627
8.467315,0.528279,32.114520,9.643373,9.643373,123.805014
7.623747,0.643305,21.874736,11.980370,11.980370,155.590427
7.809002,0.581654,25.072029,44.263338,44.263338,229.693137
13.026294,1.566958,2.885885,0.000000,0.000000,17.480273
9.467897,0.681438,26.350540,9.067649,9.067649,154.473407
7.101396,0.451728,20.579599,23.308497,23.308497,105.555873
7.131914,0.547996,22.511362,7.025727,7.025727,102.624831
17.120768,0.528059,24.683412,5.134859,5.134859,96.011024
5.806201,0.395245,20.515644,5.503212,5.503212,116.398846
6.646220,0.286038,25.193118,9.322917,9.322917,127.683306
6.773093,0.523210,20.741361,10.538100,10.538100,128.748902
7.313319,0.453403,23.874382,30.211118,30.211118,113.494484
8.511574,0.715691,29.423760,12.804177,12.804177,114.608596
27.468689,0.466992,28.099580,9.692251,9.692251,104.447332
6.873003,0.440949,22.528279,11.844759,11.844759,127.572946
6.697919,0.426986,22.488515,11.951308,11.951308,139.105321
7.037266,0.512783,22.632021,26.107076,26.107076,89.204923
6.263946,0.545990,22.473561,39.848367,39.848367,151.563208
12.850970,0.836944,29.192595,0.000000,0.000000,42.881457
8.266788,0.630907,27.058461,9.742738,9.742738,155.049826
7.037101,0.489849,24.818692,12.227726,12.227726,122.531927
7.757343,0.496781,24.369752,26.888748,26.888748,109.512464
6.930865,0.395642,24.067517,5.989171,5.989171,78.007031
6.701214,0.378681,43.341023,7.114060,7.114060,121.827323
6.445031,0.527288,23.579603,10.047535,10.047535,125.715798
7.345798,0.570732,25.525962,17.793669,17.793669,156.298414
7.749221,0.587352,32.025791,0.000000,0.000000,40.363378
7.979361,0.595143,52.741792,9.321770,9.321770,153.646348
7.630382,0.484956,53.553237,9.013756,9.013756,105.618507
7.067783,0.517589,25.364693,12.222578,12.222578,122.467091
7.124892,0.526780,24.800055,12.928108,12.928108,128.812182
7.171094,0.491645,29.012429,35.963904,35.963904,109.766019
7.326985,0.464072,38.055331,10.252404,10.252404,92.011844
7.291607,0.586845,53.824834,12.145895,12.145895,115.965409
9.348558,0.879148,38.775838,13.614109,13.614109,139.060300
7.955909,0.510216,45.156332,0.000000,0.000000,53.623978
33.760029,0.533371,35.037160,19.935905,19.935905,138.605124
8.784840,0.577322,54.882825,8.390619,8.390619,112.329448
8.180957,0.540457,27.920125,8.865371,8.865371,135.104344
