#Image Rect[ms], Image Resize[ms], ORB ext[ms], Stereo match[ms], IMU preint[ms], Pose pred[ms], LM track[ms], KF dec[ms], Total[ms]
0.000000,0.000000,41.528216,6.398107,0.000000,10.456354,4.108432,1.377263,52.286255
0.000000,0.000000,22.908869,6.536043,0.000000,1.618115,1.965829,0.420472,49.119950
0.000000,0.000000,23.975852,5.865698,0.000000,1.249272,1.609726,0.268528,35.626651
0.000000,0.000000,9.610897,4.663221,0.000000,1.637456,2.367350,0.407080,18.236966
0.000000,0.000000,14.385462,7.086079,0.000000,1.898518,2.859085,0.324780,27.596073
0.000000,0.000000,9.845041,5.554948,0.000000,2.174610,2.441663,0.360715,21.922789
0.000000,0.000000,22.178538,7.223134,0.000000,1.786969,3.056090,0.353551,35.842258
0.000000,0.000000,14.899073,5.867269,0.000000,1.689073,2.743151,0.316336,27.260402
0.000000,0.000000,10.571744,5.017980,0.000000,2.366883,3.739913,0.384267,21.418497
0.000000,0.000000,12.420446,6.009228,0.000000,2.323385,3.201913,0.055731,26.402452
0.000000,0.000000,11.712591,5.616250,0.000000,2.992123,4.390006,0.689868,24.153368
0.000000,0.000000,13.683023,9.414757,0.000000,3.522938,6.593908,0.132853,33.127541
0.000000,0.000000,23.652745,8.440640,0.000000,1.972004,3.347779,0.489715,45.129165
0.000000,0.000000,13.245978,5.963862,0.000000,2.319347,4.297255,0.112515,26.427945
0.000000,0.000000,16.791594,8.122529,0.000000,2.044817,2.877122,0.397963,33.310965
0.000000,0.000000,10.358155,5.129224,0.000000,2.400908,3.255452,0.069492,22.256445
0.000000,0.000000,10.626977,5.539212,0.000000,1.834451,2.781745,0.363982,23.246968
0.000000,0.000000,10.882644,4.837383,0.000000,1.901643,3.081802,0.100370,21.775555
0.000000,0.000000,10.151867,4.744754,0.000000,1.678459,2.302535,0.044791,21.369788
0.000000,0.000000,8.197400,4.478312,0.000000,1.371109,2.316005,0.334439,17.711566
0.000000,0.000000,9.077626,4.503856,0.000000,1.840192,3.050578,0.069341,18.708883
0.000000,0.000000,9.216281,4.761524,0.000000,1.638693,2.777664,0.383137,20.191746
0.000000,0.000000,11.376342,5.328846,0.000000,1.999061,2.858933,0.050868,22.777516
0.000000,0.000000,12.322431,6.123332,0.000000,1.401541,2.321496,0.311789,24.592588
0.000000,0.000000,9.349041,4.648234,0.000000,1.723391,2.790612,0.065141,19.053848
0.000000,0.000000,10.024139,4.974263,0.000000,1.737337,2.150689,0.263058,20.878576
0.000000,0.000000,8.869558,6.360349,0.000000,1.622836,2.853267,0.350773,20.603716
0.000000,0.000000,11.635857,5.001341,0.000000,1.712809,2.998384,0.281606,23.164967
0.000000,0.000000,11.848106,4.706179,0.000000,1.819268,3.406842,0.337478,22.966600
0.000000,0.000000,10.786300,4.465544,0.000000,2.043364,3.222513,0.313861,22.234523
0.000000,0.000000,10.011983,4.608620,0.000000,2.017956,4.409563,0.355983,21.718305
0.000000,0.000000,13.079460,4.636069,0.000000,2.004248,3.569563,0.320081,26.463088
0.000000,0.000000,10.942977,4.667053,0.000000,2.006181,3.380665,0.336881,22.887121
0.000000,0.000000,11.503928,4.817698,0.000000,2.390099,4.253212,0.351576,23.524873
0.000000,0.000000,13.462637,5.546149,0.000000,2.079417,5.140419,0.433072,27.817201
0.000000,0.000000,11.939348,4.732749,0.000000,2.593551,5.060187,0.280868,26.354823
0.000000,0.000000,13.710937,5.019792,0.000000,2.742598,3.862805,0.341331,29.063793
0.000000,0.000000,11.580295,5.334522,0.000000,2.427878,4.974121,0.398950,25.545446
0.000000,0.000000,12.122311,5.403592,0.000000,2.047053,4.583701,0.417704,27.102836
0.000000,0.000000,10.543536,4.946142,0.000000,2.056191,4.067961,0.472853,24.622168
0.000000,0.000000,11.779749,4.867272,0.000000,2.009349,4.598961,0.304127,25.065651
0.000000,0.000000,11.403182,4.659380,0.000000,2.088892,4.103548,0.488011,24.891076
0.000000,0.000000,11.934779,4.613472,0.000000,1.996825,4.783887,0.299384,25.167115
0.000000,0.000000,10.333395,4.695938,0.000000,1.908296,4.983445,0.356472,23.598880
0.000000,0.000000,15.404643,4.986909,0.000000,1.912658,4.160983,0.340245,29.505754
0.000000,0.000000,12.598854,4.927660,0.000000,1.899353,5.462784,0.481825,25.762892
0.000000,0.000000,11.398302,4.958775,0.000000,2.124599,4.854119,0.324205,26.204821
0.000000,0.000000,13.099342,4.721699,0.000000,1.541536,4.726204,0.316162,27.266969
0.000000,0.000000,10.622037,5.129834,0.000000,1.923686,6.283076,0.451154,24.132335
0.000000,0.000000,11.326485,4.732327,0.000000,2.020951,5.204892,0.387164,26.995712
0.000000,0.000000,15.304513,5.527862,0.000000,1.896107,4.804650,0.456917,30.545267
0.000000,0.000000,12.354948,4.837144,0.000000,2.209970,5.244571,0.155210,26.369567
0.000000,0.000000,14.030442,5.734926,0.000000,1.917792,5.083174,0.480002,29.437237
0.000000,0.000000,13.080699,5.679589,0.000000,2.811515,5.430659,0.108661,28.545832
0.000000,0.000000,13.251146,5.233239,0.000000,2.146908,5.005336,0.549038,29.442220
0.000000,0.000000,14.478370,4.816569,0.000000,1.714154,4.257272,0.202867,28.942671
0.000000,0.000000,15.520079,4.226037,0.000000,1.545562,5.918774,0.524597,27.726914
0.000000,0.000000,17.775662,5.564230,0.000000,1.550262,4.234621,0.633834,33.133919
0.000000,0.000000,13.593247,4.654486,0.000000,1.594792,4.522034,0.099024,26.450824
0.000000,0.000000,16.379397,4.775466,0.000000,1.630444,6.685146,1.235098,29.272216
0.000000,0.000000,19.419966,5.703655,0.000000,1.635979,4.083004,0.069569,37.006383
0.000000,0.000000,16.599016,4.676322,0.000000,1.263841,3.768892,0.569193,28.504589
0.000000,0.000000,19.134201,5.001102,0.000000,1.689637,4.072714,0.503292,31.400082
0.000000,0.000000,13.772953,4.742755,0.000000,1.496279,3.898696,0.380902,26.404004
0.000000,0.000000,12.694802,4.830371,0.000000,1.404590,3.608451,0.086467,24.772322
0.000000,0.000000,10.744117,4.359051,0.000000,1.192314,3.786294,0.477842,22.031146
0.000000,0.000000,13.005829,4.809869,0.000000,1.824813,3.957650,0.055655,24.870598
0.000000,0.000000,12.070172,4.923111,0.000000,1.330963,4.227154,0.457275,24.418370
0.000000,0.000000,12.200008,4.346594,0.000000,2.719600,4.633550,0.092078,23.801054
0.000000,0.000000,32.958797,9.735720,0.000000,1.631400,3.761197,0.570983,53.175006
0.000000,0.000000,14.936938,4.519332,0.000000,1.708023,3.663736,0.055026,27.025357
0.000000,0.000000,13.132029,4.496543,0.000000,1.162729,3.092741,0.372165,24.480025
0.000000,0.000000,12.414874,4.339924,0.000000,1.492849,5.268622,0.441006,22.698266
0.000000,0.000000,15.496984,5.284043,0.000000,1.433764,4.331562,0.398842,29.867174
0.000000,0.000000,16.718179,4.796879,0.000000,1.748776,4.357424,0.352847,29.135249
0.000000,0.000000,14.208652,5.019987,0.000000,1.620786,3.843463,0.313210,27.375664
0.000000,0.000000,15.271326,5.153460,0.000000,1.425309,3.723808,0.278047,27.929748
0.000000,0.000000,12.730309,5.224345,0.000000,1.653464,4.945860,0.339551,24.961547
0.000000,0.000000,14.886456,5.487290,0.000000,1.505709,4.538455,0.347876,28.965576
0.000000,0.000000,14.467168,5.103577,0.000000,1.566824,4.982706,0.397941,27.497875
0.000000,0.000000,14.354008,4.930046,0.000000,1.513024,4.766620,0.362007,27.905285
0.000000,0.000000,14.717216,5.278239,0.000000,1.616618,4.466542,0.406884,28.264318
0.000000,0.000000,15.178886,5.370943,0.000000,1.795249,4.545271,0.367390,28.712785
0.000000,0.000000,17.324282,4.681815,0.000000,1.422151,4.763841,0.398126,30.596819
0.000000,0.000000,16.023472,5.166248,0.000000,1.629207,4.795263,0.353519,29.697837
0.000000,0.000000,16.949776,4.825334,0.000000,1.410561,4.533724,0.345097,30.382536
0.000000,0.000000,14.678240,5.017572,0.000000,1.468005,5.187907,0.468030,28.000902
0.000000,0.000000,14.565436,5.216822,0.000000,1.444313,4.707027,0.462333,28.911935
0.000000,0.000000,13.540913,5.085616,0.000000,1.471956,4.272402,0.390322,27.071483
0.000000,0.000000,12.709334,4.853858,0.000000,1.300336,4.727951,0.462332,25.718889
0.000000,0.000000,13.218151,4.683138,0.000000,1.261796,5.027964,0.384461,26.568927
0.000000,0.000000,12.745914,4.748398,0.000000,1.548275,4.581227,0.181996,26.111842
0.000000,0.000000,12.878569,4.918728,0.000000,0.952449,3.410597,0.397822,26.119978
0.000000,0.000000,10.897426,4.100478,0.000000,1.982867,6.838733,0.087401,21.322903
0.000000,0.000000,16.919265,5.982671,0.000000,0.906823,3.083343,0.687427,34.264776
0.000000,0.000000,14.685842,5.003142,0.000000,1.701164,3.653263,0.057467,26.017317
0.000000,0.000000,14.585179,4.998508,0.000000,1.123082,4.555408,0.609881,26.475677
0.000000,0.000000,15.285912,5.410125,0.000000,1.505297,5.588257,0.099708,28.790814
0.000000,0.000000,20.124845,6.260969,0.000000,1.149520,3.937767,0.395857,35.380122
0.000000,0.000000,10.593061,5.458942,0.000000,1.179063,3.316718,0.311864,23.166493
0.000000,0.000000,10.863184,5.291423,0.000000,1.206955,3.780472,0.277558,22.293032
0.000000,0.000000,11.624539,5.161471,0.000000,1.474735,3.723266,0.274476,23.415376
0.000000,0.000000,11.522673,5.168222,0.000000,1.452247,4.030778,0.254907,23.991146
0.000000,0.000000,13.551993,5.456076,0.000000,1.208844,5.391576,0.322164,26.213433
0.000000,0.000000,12.535931,5.893525,0.000000,1.351757,4.901254,0.269820,27.048365
0.000000,0.000000,16.947448,5.165834,0.000000,1.421099,4.805562,0.342481,30.162661
0.000000,0.000000,10.892792,4.430314,0.000000,2.077604,6.198220,0.522351,23.477033
0.000000,0.000000,13.398803,5.188102,0.000000,2.155899,5.679880,0.097938,29.192474
0.000000,0.000000,18.209444,5.596812,0.000000,1.129464,3.243904,0.471167,33.566620
0.000000,0.000000,12.220551,4.099305,0.000000,1.449881,4.361723,0.423185,22.556448
0.000000,0.000000,13.266589,4.233471,0.000000,1.519222,3.769326,0.413906,25.506613
0.000000,0.000000,16.391195,4.719682,0.000000,1.338658,3.662238,0.383062,28.632239
0.000000,0.000000,12.867810,4.496594,0.000000,1.286987,5.459094,0.333430,24.515092
0.000000,0.000000,13.525479,4.448015,0.000000,1.378207,3.936486,0.323728,26.503776
0.000000,0.000000,12.222828,4.458732,0.000000,1.603887,6.821466,0.488130,23.748014
0.000000,0.000000,18.653357,5.310460,0.000000,1.619103,6.603123,0.399244,35.001640
0.000000,0.000000,16.226705,4.832315,0.000000,1.945652,6.796049,0.444229,31.463995
0.000000,0.000000,17.774579,5.308073,0.000000,2.210035,6.908779,0.475617,34.666853
0.000000,0.000000,17.297585,5.265724,0.000000,1.691645,6.413870,0.408490,34.531894
0.000000,0.000000,14.618651,4.972364,0.000000,1.875042,7.506744,0.413428,29.949022
0.000000,0.000000,14.329369,5.366063,0.000000,2.630767,7.010018,0.870942,31.251144
0.000000,0.000000,16.067854,6.071737,0.000000,2.094687,9.451908,0.619942,35.696859
0.000000,0.000000,13.766167,6.476772,0.000000,1.778113,7.295922,0.458860,34.483338
0.000000,0.000000,13.499016,5.320123,0.000000,1.673087,6.754491,0.580676,30.570587
0.000000,0.000000,11.599957,5.882527,0.000000,2.749869,8.541774,0.632911,29.203678
0.000000,0.000000,15.331355,5.499327,0.000000,1.505796,8.954835,0.336197,35.753599
0.000000,0.000000,11.377764,5.070454,0.000000,2.014928,9.580055,0.457546,28.949194
0.000000,0.000000,18.074188,7.423238,0.000000,1.759738,7.839012,0.494241,39.838870
0.000000,0.000000,12.846920,5.290241,0.000000,1.793860,13.203346,0.659045,35.559241
0.000000,0.000000,11.659370,4.675454,0.000000,2.166601,7.391397,0.521309,34.639742
0.000000,0.000000,14.431913,6.006356,0.000000,1.687434,6.707306,0.441570,36.977147
0.000000,0.000000,14.405764,5.168359,0.000000,1.396895,8.314401,0.429643,34.947917
0.000000,0.000000,11.182441,4.722158,0.000000,1.385457,5.064666,0.493623,28.647025
0.000000,0.000000,12.921278,5.203806,0.000000,1.341566,4.586669,0.345694,27.405959
0.000000,0.000000,10.499072,4.498437,0.000000,1.441057,5.303170,0.379795,23.125424
0.000000,0.000000,11.996779,4.728374,0.000000,1.682572,6.735585,0.513440,25.880178
0.000000,0.000000,13.795890,5.822750,0.000000,1.765012,5.970523,0.459478,30.893786
0.000000,0.000000,13.256189,5.982815,0.000000,2.494771,6.698587,0.435298,29.768276
0.000000,0.000000,16.551949,8.538453,0.000000,1.326654,5.069780,0.389986,37.229875
0.000000,0.000000,10.581662,5.562067,0.000000,1.676475,5.971904,0.493340,27.812085
0.000000,0.000000,11.020617,6.709928,0.000000,1.412513,5.207063,0.452250,28.493210
0.000000,0.000000,11.349520,5.054264,0.000000,1.463794,7.209834,0.697857,26.044504
0.000000,0.000000,12.940861,5.401640,0.000000,1.441633,7.252793,0.565556,30.492597
0.000000,0.000000,12.419923,5.199565,0.000000,2.418078,8.647104,0.488587,29.207191
0.000000,0.000000,16.577030,6.671121,0.000000,1.320371,6.646296,0.570799,37.750978
0.000000,0.000000,12.925192,5.566463,0.000000,1.911140,10.280707,0.803110,29.322849
0.000000,0.000000,14.200275,7.168259,0.000000,2.310066,8.538250,0.510770,37.275993
0.000000,0.000000,15.858043,7.480494,0.000000,1.228303,8.956556,0.615362,37.256617
0.000000,0.000000,12.195414,4.886669,0.000000,1.538823,9.134372,0.502609,30.139779
0.000000,0.000000,18.446042,6.101263,0.000000,1.463176,6.077877,0.410759,38.108563
0.000000,0.000000,12.907929,5.241343,0.000000,3.991180,9.543882,1.039514,31.380198
0.000000,0.000000,23.502467,10.083623,0.000000,2.621878,15.617770,1.182181,54.028985
0.000000,0.000000,20.465776,6.395264,0.000000,2.082771,7.420728,0.828528,55.770407
0.000000,0.000000,27.200049,8.092683,0.000000,1.687391,9.612434,0.657081,48.354039
0.000000,0.000000,19.508717,7.435588,0.000000,1.555286,10.596628,0.671939,41.178535
0.000000,0.000000,19.462475,6.128442,0.000000,3.217552,15.369479,0.850267,41.453107
0.000000,0.000000,16.317748,6.571772,0.000000,1.723662,6.489990,0.497920,45.648627
0.000000,0.000000,17.741457,7.253560,0.000000,2.282946,7.198744,0.455626,36.072573
0.000000,0.000000,17.394814,6.902081,0.000000,1.467789,5.125946,0.378622,36.496665
0.000000,0.000000,12.169497,4.831265,0.000000,1.715490,8.442718,0.555260,25.766307
0.000000,0.000000,21.901003,6.584492,0.000000,1.468017,6.329766,0.395814,42.201056
0.000000,0.000000,16.033069,5.788557,0.000000,1.719874,6.857802,0.410987,32.069623
0.000000,0.000000,17.406113,6.184367,0.000000,1.287236,5.171725,0.401675,34.697958
0.000000,0.000000,12.282486,4.792716,0.000000,1.413990,4.161634,0.391701,26.187581
0.000000,0.000000,12.454591,4.991628,0.000000,1.210460,5.520610,0.415436,25.348005
0.000000,0.000000,16.997477,6.123468,0.000000,2.153543,6.879433,0.405669,32.355909
0.000000,0.000000,13.173697,5.479541,0.000000,1.324864,5.721555,0.391560,30.211153
0.000000,0.000000,14.067463,4.867793,0.000000,1.254395,5.345896,0.448268,28.444881
0.000000,0.000000,11.014278,4.881601,0.000000,1.214400,5.708227,0.369419,24.917820
0.000000,0.000000,11.851982,4.857853,0.000000,1.395127,4.784332,0.460086,25.710631
0.000000,0.000000,13.119702,5.142356,0.000000,1.365856,5.165593,0.354594,26.797648
0.000000,0.000000,13.689052,5.382981,0.000000,1.357065,6.439185,0.622384,28.354567
0.000000,0.000000,16.702658,5.612920,0.000000,1.380790,4.736275,0.357362,33.400404
0.000000,0.000000,14.384446,5.760298,0.000000,1.386336,5.303873,0.398255,28.430776
0.000000,0.000000,15.482578,5.997380,0.000000,1.165736,6.654664,0.556039,30.687123
0.000000,0.000000,14.350169,5.465060,0.000000,1.294334,4.674445,0.380240,30.636618
0.000000,0.000000,12.015418,4.894969,0.000000,1.800581,5.094160,0.661336,25.335436
0.000000,0.000000,10.462048,4.259563,0.000000,1.311493,3.753480,0.513939,25.300556
0.000000,0.000000,11.876899,5.206563,0.000000,1.415151,4.259453,0.397030,24.584557
0.000000,0.000000,11.504954,4.422362,0.000000,1.426416,3.842085,0.543818,25.401884
0.000000,0.000000,11.168891,4.914455,0.000000,0.965907,4.779757,0.801656,24.479484
0.000000,0.000000,13.598572,4.670743,0.000000,1.241891,6.121498,0.585798,27.342561
0.000000,0.000000,15.336972,4.929146,0.000000,1.640668,6.177771,0.584495,30.216200
0.000000,0.000000,17.892994,5.370815,0.000000,1.328554,4.556515,0.551024,34.053988
0.000000,0.000000,12.190394,5.033838,0.000000,1.752977,4.270306,0.623143,26.938482
0.000000,0.000000,13.755680,4.686101,0.000000,1.658077,4.630598,0.486231,32.111526
0.000000,0.000000,13.772527,5.193684,0.000000,1.398187,4.328913,0.530924,30.267781
0.000000,0.000000,12.155325,4.769530,0.000000,1.663785,3.975807,0.604226,28.522493
0.000000,0.000000,13.879164,5.088397,0.000000,1.084098,10.320306,0.563766,30.139381
0.000000,0.000000,12.490773,5.101247,0.000000,1.310169,3.923820,0.551925,31.426547
0.000000,0.000000,12.071800,5.182740,0.000000,1.330995,3.545599,0.576540,25.004167
0.000000,0.000000,15.545638,4.841170,0.000000,1.446636,3.679843,0.615166,27.813847
0.000000,0.000000,14.293761,4.611768,0.000000,1.425494,5.169392,0.650266,26.389449
0.000000,0.000000,17.657615,5.130852,0.000000,1.365671,4.480651,0.578895,31.782644
0.000000,0.000000,15.538268,4.698500,0.000000,1.364814,4.229575,0.601361,28.542282
0.000000,0.000000,16.093754,5.007659,0.000000,1.511776,4.552749,0.609154,29.114085
0.000000,0.000000,14.078881,4.847470,0.000000,1.397275,4.420927,0.523013,27.236933
0.000000,0.000000,13.501322,5.169195,0.000000,1.361200,3.726434,0.571733,26.624866
0.000000,0.000000,16.239735,5.102480,0.000000,1.672099,4.689161,0.802449,28.801641
0.000000,0.000000,15.923488,4.825393,0.000000,1.267223,3.233355,0.612909,29.705018
0.000000,0.000000,11.473304,3.968057,0.000000,1.539011,3.921910,0.649365,22.160982
0.000000,0.000000,15.935619,5.220531,0.000000,1.594314,4.028498,0.662454,29.148859
0.000000,0.000000,14.424867,5.113725,0.000000,1.678899,4.451685,0.091449,28.082632
0.000000,0.000000,18.488759,5.379975,0.000000,1.097382,4.367637,0.640433,32.192160
0.000000,0.000000,13.326681,5.047806,0.000000,0.978519,3.587406,0.474749,26.405160
0.000000,0.000000,11.801166,3.970380,0.000000,0.956281,3.530460,0.676530,22.295853
0.000000,0.000000,17.586603,4.235881,0.000000,1.719353,3.987713,0.598800,28.659936
0.000000,0.000000,14.162985,4.339809,0.000000,1.276372,6.201719,0.066931,26.179615
0.000000,0.000000,9.659539,4.422425,0.000000,1.044430,4.357208,0.670800,23.236006
0.000000,0.000000,11.827778,5.260373,0.000000,1.260971,2.986272,0.048133,25.015774
0.000000,0.000000,9.810017,5.380463,0.000000,1.293726,2.181244,0.575194,20.647241
0.000000,0.000000,8.845728,4.917511,0.000000,1.681867,4.456590,0.099653,21.278145
0.000000,0.000000,11.043973,5.717293,0.000000,1.009841,2.423223,0.398072,24.370170
0.000000,0.000000,7.888608,4.108328,0.000000,1.551336,2.922326,0.454247,19.892753
0.000000,0.000000,9.568560,5.084257,0.000000,1.654658,3.756302,0.636319,20.846039
0.000000,0.000000,11.105263,5.223754,0.000000,4.503813,9.378133,0.160909,24.320603
0.000000,0.000000,16.131024,10.592311,0.000000,1.217114,11.183580,0.695740,43.581830
0.000000,0.000000,10.344762,6.342657,0.000000,2.782273,13.254785,0.586351,31.647672
0.000000,0.000000,12.506680,7.032358,0.000000,3.049112,15.651084,0.125506,37.970243
0.000000,0.000000,14.944155,9.223159,0.000000,1.830197,5.174427,0.713919,45.127523
0.000000,0.000000,13.385157,7.673158,0.000000,2.748741,6.066293,0.129033,30.544638
0.000000,0.000000,14.715461,7.311475,0.000000,1.955398,6.422667,1.130723,32.933499
0.000000,0.000000,15.453823,9.679986,0.000000,2.158244,5.714577,0.614483,36.993125
0.000000,0.000000,16.619405,7.380806,0.000000,2.503308,7.644058,0.164273,34.337757
0.000000,0.000000,12.295177,6.833374,0.000000,1.687337,4.742949,1.684851,31.815518
0.000000,0.000000,14.267085,8.050866,0.000000,2.587528,6.762631,0.244521,33.727134
0.000000,0.000000,13.926846,6.802954,0.000000,1.116050,11.982414,0.526779,33.150208
0.000000,0.000000,9.227758,5.735230,0.000000,2.115202,4.285425,0.080335,30.056702
0.000000,0.000000,9.739344,6.141943,0.000000,1.132101,9.356857,0.528190,30.115292
0.000000,0.000000,9.052372,4.866165,0.000000,1.740746,4.175038,0.056783,26.211687
0.000000,0.000000,9.416804,5.329414,0.000000,1.086453,3.089237,0.457753,22.178271
0.000000,0.000000,7.844189,5.073754,0.000000,1.882910,3.997155,0.084926,18.959514
0.000000,0.000000,9.169715,5.961508,0.000000,1.195375,3.381695,0.586308,22.751881
0.000000,0.000000,7.942432,4.902437,0.000000,5.759791,12.447731,0.281986,19.647668
0.000000,0.000000,15.979685,11.297004,0.000000,2.676188,5.724412,0.834497,67.052333
0.000000,0.000000,15.399234,9.586484,0.000000,2.587322,5.971222,0.649571,36.554672
0.000000,0.000000,13.801119,7.246456,0.000000,2.761903,4.991691,0.150381,32.920209
0.000000,0.000000,19.040186,7.411835,0.000000,1.561581,4.573240,0.772341,36.734829
0.000000,0.000000,16.731297,8.122901,0.000000,5.102145,10.909923,0.218115,34.288130
0.000000,0.000000,19.222738,15.718471,0.000000,1.387205,3.932633,0.837102,54.705895
0.000000,0.000000,12.945746,7.101079,0.000000,3.075930,7.839251,0.224898,27.870739
0.000000,0.000000,12.252317,7.245272,0.000000,1.154948,12.674740,0.583041,33.602041
0.000000,0.000000,12.070714,6.724656,0.000000,2.439976,15.245536,0.136163,34.795946
0.000000,0.000000,11.650440,7.677543,0.000000,1.763135,7.430810,0.703619,39.725715
0.000000,0.000000,11.259633,8.233470,0.000000,2.207690,5.597566,0.819512,31.381761
0.000000,0.000000,12.502009,7.006694,0.000000,2.178648,6.165796,0.566881,30.398217
0.000000,0.000000,11.258707,6.450048,0.000000,2.325153,4.896923,0.098731,28.635202
0.000000,0.000000,11.559661,6.799261,0.000000,1.360007,3.485430,0.498192,27.625252
0.000000,0.000000,9.663140,5.630131,0.000000,2.001600,4.990836,0.501437,22.427947
0.000000,0.000000,10.541850,5.851521,0.000000,2.145252,4.516759,0.472969,25.766821
0.000000,0.000000,10.201243,5.446763,0.000000,1.916598,4.804183,0.505822,24.858702
0.000000,0.000000,15.371535,6.518086,0.000000,2.003240,6.688126,0.535158,31.058903
0.000000,0.000000,13.082780,6.125987,0.000000,1.979188,5.508736,0.530121,30.617919
0.000000,0.000000,14.103411,5.610863,0.000000,2.358223,14.760448,0.513624,29.817778
0.000000,0.000000,10.856769,6.066023,0.000000,1.829991,3.905143,0.551328,36.305123
0.000000,0.000000,11.016007,5.457445,0.000000,1.700621,4.226622,0.435113,24.655803
0.000000,0.000000,8.980635,4.994968,0.000000,1.685709,6.094936,0.487219,22.370751
0.000000,0.000000,10.079392,5.138090,0.000000,1.579175,5.442998,0.481369,25.384351
0.000000,0.000000,11.047679,5.864314,0.000000,1.863288,4.331790,0.602272,26.637465
0.000000,0.000000,9.839792,5.122669,0.000000,1.606275,4.439670,0.343480,24.192335
0.000000,0.000000,11.556999,5.327742,0.000000,1.539517,4.313317,0.455918,24.935921
0.000000,0.000000,9.595788,5.066535,0.000000,1.538540,4.331508,0.412116,22.891582
0.000000,0.000000,10.102399,5.050661,0.000000,2.021298,5.237028,0.568053,23.633372
0.000000,0.000000,11.820331,6.516811,0.000000,1.438040,4.948378,0.665069,28.154310
0.000000,0.000000,8.828849,5.443056,0.000000,1.406989,3.984881,0.376549,23.815293
0.000000,0.000000,11.824920,5.121388,0.000000,1.969442,4.712409,0.470136,24.646378
0.000000,0.000000,10.764181,5.084509,0.000000,1.887197,14.124807,0.385797,31.824211
0.000000,0.000000,10.282996,5.329762,0.000000,1.582430,4.713235,0.335242,33.914394
0.000000,0.000000,9.946319,5.577428,0.000000,1.727656,4.475529,0.389845,23.973402
0.000000,0.000000,9.686684,4.846717,0.000000,1.626798,5.206096,0.379512,22.982478
0.000000,0.000000,14.118350,5.630083,0.000000,1.626896,4.816718,0.346465,29.212615
0.000000,0.000000,11.922878,5.388685,0.000000,1.504613,4.326373,0.346063,25.861163
0.000000,0.000000,10.723043,4.851676,0.000000,1.569623,5.296481,0.362864,23.522502
0.000000,0.000000,9.202437,5.241131,0.000000,2.216601,5.563317,0.412799,23.659582
0.000000,0.000000,12.339862,6.570835,0.000000,1.545529,4.790974,0.325627,29.033165
0.000000,0.000000,8.934506,4.793623,0.000000,1.506470,4.746390,0.339779,22.143747
0.000000,0.000000,9.616710,6.056333,0.000000,1.464218,4.867717,0.343773,24.011191
0.000000,0.000000,8.323253,4.719827,0.000000,1.800730,5.786870,0.410584,21.749356
0.000000,0.000000,10.113261,5.349024,0.000000,1.596681,4.504832,0.276473,25.934752
0.000000,0.000000,10.016938,5.649593,0.000000,2.344906,6.752474,0.439921,23.893445
0.000000,0.000000,11.751263,6.691945,0.000000,1.928158,6.019148,0.430045,30.751227
0.000000,0.000000,12.007360,7.453473,0.000000,2.124512,7.729167,0.344305,30.152667
0.000000,0.000000,9.624364,5.561981,0.000000,2.054651,5.069867,0.736005,27.487982
0.000000,0.000000,8.728167,4.668031,0.000000,1.603888,14.208978,0.450231,31.747414
0.000000,0.000000,10.167099,6.092284,0.000000,1.721036,4.400577,0.290614,34.866106
0.000000,0.000000,12.264801,5.285086,0.000000,1.640006,5.179659,0.356200,25.944569
0.000000,0.000000,8.602689,5.072065,0.000000,1.643088,5.235656,0.424520,22.976260
0.000000,0.000000,10.853840,4.702196,0.000000,1.546377,4.410995,0.314481,24.913592
0.000000,0.000000,8.400098,4.661453,0.000000,3.102118,10.158091,0.775349,21.200599
0.000000,0.000000,11.175944,5.537932,0.000000,1.548884,4.593817,0.316130,33.761015
0.000000,0.000000,12.989269,5.113465,0.000000,2.197717,4.650698,0.262787,26.381874
0.000000,0.000000,9.396373,4.834365,0.000000,1.706015,6.094491,0.392916,22.982944
0.000000,0.000000,13.108396,6.446460,0.000000,1.591948,4.906941,0.376766,29.866811
0.000000,0.000000,10.179783,5.202428,0.000000,2.217994,6.177832,0.440550,24.428755
0.000000,0.000000,10.153152,7.154071,0.000000,1.943102,5.898407,0.485613,28.470272
0.000000,0.000000,9.610493,5.245656,0.000000,2.061358,5.147371,0.420722,25.472348
0.000000,0.000000,8.774309,4.445248,0.000000,2.875082,8.279045,0.588468,26.371314
0.000000,0.000000,9.083987,4.882489,0.000000,1.641796,5.646690,6.485300,37.536128
0.000000,0.000000,9.655618,4.982243,0.000000,1.414044,5.578977,0.321568,30.595874
0.000000,0.000000,8.799872,4.631065,0.000000,1.763731,5.848309,0.378276,22.752836
0.000000,0.000000,9.311530,5.731033,0.000000,1.703237,4.901862,0.340268,25.270079
0.000000,0.000000,9.531831,4.874493,0.000000,1.455438,5.608488,0.321882,23.325680
0.000000,0.000000,12.021144,4.651625,0.000000,1.924456,5.452050,0.296138,25.969955
0.000000,0.000000,10.366227,5.955172,0.000000,1.680619,5.786022,0.348505,25.838904
0.000000,0.000000,8.583018,5.160213,0.000000,1.560192,5.456771,0.390387,23.440582
0.000000,0.000000,8.678336,5.029813,0.000000,1.610801,6.035070,0.427222,23.319054
0.000000,0.000000,9.328003,5.335346,0.000000,1.667389,5.087548,0.368779,25.188534
0.000000,0.000000,8.590068,5.156051,0.000000,1.746345,6.183182,0.403672,22.838430
0.000000,0.000000,10.031140,5.355349,0.000000,1.648195,5.100289,0.328818,25.908092
0.000000,0.000000,9.248363,5.195016,0.000000,1.803564,5.669949,0.467911,23.394300
0.000000,0.000000,9.470977,5.567603,0.000000,1.626114,5.645399,0.501545,25.042337
0.000000,0.000000,9.481081,5.064789,0.000000,1.814937,4.336815,0.392580,24.416177
0.000000,0.000000,8.497544,4.990900,0.000000,2.282110,4.924838,0.499798,23.801688
0.000000,0.000000,8.790870,4.757753,0.000000,1.887414,14.038296,0.448745,27.707893
0.000000,0.000000,9.538459,5.328143,0.000000,1.573086,5.543487,0.315316,33.764529
0.000000,0.000000,9.620991,5.498244,0.000000,2.288980,5.556869,0.397518,24.364531
0.000000,0.000000,10.303640,5.658324,0.000000,1.754430,4.956637,0.362951,26.595833
0.000000,0.000000,9.359841,4.947521,0.000000,1.709662,4.526072,0.447931,23.415908
0.000000,0.000000,10.803812,5.272073,0.000000,1.867162,5.723689,0.389356,24.804321
0.000000,0.000000,8.982499,4.997456,0.000000,1.640093,5.401963,0.362745,24.429673
0.000000,0.000000,9.468134,5.857765,0.000000,1.823284,5.310362,0.319559,25.238718
0.000000,0.000000,8.611561,4.989772,0.000000,1.624334,5.091291,0.308631,22.975835
0.000000,0.000000,8.925647,5.601305,0.000000,1.650469,5.105184,0.364839,23.543671
0.000000,0.000000,9.412557,5.115035,0.000000,1.864200,6.096465,0.413515,23.745995
0.000000,0.000000,8.863125,5.351225,0.000000,1.846856,5.917671,0.471167,24.727530
0.000000,0.000000,9.358668,5.189090,0.000000,1.636523,5.173862,0.367476,25.435307
0.000000,0.000000,11.380117,5.176068,0.000000,1.915915,6.480450,0.447605,25.946197
0.000000,0.000000,14.302532,7.322305,0.000000,2.423505,5.447296,0.438076,33.167167
0.000000,0.000000,12.375547,5.683710,0.000000,2.588504,7.816394,0.878312,31.272871
0.000000,0.000000,12.602898,5.248315,0.000000,1.634580,5.062814,0.308142,40.712700
0.000000,0.000000,10.959756,5.239687,0.000000,1.899602,6.193340,0.360140,25.532009
0.000000,0.000000,9.560738,5.549841,0.000000,1.610725,5.375634,0.420472,25.763982
0.000000,0.000000,8.688890,5.239820,0.000000,2.046340,5.047098,0.317183,23.478838
0.000000,0.000000,9.185259,5.186200,0.000000,1.449848,4.950407,0.305515,24.152456
0.000000,0.000000,8.155002,4.613504,0.000000,1.485903,4.345801,0.309672,21.324965
0.000000,0.000000,8.330529,4.376461,0.000000,1.567345,4.766328,0.357513,20.692206
0.000000,0.000000,10.657471,6.310894,0.000000,1.528273,4.320795,0.308240,26.077628
0.000000,0.000000,10.350575,4.782293,0.000000,1.842992,4.777072,0.371318,23.140810
0.000000,0.000000,8.844379,5.255807,0.000000,2.115970,5.754364,0.539705,23.330917
0.000000,0.000000,9.070145,6.042030,0.000000,2.000482,5.930499,0.434744,25.905693
0.000000,0.000000,12.499665,6.562145,0.000000,1.995838,7.653012,0.457644,29.952007
0.000000,0.000000,9.580463,5.917671,0.000000,1.613188,5.830846,0.632694,27.927230
0.000000,0.000000,9.649156,6.112489,0.000000,2.174783,5.879523,0.643471,27.261695
0.000000,0.000000,11.298093,5.969926,0.000000,2.456509,19.013731,0.490963,35.461427
0.000000,0.000000,12.596366,6.730612,0.000000,1.862083,6.094078,0.407632,43.892934
0.000000,0.000000,10.466043,7.143644,0.000000,2.988107,8.662805,0.595663,28.348928
0.000000,0.000000,11.137638,6.297054,0.000000,2.249779,5.815966,0.424911,32.928636
0.000000,0.000000,10.765785,6.520854,0.000000,1.694088,6.866951,0.382703,28.252601
0.000000,0.000000,10.076003,5.627190,0.000000,1.837609,6.804134,0.655812,27.252783
0.000000,0.000000,13.690781,7.065795,0.000000,2.650303,8.182830,0.549939,32.922580
0.000000,0.000000,11.203322,8.648124,0.000000,1.592850,5.234749,0.380033,34.272310
0.000000,0.000000,10.595293,5.782878,0.000000,2.309157,7.640411,0.477169,26.007604
0.000000,0.000000,11.248850,5.992406,0.000000,1.992831,5.859878,0.424228,30.303666
0.000000,0.000000,10.570242,5.589326,0.000000,3.346889,8.463960,0.771007,28.356451
0.000000,0.000000,13.069026,7.305546,0.000000,2.071180,8.543023,14.314064,41.192483
0.000000,0.000000,11.992275,7.288878,0.000000,1.751598,5.927581,0.615079,47.821704
0.000000,0.000000,12.906692,5.995097,0.000000,2.153348,7.351121,0.805921,30.247320
0.000000,0.000000,10.491644,5.580811,0.000000,1.775280,5.681942,0.399959,29.451493
0.000000,0.000000,11.094332,5.821970,0.000000,1.980426,6.989028,0.440193,27.001479
0.000000,0.000000,11.677278,5.501898,0.000000,2.600780,7.945286,0.441343,29.080593
0.000000,0.000000,18.477913,7.733555,0.000000,2.192691,7.769466,0.538696,40.429899
0.000000,0.000000,10.302072,6.195001,0.000000,1.861996,7.370505,0.404551,29.774732
0.000000,0.000000,11.263461,5.466765,0.000000,1.768160,6.620955,0.634692,28.943333
0.000000,0.000000,16.586694,7.054787,0.000000,2.759030,9.097943,0.516175,35.556149
0.000000,0.000000,14.320282,6.398948,0.000000,1.570807,5.782864,0.364481,45.987221
0.000000,0.000000,10.473863,5.385312,0.000000,1.885634,6.112702,0.361539,26.004684
0.000000,0.000000,10.196663,5.649087,0.000000,2.004401,6.644668,0.638670,26.739224
0.000000,0.000000,12.732616,6.803963,0.000000,1.939683,5.331689,0.344587,31.386775
0.000000,0.000000,9.608559,4.922963,0.000000,1.501173,7.669263,0.713680,24.348474
0.000000,0.000000,10.592948,4.900472,0.000000,2.168934,6.536843,0.086738,28.013096
0.000000,0.000000,12.114822,6.256636,0.000000,1.488344,7.752177,0.525162,30.025467
0.000000,0.000000,16.223001,5.850363,0.000000,2.175631,7.132408,0.705052,35.592658
0.000000,0.000000,9.575565,6.940343,0.000000,1.760367,6.935119,0.591583,29.647734
0.000000,0.000000,9.527031,6.484630,0.000000,2.743141,6.078937,0.632667,28.796003
0.000000,0.000000,9.604058,6.055040,0.000000,1.911399,14.776201,0.444566,35.637156
0.000000,0.000000,8.547897,5.548404,0.000000,2.036525,5.823335,0.350371,33.630081
0.000000,0.000000,8.431233,5.766490,0.000000,2.084637,7.759264,0.462876,24.494970
0.000000,0.000000,11.367367,6.047952,0.000000,1.810075,6.391530,0.416609,30.471325
0.000000,0.000000,9.014903,5.619604,0.000000,1.976529,6.262697,0.418074,25.692690
0.000000,0.000000,9.185507,5.746149,0.000000,2.198704,6.922563,0.484028,26.048081
0.000000,0.000000,9.543671,5.515920,0.000000,2.129688,7.068733,0.429577,27.167196
0.000000,0.000000,10.786471,6.116644,0.000000,2.104021,8.357358,0.430663,28.898673
0.000000,0.000000,12.012845,7.885551,0.000000,2.354294,8.257340,0.811022,33.907144
0.000000,0.000000,11.608237,6.257797,0.000000,2.462180,6.881745,0.459185,34.811775
0.000000,0.000000,11.566813,7.172294,0.000000,2.854770,18.618557,0.638359,41.160781
0.000000,0.000000,15.862038,7.536419,0.000000,2.121115,6.543420,0.403335,49.386921
0.000000,0.000000,10.044872,6.368850,0.000000,2.191563,6.587765,0.334982,27.808426
0.000000,0.000000,9.380932,5.519980,0.000000,1.962692,10.004538,0.433431,26.340332
0.000000,0.000000,9.916620,6.300940,0.000000,1.841039,5.646744,0.402782,31.023330
0.000000,0.000000,9.827725,6.851269,0.000000,2.096174,7.468747,0.542189,26.774611
0.000000,0.000000,10.306451,6.300592,0.000000,2.207756,8.075502,0.491799,30.172385
0.000000,0.000000,14.845022,7.465733,0.000000,2.967095,8.589925,0.509533,36.138593
0.000000,0.000000,9.647134,5.808717,0.000000,2.529410,7.052431,0.715623,30.839436
0.000000,0.000000,9.698772,5.868597,0.000000,2.728695,6.326575,0.721886,30.558222
0.000000,0.000000,9.334007,6.671174,0.000000,3.136821,7.731871,0.489335,37.601448
0.000000,0.000000,15.583025,8.426137,0.000000,1.836318,6.588058,0.442070,47.913689
0.000000,0.000000,9.869851,5.709063,0.000000,1.718214,8.441742,0.431564,27.329092
0.000000,0.000000,9.764171,5.556069,0.000000,1.798766,6.381795,0.446291,28.499245
0.000000,0.000000,10.107085,5.669172,0.000000,2.448923,9.378833,1.028313,27.245577
0.000000,0.000000,14.087131,8.917936,0.000000,2.262662,7.932122,0.400893,39.513478
0.000000,0.000000,11.540708,6.222735,0.000000,1.936373,6.979401,0.471135,30.986403
0.000000,0.000000,10.865861,6.945098,0.000000,3.041569,10.898468,0.565416,30.496526
0.000000,0.000000,13.049903,7.211585,0.000000,2.088654,6.887160,0.575715,38.047007
0.000000,0.000000,10.238366,7.046085,0.000000,1.801110,7.293089,9.689837,35.118088
0.000000,0.000000,9.189861,5.805139,0.000000,1.844761,7.654249,0.511324,36.442230
0.000000,0.000000,12.089102,6.773278,0.000000,1.693187,7.517369,0.433344,31.687054
0.000000,0.000000,10.403927,5.657858,0.000000,1.777385,6.486028,0.456125,28.296056
0.000000,0.000000,9.556087,5.758808,0.000000,1.870917,7.362668,0.509641,26.731296
0.000000,0.000000,10.404010,6.384432,0.000000,2.190629,6.894280,0.493167,29.439593
0.000000,0.000000,11.013127,6.230652,0.000000,1.814471,7.387696,0.467271,29.492192
0.000000,0.000000,13.238698,6.917758,0.000000,1.853672,9.368176,0.593537,33.126782
0.000000,0.000000,11.726910,7.233649,0.000000,2.775146,8.303933,0.767470,33.871409
0.000000,0.000000,12.350141,6.828686,0.000000,1.982053,18.302168,0.554584,40.626022
0.000000,0.000000,10.937104,5.954854,0.000000,1.859142,7.447248,0.699506,41.084219
0.000000,0.000000,11.462749,6.153869,0.000000,2.111597,8.460131,0.495619,30.380305
0.000000,0.000000,12.388758,6.416065,0.000000,1.760986,6.653850,0.411670,32.539763
0.000000,0.000000,8.884815,5.643488,0.000000,2.126075,6.428561,0.421395,26.296140
0.000000,0.000000,9.024390,5.848365,0.000000,1.705863,6.338870,0.462018,26.761082
0.000000,0.000000,10.300545,6.482438,0.000000,1.959805,6.985055,0.421449,27.925800
0.000000,0.000000,9.592899,5.801329,0.000000,2.141714,8.035281,0.493232,27.334703
0.000000,0.000000,10.195944,5.972442,0.000000,2.534120,7.435764,0.394968,29.896406
0.000000,0.000000,13.351219,6.593608,0.000000,2.283271,10.094391,0.809069,33.348208
0.000000,0.000000,12.467818,6.234119,0.000000,2.567287,6.976334,0.543677,35.275877
0.000000,0.000000,9.249574,5.437933,0.000000,1.763711,5.748557,0.401967,36.684716
0.000000,0.000000,8.568914,5.181047,0.000000,1.787370,6.667776,0.418876,24.038167
0.000000,0.000000,11.754504,5.808038,0.000000,1.791712,5.892731,0.352608,29.329956
0.000000,0.000000,8.885805,5.356731,0.000000,1.924022,8.144051,0.500449,24.644212
0.000000,0.000000,11.027490,5.764750,0.000000,1.636284,6.120364,0.356602,30.061130
0.000000,0.000000,9.263583,5.596766,0.000000,1.745759,7.065782,0.370483,25.293576
0.000000,0.000000,9.326955,5.619156,0.000000,1.929362,11.388128,0.526551,26.583504
0.000000,0.000000,12.396438,6.460404,0.000000,2.215125,10.155375,0.481065,35.569205
0.000000,0.000000,9.319499,7.267693,0.000000,2.861103,7.200490,0.628223,32.633334
0.000000,0.000000,9.246730,5.202438,0.000000,1.768312,6.549074,0.405148,38.172459
0.000000,0.000000,9.739412,5.126348,0.000000,1.821612,6.041181,0.420266,25.970687
0.000000,0.000000,10.224992,5.337821,0.000000,1.835254,6.775811,0.436111,26.730895
0.000000,0.000000,9.268572,5.007452,0.000000,1.917564,6.221673,0.375833,26.071996
0.000000,0.000000,11.735185,5.193203,0.000000,1.811779,6.549193,0.446161,27.811938
0.000000,0.000000,11.253054,5.370131,0.000000,2.210349,8.225167,0.469137,27.959880
0.000000,0.000000,11.097729,6.177791,0.000000,2.118618,7.268584,0.474033,30.992254
0.000000,0.000000,14.905195,6.752864,0.000000,2.627707,8.608424,0.644307,34.154390
0.000000,0.000000,10.074997,5.561157,0.000000,2.827263,6.729208,0.556993,31.710285
0.000000,0.000000,11.678797,5.774403,0.000000,1.903510,19.698484,0.915289,38.734074
0.000000,0.000000,11.015258,5.420382,0.000000,1.936665,8.580315,0.078664,43.102953
0.000000,0.000000,11.512269,6.076256,0.000000,1.650620,7.019906,0.550721,31.192797
0.000000,0.000000,9.650951,5.376712,0.000000,1.683919,5.586239,0.351934,27.082205
0.000000,0.000000,8.702726,5.151994,0.000000,1.694489,6.492995,0.406635,23.663697
0.000000,0.000000,9.677002,5.286757,0.000000,1.771112,7.550103,0.432844,26.166483
0.000000,0.000000,9.506007,5.392275,0.000000,1.841137,7.118581,0.382952,27.078526
0.000000,0.000000,11.129050,5.412786,0.000000,1.979177,7.793375,0.446118,28.359847
0.000000,0.000000,9.382358,5.302486,0.000000,2.268023,7.347587,0.466002,28.066466
0.000000,0.000000,10.237507,5.377543,0.000000,1.804230,16.156529,0.370862,28.718380
0.000000,0.000000,9.339312,4.920062,0.000000,1.724508,5.581550,8.280025,35.060734
0.000000,0.000000,8.459550,6.379701,0.000000,1.680900,5.212435,0.344316,32.970776
0.000000,0.000000,8.477687,4.898127,0.000000,1.715208,6.055420,0.357057,22.792157
0.000000,0.000000,8.101298,4.843160,0.000000,1.761279,5.319208,0.368920,23.346937
0.000000,0.000000,10.553794,5.052633,0.000000,1.849211,6.745983,0.405495,25.461116
0.000000,0.000000,8.408316,4.999570,0.000000,2.115949,7.702328,0.536763,24.824634
0.000000,0.000000,9.114624,7.315067,0.000000,2.026866,6.450789,0.716448,29.562472
0.000000,0.000000,13.663327,6.250855,0.000000,1.846921,7.557722,0.433018,32.340348
0.000000,0.000000,13.964479,6.048723,0.000000,2.012204,6.252284,0.501914,32.602110
0.000000,0.000000,11.911385,6.539810,0.000000,1.955290,6.321689,0.445586,30.107158
0.000000,0.000000,16.623789,6.008684,0.000000,1.732442,9.246751,0.669237,34.286318
0.000000,0.000000,10.681362,4.944742,0.000000,2.411653,6.777739,0.834845,30.746733
0.000000,0.000000,9.735284,6.586646,0.000000,2.847668,6.830083,1.277620,34.505021
0.000000,0.000000,13.987727,6.315029,0.000000,1.672121,5.178313,0.391863,45.195815
0.000000,0.000000,8.648657,5.092485,0.000000,1.557099,5.591405,0.448669,23.338167
0.000000,0.000000,10.009238,4.977627,0.000000,1.692655,9.973775,0.473512,24.768805
0.000000,0.000000,9.872623,5.215897,0.000000,1.535479,6.099559,0.586742,29.735949
0.000000,0.000000,10.141255,5.351083,0.000000,1.975444,6.864531,0.534669,26.426958
0.000000,0.000000,11.164315,5.816129,0.000000,1.745672,6.875482,0.541170,29.497146
0.000000,0.000000,9.850858,5.498871,0.000000,1.656373,7.393415,0.616513,27.465951
0.000000,0.000000,10.400651,5.794005,0.000000,1.601271,6.852615,0.506277,28.813617
0.000000,0.000000,9.900073,5.649745,0.000000,1.925325,11.766501,0.513614,27.030555
0.000000,0.000000,9.005073,6.093253,0.000000,2.336983,5.711147,0.509598,32.091871
0.000000,0.000000,9.086535,4.665754,0.000000,4.489180,10.915495,0.958147,27.040833
0.000000,0.000000,18.734679,7.058227,0.000000,2.093417,7.619009,0.533475,50.310790
0.000000,0.000000,12.761604,5.777015,0.000000,2.172700,8.231575,0.149296,31.966865
0.000000,0.000000,10.583905,5.510451,0.000000,2.171094,11.941812,1.079779,29.705292
0.000000,0.000000,18.751907,8.197535,0.000000,1.895065,6.816268,0.549309,46.127017
0.000000,0.000000,9.752864,5.282666,0.000000,1.920060,9.221388,0.568542,26.886610
0.000000,0.000000,12.070715,5.413934,0.000000,1.824553,8.233214,0.635104,32.395032
0.000000,0.000000,12.812120,5.801944,0.000000,2.155888,10.088359,0.764951,32.943961
0.000000,0.000000,14.151778,6.835009,0.000000,1.928580,6.972173,0.533800,38.228673
0.000000,0.000000,11.478983,5.719849,0.000000,2.260958,8.682116,0.599983,29.425625
0.000000,0.000000,13.847199,6.043318,0.000000,4.134664,9.628590,0.870400,34.475393
0.000000,0.000000,21.396964,8.036768,0.000000,2.780877,11.569474,0.830384,47.650143
0.000000,0.000000,12.452908,9.368664,0.000000,2.308473,9.191694,0.535341,40.769365
0.000000,0.000000,13.291666,6.730917,0.000000,2.428595,7.912261,0.723014,35.140838
0.000000,0.000000,11.047077,6.854842,0.000000,2.418870,7.032603,1.046611,32.669258
0.000000,0.000000,11.970458,5.839410,0.000000,2.124479,19.217959,0.591268,34.042445
0.000000,0.000000,10.285036,6.896323,0.000000,2.378497,8.784721,0.543981,42.040993
0.000000,0.000000,10.817112,5.706405,0.000000,2.466060,8.648092,0.661987,31.126789
0.000000,0.000000,15.100564,6.734904,0.000000,2.258070,9.839300,0.531326,37.061960
0.000000,0.000000,9.497886,5.627589,0.000000,2.077572,8.176610,0.565535,30.752414
0.000000,0.000000,9.497543,5.628717,0.000000,2.446361,8.284056,0.581001,29.033870
0.000000,0.000000,11.598746,7.888899,0.000000,2.734306,8.883291,0.609924,33.859169
0.000000,0.000000,14.642775,10.281263,0.000000,2.212336,9.383803,0.974220,40.759188
0.000000,0.000000,13.226801,6.871659,0.000000,2.646373,6.947351,0.908820,36.054838
0.000000,0.000000,12.103111,6.058545,0.000000,2.309188,21.489021,0.717696,42.979887
0.000000,0.000000,13.285691,6.862947,0.000000,2.515868,7.344983,0.538286,48.471269
0.000000,0.000000,14.563621,6.354174,0.000000,2.316764,11.597646,0.683940,34.068131
0.000000,0.000000,15.625722,6.976860,0.000000,2.118749,8.674619,0.713497,40.694204
0.000000,0.000000,11.359769,6.166025,0.000000,2.217784,7.660028,0.621682,32.438558
0.000000,0.000000,12.694203,6.193236,0.000000,2.389600,8.224225,0.509279,32.746004
0.000000,0.000000,12.490774,7.367256,0.000000,2.489873,6.770801,0.506657,34.417353
0.000000,0.000000,9.820737,5.524988,0.000000,3.541400,9.304721,0.895079,37.384987
0.000000,0.000000,16.825436,8.420341,0.000000,2.325182,8.062261,0.477715,52.870990
0.000000,0.000000,14.263467,7.981562,0.000000,2.017157,8.585051,0.503978,36.124325
0.000000,0.000000,15.041879,6.540130,0.000000,1.826616,7.806486,0.498005,35.729123
0.000000,0.000000,13.835608,6.244443,0.000000,2.097270,9.943232,0.513434,33.291179
0.000000,0.000000,23.834316,8.001858,0.000000,2.719590,20.714403,0.485386,48.044994
0.000000,0.000000,13.731009,7.411924,0.000000,1.861641,8.134955,0.761098,48.625834
0.000000,0.000000,11.684113,6.377234,0.000000,3.497186,13.112114,1.454200,46.429128
0.000000,0.000000,28.780806,9.695414,0.000000,2.406473,10.165426,0.550707,72.727615
0.000000,0.000000,17.370845,7.503210,0.000000,3.250556,17.789573,0.915303,41.854574
0.000000,0.000000,26.852358,11.804421,0.000000,2.231758,10.629663,0.791229,66.793764
0.000000,0.000000,15.976837,7.144999,0.000000,2.747939,9.341200,0.441831,40.869934
0.000000,0.000000,13.664001,6.206263,0.000000,2.887517,38.984443,0.484360,39.712698
0.000000,0.000000,20.238496,10.359968,0.000000,1.771115,9.373988,0.444058,76.329330
0.000000,0.000000,16.971852,7.032047,0.000000,1.775005,7.951015,0.676313,39.362363
0.000000,0.000000,16.901819,6.353415,0.000000,1.941477,9.114411,0.525072,37.496427
0.000000,0.000000,10.212992,6.581824,0.000000,2.134102,9.836141,0.636494,31.980351
0.000000,0.000000,10.660136,5.627265,0.000000,2.033161,9.247202,0.526175,46.826628
0.000000,0.000000,13.594480,6.277084,0.000000,3.344534,9.972856,0.921750,35.102373
0.000000,0.000000,17.194862,10.800504,0.000000,1.765086,8.098806,0.447264,46.996327
0.000000,0.000000,16.648256,6.527451,0.000000,1.251100,14.298560,0.417530,36.430830
0.000000,0.000000,10.456893,6.226486,0.000000,1.712505,9.335601,0.567547,35.312399
0.000000,0.000000,10.266320,5.656749,0.000000,2.295501,6.232350,0.502820,30.900571
0.000000,0.000000,9.001409,5.613459,0.000000,1.540424,20.066574,0.495206,35.625119
0.000000,0.000000,9.107104,4.879150,0.000000,1.758319,8.715331,0.560560,39.435923
0.000000,0.000000,9.721332,5.361494,0.000000,1.437730,7.074054,0.421894,29.277673
0.000000,0.000000,9.839739,5.258695,0.000000,2.570058,15.354419,0.499240,26.764973
0.000000,0.000000,14.484931,8.085449,0.000000,1.490334,16.235744,0.454175,44.607763
0.000000,0.000000,12.479288,6.181271,0.000000,1.849055,7.297361,0.431251,39.569972
0.000000,0.000000,12.493303,6.026945,0.000000,2.064140,12.341859,0.595144,30.771669
0.000000,0.000000,12.178361,8.650475,0.000000,2.122948,22.448782,0.491095,39.449056
0.000000,0.000000,9.161518,4.749741,0.000000,1.674361,8.321970,0.522373,42.248669
0.000000,0.000000,10.288868,5.621878,0.000000,1.669589,6.598818,0.421276,29.465893
0.000000,0.000000,10.091563,4.923719,0.000000,1.763731,6.772828,0.415347,26.613093
0.000000,0.000000,13.164848,7.261752,0.000000,1.250043,5.729044,0.378405,32.102385
0.000000,0.000000,9.385225,4.890392,0.000000,1.332722,5.484951,0.282589,24.196179
0.000000,0.000000,11.704890,4.708226,0.000000,1.450459,6.948966,0.420494,26.112272
0.000000,0.000000,8.839953,4.717208,0.000000,2.178339,7.585185,0.462881,25.283556
0.000000,0.000000,9.527113,4.649418,0.000000,1.633242,17.953077,0.310681,29.306222
0.000000,0.000000,8.538188,4.313269,0.000000,1.589323,6.028715,0.284231,35.183784
0.000000,0.000000,8.720795,4.480998,0.000000,1.694827,6.334536,0.344637,23.472458
0.000000,0.000000,8.427427,5.069308,0.000000,1.611399,5.964275,0.279856,24.724836
0.000000,0.000000,9.098209,4.276415,0.000000,1.669545,7.102642,0.479082,23.450725
0.000000,0.000000,9.375067,4.710077,0.000000,1.470198,5.928435,0.301534,26.226465
0.000000,0.000000,8.743286,4.650889,0.000000,1.606813,7.033276,0.398992,23.397427
0.000000,0.000000,8.479241,4.762342,0.000000,1.734602,7.566955,0.432397,24.957383
0.000000,0.000000,11.474637,5.553748,0.000000,1.623423,7.327008,0.625705,29.738686
0.000000,0.000000,9.428277,4.566078,0.000000,3.586388,10.435556,0.574027,26.841635
0.000000,0.000000,11.975687,6.519247,0.000000,1.895078,20.065484,0.501575,39.792887
0.000000,0.000000,11.792157,5.328577,0.000000,1.794755,8.742123,0.603013,42.257662
0.000000,0.000000,13.275770,5.441506,0.000000,1.808067,6.920267,0.365885,33.189771
0.000000,0.000000,11.085795,5.311131,0.000000,1.754385,6.990890,0.341760,28.047130
0.000000,0.000000,11.981627,6.350220,0.000000,1.687509,6.843727,0.380610,29.977588
0.000000,0.000000,12.041889,5.261335,0.000000,1.670228,5.866376,0.426104,28.992091
0.000000,0.000000,11.225104,5.224184,0.000000,1.505090,8.179898,0.428297,27.356767
0.000000,0.000000,12.945912,5.235944,0.000000,2.411665,10.238175,0.423944,31.626010
0.000000,0.000000,10.442850,5.129811,0.000000,1.637959,6.435135,0.395962,31.451460
0.000000,0.000000,11.122058,4.677819,0.000000,1.810988,6.259769,0.580805,26.970603
0.000000,0.000000,8.958728,4.359908,0.000000,1.466517,20.027852,0.436386,32.087000
0.000000,0.000000,12.161649,5.003202,0.000000,1.673314,6.481418,0.388776,41.733246
0.000000,0.000000,10.614513,4.694846,0.000000,1.682208,6.754920,0.416648,26.150917
0.000000,0.000000,8.405685,4.655501,0.000000,1.906496,6.493921,0.351525,24.668443
0.000000,0.000000,12.226780,5.179011,0.000000,1.890362,6.935291,0.335059,28.536147
0.000000,0.000000,9.290975,4.927094,0.000000,1.980899,6.589120,0.392986,25.932009
0.000000,0.000000,9.061127,4.661488,0.000000,1.574797,7.287894,0.353443,25.388932
0.000000,0.000000,8.944864,4.863071,0.000000,2.344137,7.129908,0.411314,25.653641
0.000000,0.000000,9.747431,4.608853,0.000000,2.288924,5.606104,0.623975,28.323057
0.000000,0.000000,8.900400,4.544939,0.000000,1.570665,6.405720,12.787437,34.071084
0.000000,0.000000,10.928838,4.485172,0.000000,1.659582,5.981226,0.431537,38.862883
0.000000,0.000000,13.850938,4.699188,0.000000,1.708890,5.656459,0.318264,29.292700
0.000000,0.000000,10.735056,5.229352,0.000000,1.789343,7.001657,0.446107,26.034822
0.000000,0.000000,16.265370,5.486462,0.000000,1.476954,5.229683,0.409980,33.701839
0.000000,0.000000,9.579790,4.811341,0.000000,1.993154,5.027735,0.354755,24.139909
0.000000,0.000000,9.950667,5.021464,0.000000,1.800871,6.885088,0.369115,25.053213
0.000000,0.000000,9.949930,5.741962,0.000000,1.818240,5.604098,0.314307,27.296602
0.000000,0.000000,11.135415,5.108552,0.000000,2.067821,5.198042,0.532566,26.267298
0.000000,0.000000,13.440676,5.412742,0.000000,2.462151,5.469225,0.372752,29.738139
0.000000,0.000000,8.927969,4.278254,0.000000,1.772272,18.976175,0.389470,33.832260
0.000000,0.000000,10.759269,4.804935,0.000000,1.722622,6.898258,0.470860,39.371070
0.000000,0.000000,13.329456,5.666603,0.000000,1.594294,4.717693,0.319939,30.890971
0.000000,0.000000,9.348000,4.476818,0.000000,1.427811,6.064202,0.478321,22.672853
0.000000,0.000000,9.233578,4.738018,0.000000,1.453314,6.931839,0.396358,24.701208
0.000000,0.000000,8.870576,4.219214,0.000000,1.536831,5.733253,0.452158,24.360928
0.000000,0.000000,10.853810,4.896233,0.000000,1.689867,7.391701,0.524808,26.346014
0.000000,0.000000,9.840659,4.835639,0.000000,2.397590,6.911087,0.492649,27.277018
0.000000,0.000000,9.420011,4.603372,0.000000,1.467288,5.294200,0.528974,34.341071
0.000000,0.000000,8.575262,4.602119,0.000000,1.472534,5.426903,0.456290,22.732994
0.000000,0.000000,8.740326,4.387626,0.000000,1.700823,6.174610,0.109383,22.973582
0.000000,0.000000,8.888801,4.662687,0.000000,1.121560,4.580008,0.566467,24.078799
0.000000,0.000000,9.497218,4.296410,0.000000,1.561473,5.399373,0.966231,22.175861
0.000000,0.000000,9.952060,4.593233,0.000000,1.081180,4.603570,0.437698,25.254935
0.000000,0.000000,8.767737,4.498180,0.000000,1.241766,5.476718,0.505268,21.653451
0.000000,0.000000,11.310031,4.883904,0.000000,1.229764,8.611513,0.857487,26.115919
0.000000,0.000000,13.601303,5.418428,0.000000,2.068196,5.496501,0.642060,34.082017
0.000000,0.000000,10.727429,6.495997,0.000000,1.515164,6.106600,0.456390,42.650740
0.000000,0.000000,11.288513,6.068203,0.000000,2.758506,8.201267,0.140727,27.855900
0.000000,0.000000,12.190018,7.417627,0.000000,1.306260,7.525263,0.649499,34.274279
0.000000,0.000000,15.658466,5.231601,0.000000,1.473361,5.447138,0.396788,32.994445
0.000000,0.000000,11.018059,5.444531,0.000000,1.395719,4.649969,0.485717,25.842353
0.000000,0.000000,13.528292,5.779409,0.000000,1.353011,8.498754,0.740698,28.134146
0.000000,0.000000,11.131669,5.374971,0.000000,1.703578,5.858440,0.480216,29.665416
0.000000,0.000000,17.782320,7.712256,0.000000,1.995227,21.894981,0.480107,37.701183
0.000000,0.000000,14.886435,6.446542,0.000000,1.515174,6.513501,0.401494,47.791458
0.000000,0.000000,10.447240,5.279842,0.000000,1.462726,6.093992,0.394937,26.428421
0.000000,0.000000,8.466879,4.962595,0.000000,1.492824,5.604970,0.407225,23.493485
0.000000,0.000000,10.926990,5.118062,0.000000,1.531893,6.522752,0.411854,25.571791
0.000000,0.000000,8.823783,4.919051,0.000000,1.715547,6.393686,0.465261,24.317778
0.000000,0.000000,10.755307,5.561853,0.000000,1.695070,6.203004,0.535244,27.213475
0.000000,0.000000,9.526504,4.837921,0.000000,1.996857,6.643762,0.465769,25.361221
0.000000,0.000000,10.587100,5.121965,0.000000,1.710918,6.066032,0.467377,36.371647
0.000000,0.000000,12.622265,5.948834,0.000000,1.725598,6.637612,0.381910,29.351209
0.000000,0.000000,13.119884,5.550305,0.000000,1.447163,5.093376,0.376928,29.577768
0.000000,0.000000,10.826086,5.212328,0.000000,1.686595,7.007631,0.512728,25.296406
0.000000,0.000000,12.320632,7.165797,0.000000,2.539420,8.800158,0.179686,31.194990
0.000000,0.000000,12.421443,7.325433,0.000000,1.458957,7.987836,0.732961,34.771279
0.000000,0.000000,13.979076,6.637462,0.000000,2.492448,5.365637,0.093822,33.296773
0.000000,0.000000,9.810525,6.152601,0.000000,1.021094,5.410030,0.581158,36.845714
0.000000,0.000000,9.415736,4.359577,0.000000,1.457358,6.135750,0.453876,22.816180
0.000000,0.000000,9.749241,4.595195,0.000000,1.520706,5.287995,0.371473,24.646080
0.000000,0.000000,9.389743,4.827081,0.000000,1.728727,5.839209,0.378802,23.321360
0.000000,0.000000,8.444686,4.478176,0.000000,1.631049,6.140258,0.363670,22.945379
0.000000,0.000000,9.783300,5.110414,0.000000,1.599485,5.870884,0.481991,25.346302
0.000000,0.000000,11.203591,5.990134,0.000000,2.006170,6.465156,0.425961,27.753614
0.000000,0.000000,9.828741,5.642692,0.000000,1.480039,5.577024,0.381072,38.386583
0.000000,0.000000,9.677104,4.998452,0.000000,1.667220,6.071256,0.427944,24.188655
0.000000,0.000000,8.787017,4.657726,0.000000,1.510744,7.124761,0.389283,24.298032
0.000000,0.000000,9.640064,5.093632,0.000000,1.804321,6.493590,0.454714,25.703774
0.000000,0.000000,14.755007,5.575227,0.000000,1.763466,6.464176,0.472943,31.282161
0.000000,0.000000,9.985682,5.685789,0.000000,1.705397,6.510585,0.552096,26.798102
0.000000,0.000000,8.768970,5.253811,0.000000,1.661301,6.767181,0.638726,25.396711
0.000000,0.000000,9.825800,5.725035,0.000000,1.937316,7.929889,0.693594,27.438211
0.000000,0.000000,8.849306,4.921328,0.000000,1.734613,10.434421,0.490510,36.499813
0.000000,0.000000,10.398813,5.824587,0.000000,1.635722,5.769116,0.415479,31.145562
0.000000,0.000000,10.435263,5.269094,0.000000,2.391894,7.805432,0.485573,25.591878
0.000000,0.000000,10.594016,6.112969,0.000000,2.064989,6.920873,0.117054,29.726869
0.000000,0.000000,13.390562,5.730071,0.000000,1.262104,5.601784,0.658084,30.604145
0.000000,0.000000,10.314194,5.357472,0.000000,1.981251,4.852787,0.546717,25.832190
0.000000,0.000000,9.729878,7.554139,0.000000,1.423040,21.482787,0.499636,29.325553
0.000000,0.000000,8.216851,4.552412,0.000000,1.507504,5.354198,0.461294,38.669783
0.000000,0.000000,8.644983,4.403717,0.000000,1.366292,5.199199,0.398871,22.377336
0.000000,0.000000,8.596909,4.611506,0.000000,1.391321,10.074183,0.363924,22.062379
0.000000,0.000000,9.431567,5.387220,0.000000,1.465613,5.072612,0.370117,28.625753
0.000000,0.000000,8.438710,4.447337,0.000000,1.534857,7.376249,0.137387,21.703949
0.000000,0.000000,9.844542,5.457347,0.000000,1.647217,5.966876,0.527519,27.084977
0.000000,0.000000,9.971457,5.010046,0.000000,1.627710,4.798334,0.337649,38.626025
0.000000,0.000000,9.587105,4.498822,0.000000,1.363537,5.440492,0.446217,22.616283
0.000000,0.000000,10.953900,4.718707,0.000000,1.225742,4.980201,0.412096,24.792670
0.000000,0.000000,9.783476,4.787522,0.000000,1.585731,5.962015,0.544998,23.055185
0.000000,0.000000,10.550749,5.731702,0.000000,1.722115,5.507555,0.418621,26.868493
0.000000,0.000000,12.797270,5.993748,0.000000,2.293344,7.668558,0.632284,28.467410
0.000000,0.000000,14.786703,7.348513,0.000000,1.514072,5.565349,0.451959,35.198652
0.000000,0.000000,11.502159,5.371281,0.000000,2.676047,9.685839,1.817280,26.673343
0.000000,0.000000,26.544805,7.267739,0.000000,2.979068,8.149823,0.831461,51.362937
0.000000,0.000000,13.418960,5.914901,0.000000,1.702101,5.640964,0.435185,33.958159
0.000000,0.000000,11.992249,5.329923,0.000000,1.384912,6.610733,0.420153,27.233243
0.000000,0.000000,8.575601,4.657904,0.000000,2.260478,7.056288,0.501762,23.646170
0.000000,0.000000,11.144981,5.134319,0.000000,1.613194,23.603377,0.500044,32.859124
0.000000,0.000000,13.924548,6.436729,0.000000,1.724838,6.978766,0.575526,48.723806
0.000000,0.000000,11.822157,5.456517,0.000000,1.451485,5.646871,0.498644,29.474021
0.000000,0.000000,11.311576,5.618776,0.000000,1.333493,5.560908,0.386825,26.833567
0.000000,0.000000,8.955586,5.241166,0.000000,1.571260,6.885497,1.051301,23.465667
0.000000,0.000000,16.188740,7.537992,0.000000,2.039971,5.063167,0.546210,36.485151
0.000000,0.000000,10.809004,6.413723,0.000000,1.542672,20.561753,0.539851,30.871629
0.000000,0.000000,9.797170,5.299258,0.000000,1.539365,5.261016,0.503119,39.948680
0.000000,0.000000,12.625953,6.037601,0.000000,1.901442,6.792887,0.119093,28.040716
0.000000,0.000000,9.962316,5.126549,0.000000,1.339092,6.417700,0.686000,26.143644
0.000000,0.000000,10.644497,5.285041,0.000000,2.222610,5.866530,0.131668,26.388606
0.000000,0.000000,10.402916,5.388087,0.000000,1.180049,6.384339,0.581555,26.415570
0.000000,0.000000,13.004136,5.286838,0.000000,2.011979,5.647576,0.845363,28.323453
0.000000,0.000000,10.520268,5.376934,0.000000,1.535486,6.569735,0.546453,35.105458
0.000000,0.000000,11.996259,5.561662,0.000000,1.565078,6.250766,0.528765,28.419607
0.000000,0.000000,9.578509,4.969191,0.000000,1.410332,4.644161,0.448564,25.013366
0.000000,0.000000,9.494344,5.209678,0.000000,1.550773,6.117556,0.495856,22.914558
0.000000,0.000000,12.356406,5.491519,0.000000,1.711634,5.186106,0.375011,28.153208
0.000000,0.000000,13.723144,6.407219,0.000000,1.518933,4.934949,0.335842,29.433750
0.000000,0.000000,7.977443,5.590289,0.000000,15.991312,5.177984,0.413330,25.420834
0.000000,0.000000,8.867898,4.638198,0.000000,1.562564,5.351950,0.390782,37.216596
0.000000,0.000000,8.506350,4.606700,0.000000,1.822109,6.522784,0.505631,22.444840
0.000000,0.000000,12.651791,5.461712,0.000000,1.561650,4.696577,0.557121,29.232012
0.000000,0.000000,9.290807,4.835028,0.000000,2.139766,7.331096,0.614695,23.270057
0.000000,0.000000,10.567338,8.349721,0.000000,1.811275,5.387096,0.470111,31.889108
0.000000,0.000000,13.924134,6.909470,0.000000,2.030758,7.186336,0.507042,31.131194
0.000000,0.000000,9.231795,7.037762,0.000000,1.448906,20.663648,0.391939,28.415726
0.000000,0.000000,8.516082,4.395771,0.000000,1.303329,4.627739,0.336514,37.307124
0.000000,0.000000,9.295465,5.103094,0.000000,1.574424,5.175350,0.429609,22.431316
0.000000,0.000000,7.758831,4.848468,0.000000,1.508650,6.124222,0.422710,21.661888
0.000000,0.000000,10.316041,5.366903,0.000000,1.428031,5.748187,0.382945,25.842297
0.000000,0.000000,10.194468,5.669838,0.000000,1.799416,6.429053,0.486554,25.372210
0.000000,0.000000,10.355163,5.411297,0.000000,2.210907,6.013594,0.769451,26.717628
0.000000,0.000000,11.286489,7.414370,0.000000,1.636438,22.836086,0.567876,30.354448
0.000000,0.000000,10.920341,5.541544,0.000000,1.765207,5.701216,0.455872,44.046035
0.000000,0.000000,12.411489,5.526985,0.000000,2.252731,7.750212,0.541174,27.980708
0.000000,0.000000,11.429114,6.090551,0.000000,1.362765,4.655590,0.384433,30.688538
0.000000,0.000000,8.662308,4.730544,0.000000,1.525127,4.776622,0.361510,21.643902
0.000000,0.000000,8.297271,4.793924,0.000000,2.368826,6.008623,0.541736,21.576563
0.000000,0.000000,12.206761,6.686140,0.000000,1.671772,4.741399,0.374614,30.363684
0.000000,0.000000,9.519721,5.735725,0.000000,1.577575,21.051079,0.405396,29.704691
0.000000,0.000000,12.617831,6.187585,0.000000,1.700481,5.227203,0.611793,43.859952
0.000000,0.000000,10.201995,5.502032,0.000000,1.519571,3.934223,0.414080,25.357805
0.000000,0.000000,8.308018,4.255561,0.000000,1.658304,4.936348,0.409738,20.310286
0.000000,0.000000,9.610597,4.537037,0.000000,1.633319,5.430089,0.518581,23.212097
0.000000,0.000000,10.391190,5.218541,0.000000,1.735032,6.033409,0.566423,25.330757
0.000000,0.000000,12.496144,4.546625,0.000000,2.167686,4.321424,0.454638,27.730281
0.000000,0.000000,8.899291,4.080162,0.000000,1.367317,21.344831,0.555601,25.644824
0.000000,0.000000,10.438148,4.857086,0.000000,1.518910,4.618460,0.387486,41.033457
0.000000,0.000000,9.194243,4.316070,0.000000,1.815573,5.313156,0.529568,21.811442
0.000000,0.000000,11.189220,5.207135,0.000000,1.747794,4.696389,0.497409,26.378698
0.000000,0.000000,10.296476,4.883228,0.000000,1.366193,4.347377,0.450780,24.256369
0.000000,0.000000,11.036130,5.203439,0.000000,1.588519,4.977530,0.428826,24.432891
0.000000,0.000000,9.880412,4.829423,0.000000,2.071469,4.899715,0.651175,23.558108
0.000000,0.000000,9.795053,5.336358,0.000000,1.631567,4.746226,0.562334,30.965397
0.000000,0.000000,9.233908,4.628194,0.000000,1.604246,4.242458,0.075747,22.993342
0.000000,0.000000,8.027408,4.285058,0.000000,1.266795,5.148250,0.590107,20.073082
0.000000,0.000000,11.158382,4.749599,0.000000,1.744543,4.980245,0.548922,25.081002
0.000000,0.000000,9.697593,4.857615,0.000000,1.138488,4.157111,0.374999,24.036025
0.000000,0.000000,8.166464,4.619353,0.000000,1.626387,4.625271,0.457127,20.387500
0.000000,0.000000,10.880543,5.078255,0.000000,1.467773,5.251780,0.627754,24.853792
0.000000,0.000000,10.894835,4.589213,0.000000,1.342057,20.799464,0.376057,25.244420
0.000000,0.000000,8.467675,4.420703,0.000000,1.497442,3.421317,0.430424,37.289286
0.000000,0.000000,8.490502,4.263419,0.000000,1.711281,4.303117,0.459090,19.917862
0.000000,0.000000,10.129906,4.865550,0.000000,1.656617,3.779720,0.329483,23.819585
0.000000,0.000000,11.958399,4.385002,0.000000,1.480976,3.739383,0.427371,24.069764
0.000000,0.000000,10.421918,6.154698,0.000000,1.569100,4.815041,0.464292,24.440159
0.000000,0.000000,10.557551,8.507673,0.000000,1.303032,3.519536,0.372674,28.196069
0.000000,0.000000,10.792698,5.029816,0.000000,1.829956,4.885531,0.150381,22.976283
0.000000,0.000000,10.677600,5.378007,0.000000,1.999568,4.786552,0.509026,25.674459
0.000000,0.000000,14.699684,5.726090,0.000000,2.452816,5.506497,0.117153,45.417848
0.000000,0.000000,12.881865,5.846009,0.000000,1.923479,5.699740,0.825515,29.143453
0.000000,0.000000,12.547000,6.211907,0.000000,1.389977,4.596627,0.480658,29.871950
0.000000,0.000000,12.406556,6.083158,0.000000,2.282685,6.522950,0.115191,26.910652
0.000000,0.000000,11.039953,6.560530,0.000000,1.714699,9.336681,0.668345,28.692563
0.000000,0.000000,10.517544,5.098547,0.000000,1.817975,4.211136,0.133001,42.698688
0.000000,0.000000,9.999021,4.482780,0.000000,1.032092,3.587404,0.488681,22.679807
0.000000,0.000000,9.927626,4.652911,0.000000,1.694398,5.482515,0.106275,21.383960
0.000000,0.000000,9.644033,4.999579,0.000000,1.787966,8.101737,1.417286,23.999491
0.000000,0.000000,20.830356,9.897145,0.000000,1.428587,3.578224,0.400226,50.761987
0.000000,0.000000,9.828159,5.385232,0.000000,1.443075,4.780743,0.457349,22.698262
0.000000,0.000000,8.603250,5.803979,0.000000,1.959540,4.982758,0.381117,23.161254
0.000000,0.000000,8.363033,4.754757,0.000000,1.466495,4.811624,0.376509,31.944991
0.000000,0.000000,8.958839,4.213186,0.000000,1.882967,5.098930,0.405748,21.690067
0.000000,0.000000,8.467700,5.782771,0.000000,1.610120,4.307824,0.316115,23.778819
0.000000,0.000000,10.266880,4.954913,0.000000,1.832457,6.809584,0.401307,23.476779
0.000000,0.000000,8.780847,4.944782,0.000000,1.747666,4.493339,0.341782,24.882160
0.000000,0.000000,10.394984,4.785370,0.000000,1.944672,5.345194,0.528444,23.495915
0.000000,0.000000,12.380650,6.145385,0.000000,2.752157,5.746016,0.105504,28.829300
0.000000,0.000000,13.906798,5.313784,0.000000,2.532906,5.488213,0.690850,33.623362
0.000000,0.000000,16.706891,7.525859,0.000000,1.701241,6.769059,0.418974,55.886174
0.000000,0.000000,16.631728,6.462181,0.000000,2.066907,5.705205,0.416758,34.231870
0.000000,0.000000,10.343432,5.737049,0.000000,1.882140,5.825102,0.532413,26.769591
0.000000,0.000000,16.515156,7.133019,0.000000,2.257227,6.130824,0.506238,34.244333
0.000000,0.000000,11.500805,5.745542,0.000000,2.126663,24.081113,0.891906,32.696097
0.000000,0.000000,14.282111,5.845844,0.000000,1.888058,6.341104,0.554454,50.418835
0.000000,0.000000,12.534796,5.449882,0.000000,1.894196,7.383584,0.463167,29.275014
0.000000,0.000000,14.225310,5.705184,0.000000,2.094084,6.533519,0.458109,31.878920
0.000000,0.000000,13.073680,5.123408,0.000000,2.469392,10.503693,0.427602,29.633508
0.000000,0.000000,12.609223,8.403387,0.000000,2.897715,6.244020,0.519385,37.164924
0.000000,0.000000,10.037066,5.377967,0.000000,1.853452,6.767472,0.441048,39.947798
0.000000,0.000000,9.568467,5.073944,0.000000,2.019119,7.171744,0.561265,25.896211
0.000000,0.000000,10.517696,5.407533,0.000000,1.802888,4.916357,0.418532,28.517297
0.000000,0.000000,12.085274,5.145741,0.000000,1.830407,7.611667,0.397052,26.810456
0.000000,0.000000,10.096106,5.026745,0.000000,1.966561,5.710418,0.398364,27.301413
0.000000,0.000000,9.600237,4.524345,0.000000,2.488183,8.042622,0.437025,24.469021
0.000000,0.000000,11.622681,7.777685,0.000000,2.168212,7.551096,0.444255,44.800993
0.000000,0.000000,12.617490,5.610142,0.000000,2.026096,7.328275,0.486454,30.816735
0.000000,0.000000,9.573248,5.698022,0.000000,2.032962,6.706086,0.407544,27.667748
0.000000,0.000000,10.165770,5.325729,0.000000,2.160640,8.904241,0.581510,26.972212
0.000000,0.000000,14.393973,6.182050,0.000000,2.493220,5.038172,0.637861,35.219733
0.000000,0.000000,8.851226,4.907136,0.000000,1.816708,24.913996,0.795262,25.178117
0.000000,0.000000,10.031897,6.061523,0.000000,1.740057,5.287058,0.347657,46.549842
0.000000,0.000000,14.219586,6.077982,0.000000,2.111288,7.260649,0.524323,30.210338
0.000000,0.000000,12.382906,6.047630,0.000000,4.604578,12.946612,0.844471,31.186004
0.000000,0.000000,21.012399,7.604500,0.000000,2.018458,8.018826,0.480481,51.197047
0.000000,0.000000,14.167197,7.122965,0.000000,2.662127,6.864942,0.561894,34.845216
0.000000,0.000000,14.325689,6.076083,0.000000,1.933277,25.485559,0.139493,39.830618
0.000000,0.000000,15.152473,6.413784,0.000000,1.599319,6.426484,0.609791,51.746444
0.000000,0.000000,10.710788,5.607912,0.000000,2.471740,6.762403,0.083263,27.839872
0.000000,0.000000,12.947096,6.051918,0.000000,1.792208,7.858119,0.578205,30.605528
0.000000,0.000000,13.193112,6.150849,0.000000,1.471872,5.146970,0.581797,32.588735
0.000000,0.000000,9.506832,6.011619,0.000000,2.300893,6.331263,0.531024,25.480628
0.000000,0.000000,8.501242,4.792382,0.000000,1.795251,6.492301,0.429355,40.180886
0.000000,0.000000,9.215777,5.044889,0.000000,1.823079,5.987100,0.411480,25.517333
0.000000,0.000000,12.098152,6.046988,0.000000,1.965425,5.638164,0.358060,29.076369
0.000000,0.000000,10.795798,5.325228,0.000000,2.419864,7.416079,0.499195,26.220503
0.000000,0.000000,12.413738,5.932319,0.000000,2.536003,6.606126,0.569597,31.674248
0.000000,0.000000,9.922160,5.832199,0.000000,1.870336,6.476287,18.110860,32.940416
0.000000,0.000000,10.843934,4.966954,0.000000,2.130432,6.383954,0.473175,45.090622
0.000000,0.000000,13.577927,5.319031,0.000000,2.474198,5.948692,0.530704,30.312691
0.000000,0.000000,10.626338,5.755262,0.000000,2.419659,7.088602,0.598020,28.280240
0.000000,0.000000,9.831563,5.310081,0.000000,1.789199,9.738385,0.456268,28.581417
0.000000,0.000000,10.859438,5.533630,0.000000,2.355997,5.489183,0.323709,30.648818
0.000000,0.000000,9.428219,5.044798,0.000000,2.414674,21.974823,0.454935,31.672607
0.000000,0.000000,11.070182,6.012249,0.000000,2.067667,6.381716,0.661777,44.359731
0.000000,0.000000,9.795196,5.607760,0.000000,2.035861,5.936282,0.415909,28.030829
0.000000,0.000000,9.791194,5.352117,0.000000,2.100355,6.623549,0.405582,26.072680
0.000000,0.000000,10.503772,5.959726,0.000000,1.769770,8.773636,0.846411,28.026691
0.000000,0.000000,11.149552,7.333277,0.000000,2.591108,5.547021,0.385811,33.510784
0.000000,0.000000,12.858243,5.907365,0.000000,1.370359,4.788987,0.326783,45.637485
0.000000,0.000000,8.523343,4.012121,0.000000,1.670967,6.022730,0.453249,21.257891
0.000000,0.000000,9.882860,5.409160,0.000000,1.887287,6.181598,0.462848,25.854950
0.000000,0.000000,9.125928,5.112662,0.000000,2.426785,9.189134,1.014426,25.224064
0.000000,0.000000,11.115945,7.220479,0.000000,2.359756,5.899813,0.470298,35.261216
0.000000,0.000000,11.247109,5.139645,0.000000,1.839885,4.924060,0.290369,33.836184
0.000000,0.000000,9.299251,5.865431,0.000000,1.913991,5.180155,0.313988,24.284316
0.000000,0.000000,12.107509,5.831329,0.000000,2.159824,5.996059,0.417298,27.701248
0.000000,0.000000,11.497492,5.844477,0.000000,1.433719,4.198737,0.247983,28.611024
0.000000,0.000000,12.125506,4.502838,0.000000,1.434115,5.023149,0.368178,24.576274
0.000000,0.000000,8.132018,4.437154,0.000000,2.579935,5.498286,0.449700,21.616949
0.000000,0.000000,11.545207,6.623804,0.000000,2.036489,6.002815,0.361124,35.131434
0.000000,0.000000,9.943691,5.108225,0.000000,1.684842,4.610558,0.376069,25.995190
0.000000,0.000000,10.480356,5.013385,0.000000,2.062311,6.720028,0.698917,24.419396
0.000000,0.000000,16.307634,6.411760,0.000000,3.460028,8.257894,0.499405,35.777053
0.000000,0.000000,18.492971,10.311847,0.000000,6.140262,9.911150,0.552162,44.908172
0.000000,0.000000,21.222059,7.093319,0.000000,1.773362,5.438663,0.287681,54.254600
0.000000,0.000000,9.928675,5.023010,0.000000,1.696337,4.694460,0.304620,24.683921
0.000000,0.000000,10.260395,5.722442,0.000000,1.768866,5.499994,0.284562,25.046517
0.000000,0.000000,9.046180,5.168881,0.000000,1.425177,4.837832,0.292728,23.966792
0.000000,0.000000,9.499583,4.694802,0.000000,2.567997,8.325717,0.620922,22.864838
0.000000,0.000000,12.476118,5.137121,0.000000,3.018270,8.084839,0.698233,32.538809
0.000000,0.000000,12.081783,7.298619,0.000000,2.429541,8.397882,0.612006,41.933409
0.000000,0.000000,13.795678,5.732427,0.000000,1.571944,5.461576,0.336966,34.933265
0.000000,0.000000,13.457523,4.696709,0.000000,1.324125,4.892728,0.267655,27.864403
0.000000,0.000000,10.102347,5.012752,0.000000,1.574798,6.002716,0.320380,23.828037
0.000000,0.000000,11.778270,5.316748,0.000000,2.204699,5.042228,0.247509,27.440659
0.000000,0.000000,10.841829,5.484265,0.000000,1.361024,4.605015,0.236554,30.034113
0.000000,0.000000,8.162023,3.881576,0.000000,1.414983,5.017079,0.335600,20.248867
0.000000,0.000000,10.051635,4.736307,0.000000,1.256931,5.020858,0.260646,24.036137
0.000000,0.000000,9.678945,4.097117,0.000000,1.955418,6.974799,0.327609,23.193362
0.000000,0.000000,16.230179,5.369010,0.000000,1.715117,7.097562,0.328392,33.734339
0.000000,0.000000,11.949604,5.684475,0.000000,2.096134,5.818467,0.397912,29.219843
0.000000,0.000000,12.100550,4.531008,0.000000,1.585919,5.515280,18.753915,31.873392
0.000000,0.000000,10.254273,4.443163,0.000000,1.787139,5.312505,0.371396,43.373458
0.000000,0.000000,13.701655,5.242843,0.000000,1.406937,5.705998,0.281432,29.074715
0.000000,0.000000,9.192429,4.355323,0.000000,1.689703,6.713690,0.403907,23.446151
0.000000,0.000000,10.932485,4.792194,0.000000,1.291537,4.903341,0.230834,27.141294
0.000000,0.000000,9.203706,4.397490,0.000000,1.455958,5.049293,0.265054,22.141723
0.000000,0.000000,8.983298,4.000635,0.000000,2.036940,4.927477,0.259334,22.143564
0.000000,0.000000,10.746330,5.018786,0.000000,1.333240,4.627321,0.240544,40.691390
0.000000,0.000000,9.006718,4.285716,0.000000,1.415523,5.446730,0.353851,21.609300
0.000000,0.000000,8.521030,4.284304,0.000000,1.591572,5.287631,0.271656,22.519874
0.000000,0.000000,9.389602,4.603519,0.000000,1.332755,5.995751,0.332128,23.655857
0.000000,0.000000,8.759127,4.381289,0.000000,1.634498,6.271000,0.340768,23.273969
0.000000,0.000000,10.745842,4.723394,0.000000,1.839974,8.033860,0.373170,26.260135
0.000000,0.000000,18.989895,5.387550,0.000000,2.543927,5.732118,0.317624,37.697338
0.000000,0.000000,11.597703,4.475498,0.000000,1.934842,7.346911,0.409517,38.550057
0.000000,0.000000,10.446419,4.848051,0.000000,1.485858,5.218370,0.283636,28.046661
0.000000,0.000000,11.280051,5.067255,0.000000,1.537525,7.137561,0.374856,25.551685
0.000000,0.000000,8.817403,5.031095,0.000000,1.942843,7.691426,0.610805,25.414649
0.000000,0.000000,13.555207,6.034148,0.000000,1.904567,5.979484,0.383475,33.409941
0.000000,0.000000,11.243597,5.248643,0.000000,1.746879,7.322907,0.304863,27.627479
0.000000,0.000000,13.111303,4.984400,0.000000,1.963651,26.872907,0.547213,30.514521
0.000000,0.000000,13.336332,5.100016,0.000000,1.954217,5.438630,0.303077,51.033977
0.000000,0.000000,10.646430,4.637240,0.000000,1.419743,4.879326,0.274301,25.464447
0.000000,0.000000,9.586851,4.184906,0.000000,1.490344,6.957574,0.320645,22.493172
0.000000,0.000000,11.125710,4.935577,0.000000,1.336116,5.398249,0.316875,27.357200
0.000000,0.000000,9.364664,4.342517,0.000000,2.157533,5.790926,0.307088,23.276968
0.000000,0.000000,9.382787,4.262328,0.000000,1.128118,5.873296,13.608738,31.627112
0.000000,0.000000,8.874249,4.038021,0.000000,1.342773,4.790254,0.249008,36.125732
0.000000,0.000000,8.461513,3.831038,0.000000,1.449534,5.301209,0.328976,20.896647
0.000000,0.000000,8.927634,4.182310,0.000000,1.249029,4.431941,0.238869,22.722964
0.000000,0.000000,8.536004,4.709178,0.000000,1.299902,4.709890,0.249405,21.609903
0.000000,0.000000,9.065390,4.302742,0.000000,1.733775,7.157967,0.319366,21.993178
0.000000,0.000000,8.684559,5.582961,0.000000,1.261152,4.613721,0.290293,26.238015
0.000000,0.000000,8.956245,4.161292,0.000000,1.355745,5.869275,0.296442,21.880026
0.000000,0.000000,9.217211,4.664090,0.000000,1.576032,4.928997,0.286203,23.594052
0.000000,0.000000,9.230496,3.927829,0.000000,1.705595,22.532616,0.331786,27.108166
0.000000,0.000000,9.268153,3.783004,0.000000,1.482101,4.624301,0.236345,40.239001
0.000000,0.000000,9.449967,4.533007,0.000000,1.707711,6.399295,0.359835,22.573822
0.000000,0.000000,9.589477,4.120536,0.000000,1.502092,4.883084,0.328976,25.004252
0.000000,0.000000,11.350605,4.485950,0.000000,1.611806,4.844093,0.360319,24.926267
0.000000,0.000000,11.659987,4.543286,0.000000,1.903367,5.529917,0.284099,25.586506
0.000000,0.000000,11.279115,4.829228,0.000000,1.932870,6.125766,0.342069,26.377872
0.000000,0.000000,12.670539,5.108097,0.000000,1.314791,4.734324,0.328006,30.387248
0.000000,0.000000,9.185524,4.133464,0.000000,1.582017,4.783235,0.238593,22.169921
0.000000,0.000000,11.911215,3.961802,0.000000,1.435262,4.773900,0.268327,24.474732
0.000000,0.000000,8.848204,3.656411,0.000000,1.452344,5.181643,0.360088,21.426237
0.000000,0.000000,11.025602,4.399099,0.000000,1.630387,5.782991,0.358226,24.776316
0.000000,0.000000,14.176837,4.373502,0.000000,1.918817,5.183197,0.330563,28.919322
0.000000,0.000000,9.815499,4.158951,0.000000,1.452024,4.524616,0.275590,32.073099
0.000000,0.000000,9.952553,4.049560,0.000000,1.434413,4.611913,0.305667,22.313172
0.000000,0.000000,10.109115,4.028166,0.000000,1.456873,5.356910,0.331412,22.817393
0.000000,0.000000,10.469943,4.727759,0.000000,1.601909,4.598523,0.289367,24.647856
0.000000,0.000000,9.905173,3.862612,0.000000,1.447924,5.849789,0.348858,22.398441
0.000000,0.000000,10.940770,4.217165,0.000000,1.629169,4.760334,0.279779,25.132289
0.000000,0.000000,10.241878,4.536751,0.000000,1.604279,5.411077,0.375132,23.598773
0.000000,0.000000,10.286994,4.636131,0.000000,2.571666,5.251053,0.305314,25.392784
0.000000,0.000000,11.644360,4.223711,0.000000,1.712494,5.436712,0.357211,40.360121
0.000000,0.000000,11.868827,4.436206,0.000000,1.649278,4.433120,0.287857,26.482803
0.000000,0.000000,10.925983,4.326779,0.000000,1.878074,5.683836,0.369202,24.020585
0.000000,0.000000,12.862602,4.474315,0.000000,1.633688,8.469771,0.453347,27.919354
0.000000,0.000000,11.176148,4.311779,0.000000,2.370821,10.323743,0.516223,29.489967
0.000000,0.000000,27.876262,7.975272,0.000000,1.840326,6.146287,0.371815,53.014750
0.000000,0.000000,11.745615,5.302410,0.000000,1.899663,5.706506,0.381546,28.488698
0.000000,0.000000,12.722432,4.522195,0.000000,2.153234,6.709403,0.455199,27.660989
0.000000,0.000000,20.351198,6.142872,0.000000,3.115585,7.663797,0.412217,39.170493
0.000000,0.000000,21.063077,7.137631,0.000000,2.000615,6.060940,0.646667,42.510042
0.000000,0.000000,19.558887,4.982428,0.000000,3.137428,7.342316,0.534771,36.586412
0.000000,0.000000,20.859056,5.134145,0.000000,1.686209,4.841238,0.348946,52.889683
0.000000,0.000000,17.151374,4.409095,0.000000,2.268822,8.856303,0.741194,30.599088
0.000000,0.000000,18.697638,5.344038,0.000000,1.180071,3.720151,0.220430,39.366430
0.000000,0.000000,16.916957,3.388508,0.000000,1.820896,5.178303,0.397747,27.431957
0.000000,0.000000,13.693505,4.624774,0.000000,2.287876,5.529233,0.542143,28.838736
0.000000,0.000000,13.913914,4.787200,0.000000,1.648495,5.784920,0.360959,38.295049
0.000000,0.000000,15.137019,4.663028,0.000000,1.905471,6.133635,0.335743,30.410246
0.000000,0.000000,10.615627,3.746701,0.000000,1.578479,4.292272,0.296079,25.569027
0.000000,0.000000,12.801744,4.318383,0.000000,1.444287,4.561961,0.352252,25.985739
0.000000,0.000000,14.160711,4.067587,0.000000,1.421882,5.857603,0.557165,26.926418
0.000000,0.000000,11.391784,3.941684,0.000000,2.418255,4.218443,0.299340,26.032057
0.000000,0.000000,9.500150,3.466636,0.000000,1.533381,3.992777,0.258453,38.228901
0.000000,0.000000,10.322426,4.419768,0.000000,1.803813,5.319801,0.513467,22.589600
0.000000,0.000000,15.156835,4.559117,0.000000,1.455198,4.091800,0.271270,30.347455
0.000000,0.000000,14.444875,4.268125,0.000000,1.717222,4.260323,0.337627,26.704594
0.000000,0.000000,12.930533,4.368295,0.000000,1.760964,4.392001,0.349475,25.860097
0.000000,0.000000,13.579558,4.274407,0.000000,1.579570,5.364480,24.768612,26.641218
0.000000,0.000000,10.823651,3.966382,0.000000,2.003359,4.260047,0.387739,49.326006
0.000000,0.000000,18.021918,5.179461,0.000000,1.830143,4.523966,0.401550,32.059068
0.000000,0.000000,14.928513,5.250091,0.000000,1.878624,4.155766,0.334256,29.442371
0.000000,0.000000,16.530652,4.653750,0.000000,1.689217,4.509981,0.434700,29.778493
0.000000,0.000000,12.123243,4.319549,0.000000,1.992989,4.182690,0.327147,26.066812
0.000000,0.000000,9.765450,3.917691,0.000000,1.746879,4.357274,0.383254,38.023113
0.000000,0.000000,12.081076,4.777337,0.000000,1.498015,3.401546,0.300454,26.067669
0.000000,0.000000,10.421817,4.034634,0.000000,1.478552,3.845559,0.355801,21.603993
0.000000,0.000000,11.304044,4.172445,0.000000,1.735076,4.197173,0.372322,23.085809
0.000000,0.000000,15.127999,5.074276,0.000000,1.768469,5.016912,0.453899,29.021875
0.000000,0.000000,10.224041,4.030226,0.000000,1.733489,19.712729,0.372046,25.029251
0.000000,0.000000,11.252601,4.397523,0.000000,1.674372,4.535141,0.308632,39.602588
0.000000,0.000000,12.364954,4.324898,0.000000,2.007316,4.541621,0.386902,25.374137
0.000000,0.000000,12.045469,4.908777,0.000000,1.810746,4.914969,0.488593,26.137637
0.000000,0.000000,14.703333,5.372558,0.000000,1.844437,4.611583,0.412163,29.838579
0.000000,0.000000,12.331235,4.949685,0.000000,2.057902,4.138882,0.289201,26.463902
0.000000,0.000000,10.255198,4.055696,0.000000,1.634267,22.303987,0.264316,24.915153
0.000000,0.000000,11.155097,4.539913,0.000000,1.600146,4.075810,0.317801,41.971617
0.000000,0.000000,9.043326,4.214398,0.000000,1.779347,4.292173,0.285685,21.506503
0.000000,0.000000,10.512366,4.137174,0.000000,1.587362,3.357881,0.274202,22.963552
0.000000,0.000000,10.636155,4.725407,0.000000,1.978430,4.727353,0.405814,22.400834
0.000000,0.000000,15.527272,5.311932,0.000000,1.992184,6.105568,0.503041,30.361833
0.000000,0.000000,12.754010,4.735304,0.000000,1.790203,4.190052,0.384345,29.045800
0.000000,0.000000,10.750421,4.364760,0.000000,1.500484,3.689833,0.285488,23.766545
0.000000,0.000000,11.384165,4.260613,0.000000,1.776250,3.638574,0.310417,22.957150
0.000000,0.000000,13.960469,4.811007,0.000000,1.595539,4.427014,0.392171,26.916658
0.000000,0.000000,10.836688,4.537603,0.000000,2.386261,6.173045,0.469571,23.906827
0.000000,0.000000,13.097108,7.073624,0.000000,2.560943,4.586940,0.390969,31.723004
0.000000,0.000000,11.789936,5.335098,0.000000,1.828633,4.073274,0.358732,41.715459
0.000000,0.000000,11.061762,4.810786,0.000000,1.839004,4.616741,0.459354,24.285044
0.000000,0.000000,12.930601,4.903365,0.000000,2.043840,4.388419,0.517291,27.283977
0.000000,0.000000,13.311849,5.374894,0.000000,1.613867,3.777702,0.330751,28.351013
0.000000,0.000000,14.776643,5.224448,0.000000,2.929551,4.673697,0.409660,27.826158
0.000000,0.000000,17.700692,5.445236,0.000000,1.560316,5.806918,0.838074,36.559268
0.000000,0.000000,13.134570,7.454028,0.000000,1.393756,3.624115,0.315432,30.970120
0.000000,0.000000,11.929926,4.027899,0.000000,1.421716,3.967914,0.270003,23.249212
0.000000,0.000000,10.434965,4.292107,0.000000,1.353596,3.270253,0.423844,22.692932
0.000000,0.000000,9.738638,3.969523,0.000000,1.503239,4.592230,0.318010,21.088588
0.000000,0.000000,10.518483,4.242573,0.000000,1.659428,4.407089,0.340868,23.275155
0.000000,0.000000,15.068273,4.872949,0.000000,1.753304,23.475004,0.358248,28.355471
0.000000,0.000000,13.334420,4.846779,0.000000,1.907400,4.711278,0.400315,45.966968
0.000000,0.000000,18.058918,5.243118,0.000000,1.687564,4.491032,0.485121,33.207994
0.000000,0.000000,12.874025,5.260071,0.000000,1.738338,3.917945,0.329108,27.615390
0.000000,0.000000,11.920598,4.559591,0.000000,1.495591,4.286949,0.345695,24.705924
0.000000,0.000000,10.158816,4.519484,0.000000,1.951869,3.824928,0.358093,23.410536
0.000000,0.000000,9.426860,4.243615,0.000000,1.367714,3.526810,0.266542,33.780201
0.000000,0.000000,10.522241,3.936272,0.000000,1.561662,3.874633,0.361873,21.721081
0.000000,0.000000,14.187938,4.610955,0.000000,1.747231,3.966911,0.329064,26.701680
0.000000,0.000000,14.060631,5.323133,0.000000,1.367648,3.359909,0.313591,27.544828
0.000000,0.000000,12.268210,4.550571,0.000000,1.343369,3.243329,0.294469,23.599093
0.000000,0.000000,13.309349,4.017211,0.000000,1.277353,4.135642,0.349795,24.238044
0.000000,0.000000,10.185392,4.046747,0.000000,1.288186,2.681424,0.276847,21.965964
0.000000,0.000000,9.753116,3.659260,0.000000,1.377578,3.635334,0.398739,19.370457
0.000000,0.000000,13.710990,4.458549,0.000000,1.399013,3.131632,0.291836,25.696765
0.000000,0.000000,10.603940,4.099504,0.000000,1.301974,3.140437,0.339457,21.387069
0.000000,0.000000,15.893581,4.414373,0.000000,1.727284,3.379372,0.428661,27.032787
0.000000,0.000000,12.902006,3.921902,0.000000,2.257370,3.956224,0.381337,27.657484
0.000000,0.000000,17.215719,5.090796,0.000000,1.207469,3.653288,0.312951,50.319844
0.000000,0.000000,11.742043,4.447561,0.000000,1.238944,3.346155,0.317966,23.125775
0.000000,0.000000,11.960176,4.891333,0.000000,1.669645,3.482606,0.377655,23.528731
0.000000,0.000000,16.438189,5.593048,0.000000,2.119997,2.832996,0.360749,29.902021
0.000000,0.000000,11.898383,4.758925,0.000000,1.362689,3.394272,0.348307,37.585573
0.000000,0.000000,10.599219,4.428649,0.000000,1.248400,3.250504,0.315012,21.937158
0.000000,0.000000,9.209676,3.922916,0.000000,1.668509,3.980516,0.443649,19.513041
0.000000,0.000000,10.689127,4.389543,0.000000,1.433943,3.976268,0.404724,23.065056
0.000000,0.000000,11.717174,4.589343,0.000000,1.337273,3.929153,0.508651,24.408567
0.000000,0.000000,11.903754,4.456099,0.000000,1.865652,4.202539,0.367814,24.689074
0.000000,0.000000,10.862700,5.582889,0.000000,2.063479,6.160151,0.839655,46.242470
0.000000,0.000000,23.750280,6.689921,0.000000,1.592552,3.610768,0.352582,42.550696
0.000000,0.000000,12.567356,4.811010,0.000000,1.482012,3.894228,0.434987,24.869443
0.000000,0.000000,13.290583,5.186772,0.000000,1.591120,3.934244,0.500727,26.428625
0.000000,0.000000,11.328843,4.969842,0.000000,2.196315,4.257677,0.410145,24.752829
0.000000,0.000000,13.346450,4.862556,0.000000,1.564835,3.516264,0.309348,35.271209
0.000000,0.000000,12.496303,5.175198,0.000000,1.231494,3.296748,0.289929,25.014556
0.000000,0.000000,10.037819,4.361771,0.000000,1.624293,3.748828,0.329064,20.858507
0.000000,0.000000,12.357315,4.695982,0.000000,1.538176,3.881080,0.330000,24.859804
0.000000,0.000000,11.714814,4.568525,0.000000,1.823012,4.950632,0.493817,23.955743
0.000000,0.000000,12.703025,4.603886,0.000000,2.117379,4.130804,0.390627,27.154867
0.000000,0.000000,13.877554,5.384307,0.000000,1.768205,4.667492,0.571834,44.600064
0.000000,0.000000,17.049646,6.879962,0.000000,2.022723,5.360215,0.434612,33.196020
0.000000,0.000000,14.919270,6.644917,0.000000,2.662876,6.145052,0.546596,32.014979
0.000000,0.000000,19.319690,5.729939,0.000000,1.807087,7.353754,0.690696,37.518841
0.000000,0.000000,14.367692,5.144445,0.000000,2.243561,5.685677,0.530781,31.737470
0.000000,0.000000,18.019046,5.112842,0.000000,1.595716,3.817941,0.312026,50.731280
0.000000,0.000000,11.722556,5.050662,0.000000,1.539662,4.094512,0.342907,24.647265
0.000000,0.000000,9.793728,3.984494,0.000000,1.555919,4.647500,0.336602,21.727296
0.000000,0.000000,9.635791,4.063367,0.000000,1.606153,4.012313,0.310884,22.139956
0.000000,0.000000,9.388905,4.030301,0.000000,1.659967,5.076073,0.360220,21.522499
0.000000,0.000000,11.229403,4.086602,0.000000,1.655880,4.290167,0.266069,24.807906
0.000000,0.000000,9.622638,3.902907,0.000000,1.493132,4.290861,0.280231,21.842313
0.000000,0.000000,9.529553,3.941959,0.000000,1.749289,4.163541,0.326441,21.476019
0.000000,0.000000,9.732123,4.169909,0.000000,1.542495,4.549232,0.293720,22.091211
0.000000,0.000000,10.183258,4.386931,0.000000,1.932440,5.107604,0.363681,22.879645
0.000000,0.000000,10.368329,4.264306,0.000000,2.509101,4.490550,0.279679,24.350488
0.000000,0.000000,9.092501,3.847047,0.000000,1.520817,4.606800,0.393306,42.404247
0.000000,0.000000,9.596509,4.283149,0.000000,1.391751,4.168055,0.307706,22.892963
0.000000,0.000000,10.559202,3.974519,0.000000,1.622750,4.260642,0.268063,22.244401
0.000000,0.000000,9.314992,3.915509,0.000000,1.729157,4.221484,0.303077,21.315255
0.000000,0.000000,11.992903,4.459617,0.000000,2.198662,4.450092,0.392765,24.618786
0.000000,0.000000,14.601479,4.963486,0.000000,1.728210,4.312958,0.307684,34.475647
0.000000,0.000000,14.615286,5.971372,0.000000,1.559082,4.529653,0.324623,29.253662
0.000000,0.000000,10.179764,4.618230,0.000000,1.772106,4.126494,0.329516,23.327940
0.000000,0.000000,13.101997,4.485778,0.000000,2.703741,7.154244,0.838431,26.097773
0.000000,0.000000,21.413714,7.466062,0.000000,2.739560,4.799005,0.093601,43.335953
0.000000,0.000000,18.150867,5.837702,0.000000,1.361255,4.213847,0.422225,45.987452
0.000000,0.000000,12.596213,5.049459,0.000000,1.857497,5.590312,0.100467,26.220823
0.000000,0.000000,13.019045,6.056468,0.000000,1.644770,7.636267,0.761670,29.355844
0.000000,0.000000,14.182923,5.527745,0.000000,2.168773,6.164393,0.567007,32.325759
0.000000,0.000000,11.368494,5.193581,0.000000,1.955396,4.934460,0.412769,28.491205
0.000000,0.000000,14.169413,4.927182,0.000000,1.268668,5.927960,0.283239,46.822427
0.000000,0.000000,9.313059,3.969842,0.000000,1.394164,3.873475,0.303606,22.542375
0.000000,0.000000,8.151054,3.766664,0.000000,1.585433,4.125304,0.336305,19.365746
0.000000,0.000000,8.520402,3.749526,0.000000,1.691510,4.806423,0.375341,20.587710
0.000000,0.000000,12.981247,4.540238,0.000000,2.455407,4.447448,0.361896,26.885861
0.000000,0.000000,10.413284,5.176698,0.000000,1.574170,3.604861,0.045726,41.716984
0.000000,0.000000,9.969848,4.006961,0.000000,1.520123,4.650398,0.853608,21.252535
0.000000,0.000000,13.212337,5.355225,0.000000,1.898429,4.257049,0.420549,28.340444
0.000000,0.000000,13.499310,5.132539,0.000000,1.741005,4.674127,0.102594,27.466756
0.000000,0.000000,9.883875,5.280515,0.000000,1.494587,8.056573,0.355823,24.446232
0.000000,0.000000,8.796929,3.940439,0.000000,2.076664,4.953553,0.657357,39.948128
0.000000,0.000000,12.111295,5.136414,0.000000,2.254472,6.699704,0.530483,27.286596
0.000000,0.000000,15.167248,6.206508,0.000000,1.938391,4.652261,0.447551,33.839435
0.000000,0.000000,11.815040,5.077417,0.000000,2.070003,4.859301,0.462804,26.177506
0.000000,0.000000,13.729395,5.365002,0.000000,1.480348,3.469049,0.387068,29.342932
0.000000,0.000000,11.957041,4.301684,0.000000,1.464103,3.937496,0.055248,23.762927
0.000000,0.000000,10.628954,4.559809,0.000000,1.223372,4.213803,0.493585,22.653103
0.000000,0.000000,12.668080,4.804285,0.000000,2.486370,6.131254,0.714831,25.713407
0.000000,0.000000,11.590868,4.967307,0.000000,2.088606,4.185369,0.439053,28.425618
0.000000,0.000000,10.958818,4.994297,0.000000,1.176577,3.221188,0.349993,45.872655
0.000000,0.000000,11.047315,4.579930,0.000000,1.520420,3.836323,0.347150,22.093205
0.000000,0.000000,9.520397,4.404128,0.000000,2.294357,6.284643,0.704857,21.522053
0.000000,0.000000,16.189169,8.169120,0.000000,2.039246,3.580295,0.325735,36.584924
0.000000,0.000000,11.299090,4.374851,0.000000,1.396677,4.405744,0.398882,26.593454
0.000000,0.000000,9.910202,4.299964,0.000000,1.582424,3.946368,0.353553,22.371693
0.000000,0.000000,10.697977,4.706412,0.000000,1.313348,3.257226,0.325008,23.034142
0.000000,0.000000,9.217043,4.017216,0.000000,1.590095,3.662953,0.720937,19.891941
0.000000,0.000000,10.875499,4.590167,0.000000,1.500804,3.556733,0.480162,24.215128
0.000000,0.000000,9.786553,4.408676,0.000000,2.442644,3.680808,0.394771,22.206617
0.000000,0.000000,9.778456,4.242722,0.000000,1.663682,3.680332,0.412901,36.706425
0.000000,0.000000,10.930103,5.454703,0.000000,1.582028,2.602426,0.472525,24.184998
0.000000,0.000000,12.486243,5.071136,0.000000,1.088685,2.280305,0.433300,24.235990
0.000000,0.000000,11.453564,4.012161,0.000000,1.660938,4.327297,0.738835,20.842032
0.000000,0.000000,9.955602,4.241873,0.000000,1.964416,3.087063,0.421211,23.566449
0.000000,0.000000,9.631812,4.155193,0.000000,1.717618,3.476522,0.067657,30.072224
0.000000,0.000000,9.673953,5.036082,0.000000,1.156651,2.738988,0.459398,21.997157
0.000000,0.000000,10.243322,4.724525,0.000000,3.469230,6.996725,0.749812,21.429885
0.000000,0.000000,25.810298,10.170962,0.000000,3.496781,5.036617,1.165006,51.954166
0.000000,0.000000,13.954711,7.135518,0.000000,2.126992,3.449069,0.370018,34.224758
0.000000,0.000000,10.245380,4.745965,0.000000,1.208879,2.537854,0.285333,39.991216
0.000000,0.000000,9.212907,4.725489,0.000000,1.236058,2.913990,0.332238,19.719525
0.000000,0.000000,10.085063,4.652050,0.000000,0.973416,2.255729,0.298205,21.220950
0.000000,0.000000,8.817062,4.005389,0.000000,1.154326,2.657421,0.352803,17.910073
0.000000,0.000000,9.940528,4.583891,0.000000,1.601292,2.862377,0.305436,20.681507
0.000000,0.000000,10.782232,4.725599,0.000000,1.207601,2.686164,19.665130,22.739343
0.000000,0.000000,8.478412,4.174315,0.000000,1.058973,2.198541,0.267050,38.295898
0.000000,0.000000,8.740246,3.894188,0.000000,1.278940,2.704844,0.277001,17.970503
0.000000,0.000000,12.587455,4.804108,0.000000,1.476579,3.071688,0.361476,23.715177
0.000000,0.000000,12.683718,5.008878,0.000000,1.354653,4.094104,0.384378,24.652307
0.000000,0.000000,13.372012,5.068986,0.000000,2.109535,2.978913,0.271965,26.496679
0.000000,0.000000,9.590215,4.267390,0.000000,1.286147,2.846706,0.296399,39.675862
0.000000,0.000000,9.371959,4.377068,0.000000,1.396192,3.047950,0.304928,20.140288
0.000000,0.000000,10.590511,4.739886,0.000000,1.954018,4.334659,0.450868,21.828574
0.000000,0.000000,13.761056,5.585638,0.000000,2.617603,5.464882,0.996059,28.124316
0.000000,0.000000,12.320605,8.308370,0.000000,1.317458,3.146862,0.296784,32.984119
0.000000,0.000000,9.318200,5.233012,0.000000,1.397690,3.518104,0.413882,21.137597
0.000000,0.000000,9.349333,4.509969,0.000000,1.220695,2.827916,0.283306,21.218833
0.000000,0.000000,8.282768,4.241179,0.000000,1.492724,2.851148,0.342631,18.407748
0.000000,0.000000,9.426255,4.654835,0.000000,1.594194,4.055421,0.529535,20.583386
0.000000,0.000000,9.253608,4.998638,0.000000,2.166071,3.775466,0.322870,22.706389
0.000000,0.000000,9.408099,5.492250,0.000000,1.283459,3.039067,0.255026,43.593766
0.000000,0.000000,12.882041,4.905678,0.000000,1.540148,3.851169,0.399081,24.123357
0.000000,0.000000,10.475552,5.011538,0.000000,1.348912,3.148559,0.309800,23.346102
0.000000,0.000000,12.165394,5.277536,0.000000,1.428076,3.453136,0.308168,23.990006
0.000000,0.000000,11.469215,5.290572,0.000000,1.400689,3.294136,0.322871,24.825111
0.000000,0.000000,9.134487,4.708237,0.000000,1.491182,3.135059,0.346863,21.015188
0.000000,0.000000,9.978256,5.037356,0.000000,1.478089,3.482109,0.319795,22.286588
0.000000,0.000000,12.364209,5.471859,0.000000,1.335752,3.593895,0.390550,25.043971
0.000000,0.000000,9.557460,4.661530,0.000000,2.259652,3.894349,0.336206,21.580482
0.000000,0.000000,16.667560,6.378573,0.000000,2.607359,5.415084,0.444916,52.442282
0.000000,0.000000,16.926590,5.674908,0.000000,1.384366,3.938466,0.351591,33.846456
0.000000,0.000000,12.716899,5.707946,0.000000,1.400237,3.759067,0.308488,26.086659
0.000000,0.000000,11.146192,5.317862,0.000000,1.364959,4.098458,0.315024,24.109712
0.000000,0.000000,9.442053,4.616068,0.000000,0.000000,0.000000,1580177481132968722903491409845561294683508309643530252742937515393024.000000,21.678848
