#Stereo rect[ms], MP culling[ms], MP creation[ms], LBA[ms], KF culling[ms], Total[ms]
4.733783,0.037400,0.355940,0.007393,0.007393,5.141909
3.846208,0.119570,1.253883,0.001552,0.001552,5.223884
4.627805,0.282640,1.708114,0.197962,0.197962,15.788430
3.375171,0.241961,2.003261,0.272587,0.272587,14.409722
4.633343,0.216287,2.511142,0.493042,0.493042,18.828581
4.587541,0.241603,3.634393,0.485193,0.485193,21.235038
4.328784,0.277450,3.072123,0.799956,0.799956,25.299099
4.362069,0.293887,5.843541,0.701817,0.701817,27.117682
5.107705,0.251797,5.014740,0.880845,0.880845,25.216495
4.636577,0.235340,4.585651,0.813440,0.813440,29.061472
4.354069,0.254565,6.646656,1.398049,1.398049,29.361163
4.007313,0.144224,6.889029,0.971233,0.971233,30.935914
4.228984,0.156383,7.044261,1.501500,1.501500,34.322418
4.202842,0.216222,6.198189,1.896284,1.896284,38.282399
4.207032,0.265704,6.319192,1.441803,1.441803,39.694586
4.716099,0.415302,5.580616,1.719242,1.719242,43.618307
4.772386,0.300509,5.483594,1.673516,1.673516,50.749805
4.645184,0.391005,5.831882,2.256610,2.256610,49.768009
3.912213,0.333837,5.185519,1.844577,1.844577,46.162973
2.989431,0.386771,0.319246,0.001574,0.001574,3.697913
3.666550,0.419872,1.489819,0.001823,0.001823,5.580649
3.585150,0.303809,1.227535,0.098617,0.098617,12.672264
3.747439,0.283888,1.764545,0.510119,0.510119,17.154022
3.915644,0.282704,2.684949,0.642086,0.642086,22.893344
4.867444,0.482577,3.662728,0.529475,0.529475,24.965899
3.550824,0.246141,3.067563,0.536521,0.536521,22.400531
3.955778,0.270220,3.535397,1.066767,1.066767,25.666705
3.360613,0.264075,3.264146,0.622197,0.622197,23.886202
2.597231,0.282846,3.678524,0.765150,0.765150,25.402598
3.249750,0.296003,5.923942,0.892526,0.892526,32.842120
2.736429,0.232831,4.163565,0.933996,0.933996,28.772797
2.962715,0.255488,4.808517,0.951084,0.951084,30.541652
4.051423,0.312635,5.551305,0.973589,0.973589,33.730327
3.997130,0.259429,7.273488,1.652542,1.652542,39.453645
4.817191,0.347234,7.593125,1.882638,1.882638,41.367788
4.622534,0.360760,6.679365,1.689475,1.689475,44.129701
4.692758,0.226210,7.742484,2.208702,2.208702,47.491025
4.504958,0.324468,7.307523,1.899931,1.899931,45.597032
3.946312,0.258973,8.364812,1.791403,1.791403,47.090565
4.559344,0.374862,8.743401,2.490592,2.490592,49.257774
4.193279,0.214995,8.471766,2.863348,2.863348,48.602672
4.345037,0.180277,8.375059,3.342885,3.342885,55.497911
5.890515,0.343748,8.550116,2.283305,2.283305,67.130776
4.105366,0.245131,8.745015,3.266263,3.266263,66.190354
5.151028,0.454459,9.376246,2.814778,2.814778,68.707532
4.846904,0.265866,8.942087,2.850571,2.850571,76.262606
5.067352,0.285017,9.715976,2.658406,2.658406,75.815575
5.083589,0.316337,9.238785,2.584878,2.584878,71.594426
4.167593,0.231550,8.779886,2.663074,2.663074,67.103821
3.744877,0.251623,9.472725,2.806386,2.806386,65.406411
3.724652,0.232082,8.715324,4.253237,4.253237,76.407041
3.675322,0.469419,9.664650,2.170489,2.170489,57.032110
3.593195,0.252036,7.237294,1.694708,1.694708,43.182791
4.194852,0.587100,7.468964,2.078873,2.078873,37.402791
3.683746,0.215331,7.584527,1.774239,1.774239,47.854326
3.596646,0.357178,6.645396,2.091955,2.091955,44.532512
5.229332,0.319355,9.327273,2.289907,2.289907,48.206476
3.860951,0.274855,7.086274,1.868406,1.868406,55.267251
4.366433,0.267398,8.690657,2.218862,2.218862,60.931555
4.523597,0.219272,8.346563,3.250488,3.250488,62.259195
4.257687,0.177520,11.734555,2.636129,2.636129,80.559550
4.326147,0.197886,8.429221,4.913464,4.913464,69.292852
4.511775,0.179007,10.833225,10.267143,10.267143,99.978227
4.516976,0.144299,9.511219,6.066308,6.066308,105.912480
4.510669,0.195996,9.900727,4.620543,4.620543,113.078657
4.473551,0.130914,9.088861,7.416355,7.416355,131.926755
5.577638,0.211445,11.983312,8.325079,8.325079,137.456486
5.980913,0.174675,12.076375,7.475771,7.475771,154.867585
5.908014,0.179658,13.288285,6.866741,6.866741,190.740140
5.792170,0.205626,17.736915,11.511668,11.511668,172.400156
6.628374,0.173220,15.820184,8.826936,8.826936,163.390875
6.893342,0.210131,19.365698,7.449999,7.449999,190.594399
6.418774,0.197180,17.287520,8.721361,8.721361,176.731084
5.728803,0.141401,21.726527,8.426366,8.426366,177.490385
6.321938,0.155948,16.221015,8.687750,8.687750,176.377903
6.962125,0.163808,16.140418,6.736295,6.736295,193.099819
6.199621,0.155351,14.415271,8.197085,8.197085,187.099266
9.177994,0.452006,18.325226,10.611078,10.611078,210.758223
7.657415,0.197343,14.712196,9.726105,9.726105,184.836467
6.567276,0.201576,15.519676,10.056609,10.056609,210.789167
5.993876,0.124759,15.777454,10.500094,10.500094,197.054577
7.270124,0.227208,16.729135,11.923420,11.923420,236.915653
6.756791,0.198309,15.449273,9.900248,9.900248,236.214086
7.489026,0.169290,15.716801,14.395349,14.395349,265.816671
7.457511,0.249366,14.943790,10.014444,10.014444,246.981468
6.996158,0.305188,17.358074,10.163825,10.163825,239.943982
5.997730,0.172971,15.220284,12.511323,12.511323,223.762538
6.335606,0.218088,15.297613,9.913189,9.913189,245.902120
7.406650,0.261600,14.003606,10.017527,10.017527,257.407793
6.477549,0.172743,17.019667,12.368630,12.368630,266.528683
6.534190,0.212769,17.113107,14.392636,14.392636,287.863198
7.955850,0.454134,14.067863,12.358066,12.358066,267.116876
5.905540,0.370194,16.610347,11.797987,11.797987,278.464855
5.702617,0.296720,11.503092,11.077455,11.077455,231.186276
5.023111,0.256270,11.757591,9.888144,9.888144,180.425362
6.458225,0.369880,11.429551,10.232045,10.232045,180.391663
4.745877,0.232049,13.854345,14.629071,14.629071,163.557441
4.387668,0.365613,10.757720,7.303289,7.303289,117.453666
4.676473,0.311452,8.911342,2.577289,2.577289,57.169808
5.090451,0.374927,6.802658,1.415759,1.415759,38.942778
4.140507,0.366926,10.800710,1.718818,1.718818,42.072816
4.353669,0.340742,7.484325,1.956850,1.956850,39.639993
4.478991,0.584451,9.423523,2.539748,2.539748,41.119595
4.014902,0.327540,8.903520,1.663767,1.663767,40.749807
4.200324,0.311984,7.915585,2.806863,2.806863,44.480500
4.792961,0.348970,7.956480,2.296007,2.296007,46.458933
3.963943,0.289771,8.111224,2.334318,2.334318,52.897292
3.926631,0.277819,10.272766,2.348735,2.348735,48.276173
4.625081,0.289295,8.711154,2.350808,2.350808,58.402740
5.306520,0.526012,9.340594,3.002903,3.002903,67.932848
4.912128,0.405791,9.487846,8.057258,8.057258,85.030678
5.374875,0.325771,10.946747,5.700778,5.700778,92.591651
4.104616,0.308162,9.131541,3.431787,3.431787,67.509876
4.352147,0.387998,7.490644,5.377726,5.377726,99.023169
4.232718,0.383395,9.130701,3.730352,3.730352,67.712848
4.083610,0.292019,10.015356,7.236524,7.236524,87.354055
4.143938,0.271436,12.231712,4.151753,4.151753,85.399995
4.682640,0.253512,11.914800,4.763573,4.763573,79.556476
4.455248,0.314025,7.995833,1.859633,1.859633,39.417159
4.792287,0.441107,9.806799,2.326773,2.326773,58.002453
4.452872,0.283703,8.568537,4.035647,4.035647,52.505245
5.204062,0.626152,8.741009,1.916194,1.916194,43.304700
4.585642,0.331360,9.964484,3.327665,3.327665,64.413823
4.422115,0.440434,13.163384,4.182075,4.182075,67.294107
5.125813,0.274541,9.691735,3.944054,3.944054,74.469210
4.546536,0.257160,12.575015,5.864416,5.864416,85.248409
5.693519,0.311093,11.254573,4.331966,4.331966,78.220011
4.708587,0.187539,11.351247,7.834544,7.834544,112.821377
5.322225,0.723052,10.633691,5.883491,5.883491,96.105442
4.616819,0.218653,12.764433,7.209894,7.209894,118.749595
4.848728,0.268211,11.978829,10.106515,10.106515,122.799442
5.783104,0.272467,14.008383,10.488629,10.488629,158.503304
5.372840,0.289533,14.331721,6.930219,6.930219,137.351804
5.846341,0.295320,18.859749,8.955104,8.955104,151.146788
5.921369,0.204497,12.704279,8.854662,8.854662,146.796150
5.585218,0.189820,12.239517,9.614016,9.614016,131.381822
4.978709,0.172450,12.321459,7.545978,7.545978,144.769321
5.212321,0.220130,14.025329,5.275885,5.275885,146.742249
5.452797,0.258169,11.713972,7.115923,7.115923,147.131518
6.364198,0.221172,12.494811,9.227278,9.227278,159.021801
5.352479,0.239508,12.286144,8.791903,8.791903,157.926772
5.501931,0.274519,11.823141,8.359101,8.359101,140.277999
6.280533,0.322970,11.827516,8.968348,8.968348,145.099739
5.009193,0.211467,13.150628,5.826735,5.826735,144.768409
5.035356,0.213323,10.974680,7.359155,7.359155,143.355267
5.845777,0.224059,12.274148,9.323040,9.323040,137.476889
5.096868,0.203867,11.763975,7.563672,7.563672,122.512495
5.002289,0.259950,13.080541,7.399246,7.399246,132.258759
5.808713,0.375558,13.281325,8.389650,8.389650,151.932184
6.530756,0.259234,13.106824,12.343159,12.343159,179.888883
5.726212,0.265389,11.686506,8.395645,8.395645,162.197455
5.679223,0.325966,12.193802,20.071292,20.071292,210.556305
6.006789,0.141987,13.399257,9.763680,9.763680,163.276783
6.707535,0.177151,11.770944,10.783123,10.783123,214.814609
6.828583,0.324392,12.408775,7.096403,7.096403,169.667827
6.176466,0.279643,14.309770,14.734940,14.734940,203.786953
6.873461,0.199406,16.084367,12.585643,12.585643,201.677887
6.084395,0.207971,18.471566,16.658158,16.658158,241.640424
7.679381,0.259711,16.372685,10.882859,10.882859,259.158089
7.929481,0.217568,16.848368,13.934083,13.934083,257.223457
6.946339,0.171374,16.541596,10.854394,10.854394,267.219218
8.075543,0.286352,16.570071,9.398283,9.398283,271.013614
7.119755,0.206994,16.779563,16.336654,16.336654,241.408268
7.961561,0.282031,16.576259,9.264275,9.264275,253.221149
7.005863,0.208785,16.253539,11.513307,11.513307,255.987064
7.839266,0.333142,21.394221,16.998823,16.998823,310.288474
7.539019,0.203552,17.934931,20.560133,20.560133,358.171530
7.703403,0.307098,16.688272,21.964852,21.964852,347.996997
6.770459,0.260851,11.989306,16.798038,16.798038,341.163563
7.455155,0.311538,16.843319,18.358402,18.358402,319.864463
7.529508,0.173818,16.481865,7.252080,7.252080,280.688191
6.916623,0.260840,20.698062,32.182088,32.182088,379.904652
7.501988,0.312342,21.389141,15.146952,15.146952,382.938935
7.103492,0.244187,17.413083,13.084971,13.084971,260.659739
7.014048,0.128938,18.864590,19.609126,19.609126,320.749064
7.259278,0.281185,19.616269,12.263553,12.263553,270.801796
8.338116,0.298403,18.852420,12.048178,12.048178,267.087108
7.374447,0.213540,18.276677,7.950971,7.950971,218.840393
6.481924,0.188995,17.176245,12.210173,12.210173,211.605125
5.888153,0.229314,17.451100,13.543924,13.543924,193.024916
