#Image Rect[ms], Image Resize[ms], ORB ext[ms], Stereo match[ms], IMU preint[ms], Pose pred[ms], LM track[ms], KF dec[ms], Total[ms]
0.000000,0.000000,95.425436,0.000000,0.000000,4.811534,1.698246,0.042523,98.647658
0.000000,0.000000,17.887658,0.000000,0.000000,0.877436,1.117270,0.441649,26.368924
0.000000,0.000000,14.818401,0.000000,0.000000,1.907618,1.825621,0.292421,18.092601
0.000000,0.000000,15.166644,0.000000,0.000000,1.995042,1.808545,0.335009,20.412467
0.000000,0.000000,20.397737,0.000000,0.000000,1.621494,1.998321,0.337006,25.810430
0.000000,0.000000,13.771035,0.000000,0.000000,2.163051,2.027567,0.060544,19.323884
0.000000,0.000000,15.488541,0.000000,0.000000,1.729696,2.002478,0.043641,21.294149
0.000000,0.000000,15.228222,0.000000,0.000000,1.256597,1.760115,0.386771,20.079392
0.000000,0.000000,14.529119,0.000000,0.000000,2.125924,2.172931,0.116541,19.222235
0.000000,0.000000,13.933323,0.000000,0.000000,1.506723,2.220371,0.100365,19.398126
0.000000,0.000000,15.085402,0.000000,0.000000,1.298817,2.277887,0.084819,20.252464
0.000000,0.000000,15.142013,0.000000,0.000000,1.551448,1.863731,0.088847,20.163202
0.000000,0.000000,14.602248,0.000000,0.000000,1.013572,1.663859,0.388520,19.241857
0.000000,0.000000,15.075937,0.000000,0.000000,2.158417,2.192917,0.047311,19.487775
0.000000,0.000000,14.233517,0.000000,0.000000,1.197138,2.052329,0.056028,19.668824
0.000000,0.000000,13.980073,0.000000,0.000000,0.864017,2.229502,0.031862,18.641968
0.000000,0.000000,14.758542,0.000000,0.000000,0.808641,2.318989,0.031591,19.113218
0.000000,0.000000,13.874266,0.000000,0.000000,0.980895,2.204685,0.292735,18.468591
0.000000,0.000000,13.853140,0.000000,0.000000,2.421536,2.899071,0.051957,18.717045
0.000000,0.000000,15.062589,0.000000,0.000000,1.519869,2.804258,0.044673,21.750222
0.000000,0.000000,14.550918,0.000000,0.000000,1.354947,2.299687,0.031038,20.134357
0.000000,0.000000,14.803872,0.000000,0.000000,1.115196,2.391627,0.046758,19.868218
0.000000,0.000000,14.896690,0.000000,0.000000,1.240334,2.395036,0.348482,19.850886
0.000000,0.000000,15.271386,0.000000,0.000000,2.015060,2.337347,0.036791,20.468520
0.000000,0.000000,14.253231,0.000000,0.000000,1.479375,2.394689,0.030669,20.103981
0.000000,0.000000,14.484760,0.000000,0.000000,0.958705,2.142870,0.284909,19.467931
0.000000,0.000000,13.963089,0.000000,0.000000,1.035708,2.353447,0.275583,18.477915
0.000000,0.000000,14.237230,0.000000,0.000000,1.982394,2.436717,0.048201,19.330959
0.000000,0.000000,13.636079,0.000000,0.000000,1.559005,2.119497,0.280609,19.449582
0.000000,0.000000,13.909841,0.000000,0.000000,2.262092,2.778833,0.055551,19.246737
0.000000,0.000000,13.766149,0.000000,0.000000,1.262449,2.581718,0.344584,20.469886
0.000000,0.000000,13.531419,0.000000,0.000000,1.832526,2.343242,0.029366,19.289857
0.000000,0.000000,14.467381,0.000000,0.000000,1.075658,2.193817,0.340503,20.116770
0.000000,0.000000,13.509076,0.000000,0.000000,1.780633,2.340767,0.028693,18.589843
0.000000,0.000000,13.481241,0.000000,0.000000,0.877143,2.139277,0.438327,18.951147
0.000000,0.000000,13.925105,0.000000,0.000000,1.498091,2.438005,0.056528,18.704952
0.000000,0.000000,13.848418,0.000000,0.000000,1.103373,2.555294,0.065299,19.496776
0.000000,0.000000,13.937601,0.000000,0.000000,0.964785,2.304388,0.029149,19.149499
0.000000,0.000000,14.034122,0.000000,0.000000,0.902101,2.451781,0.031440,18.747615
0.000000,0.000000,13.722421,0.000000,0.000000,0.668792,2.280851,0.036335,18.502245
0.000000,0.000000,13.977899,0.000000,0.000000,0.696508,2.249955,0.030929,18.144709
0.000000,0.000000,15.320291,0.000000,0.000000,0.681982,2.306732,0.035640,19.516729
0.000000,0.000000,14.079480,0.000000,0.000000,0.644170,2.422806,0.383656,18.287023
0.000000,0.000000,14.213650,0.000000,0.000000,1.540681,2.294291,0.091691,18.998240
0.000000,0.000000,14.390084,0.000000,0.000000,0.923433,2.135683,0.034143,19.664264
0.000000,0.000000,14.035198,0.000000,0.000000,0.924508,2.556803,0.392428,18.312524
0.000000,0.000000,14.946699,0.000000,0.000000,1.653368,1.917312,0.352965,20.124020
0.000000,0.000000,13.872898,0.000000,0.000000,1.599542,2.669353,0.359588,19.015013
0.000000,0.000000,14.498407,0.000000,0.000000,1.014342,1.339690,0.047941,20.453514
0.000000,0.000000,13.959139,0.000000,0.000000,5.682491,0.041438,0.088249,17.923071
0.000000,0.000000,14.332872,0.000000,0.000000,5.498956,0.054487,0.094524,21.589696
0.000000,0.000000,14.188345,0.000000,0.000000,5.553171,0.040841,0.091463,21.335457
0.000000,0.000000,13.749409,0.000000,0.000000,5.708810,0.048570,0.081019,20.920872
0.000000,0.000000,14.159995,0.000000,0.000000,4.085922,0.041992,0.082594,21.373193
0.000000,0.000000,13.668542,0.000000,0.000000,3.674420,0.039408,0.085178,19.058047
0.000000,0.000000,14.037803,0.000000,0.000000,3.982529,0.040939,0.085427,19.162189
0.000000,0.000000,13.796915,0.000000,0.000000,3.786619,0.031005,0.081671,19.016424
0.000000,0.000000,13.734906,0.000000,0.000000,4.077682,0.041232,0.088174,18.738431
0.000000,0.000000,13.857688,0.000000,0.000000,4.479826,0.040515,0.084656,19.244967
0.000000,0.000000,13.065712,0.000000,0.000000,4.419823,0.042241,0.085731,18.940518
0.000000,0.000000,14.400257,0.000000,0.000000,4.017008,0.037399,0.092657,20.158579
0.000000,0.000000,14.652323,0.000000,0.000000,3.178100,0.042382,0.083495,20.003366
0.000000,0.000000,14.507317,0.000000,0.000000,5.058631,0.043478,0.088597,19.135699
0.000000,0.000000,13.643932,0.000000,0.000000,3.346381,0.041079,0.104229,19.989427
0.000000,0.000000,13.581867,0.000000,0.000000,3.745659,0.040222,0.090085,18.417742
0.000000,0.000000,14.244565,0.000000,0.000000,3.749274,0.056571,0.122750,19.331991
0.000000,0.000000,14.140025,0.000000,0.000000,3.200062,0.041948,0.086133,19.303190
0.000000,0.000000,14.143020,0.000000,0.000000,3.482224,0.043859,0.086197,18.574395
0.000000,0.000000,13.865580,0.000000,0.000000,3.354979,0.040233,0.150531,18.747354
0.000000,0.000000,14.567528,0.000000,0.000000,4.002373,0.041362,0.065039,19.362410
0.000000,0.000000,14.061219,0.000000,0.000000,4.735944,0.044401,0.084276,19.366697
0.000000,0.000000,14.518230,0.000000,0.000000,3.967134,0.039462,0.116063,20.731325
0.000000,0.000000,13.874428,0.000000,0.000000,3.602770,0.344443,0.083929,19.310918
0.000000,0.000000,13.797340,0.000000,0.000000,3.879112,0.041742,0.091788,19.035238
0.000000,0.000000,14.314070,0.000000,0.000000,4.338078,0.048039,0.093210,19.508326
0.000000,0.000000,14.175198,0.000000,0.000000,4.289105,0.045617,0.118516,19.837766
0.000000,0.000000,14.156756,0.000000,0.000000,3.959480,0.042176,0.084526,20.028403
0.000000,0.000000,14.082258,0.000000,0.000000,3.756127,0.038833,0.089639,19.375882
0.000000,0.000000,13.517106,0.000000,0.000000,3.326491,0.041351,0.084862,18.483161
0.000000,0.000000,13.911296,0.000000,0.000000,3.930495,0.041991,0.090062,18.467864
0.000000,0.000000,13.672634,0.000000,0.000000,3.582480,0.039158,0.063411,18.902532
0.000000,0.000000,13.649109,0.000000,0.000000,4.084696,0.041296,0.103969,18.479198
0.000000,0.000000,14.354758,0.000000,0.000000,3.948733,0.041482,0.090551,19.956218
0.000000,0.000000,13.964567,0.000000,0.000000,3.637835,0.040309,0.079044,19.350652
0.000000,0.000000,14.702047,0.000000,0.000000,4.157432,0.048125,0.084678,19.525795
0.000000,0.000000,14.590260,0.000000,0.000000,4.304684,0.042740,0.120623,20.010498
0.000000,0.000000,13.863247,0.000000,0.000000,4.528744,0.041568,0.101863,19.702358
0.000000,0.000000,14.324458,0.000000,0.000000,3.872708,0.043174,0.088803,20.123945
0.000000,0.000000,13.060198,0.000000,0.000000,3.913723,0.041123,0.088749,18.289195
0.000000,0.000000,13.923477,0.000000,0.000000,4.058239,0.041482,0.087001,19.157207
0.000000,0.000000,14.441032,0.000000,0.000000,4.297324,0.039038,0.115249,19.796991
0.000000,0.000000,12.940714,0.000000,0.000000,4.342701,0.047583,0.109484,18.744642
0.000000,0.000000,14.545662,0.000000,0.000000,3.769791,0.044456,0.149152,20.294397
0.000000,0.000000,14.207603,0.000000,0.000000,4.166649,0.042057,0.086307,19.415691
0.000000,0.000000,14.150077,0.000000,0.000000,3.598340,0.040157,0.093070,19.592635
0.000000,0.000000,14.221749,0.000000,0.000000,3.713036,0.045379,0.110624,19.141454
0.000000,0.000000,14.323231,0.000000,0.000000,4.828112,0.101711,0.093504,19.487830
0.000000,0.000000,13.697658,0.000000,0.000000,3.868951,0.041405,0.090649,19.863549
0.000000,0.000000,14.216766,0.000000,0.000000,4.320566,0.039983,0.088857,19.432887
0.000000,0.000000,14.863801,0.000000,0.000000,3.849574,0.048527,0.090062,20.700763
0.000000,0.000000,14.050081,0.000000,0.000000,3.582762,0.042687,0.086371,19.373158
0.000000,0.000000,13.683327,0.000000,0.000000,3.844515,0.040201,0.088434,18.569476
0.000000,0.000000,14.090867,0.000000,0.000000,4.186591,0.039788,0.095089,19.262098
0.000000,0.000000,14.196432,0.000000,0.000000,3.357628,0.040591,0.085883,19.775332
0.000000,0.000000,13.847053,0.000000,0.000000,3.567987,0.040059,0.096554,18.634259
0.000000,0.000000,14.515341,0.000000,0.000000,3.438321,0.040830,0.087023,19.466715
0.000000,0.000000,13.865419,0.000000,0.000000,3.488705,0.040906,0.086524,18.600841
0.000000,0.000000,13.901916,0.000000,0.000000,3.856847,0.039158,0.089921,18.632736
0.000000,0.000000,14.393222,0.000000,0.000000,4.255419,0.042751,0.084114,19.582615
0.000000,0.000000,14.259561,0.000000,0.000000,5.149399,0.043826,0.083549,19.718631
0.000000,0.000000,13.964317,0.000000,0.000000,3.483190,0.040373,0.127201,20.474120
0.000000,0.000000,13.876719,0.000000,0.000000,3.613192,0.042317,0.084179,18.861833
0.000000,0.000000,14.375494,0.000000,0.000000,4.671946,0.020985,0.085058,19.507929
0.000000,0.000000,14.064062,0.000000,0.000000,3.695276,0.039506,0.087338,20.183185
0.000000,0.000000,13.887218,0.000000,0.000000,3.836958,0.051296,0.110016,18.831449
0.000000,0.000000,14.089109,0.000000,0.000000,3.413363,0.215429,0.135137,19.352703
0.000000,0.000000,13.651724,0.000000,0.000000,3.848065,0.039061,0.091116,18.889004
0.000000,0.000000,13.569404,0.000000,0.000000,3.620607,0.043381,0.105967,18.681796
0.000000,0.000000,14.005755,0.000000,0.000000,4.165595,0.026087,0.110244,19.259580
0.000000,0.000000,14.840450,0.000000,0.000000,4.246961,0.042166,0.088608,20.559319
0.000000,0.000000,13.887754,0.000000,0.000000,4.400000,0.053933,0.093656,19.485772
0.000000,0.000000,13.723735,0.000000,0.000000,4.471815,0.046019,0.181384,19.464631
0.000000,0.000000,14.729988,0.000000,0.000000,4.037374,0.040080,0.089075,21.027013
0.000000,0.000000,14.003540,0.000000,0.000000,4.712190,0.037139,0.085666,19.364928
0.000000,0.000000,14.129189,0.000000,0.000000,4.276012,0.041677,0.088944,20.302082
0.000000,0.000000,14.207984,0.000000,0.000000,3.864598,0.039441,0.085687,19.769808
0.000000,0.000000,14.546650,0.000000,0.000000,3.783199,0.039733,0.086773,19.724797
0.000000,0.000000,13.896218,0.000000,0.000000,3.756970,0.039104,0.081518,18.964218
0.000000,0.000000,13.663038,0.000000,0.000000,3.583436,0.038962,0.083125,18.678472
0.000000,0.000000,13.819148,0.000000,0.000000,4.194940,0.040396,0.039440,18.614334
0.000000,0.000000,13.694434,0.000000,0.000000,4.315877,2.078417,0.040689,19.102949
0.000000,0.000000,13.943941,0.000000,0.000000,1.851046,1.907379,0.372648,15.334753
0.000000,0.000000,13.965979,0.000000,0.000000,1.431902,1.650902,0.278330,21.487617
0.000000,0.000000,13.994020,0.000000,0.000000,2.119235,2.183580,0.045976,18.977799
0.000000,0.000000,14.230694,0.000000,0.000000,2.482591,2.370425,0.353367,18.866685
0.000000,0.000000,15.036925,0.000000,0.000000,1.506777,1.620853,0.039624,21.254079
0.000000,0.000000,13.466694,0.000000,0.000000,1.874648,2.374312,0.045693,19.797784
0.000000,0.000000,14.459771,0.000000,0.000000,1.239879,2.268085,0.318106,19.300780
0.000000,0.000000,14.201849,0.000000,0.000000,1.130340,1.982243,0.036096,19.859012
0.000000,0.000000,13.274183,0.000000,0.000000,1.895416,2.325144,0.377142,18.278501
0.000000,0.000000,14.724431,0.000000,0.000000,1.090075,2.118791,0.034924,19.699503
0.000000,0.000000,14.342978,0.000000,0.000000,1.982167,2.285357,0.034435,19.756942
0.000000,0.000000,14.362054,0.000000,0.000000,1.346476,1.973427,0.046638,19.307304
0.000000,0.000000,14.187225,0.000000,0.000000,0.994986,2.184514,0.324110,20.042546
0.000000,0.000000,14.921872,0.000000,0.000000,1.015168,1.887469,0.032014,19.745371
0.000000,0.000000,13.867427,0.000000,0.000000,2.081782,2.152662,0.033144,18.589583
0.000000,0.000000,13.810432,0.000000,0.000000,1.457501,1.921079,0.368262,18.217674
0.000000,0.000000,13.913500,0.000000,0.000000,0.999328,2.235690,0.060502,19.439640
0.000000,0.000000,14.356691,0.000000,0.000000,1.899030,2.063881,0.316651,18.955989
0.000000,0.000000,13.709655,0.000000,0.000000,1.060112,1.569286,0.275681,18.642041
0.000000,0.000000,14.438491,0.000000,0.000000,1.646864,1.737491,0.344921,20.028845
0.000000,0.000000,13.645072,0.000000,0.000000,1.419276,1.768529,0.380150,17.859640
0.000000,0.000000,13.845151,0.000000,0.000000,1.203533,2.028110,0.039635,18.612609
0.000000,0.000000,14.656169,0.000000,0.000000,1.339646,2.245971,0.024828,19.627517
0.000000,0.000000,13.759376,0.000000,0.000000,0.836866,2.178674,0.247303,18.770034
0.000000,0.000000,13.591192,0.000000,0.000000,0.824762,2.068136,0.026130,18.904584
0.000000,0.000000,13.525177,0.000000,0.000000,1.357983,2.039660,0.025153,17.817322
0.000000,0.000000,13.663689,0.000000,0.000000,1.069829,2.209874,0.326857,18.012394
0.000000,0.000000,14.255035,0.000000,0.000000,0.717796,2.109705,0.037335,18.959626
0.000000,0.000000,14.860300,0.000000,0.000000,1.494227,2.388165,0.324794,19.302043
0.000000,0.000000,13.587956,0.000000,0.000000,0.953071,2.358082,0.030441,17.970370
0.000000,0.000000,14.185038,0.000000,0.000000,1.578145,2.475176,0.031765,19.529838
0.000000,0.000000,13.762653,0.000000,0.000000,1.446796,2.533853,0.283008,18.827831
0.000000,0.000000,13.675598,0.000000,0.000000,1.042341,2.283870,0.039408,19.217990
0.000000,0.000000,14.356398,0.000000,0.000000,1.919125,2.551984,0.105446,19.939088
0.000000,0.000000,13.672223,0.000000,0.000000,1.253547,3.204112,0.031884,18.761089
0.000000,0.000000,14.107054,0.000000,0.000000,1.329290,2.639918,0.276647,20.406162
0.000000,0.000000,13.799791,0.000000,0.000000,1.124217,2.717192,0.030506,20.917601
0.000000,0.000000,13.999253,0.000000,0.000000,1.827412,2.780809,0.037410,19.260101
0.000000,0.000000,14.841524,0.000000,0.000000,1.600476,2.913948,0.281750,20.265650
0.000000,0.000000,14.191645,0.000000,0.000000,1.360555,2.966416,0.031928,21.686494
0.000000,0.000000,14.779290,0.000000,0.000000,1.774619,2.717528,0.278905,20.854024
0.000000,0.000000,13.971071,0.000000,0.000000,1.277625,2.531932,0.029182,19.887423
0.000000,0.000000,13.936582,0.000000,0.000000,1.787094,3.470499,0.042958,20.536816
0.000000,0.000000,13.952095,0.000000,0.000000,1.333144,3.149613,0.031559,19.311636
0.000000,0.000000,13.984837,0.000000,0.000000,1.116466,3.104604,0.275659,21.302542
0.000000,0.000000,14.533428,0.000000,0.000000,1.075918,3.032454,0.039354,21.084377
0.000000,0.000000,14.154994,0.000000,0.000000,1.924477,3.847738,0.042437,20.699851
0.000000,0.000000,14.439360,0.000000,0.000000,1.473763,3.185242,0.033264,20.556975
0.000000,0.000000,14.463689,0.000000,0.000000,1.175915,3.159177,0.031982,21.657113
0.000000,0.000000,13.248877,0.000000,0.000000,1.490037,3.209007,0.299282,19.565342
0.000000,0.000000,14.726477,0.000000,0.000000,1.033732,2.948655,0.043045,20.586853
0.000000,0.000000,14.365190,0.000000,0.000000,2.025928,3.197620,0.301735,20.787395
0.000000,0.000000,13.571109,0.000000,0.000000,1.511803,2.925130,0.031092,19.470895
0.000000,0.000000,14.005755,0.000000,0.000000,1.340298,3.018992,0.071726,20.836607
0.000000,0.000000,13.918625,0.000000,0.000000,1.508362,3.665356,0.333446,20.047225
0.000000,0.000000,14.060113,0.000000,0.000000,1.031474,3.175798,0.033307,20.061316
0.000000,0.000000,13.766187,0.000000,0.000000,1.800816,3.277553,0.030810,20.466027
0.000000,0.000000,15.389641,0.000000,0.000000,1.509545,3.123863,0.030571,21.396522
0.000000,0.000000,14.522930,0.000000,0.000000,1.251137,3.258979,0.033024,21.199884
0.000000,0.000000,13.923976,0.000000,0.000000,1.187205,2.949329,0.291238,20.015069
0.000000,0.000000,14.170497,0.000000,0.000000,0.872486,2.736581,0.033078,20.559646
0.000000,0.000000,15.019164,0.000000,0.000000,1.848387,3.490865,0.324403,20.872617
0.000000,0.000000,13.350588,0.000000,0.000000,1.288894,3.029012,0.313612,18.640444
0.000000,0.000000,14.211368,0.000000,0.000000,1.231259,3.014649,0.485096,21.238412
0.000000,0.000000,14.116467,0.000000,0.000000,1.238555,4.714101,0.287123,20.276158
0.000000,0.000000,14.142119,0.000000,0.000000,1.384634,3.261952,0.308335,20.476976
0.000000,0.000000,14.396370,0.000000,0.000000,1.817371,3.489432,0.951833,23.254962
0.000000,0.000000,13.886750,0.000000,0.000000,1.501208,2.993252,0.363160,20.716016
0.000000,0.000000,14.623039,0.000000,0.000000,1.471537,3.263266,0.034381,22.364199
0.000000,0.000000,13.410406,0.000000,0.000000,1.704467,3.183604,0.312277,20.640589
0.000000,0.000000,14.887077,0.000000,0.000000,0.922055,3.158744,0.361585,21.997658
0.000000,0.000000,14.194706,0.000000,0.000000,1.673005,2.885842,0.062173,20.848245
0.000000,0.000000,14.413163,0.000000,0.000000,1.705140,3.389860,0.029713,20.277375
0.000000,0.000000,14.795974,0.000000,0.000000,1.117281,3.111063,0.030202,21.370371
0.000000,0.000000,14.519174,0.000000,0.000000,1.008382,2.849551,0.029290,21.762873
0.000000,0.000000,14.131372,0.000000,0.000000,0.831135,2.795476,0.033415,19.991804
0.000000,0.000000,14.673971,0.000000,0.000000,0.923954,3.315874,0.030604,20.244720
0.000000,0.000000,14.398953,0.000000,0.000000,0.761363,2.646150,0.030332,19.612785
0.000000,0.000000,13.869457,0.000000,0.000000,0.856180,2.531813,0.359446,19.536053
0.000000,0.000000,15.065194,0.000000,0.000000,0.794202,2.607588,0.038550,19.912892
0.000000,0.000000,14.338659,0.000000,0.000000,1.678987,3.220798,0.031288,19.396303
0.000000,0.000000,14.242259,0.000000,0.000000,1.176827,2.738274,0.031385,19.585669
0.000000,0.000000,14.182342,0.000000,0.000000,1.179920,2.596060,0.032677,20.556867
0.000000,0.000000,13.819496,0.000000,0.000000,1.187390,2.905246,0.037182,19.116637
0.000000,0.000000,14.057930,0.000000,0.000000,1.020433,2.650170,0.045487,19.215190
0.000000,0.000000,13.869506,0.000000,0.000000,1.026436,2.803368,0.364733,19.362692
0.000000,0.000000,14.666922,0.000000,0.000000,0.917136,2.375615,0.056376,20.193228
0.000000,0.000000,14.455817,0.000000,0.000000,1.872204,2.976848,0.086697,19.906627
0.000000,0.000000,14.041082,0.000000,0.000000,1.347148,2.873521,0.034750,19.053868
0.000000,0.000000,13.821918,0.000000,0.000000,1.589359,2.884398,0.055475,20.119212
0.000000,0.000000,13.551492,0.000000,0.000000,1.382127,3.246418,0.032666,19.473446
0.000000,0.000000,14.097023,0.000000,0.000000,1.305471,2.676069,0.033795,20.100062
0.000000,0.000000,14.725679,0.000000,0.000000,1.698800,2.901540,0.038735,20.882984
0.000000,0.000000,13.738531,0.000000,0.000000,1.197952,2.369210,0.062184,19.022482
0.000000,0.000000,15.044991,0.000000,0.000000,1.099704,2.306385,0.042925,21.096654
0.000000,0.000000,13.713052,0.000000,0.000000,1.092670,2.479692,0.033589,18.671611
0.000000,0.000000,14.180289,0.000000,0.000000,1.003171,2.827327,0.032557,19.249299
0.000000,0.000000,13.923868,0.000000,0.000000,1.020205,2.527058,0.032363,19.000882
0.000000,0.000000,14.469898,0.000000,0.000000,1.098542,2.534766,0.032015,19.698277
0.000000,0.000000,13.579999,0.000000,0.000000,0.997233,2.216312,0.381278,18.575080
0.000000,0.000000,13.919613,0.000000,0.000000,1.066713,2.423371,0.035119,18.866502
0.000000,0.000000,13.710143,0.000000,0.000000,1.962836,2.369741,0.033513,18.192020
0.000000,0.000000,14.624913,0.000000,0.000000,1.479745,2.509829,0.350371,19.756584
0.000000,0.000000,14.549728,0.000000,0.000000,1.028531,2.198746,0.032275,20.218782
0.000000,0.000000,15.069659,0.000000,0.000000,1.827326,2.470617,0.036162,20.585692
0.000000,0.000000,13.860859,0.000000,0.000000,1.296167,2.852590,0.054205,18.731712
0.000000,0.000000,13.718426,0.000000,0.000000,1.167838,2.803129,0.032340,19.536466
0.000000,0.000000,14.293270,0.000000,0.000000,1.204607,2.554057,0.038995,20.044153
0.000000,0.000000,14.359958,0.000000,0.000000,1.048691,2.597698,0.087544,20.067460
0.000000,0.000000,14.807839,0.000000,0.000000,1.308164,2.924631,0.320940,20.264706
0.000000,0.000000,14.229304,0.000000,0.000000,1.204716,2.598469,0.034935,19.366350
0.000000,0.000000,19.780512,0.000000,0.000000,2.429222,2.609890,0.032319,26.084124
0.000000,0.000000,14.018251,0.000000,0.000000,1.311649,2.697405,0.055160,19.416690
0.000000,0.000000,14.630515,0.000000,0.000000,1.319074,2.890748,0.036162,21.491861
0.000000,0.000000,14.983607,0.000000,0.000000,1.113904,2.564881,0.060696,20.344324
0.000000,0.000000,13.848182,0.000000,0.000000,1.166990,2.952010,0.420339,19.499493
0.000000,0.000000,14.031322,0.000000,0.000000,1.119343,2.407665,0.035326,19.127852
0.000000,0.000000,16.300991,0.000000,0.000000,2.080306,2.685286,0.036389,21.950424
0.000000,0.000000,13.992812,0.000000,0.000000,1.630081,2.776205,0.033036,19.232255
0.000000,0.000000,14.548465,0.000000,0.000000,1.277094,2.486521,0.304102,20.563369
0.000000,0.000000,14.145333,0.000000,0.000000,1.152683,3.385994,0.032232,19.953189
0.000000,0.000000,14.245806,0.000000,0.000000,1.929558,2.647572,0.039560,19.615041
0.000000,0.000000,14.423847,0.000000,0.000000,1.553220,3.403061,0.036324,20.549876
0.000000,0.000000,13.806556,0.000000,0.000000,1.367883,3.435596,0.274247,19.713692
0.000000,0.000000,13.972307,0.000000,0.000000,1.204933,2.775511,0.310431,20.476639
0.000000,0.000000,13.935353,0.000000,0.000000,1.887794,3.086170,0.281706,20.076135
0.000000,0.000000,14.995683,0.000000,0.000000,1.840526,3.075032,0.356494,20.745469
0.000000,0.000000,14.216191,0.000000,0.000000,1.835956,3.229004,0.048255,20.855909
0.000000,0.000000,13.612037,0.000000,0.000000,1.816404,3.356021,0.234297,20.349775
0.000000,0.000000,14.657428,0.000000,0.000000,1.263534,3.260618,0.251830,21.758955
0.000000,0.000000,13.900823,0.000000,0.000000,1.650837,3.530685,0.032427,21.083240
0.000000,0.000000,14.416193,0.000000,0.000000,1.605394,3.573491,0.242352,20.834653
0.000000,0.000000,14.756771,0.000000,0.000000,1.066235,3.271669,0.056344,21.725865
0.000000,0.000000,14.673440,0.000000,0.000000,1.550657,3.418032,0.247107,21.489277
0.000000,0.000000,14.957882,0.000000,0.000000,1.000610,3.436237,0.092570,21.112657
0.000000,0.000000,14.277105,0.000000,0.000000,2.261690,5.282583,0.245544,21.182863
0.000000,0.000000,14.419124,0.000000,0.000000,0.930881,3.825440,0.088260,20.820713
0.000000,0.000000,14.450205,0.000000,0.000000,1.468921,4.426120,0.217155,24.078692
0.000000,0.000000,13.945602,0.000000,0.000000,0.946502,3.781831,0.088488,20.450726
0.000000,0.000000,15.200830,0.000000,0.000000,1.532636,4.643352,0.318475,23.200268
0.000000,0.000000,13.880770,0.000000,0.000000,1.052263,4.443675,0.104631,20.665254
0.000000,0.000000,14.405456,0.000000,0.000000,2.525386,7.840352,0.385176,22.777249
0.000000,0.000000,14.147265,0.000000,0.000000,1.237479,6.418232,0.089379,22.086202
0.000000,0.000000,15.532170,0.000000,0.000000,2.163616,7.270656,0.227631,29.005227
0.000000,0.000000,15.570406,0.000000,0.000000,1.264480,4.142634,0.105250,25.921423
0.000000,0.000000,15.039812,0.000000,0.000000,1.890617,5.127883,0.041307,26.996343
0.000000,0.000000,14.364322,0.000000,0.000000,1.799892,5.796903,0.310040,21.593787
0.000000,0.000000,15.866106,0.000000,0.000000,1.284367,4.800147,0.118397,25.580562
0.000000,0.000000,16.147302,0.000000,0.000000,2.939493,8.083454,0.041817,25.819832
0.000000,0.000000,14.747610,0.000000,0.000000,1.381214,5.015315,0.270611,23.570735
0.000000,0.000000,16.796866,0.000000,0.000000,1.276529,6.383329,0.104240,30.722547
0.000000,0.000000,14.880358,0.000000,0.000000,2.008982,5.058871,0.032091,23.402214
0.000000,0.000000,15.301282,0.000000,0.000000,1.562262,5.105563,0.056441,25.343628
0.000000,0.000000,15.361159,0.000000,0.000000,1.540637,5.225512,0.214876,24.770905
0.000000,0.000000,16.143426,0.000000,0.000000,1.410982,4.288748,0.071716,24.752901
0.000000,0.000000,15.028946,0.000000,0.000000,1.765772,5.095271,0.039516,24.054864
0.000000,0.000000,18.883175,0.000000,0.000000,1.757883,5.454240,0.063085,26.674849
0.000000,0.000000,15.695423,0.000000,0.000000,1.521730,6.087815,0.246771,25.165563
0.000000,0.000000,24.567425,0.000000,0.000000,1.345237,4.838545,0.054064,33.755419
0.000000,0.000000,16.445418,0.000000,0.000000,1.709428,6.010121,0.048103,26.477312
0.000000,0.000000,14.551689,0.000000,0.000000,1.372649,4.485450,0.298999,23.267795
0.000000,0.000000,15.773319,0.000000,0.000000,1.329973,4.618155,0.089248,25.478606
0.000000,0.000000,15.030032,0.000000,0.000000,1.729838,5.981533,0.055876,22.936280
0.000000,0.000000,16.142547,0.000000,0.000000,1.545859,5.421694,0.263282,24.647434
0.000000,0.000000,15.575133,0.000000,0.000000,1.316513,4.700434,0.062596,25.599065
0.000000,0.000000,15.589917,0.000000,0.000000,1.707344,5.593578,0.070912,24.650771
0.000000,0.000000,14.668283,0.000000,0.000000,1.284454,5.948953,0.264042,23.046524
0.000000,0.000000,19.548473,0.000000,0.000000,1.497581,7.126528,0.080867,29.141667
0.000000,0.000000,15.667101,0.000000,0.000000,1.804908,6.308563,0.040135,25.226805
0.000000,0.000000,16.907169,0.000000,0.000000,1.363411,5.070486,0.632261,28.026638
0.000000,0.000000,15.079818,0.000000,0.000000,1.252733,4.555320,0.049265,25.530233
0.000000,0.000000,15.459347,0.000000,0.000000,1.989950,5.449909,0.028323,24.157572
0.000000,0.000000,14.236393,0.000000,0.000000,1.336140,5.132833,0.029051,22.821748
0.000000,0.000000,16.034365,0.000000,0.000000,1.240020,4.714405,0.252503,25.625963
0.000000,0.000000,14.634283,0.000000,0.000000,1.209687,5.159116,0.089726,23.139225
0.000000,0.000000,14.554023,0.000000,0.000000,2.225572,6.714853,0.029420,22.506475
0.000000,0.000000,15.516766,0.000000,0.000000,1.308479,4.934003,0.232310,24.150984
0.000000,0.000000,15.715980,0.000000,0.000000,1.207137,5.502429,0.091159,27.209138
0.000000,0.000000,15.650503,0.000000,0.000000,1.693751,6.115965,0.027380,23.830370
0.000000,0.000000,15.418247,0.000000,0.000000,1.356724,4.946336,0.039418,24.465475
0.000000,0.000000,15.979683,0.000000,0.000000,1.345052,5.137652,0.256487,26.519368
0.000000,0.000000,14.657904,0.000000,0.000000,1.360327,5.482944,0.052142,23.030283
0.000000,0.000000,15.373954,0.000000,0.000000,1.617867,5.279673,0.068014,24.352658
0.000000,0.000000,14.195803,0.000000,0.000000,1.234190,6.987484,0.279654,23.904301
0.000000,0.000000,15.243727,0.000000,0.000000,1.180094,5.692044,0.042285,24.361065
0.000000,0.000000,15.976696,0.000000,0.000000,1.665733,5.620349,0.090713,26.989471
0.000000,0.000000,14.529021,0.000000,0.000000,1.788178,8.123557,0.260352,24.232405
0.000000,0.000000,14.026885,0.000000,0.000000,1.240606,5.275538,0.084059,23.591496
0.000000,0.000000,15.339061,0.000000,0.000000,2.018568,7.222768,0.081171,28.477163
0.000000,0.000000,14.711501,0.000000,0.000000,2.286627,6.848731,0.229944,23.570604
0.000000,0.000000,16.472300,0.000000,0.000000,1.273282,6.228868,0.098389,28.408377
0.000000,0.000000,15.746399,0.000000,0.000000,2.110226,6.287752,0.069587,27.744325
0.000000,0.000000,14.431316,0.000000,0.000000,1.202088,5.478124,0.292974,24.585131
0.000000,0.000000,16.300947,0.000000,0.000000,1.019629,5.081614,0.070782,27.676846
0.000000,0.000000,15.151347,0.000000,0.000000,1.553198,5.921943,0.060153,24.758925
0.000000,0.000000,14.303984,0.000000,0.000000,1.141001,6.229823,0.354138,23.237364
0.000000,0.000000,15.541935,0.000000,0.000000,1.007851,4.784037,0.097879,25.431522
0.000000,0.000000,15.996987,0.000000,0.000000,1.478334,5.575307,0.037529,25.797773
0.000000,0.000000,14.942357,0.000000,0.000000,1.074290,4.701964,0.243785,23.372458
0.000000,0.000000,15.926143,0.000000,0.000000,0.955079,4.432472,0.070727,25.494750
0.000000,0.000000,15.692658,0.000000,0.000000,1.431598,4.646447,0.046355,23.579473
0.000000,0.000000,14.783325,0.000000,0.000000,1.228729,5.625310,0.262240,22.516614
0.000000,0.000000,16.882677,0.000000,0.000000,0.956023,4.567338,0.094025,25.526991
0.000000,0.000000,15.478932,0.000000,0.000000,1.555337,6.607985,0.081008,24.585956
0.000000,0.000000,14.831233,0.000000,0.000000,1.083181,7.015373,0.244513,22.823778
0.000000,0.000000,16.445969,0.000000,0.000000,1.069286,4.384184,0.072041,27.510363
0.000000,0.000000,14.839865,0.000000,0.000000,1.541603,6.547322,0.116280,25.409329
0.000000,0.000000,15.091921,0.000000,0.000000,1.136430,5.422279,0.290010,22.818708
0.000000,0.000000,15.506783,0.000000,0.000000,1.024092,5.306087,0.087001,26.029566
0.000000,0.000000,15.383940,0.000000,0.000000,2.266031,6.984065,0.098856,25.545964
0.000000,0.000000,14.949870,0.000000,0.000000,1.215887,6.885274,0.277808,23.867247
0.000000,0.000000,15.703958,0.000000,0.000000,0.715745,4.618470,0.102862,27.786333
0.000000,0.000000,16.257065,0.000000,0.000000,1.396588,6.170712,0.105478,27.127646
0.000000,0.000000,15.277649,0.000000,0.000000,0.821006,5.811310,0.289772,23.021642
0.000000,0.000000,16.848173,0.000000,0.000000,0.625367,4.489000,0.097292,27.105946
0.000000,0.000000,15.690920,0.000000,0.000000,1.475218,4.591709,0.060121,24.745693
0.000000,0.000000,14.675134,0.000000,0.000000,0.967748,5.274766,0.354713,22.227930
0.000000,0.000000,15.229800,0.000000,0.000000,0.854747,4.708163,0.061077,23.964187
0.000000,0.000000,15.670123,0.000000,0.000000,1.638390,4.646012,0.050785,24.116964
0.000000,0.000000,14.610888,0.000000,0.000000,1.212782,5.533945,0.410796,22.604733
0.000000,0.000000,14.898890,0.000000,0.000000,1.110354,4.600883,0.087457,23.607802
0.000000,0.000000,16.033040,0.000000,0.000000,1.678119,5.196809,0.407539,25.018812
0.000000,0.000000,14.989386,0.000000,0.000000,0.905727,4.371037,0.109376,23.165584
0.000000,0.000000,15.769997,0.000000,0.000000,1.692645,5.439052,0.342587,25.007838
0.000000,0.000000,16.043810,0.000000,0.000000,1.117508,3.512805,0.057081,23.889264
0.000000,0.000000,15.380565,0.000000,0.000000,1.610941,3.463367,0.351022,25.599506
0.000000,0.000000,14.535437,0.000000,0.000000,0.963340,3.246950,0.049830,21.381563
0.000000,0.000000,15.827577,0.000000,0.000000,1.798829,3.480573,0.409928,22.866096
0.000000,0.000000,15.124848,0.000000,0.000000,0.937948,3.410627,0.033459,21.384624
0.000000,0.000000,15.438840,0.000000,0.000000,1.761777,2.775152,0.411827,22.649298
0.000000,0.000000,14.822854,0.000000,0.000000,0.938458,2.995467,0.032471,21.152890
0.000000,0.000000,14.584343,0.000000,0.000000,1.765120,2.439416,0.034458,20.803940
0.000000,0.000000,15.512026,0.000000,0.000000,1.202968,2.703459,0.460658,21.652731
0.000000,0.000000,15.383170,0.000000,0.000000,0.868643,2.313669,0.084287,21.240013
0.000000,0.000000,15.440980,0.000000,0.000000,1.779863,2.533691,0.032948,21.241432
0.000000,0.000000,16.172705,0.000000,0.000000,1.092658,2.645976,0.407018,21.811163
0.000000,0.000000,14.624805,0.000000,0.000000,0.958965,3.198671,0.041525,20.881497
0.000000,0.000000,14.542526,0.000000,0.000000,1.692644,2.423903,0.072768,19.979060
0.000000,0.000000,14.708592,0.000000,0.000000,1.146244,2.753256,0.035695,21.152052
0.000000,0.000000,14.811193,0.000000,0.000000,1.187867,2.711361,0.033306,20.793844
0.000000,0.000000,16.508136,0.000000,0.000000,1.219687,2.559355,0.507394,22.228623
0.000000,0.000000,14.821576,0.000000,0.000000,1.024114,2.887909,0.031851,20.684636
0.000000,0.000000,15.089646,0.000000,0.000000,1.837260,2.459532,0.042512,20.856000
0.000000,0.000000,15.249803,0.000000,0.000000,1.295842,2.436627,0.345626,21.721969
0.000000,0.000000,15.473917,0.000000,0.000000,1.046042,2.329650,0.038941,21.349049
0.000000,0.000000,15.189128,0.000000,0.000000,1.880738,2.718451,0.406193,20.708907
0.000000,0.000000,14.879157,0.000000,0.000000,1.186282,3.654347,0.031168,20.473332
0.000000,0.000000,14.611934,0.000000,0.000000,1.751864,2.664442,0.319170,20.926912
0.000000,0.000000,15.120658,0.000000,0.000000,1.484879,2.650861,0.035239,22.189096
0.000000,0.000000,14.604265,0.000000,0.000000,1.710742,2.556608,0.052642,20.928492
0.000000,0.000000,15.174712,0.000000,0.000000,1.053816,3.169643,0.306729,21.534136
0.000000,0.000000,14.367905,0.000000,0.000000,0.833154,2.414274,0.047712,20.490894
0.000000,0.000000,15.386959,0.000000,0.000000,2.037642,3.132916,0.305709,21.734029
0.000000,0.000000,14.286332,0.000000,0.000000,0.821961,2.673539,0.364017,19.553477
0.000000,0.000000,15.340398,0.000000,0.000000,1.538302,2.938017,0.051924,22.510677
0.000000,0.000000,14.821865,0.000000,0.000000,2.196890,4.278554,0.052674,20.620787
0.000000,0.000000,15.043113,0.000000,0.000000,1.019553,3.646010,0.302061,22.084454
0.000000,0.000000,14.884982,0.000000,0.000000,1.178770,4.073829,0.030386,23.568910
0.000000,0.000000,14.863977,0.000000,0.000000,1.668815,3.042811,0.032362,21.873759
0.000000,0.000000,15.574672,0.000000,0.000000,1.001456,3.338467,0.029127,24.099514
0.000000,0.000000,17.343420,0.000000,0.000000,0.957544,3.109684,0.315436,24.329307
0.000000,0.000000,15.705152,0.000000,0.000000,1.033769,3.592967,0.078599,21.844012
0.000000,0.000000,14.504889,0.000000,0.000000,1.496995,3.203362,0.043805,20.499069
0.000000,0.000000,15.825683,0.000000,0.000000,0.927570,3.574153,0.329201,22.828695
0.000000,0.000000,15.330562,0.000000,0.000000,0.930240,3.054047,0.500142,22.063328
0.000000,0.000000,16.093498,0.000000,0.000000,1.363986,2.931340,0.034197,22.500060
0.000000,0.000000,15.194339,0.000000,0.000000,1.658774,3.760444,0.302799,21.666254
0.000000,0.000000,15.504504,0.000000,0.000000,0.962776,3.900466,0.462309,22.530440
0.000000,0.000000,15.281763,0.000000,0.000000,1.517991,3.186633,0.030951,22.634882
0.000000,0.000000,16.015475,0.000000,0.000000,1.747403,3.289506,0.316728,23.158440
0.000000,0.000000,15.306201,0.000000,0.000000,0.883472,3.954650,0.303755,22.560126
0.000000,0.000000,15.570221,0.000000,0.000000,2.000144,2.598002,0.318986,22.579678
0.000000,0.000000,14.637017,0.000000,0.000000,1.842416,3.074490,0.031124,22.015670
0.000000,0.000000,14.903535,0.000000,0.000000,1.801254,2.576963,0.358849,21.864388
0.000000,0.000000,17.355360,0.000000,0.000000,1.171659,2.200407,0.031081,24.518355
0.000000,0.000000,15.080388,0.000000,0.000000,1.828715,2.321595,0.464534,21.314559
0.000000,0.000000,15.476100,0.000000,0.000000,1.137440,2.171063,0.036183,20.787721
0.000000,0.000000,15.865063,0.000000,0.000000,1.884624,2.568941,0.047669,21.630830
0.000000,0.000000,15.514420,0.000000,0.000000,1.142923,2.907251,0.362182,20.877436
0.000000,0.000000,15.369166,0.000000,0.000000,0.989134,2.436072,0.046540,22.927628
0.000000,0.000000,15.301184,0.000000,0.000000,2.023995,3.955996,0.047778,22.950457
0.000000,0.000000,14.343533,0.000000,0.000000,1.386621,2.717039,0.067080,20.935507
0.000000,0.000000,14.981319,0.000000,0.000000,1.259540,2.594931,0.316250,24.411534
0.000000,0.000000,14.231748,0.000000,0.000000,1.185511,2.449056,0.095523,19.990394
0.000000,0.000000,14.436222,0.000000,0.000000,2.167611,3.170424,0.054172,20.289013
0.000000,0.000000,14.350644,0.000000,0.000000,1.498917,3.150308,0.097325,20.677674
0.000000,0.000000,15.628334,0.000000,0.000000,1.287147,3.246635,0.305426,23.021033
0.000000,0.000000,16.146758,0.000000,0.000000,1.143682,3.071471,0.063715,23.007540
0.000000,0.000000,16.075574,0.000000,0.000000,1.752744,3.083727,0.034664,23.426706
0.000000,0.000000,14.754904,0.000000,0.000000,1.199212,4.057099,0.055508,20.994933
0.000000,0.000000,15.372456,0.000000,0.000000,1.658096,3.828397,0.395250,22.223033
0.000000,0.000000,14.779927,0.000000,0.000000,1.164896,2.964973,0.043175,22.156702
0.000000,0.000000,14.410504,0.000000,0.000000,2.123821,4.379396,0.051132,21.834340
0.000000,0.000000,14.656927,0.000000,0.000000,1.275356,3.679903,0.264250,21.138342
0.000000,0.000000,15.917820,0.000000,0.000000,1.516905,3.669177,0.297371,24.270064
0.000000,0.000000,15.042006,0.000000,0.000000,1.644335,3.969892,0.043371,21.738024
0.000000,0.000000,14.694230,0.000000,0.000000,2.274771,4.970675,0.255694,22.121126
0.000000,0.000000,14.605633,0.000000,0.000000,1.315155,3.046979,0.037562,22.426965
0.000000,0.000000,15.446639,0.000000,0.000000,2.150545,3.170577,0.268114,24.827129
0.000000,0.000000,15.112646,0.000000,0.000000,1.225082,3.078028,0.333435,21.584410
0.000000,0.000000,15.505855,0.000000,0.000000,1.839615,6.641346,0.080802,22.895070
0.000000,0.000000,14.789568,0.000000,0.000000,1.775206,4.014868,0.246119,21.177435
0.000000,0.000000,17.137000,0.000000,0.000000,0.975901,3.395744,0.036401,28.299643
0.000000,0.000000,19.427589,0.000000,0.000000,2.562126,3.640907,0.252285,27.373929
0.000000,0.000000,14.012736,0.000000,0.000000,0.966749,3.643925,0.038974,20.534502
0.000000,0.000000,14.891620,0.000000,0.000000,2.115013,4.813120,0.268961,24.780806
0.000000,0.000000,13.895055,0.000000,0.000000,0.980352,3.889296,0.098009,20.681472
0.000000,0.000000,14.050830,0.000000,0.000000,1.480374,6.827974,0.264889,25.756247
0.000000,0.000000,14.819965,0.000000,0.000000,1.003540,4.621454,0.131576,21.932348
0.000000,0.000000,15.000796,0.000000,0.000000,1.554511,4.786512,0.284366,25.867751
0.000000,0.000000,14.538021,0.000000,0.000000,1.048691,5.190773,0.151563,22.829695
0.000000,0.000000,15.153162,0.000000,0.000000,1.463298,6.471589,0.029985,24.423917
0.000000,0.000000,16.331541,0.000000,0.000000,1.112797,4.264505,0.250689,25.537007
0.000000,0.000000,15.718060,0.000000,0.000000,1.402503,5.110122,0.069121,26.693522
0.000000,0.000000,14.646890,0.000000,0.000000,1.558734,4.690826,0.251830,21.983550
0.000000,0.000000,18.753771,0.000000,0.000000,1.163571,3.797007,0.061934,27.618867
0.000000,0.000000,15.465905,0.000000,0.000000,1.721153,4.383283,0.240713,24.204885
0.000000,0.000000,15.858181,0.000000,0.000000,1.290034,4.215219,0.109169,23.271517
0.000000,0.000000,16.025730,0.000000,0.000000,1.805027,5.078672,0.029843,26.181754
0.000000,0.000000,15.577658,0.000000,0.000000,1.430360,4.114550,0.050296,23.440355
0.000000,0.000000,14.941531,0.000000,0.000000,1.289752,4.817018,0.260764,25.076631
0.000000,0.000000,14.847801,0.000000,0.000000,1.418473,4.830316,0.187952,22.569886
0.000000,0.000000,15.223204,0.000000,0.000000,1.957144,5.295990,0.028801,23.378743
0.000000,0.000000,15.038014,0.000000,0.000000,1.306437,4.076543,0.059459,23.742155
0.000000,0.000000,15.109639,0.000000,0.000000,1.335966,4.982248,0.285983,25.950246
0.000000,0.000000,13.950574,0.000000,0.000000,1.431826,4.235151,0.054291,21.382725
0.000000,0.000000,13.654386,0.000000,0.000000,1.797884,4.723622,0.030125,22.497605
0.000000,0.000000,14.305905,0.000000,0.000000,1.559271,4.296086,0.236838,22.639994
0.000000,0.000000,14.077818,0.000000,0.000000,1.260798,4.106234,0.061555,22.749913
0.000000,0.000000,14.584196,0.000000,0.000000,2.070025,5.075838,0.029094,22.631917
0.000000,0.000000,13.913728,0.000000,0.000000,1.316100,4.002796,0.296372,21.587015
0.000000,0.000000,14.543641,0.000000,0.000000,1.407936,5.698221,0.083158,24.190247
0.000000,0.000000,14.253492,0.000000,0.000000,2.792338,5.706601,0.041058,21.448307
0.000000,0.000000,13.371645,0.000000,0.000000,1.385242,4.669787,0.347320,22.974429
0.000000,0.000000,14.950510,0.000000,0.000000,1.452810,4.315030,0.085210,26.655493
0.000000,0.000000,13.911893,0.000000,0.000000,1.996725,5.081028,0.276896,22.007994
0.000000,0.000000,15.610206,0.000000,0.000000,1.468747,4.091484,0.072769,23.759946
0.000000,0.000000,15.504879,0.000000,0.000000,2.073174,5.298606,0.032601,25.295709
0.000000,0.000000,14.676573,0.000000,0.000000,1.717299,4.830252,0.262772,22.395384
0.000000,0.000000,14.428931,0.000000,0.000000,1.449673,3.960122,0.159259,24.108203
0.000000,0.000000,14.443659,0.000000,0.000000,2.043873,5.324585,0.285473,23.050932
0.000000,0.000000,13.851804,0.000000,0.000000,1.428656,4.691499,0.095458,21.825189
0.000000,0.000000,15.426280,0.000000,0.000000,1.990885,5.695918,0.262729,25.491791
0.000000,0.000000,14.200757,0.000000,0.000000,1.538932,4.351105,0.080879,22.857349
0.000000,0.000000,14.370531,0.000000,0.000000,1.914436,5.451526,0.337387,24.626004
0.000000,0.000000,14.220538,0.000000,0.000000,1.358275,4.474930,0.039365,22.494820
0.000000,0.000000,15.859027,0.000000,0.000000,2.175678,3.995740,0.065777,25.523274
0.000000,0.000000,13.995182,0.000000,0.000000,1.454461,4.130693,0.273303,22.355585
0.000000,0.000000,15.426929,0.000000,0.000000,1.396337,3.692604,0.123912,26.157499
0.000000,0.000000,13.983099,0.000000,0.000000,2.250812,6.794527,0.072660,22.841984
0.000000,0.000000,14.062001,0.000000,0.000000,1.668208,4.691509,0.030614,21.556360
0.000000,0.000000,15.359573,0.000000,0.000000,1.660869,4.050791,0.058254,27.568656
0.000000,0.000000,15.713943,0.000000,0.000000,1.346552,4.697816,0.030669,24.706640
0.000000,0.000000,13.994748,0.000000,0.000000,1.303941,4.223436,0.085601,21.976837
0.000000,0.000000,14.343000,0.000000,0.000000,1.351197,6.090289,0.274312,22.459718
0.000000,0.000000,14.731604,0.000000,0.000000,1.307426,4.557675,0.100723,22.564324
0.000000,0.000000,14.110875,0.000000,0.000000,1.953126,8.508999,0.041557,23.926239
0.000000,0.000000,15.057531,0.000000,0.000000,1.438361,5.304729,0.034154,23.043291
0.000000,0.000000,16.262517,0.000000,0.000000,1.289057,4.677516,0.311278,29.740399
0.000000,0.000000,14.242093,0.000000,0.000000,2.098541,5.824851,0.179679,22.977914
0.000000,0.000000,14.560743,0.000000,0.000000,1.759616,6.160105,0.054074,22.732207
0.000000,0.000000,14.335054,0.000000,0.000000,1.152726,5.860564,0.334977,24.916515
0.000000,0.000000,15.467501,0.000000,0.000000,1.241518,5.433950,0.071639,26.663647
0.000000,0.000000,13.789881,0.000000,0.000000,1.795246,5.855503,0.029626,23.111074
0.000000,0.000000,14.289089,0.000000,0.000000,1.421719,4.945966,0.035315,23.868941
0.000000,0.000000,14.579799,0.000000,0.000000,1.584343,5.045463,0.030528,24.697083
0.000000,0.000000,14.988301,0.000000,0.000000,1.591296,5.185247,0.249615,23.341551
0.000000,0.000000,14.438241,0.000000,0.000000,1.181918,4.853733,0.100843,23.331780
0.000000,0.000000,14.576795,0.000000,0.000000,1.735569,5.955130,0.260938,23.411985
0.000000,0.000000,14.133890,0.000000,0.000000,1.141196,4.518398,1.377426,22.634176
0.000000,0.000000,14.350351,0.000000,0.000000,1.661824,5.876163,0.236501,25.535162
0.000000,0.000000,14.938634,0.000000,0.000000,1.461625,4.882100,0.069143,22.931254
0.000000,0.000000,14.438893,0.000000,0.000000,1.801966,6.121241,0.301670,26.030680
0.000000,0.000000,14.189995,0.000000,0.000000,1.192578,6.535804,0.094654,22.692789
0.000000,0.000000,14.366602,0.000000,0.000000,1.691168,6.924638,0.026446,25.125854
0.000000,0.000000,14.181928,0.000000,0.000000,1.295787,4.592546,0.027607,24.658670
0.000000,0.000000,14.482090,0.000000,0.000000,1.250984,4.890774,0.266182,25.982174
0.000000,0.000000,14.029422,0.000000,0.000000,1.182244,4.458222,0.132467,22.205295
0.000000,0.000000,14.361206,0.000000,0.000000,1.517730,4.853765,0.030365,22.607687
0.000000,0.000000,14.430621,0.000000,0.000000,1.145484,5.174445,1.769615,22.720091
0.000000,0.000000,14.916639,0.000000,0.000000,1.022539,4.430170,0.091680,23.682249
0.000000,0.000000,14.710188,0.000000,0.000000,2.089435,6.303689,0.217784,23.239329
0.000000,0.000000,13.647144,0.000000,0.000000,0.971961,4.607011,0.111439,23.349042
0.000000,0.000000,15.753202,0.000000,0.000000,1.399040,6.084046,0.035510,26.824436
0.000000,0.000000,14.607224,0.000000,0.000000,1.408095,5.717848,0.218794,22.459099
0.000000,0.000000,14.115855,0.000000,0.000000,0.954384,5.982651,0.098867,24.881221
0.000000,0.000000,15.692585,0.000000,0.000000,1.411753,5.281247,0.048701,29.037114
0.000000,0.000000,13.522799,0.000000,0.000000,1.005929,5.428174,0.312809,23.142449
0.000000,0.000000,15.689477,0.000000,0.000000,0.825902,5.771803,0.086893,25.401154
0.000000,0.000000,14.467021,0.000000,0.000000,1.380586,6.420229,0.110873,23.267772
0.000000,0.000000,14.262069,0.000000,0.000000,1.037369,6.685922,0.322731,24.869322
0.000000,0.000000,14.982992,0.000000,0.000000,0.906096,6.418840,0.101842,25.471708
0.000000,0.000000,15.241313,0.000000,0.000000,1.349721,7.819292,0.089356,25.710988
0.000000,0.000000,14.069600,0.000000,0.000000,1.156677,6.668140,1.306405,23.957951
0.000000,0.000000,14.983273,0.000000,0.000000,0.914151,5.556863,0.105217,27.351968
0.000000,0.000000,15.346669,0.000000,0.000000,1.382322,6.315554,0.078447,26.017301
0.000000,0.000000,14.882637,0.000000,0.000000,1.493510,7.295429,0.223136,25.693585
0.000000,0.000000,14.929232,0.000000,0.000000,0.960377,5.113508,0.113685,25.952102
0.000000,0.000000,14.877459,0.000000,0.000000,1.443127,7.797438,0.055909,26.347929
0.000000,0.000000,14.434306,0.000000,0.000000,1.155244,6.182143,0.028313,23.087640
0.000000,0.000000,15.294703,0.000000,0.000000,1.184827,5.220464,0.241202,28.276117
0.000000,0.000000,15.209876,0.000000,0.000000,1.244547,6.117203,0.081008,25.545758
0.000000,0.000000,14.383104,0.000000,0.000000,1.738382,7.363713,0.087457,22.975004
0.000000,0.000000,14.168098,0.000000,0.000000,1.216158,6.052304,0.244719,24.253345
0.000000,0.000000,14.536348,0.000000,0.000000,0.910081,6.328538,0.069381,26.453110
0.000000,0.000000,14.538976,0.000000,0.000000,1.487213,6.995571,0.084374,24.983822
0.000000,0.000000,13.878402,0.000000,0.000000,1.277625,7.901440,0.255379,23.822379
0.000000,0.000000,14.348060,0.000000,0.000000,1.023658,6.957868,0.098606,25.539158
0.000000,0.000000,14.113860,0.000000,0.000000,1.724974,7.326195,0.082279,25.907766
0.000000,0.000000,15.106383,0.000000,0.000000,1.451357,7.556670,0.325684,25.973664
0.000000,0.000000,14.713238,0.000000,0.000000,1.205020,6.873310,0.108171,28.662249
0.000000,0.000000,14.777647,0.000000,0.000000,1.477427,8.513150,0.100191,26.792855
0.000000,0.000000,14.122774,0.000000,0.000000,1.508090,7.686423,0.057484,25.603112
0.000000,0.000000,15.164126,0.000000,0.000000,1.506983,6.223798,0.290738,28.858576
0.000000,0.000000,15.343535,0.000000,0.000000,0.979082,6.324619,0.103296,27.736482
0.000000,0.000000,14.896067,0.000000,0.000000,1.347572,7.312299,0.153658,25.953503
0.000000,0.000000,14.620320,0.000000,0.000000,1.215952,7.639156,0.056647,24.683129
0.000000,0.000000,14.547361,0.000000,0.000000,0.879293,8.797440,0.339840,25.955787
0.000000,0.000000,17.901716,0.000000,0.000000,0.862314,5.594034,0.101049,30.109718
0.000000,0.000000,14.522507,0.000000,0.000000,2.255958,10.343266,0.079988,27.408181
0.000000,0.000000,14.144138,0.000000,0.000000,1.120537,7.245371,1.473047,23.249100
0.000000,0.000000,15.648527,0.000000,0.000000,0.849405,4.914592,0.055160,31.298683
0.000000,0.000000,14.543384,0.000000,0.000000,0.939381,5.252283,0.265281,25.512223
0.000000,0.000000,14.581423,0.000000,0.000000,0.929968,5.628090,0.095284,24.687700
0.000000,0.000000,14.404132,0.000000,0.000000,1.316696,8.162279,0.094850,23.047187
0.000000,0.000000,14.134085,0.000000,0.000000,1.052513,6.842206,0.300139,23.197185
0.000000,0.000000,14.089272,0.000000,0.000000,1.013420,5.732776,0.120036,26.496495
0.000000,0.000000,14.773120,0.000000,0.000000,1.423499,7.619788,0.408429,25.472337
0.000000,0.000000,13.706701,0.000000,0.000000,0.814481,8.166275,0.098280,23.775361
0.000000,0.000000,15.127596,0.000000,0.000000,1.205161,6.076317,0.111297,27.053892
0.000000,0.000000,14.649242,0.000000,0.000000,0.971993,5.972218,0.092191,27.144486
0.000000,0.000000,14.890997,0.000000,0.000000,0.970418,7.422119,0.053325,25.455098
0.000000,0.000000,14.558908,0.000000,0.000000,1.132599,6.781938,0.257801,25.185942
0.000000,0.000000,15.213706,0.000000,0.000000,0.892027,6.189428,0.133910,27.021399
0.000000,0.000000,16.022864,0.000000,0.000000,2.668795,9.571221,0.090713,27.129287
0.000000,0.000000,14.257921,0.000000,0.000000,0.949923,7.395038,0.032428,24.443101
0.000000,0.000000,15.707030,0.000000,0.000000,1.270841,6.548700,0.337582,31.893218
0.000000,0.000000,14.424580,0.000000,0.000000,1.133543,6.057786,0.107182,25.944622
0.000000,0.000000,14.514246,0.000000,0.000000,1.668869,7.408168,0.120471,25.321341
0.000000,0.000000,14.484901,0.000000,0.000000,1.212293,8.235265,0.253642,24.576663
0.000000,0.000000,14.836206,0.000000,0.000000,1.186640,5.577197,0.100495,27.171086
0.000000,0.000000,14.661492,0.000000,0.000000,1.396055,7.644795,0.072714,28.113106
0.000000,0.000000,14.401852,0.000000,0.000000,1.148763,6.842228,0.302506,23.959275
0.000000,0.000000,14.530971,0.000000,0.000000,1.109345,7.278190,0.080509,27.356940
0.000000,0.000000,15.253400,0.000000,0.000000,1.762981,7.196921,1.832905,26.124165
0.000000,0.000000,13.955241,0.000000,0.000000,1.178466,5.974954,0.306534,25.508966
0.000000,0.000000,15.087656,0.000000,0.000000,1.115175,5.745499,0.067623,27.200384
0.000000,0.000000,14.220599,0.000000,0.000000,1.438904,5.781697,0.523602,26.345138
0.000000,0.000000,14.535545,0.000000,0.000000,1.247293,5.817540,0.057841,24.394410
0.000000,0.000000,14.108136,0.000000,0.000000,1.357114,4.749873,2.280158,24.019711
0.000000,0.000000,14.545566,0.000000,0.000000,0.988201,5.476006,0.047496,25.120827
0.000000,0.000000,14.477356,0.000000,0.000000,1.319845,3.226225,0.056745,23.731101
0.000000,0.000000,14.917648,0.000000,0.000000,1.122057,3.536027,0.026358,26.539594
0.000000,0.000000,14.971604,0.000000,0.000000,0.897715,2.775782,0.032460,22.023268
0.000000,0.000000,15.337564,0.000000,0.000000,1.149317,3.437301,0.315208,22.240979
0.000000,0.000000,14.019640,0.000000,0.000000,1.030182,3.690856,0.067101,19.647295
0.000000,0.000000,13.978583,0.000000,0.000000,1.613090,6.875534,0.025957,20.840863
0.000000,0.000000,15.136565,0.000000,0.000000,1.230228,4.548644,0.025588,21.852830
0.000000,0.000000,15.158980,0.000000,0.000000,1.233919,3.560768,0.025805,25.993084
0.000000,0.000000,14.423173,0.000000,0.000000,1.291782,3.587713,0.026793,22.251324
0.000000,0.000000,13.980113,0.000000,0.000000,1.131371,4.096843,0.049873,20.796146
0.000000,0.000000,15.241781,0.000000,0.000000,0.992152,4.038068,0.024350,22.038641
0.000000,0.000000,14.095144,0.000000,0.000000,1.144681,4.863970,0.026456,21.291923
0.000000,0.000000,14.022908,0.000000,0.000000,1.103656,5.286035,0.041384,21.194317
0.000000,0.000000,15.139149,0.000000,0.000000,1.190874,5.114486,0.024502,23.114660
0.000000,0.000000,14.649307,0.000000,0.000000,1.070849,4.162262,0.024491,23.134274
0.000000,0.000000,13.971407,0.000000,0.000000,1.189778,4.621130,0.024415,22.355087
0.000000,0.000000,14.108399,0.000000,0.000000,1.085277,4.125493,0.049721,21.391473
0.000000,0.000000,14.791977,0.000000,0.000000,1.118682,6.156262,0.064464,22.563687
0.000000,0.000000,14.168901,0.000000,0.000000,1.036478,5.095646,0.032579,21.477606
0.000000,0.000000,13.950357,0.000000,0.000000,1.327901,5.152929,0.052001,23.692313
0.000000,0.000000,13.887623,0.000000,0.000000,1.171745,6.217534,0.029051,22.501149
0.000000,0.000000,14.765347,0.000000,0.000000,1.108367,5.477548,0.029268,23.647520
0.000000,0.000000,14.261189,0.000000,0.000000,1.131220,6.575776,0.035945,23.882869
0.000000,0.000000,15.837742,0.000000,0.000000,1.112819,6.378812,0.026261,24.823285
0.000000,0.000000,13.900331,0.000000,0.000000,1.301834,5.204896,0.055768,23.843863
0.000000,0.000000,14.243201,0.000000,0.000000,1.493934,6.230566,0.047973,24.020959
0.000000,0.000000,14.146310,0.000000,0.000000,1.110528,6.477897,0.024827,22.943717
0.000000,0.000000,15.099140,0.000000,0.000000,1.153562,5.299903,0.046096,27.024438
0.000000,0.000000,14.023494,0.000000,0.000000,1.197508,5.657749,0.025197,23.966571
0.000000,0.000000,14.210487,0.000000,0.000000,1.355203,5.255909,0.025176,22.744941
0.000000,0.000000,13.816816,0.000000,0.000000,1.059113,3.863893,0.027890,22.922439
0.000000,0.000000,14.301346,0.000000,0.000000,1.273098,4.774158,0.023797,23.208183
0.000000,0.000000,14.426007,0.000000,0.000000,1.081499,4.441427,0.054118,21.505073
0.000000,0.000000,14.023071,0.000000,0.000000,1.056736,3.734031,0.026294,22.265675
0.000000,0.000000,13.817901,0.000000,0.000000,0.929828,4.075684,0.025099,21.516991
0.000000,0.000000,13.756466,0.000000,0.000000,1.007742,5.719389,-0.000000,22.021096
0.000000,0.000000,14.659813,0.000000,0.000000,0.000000,-10.186488,0.000000,21.933355
0.000000,0.000000,14.568343,0.000000,0.000000,0.000000,-7.335303,0.000000,23.371742
