0.000000 -0.000000 -0.000000 0.000000 0.000000 -0.000000 -0.000000 1.000000
0.103391 -0.011011 -0.017122 0.961713 0.002163 0.000768 -0.000354 0.999997
0.207106 -0.016995 -0.033042 1.924885 0.002612 0.001063 0.000695 0.999996
0.310262 -0.031067 -0.063419 2.888054 0.000457 0.001098 0.001438 0.999998
0.413621 -0.044627 -0.095036 3.848312 -0.002772 0.000720 0.002187 0.999994
0.517929 -0.053372 -0.122217 4.806551 -0.002330 0.000035 0.004400 0.999988
0.620389 -0.064585 -0.144871 5.738958 -0.000807 -0.000492 0.005771 0.999983
0.724219 -0.075428 -0.153567 6.676395 0.000726 -0.000900 0.006054 0.999981
0.827211 -0.089364 -0.167881 7.606157 0.001050 -0.001304 0.005740 0.999982
0.930557 -0.101303 -0.179166 8.535486 -0.000105 -0.001773 0.005413 0.999984
1.034070 -0.114132 -0.186585 9.465868 -0.001571 -0.002118 0.005377 0.999982
1.137438 -0.127557 -0.191630 10.388920 -0.002229 -0.002615 0.005458 0.999979
1.244258 -0.142195 -0.199718 11.339520 -0.002560 -0.002918 0.006239 0.999973
1.344229 -0.154881 -0.215560 12.223450 -0.002508 -0.003397 0.006324 0.999971
1.447568 -0.169312 -0.235486 13.133250 -0.001722 -0.003739 0.006443 0.999971
1.551083 -0.184906 -0.260252 14.041360 -0.000619 -0.004513 0.006686 0.999967
1.654521 -0.199285 -0.276057 14.945520 0.000013 -0.005260 0.007344 0.999959
1.757843 -0.216948 -0.285111 15.846270 0.000287 -0.006095 0.007162 0.999956
1.861353 -0.236713 -0.293361 16.743090 0.000740 -0.006824 0.006516 0.999955
1.964724 -0.254852 -0.298244 17.634840 0.000772 -0.007685 0.005793 0.999953
2.068236 -0.273078 -0.304405 18.526840 0.000288 -0.008461 0.006066 0.999946
2.171620 -0.293743 -0.313840 19.414190 -0.000406 -0.009126 0.005746 0.999942
2.275131 -0.314603 -0.323688 20.294780 -0.000575 -0.009877 0.005667 0.999935
2.378626 -0.333567 -0.322040 21.168900 -0.000551 -0.010744 0.006240 0.999923
2.482010 -0.351775 -0.320509 22.037930 -0.000239 -0.011544 0.006347 0.999913
2.585514 -0.372549 -0.317219 22.900890 -0.000471 -0.012054 0.006313 0.999907
2.689023 -0.393368 -0.315927 23.757730 -0.001452 -0.012575 0.006202 0.999901
2.793694 -0.412104 -0.314024 24.615430 -0.002890 -0.012976 0.006857 0.999888
2.896139 -0.428033 -0.305738 25.442180 -0.003566 -0.013315 0.006687 0.999883
2.999556 -0.447402 -0.298849 26.266210 -0.002969 -0.013701 0.006454 0.999881
3.103545 -0.469077 -0.293049 27.080370 -0.001584 -0.014089 0.005738 0.999883
3.206573 -0.491623 -0.293405 27.876970 -0.000780 -0.014482 0.005473 0.999880
3.310078 -0.514723 -0.298277 28.669570 -0.000546 -0.014954 0.005111 0.999875
3.413963 -0.537729 -0.303039 29.454710 -0.000346 -0.015660 0.005218 0.999864
3.517076 -0.561050 -0.302456 30.226650 -0.000037 -0.016595 0.005061 0.999849
3.620721 -0.583710 -0.289317 30.993250 0.000151 -0.017520 0.005068 0.999834
3.724674 -0.609883 -0.284946 31.753310 -0.000420 -0.018546 0.005236 0.999814
3.827725 -0.637347 -0.285958 32.497450 -0.001748 -0.019521 0.005256 0.999794
3.931241 -0.669497 -0.291316 33.234900 -0.002375 -0.020440 0.004888 0.999776
4.034871 -0.707028 -0.298099 33.962280 -0.002491 -0.021414 0.004160 0.999759
4.142151 -0.747597 -0.301181 34.703530 -0.002035 -0.022326 0.002831 0.999745
4.243437 -0.786123 -0.301299 35.393170 -0.001607 -0.023207 0.002076 0.999727
4.345966 -0.822501 -0.293500 36.085730 -0.002315 -0.023963 0.001857 0.999708
4.449183 -0.857974 -0.284560 36.773380 -0.003094 -0.024484 0.001287 0.999695
4.552519 -0.897984 -0.282922 37.449210 -0.003427 -0.024455 -0.000219 0.999695
4.656235 -0.935694 -0.275350 38.111240 -0.002351 -0.023923 -0.001819 0.999709
4.760815 -0.966244 -0.264395 38.763550 -0.000660 -0.023033 -0.002662 0.999731
4.863788 -0.994069 -0.259033 39.400630 0.000345 -0.021956 -0.002865 0.999755
4.966824 -1.022967 -0.254691 40.037480 -0.000100 -0.020429 -0.003463 0.999785
5.073257 -1.054571 -0.256142 40.686830 -0.001656 -0.018663 -0.005958 0.999807
5.174268 -1.082779 -0.255999 41.292110 -0.003505 -0.016768 -0.008151 0.999820
5.277498 -1.107347 -0.254244 41.890890 -0.003906 -0.014621 -0.010603 0.999829
5.381142 -1.127463 -0.250493 42.475690 -0.003968 -0.011934 -0.012465 0.999843
5.484644 -1.143225 -0.247276 43.044250 -0.004988 -0.009052 -0.014312 0.999844
5.588095 -1.156523 -0.246126 43.592390 -0.005750 -0.005702 -0.016832 0.999826
5.691619 -1.163695 -0.246331 44.119470 -0.005481 -0.002138 -0.018497 0.999812
5.795223 -1.165311 -0.246031 44.627050 -0.005745 0.001514 -0.020267 0.999777
5.898736 -1.165281 -0.240157 45.110470 -0.005585 0.005281 -0.022509 0.999717
6.002373 -1.162119 -0.234850 45.574470 -0.004201 0.009166 -0.024708 0.999644
6.105870 -1.153911 -0.236866 46.013950 -0.002645 0.013182 -0.025574 0.999583
6.209506 -1.139704 -0.238030 46.435620 -0.002932 0.017158 -0.025821 0.999515
6.313021 -1.119110 -0.239526 46.832670 -0.003698 0.021039 -0.025590 0.999444
6.416516 -1.098158 -0.239175 47.204560 -0.004250 0.025078 -0.026495 0.999325
6.524037 -1.077742 -0.238753 47.567320 -0.004383 0.029656 -0.028247 0.999151
6.623722 -1.059487 -0.240415 47.878400 -0.004340 0.033887 -0.030591 0.998948
6.727294 -1.036133 -0.244398 48.176640 -0.004617 0.038418 -0.032418 0.998725
6.830809 -1.006263 -0.253271 48.450880 -0.004936 0.043078 -0.032181 0.998541
6.934429 -0.973096 -0.260777 48.716560 -0.004081 0.048479 -0.031647 0.998314
7.038067 -0.936956 -0.267589 48.975590 -0.001860 0.054542 -0.030924 0.998031
7.141701 -0.897746 -0.273442 49.232390 0.000068 0.061244 -0.031314 0.997631
7.245330 -0.856742 -0.280568 49.487080 0.000747 0.069122 -0.032200 0.997088
7.353300 -0.808431 -0.286092 49.749700 0.001036 0.077692 -0.033182 0.996425
7.452592 -0.757712 -0.291571 49.986150 0.001381 0.085891 -0.033369 0.995745
7.556580 -0.697158 -0.296762 50.230580 0.001716 0.095111 -0.032981 0.994919
7.663357 -0.629655 -0.302291 50.477330 0.001659 0.105249 -0.032540 0.993912
7.763356 -0.562625 -0.306784 50.707270 0.001961 0.115218 -0.032767 0.992798
7.866988 -0.488921 -0.311706 50.945300 0.002720 0.126111 -0.033751 0.991438
7.970621 -0.407494 -0.317908 51.181490 0.003361 0.137792 -0.034347 0.989860
8.074250 -0.317219 -0.325504 51.420200 0.003374 0.150460 -0.035005 0.987990
8.177962 -0.221245 -0.334080 51.659300 0.003147 0.163886 -0.036548 0.985797
8.283921 -0.114714 -0.343954 51.900750 0.003033 0.178498 -0.037842 0.983208
8.385961 0.000274 -0.354496 52.129820 0.003099 0.193397 -0.038219 0.980371
8.488779 0.130953 -0.364272 52.355950 0.003808 0.209336 -0.037192 0.977129
8.593446 0.276032 -0.373394 52.580450 0.005035 0.226974 -0.035660 0.973235
8.696029 0.427978 -0.382435 52.800310 0.006841 0.245342 -0.035146 0.968775
8.799662 0.590791 -0.391907 53.019010 0.008810 0.264494 -0.035673 0.963687
8.903911 0.770108 -0.402597 53.244110 0.010317 0.284532 -0.036442 0.957918
9.008027 0.965237 -0.414760 53.472800 0.011209 0.305496 -0.037856 0.951375
9.110580 1.172293 -0.430253 53.694770 0.011281 0.326822 -0.040065 0.944169
9.214197 1.401712 -0.446740 53.926800 0.011184 0.348797 -0.042559 0.936165
9.317832 1.658262 -0.464713 54.153430 0.011591 0.371746 -0.043116 0.927260
9.421456 1.946080 -0.477640 54.368950 0.011491 0.395609 -0.042090 0.917382
9.525112 2.269729 -0.477769 54.585190 0.011867 0.419602 -0.041401 0.906686
9.630085 2.612681 -0.483220 54.789880 0.012203 0.444460 -0.041317 0.894762
9.732384 2.973763 -0.479276 54.983830 0.013494 0.469303 -0.040851 0.881988
9.836009 3.359263 -0.486089 55.169570 0.013629 0.494222 -0.040433 0.868288
9.939685 3.766145 -0.491392 55.335410 0.012958 0.518292 -0.039939 0.854172
10.043900 4.198361 -0.516620 55.483960 0.011529 0.541868 -0.040087 0.839428
10.146770 4.641416 -0.539618 55.618450 0.009660 0.564267 -0.041668 0.824484
10.250360 5.103719 -0.564592 55.721430 0.010873 0.585729 -0.041833 0.809354
10.353670 5.585536 -0.595773 55.802270 0.013171 0.605604 -0.037919 0.794753
10.457170 6.088519 -0.626680 55.856170 0.016171 0.623623 -0.032507 0.780881
10.562990 6.612372 -0.653241 55.902800 0.018569 0.640777 -0.029731 0.766927
10.664530 7.126377 -0.682131 55.937900 0.020792 0.655281 -0.029823 0.754510
10.767050 7.658631 -0.724289 55.954130 0.023667 0.667473 -0.027191 0.743761
10.870220 8.209580 -0.773785 55.971350 0.025095 0.678329 -0.024681 0.733915
10.973420 8.774944 -0.813751 55.977510 0.026456 0.687476 -0.021849 0.725396
11.077200 9.351661 -0.857379 55.983230 0.028223 0.694596 -0.020242 0.718561
11.180190 9.933246 -0.902062 55.981820 0.029777 0.700165 -0.019901 0.713082
11.284150 10.537670 -0.947374 55.979840 0.029626 0.704962 -0.019659 0.708353
11.385900 11.137540 -0.996539 55.979000 0.029835 0.709014 -0.019872 0.704283
11.488980 11.755010 -1.055254 55.963040 0.032590 0.712053 -0.019472 0.701098
11.592550 12.382760 -1.117194 55.929540 0.034771 0.714329 -0.018586 0.698699
11.695270 13.020270 -1.167977 55.903040 0.034453 0.715976 -0.018230 0.697035
11.799490 13.673080 -1.217524 55.883300 0.032723 0.717298 -0.018260 0.695758
11.901710 14.333570 -1.269538 55.858520 0.029280 0.718231 -0.016374 0.694996
12.004820 15.013210 -1.317429 55.821490 0.027707 0.718749 -0.013776 0.694581
12.108000 15.697980 -1.366117 55.779010 0.027879 0.718939 -0.012071 0.694409
12.211190 16.387180 -1.417061 55.740740 0.029805 0.718834 -0.011788 0.694442
12.314500 17.082520 -1.462354 55.703180 0.033056 0.718559 -0.014254 0.694534
12.417650 17.784720 -1.502437 55.672100 0.036033 0.717742 -0.016832 0.695173
12.521050 18.504680 -1.545746 55.643000 0.037063 0.716982 -0.016843 0.695902
12.624550 19.241550 -1.593908 55.615030 0.034963 0.716305 -0.015426 0.696740
12.727430 19.978240 -1.647724 55.590270 0.032213 0.715495 -0.012855 0.697757
12.830730 20.712810 -1.696725 55.569040 0.031192 0.714560 -0.013396 0.698750
12.934130 21.438500 -1.741686 55.536880 0.036054 0.713378 -0.012536 0.699739
13.037710 22.167140 -1.787932 55.510110 0.038716 0.712138 -0.013699 0.700837
13.141650 22.903320 -1.839076 55.505370 0.036519 0.711335 -0.016231 0.701716
13.244210 23.632160 -1.895775 55.501640 0.034416 0.710195 -0.016574 0.702968
13.348030 24.373310 -1.955801 55.484540 0.033809 0.708603 -0.013244 0.704673
13.452770 25.111640 -2.008471 55.463620 0.036511 0.707441 -0.012367 0.705720
13.554880 25.835050 -2.059391 55.461810 0.037786 0.706311 -0.013951 0.706755
13.657960 26.568060 -2.113697 55.472620 0.037103 0.705046 -0.015636 0.708018
13.761270 27.304920 -2.167614 55.489630 0.036343 0.703692 -0.015528 0.709405
13.864670 28.044130 -2.226546 55.497680 0.037018 0.702348 -0.013004 0.710752
13.968170 28.777650 -2.288673 55.510270 0.038633 0.700947 -0.011281 0.712077
14.071640 29.512320 -2.343893 55.522320 0.040082 0.699663 -0.010642 0.713269
14.175050 30.246300 -2.395401 55.536200 0.040293 0.698681 -0.010679 0.714217
14.278600 30.985590 -2.445222 55.548590 0.040544 0.697427 -0.009676 0.715443
14.382120 31.726300 -2.496112 55.561880 0.040525 0.696112 -0.008549 0.716737
14.485500 32.464950 -2.537443 55.584660 0.040624 0.695075 -0.009324 0.717728
14.588970 33.207400 -2.578228 55.613480 0.040178 0.693954 -0.010774 0.718817
14.692450 33.951010 -2.620601 55.639750 0.040943 0.692926 -0.010150 0.719774
14.795970 34.698410 -2.667716 55.673160 0.039878 0.691915 -0.010916 0.720794
14.899490 35.442520 -2.711893 55.709300 0.039855 0.691172 -0.011588 0.721497
15.002870 36.197850 -2.761384 55.748550 0.038358 0.690023 -0.012729 0.722658
15.106400 36.950930 -2.812393 55.787040 0.038749 0.688784 -0.013847 0.723798
15.209870 37.704740 -2.867554 55.826600 0.040011 0.687581 -0.015639 0.724836
15.313360 38.465750 -2.922992 55.868550 0.040455 0.686340 -0.016219 0.725974
15.416750 39.230070 -2.973413 55.921070 0.039440 0.685156 -0.019099 0.727077
15.520220 40.002200 -3.024315 55.976310 0.037585 0.684186 -0.020006 0.728064
15.623920 40.778300 -3.080932 56.024940 0.038630 0.682862 -0.019404 0.729267
15.727200 41.555500 -3.135919 56.077880 0.038849 0.681364 -0.019890 0.730642
15.830620 42.339510 -3.188774 56.141300 0.037640 0.680033 -0.021743 0.731892
15.934250 43.130310 -3.244326 56.203330 0.037191 0.678516 -0.021450 0.733330
16.039410 43.937950 -3.297181 56.269720 0.036624 0.676685 -0.020880 0.735065
16.140910 44.713720 -3.352539 56.343910 0.037190 0.674812 -0.023583 0.736675
16.244300 45.504400 -3.402580 56.422970 0.040186 0.672421 -0.027203 0.738576
16.348280 46.307560 -3.461241 56.508100 0.041294 0.669551 -0.029187 0.741043
16.453450 47.122240 -3.525277 56.605330 0.040852 0.666769 -0.031251 0.743487
16.554450 47.914110 -3.592468 56.706630 0.038703 0.664149 -0.031720 0.745924
16.658020 48.726870 -3.662244 56.811920 0.038050 0.661293 -0.031075 0.748517
16.761400 49.540680 -3.727642 56.921620 0.037033 0.658612 -0.030028 0.750970
16.864710 50.356820 -3.792894 57.040970 0.033999 0.655836 -0.028647 0.753593
16.968080 51.167880 -3.850124 57.167870 0.030730 0.653182 -0.027028 0.756095
17.073430 51.989070 -3.912550 57.297260 0.029245 0.650289 -0.025906 0.758681
17.175580 52.773790 -3.968025 57.424900 0.030617 0.647532 -0.026748 0.760953
17.279480 53.561530 -4.023164 57.560330 0.033028 0.645241 -0.028546 0.762731
17.383340 54.343180 -4.082523 57.698510 0.034532 0.643159 -0.030274 0.764354
17.485440 55.104390 -4.143701 57.837520 0.034701 0.641261 -0.031661 0.765883
17.588870 55.870530 -4.204409 57.979500 0.033892 0.639139 -0.032031 0.767676
17.693880 56.645460 -4.262120 58.120330 0.034103 0.637138 -0.029656 0.769423
17.795780 57.389110 -4.318314 58.262510 0.032247 0.635486 -0.027349 0.770954
17.899360 58.136680 -4.369152 58.413570 0.028413 0.634381 -0.025682 0.772071
18.003090 58.876010 -4.420802 58.567270 0.026149 0.633154 -0.025807 0.773154
18.106340 59.599610 -4.467621 58.716110 0.025701 0.631869 -0.026442 0.774197
18.209790 60.312450 -4.516372 58.866090 0.025847 0.630975 -0.027822 0.774873
18.313370 61.013190 -4.564529 59.021080 0.025814 0.630347 -0.030509 0.775284
18.417190 61.704360 -4.614787 59.172380 0.027017 0.629470 -0.032410 0.775878
18.520470 62.381990 -4.657586 59.320910 0.028884 0.628574 -0.034229 0.776459
18.623970 63.055930 -4.706379 59.468430 0.029820 0.627916 -0.034652 0.776937
18.727490 63.722310 -4.758759 59.616890 0.028830 0.627432 -0.035260 0.777338
18.830950 64.381600 -4.814707 59.760190 0.027728 0.627221 -0.034369 0.777589
18.934680 65.032810 -4.867829 59.902180 0.026615 0.627087 -0.033450 0.777776
19.038030 65.671750 -4.913385 60.035220 0.026510 0.627204 -0.032903 0.777708
19.141510 66.300990 -4.965400 60.167650 0.026229 0.627831 -0.032673 0.777221
19.245500 66.922080 -5.018319 60.298360 0.025967 0.628491 -0.033328 0.776668
19.351800 67.545730 -5.076711 60.432240 0.026889 0.629369 -0.034802 0.775861
19.452110 68.120180 -5.130339 60.554360 0.028916 0.630224 -0.035400 0.775067
19.557750 68.724720 -5.182058 60.677920 0.029977 0.630944 -0.034806 0.774467
19.660070 69.303070 -5.231855 60.803090 0.029257 0.631818 -0.034771 0.773783
19.763960 69.882880 -5.285896 60.919280 0.027996 0.632899 -0.033996 0.772981
19.866980 70.449950 -5.342758 61.033000 0.026312 0.633780 -0.032503 0.772382
19.969850 71.000660 -5.393054 61.140390 0.027069 0.634568 -0.031239 0.771761
20.073350 71.545380 -5.440828 61.243820 0.029525 0.635277 -0.030520 0.771116
20.177180 72.086540 -5.485365 61.346730 0.031678 0.636234 -0.029886 0.770266
20.280310 72.622870 -5.532216 61.450780 0.032343 0.636835 -0.030948 0.769700
20.383850 73.158140 -5.583135 61.554510 0.033179 0.637292 -0.031776 0.769252
20.487640 73.701140 -5.630170 61.657010 0.033075 0.637804 -0.030615 0.768879
20.590890 74.242670 -5.676448 61.749500 0.034851 0.637588 -0.027982 0.769080
20.694250 74.787590 -5.720800 61.841780 0.036491 0.636654 -0.025985 0.769847
20.797730 75.335240 -5.768173 61.944750 0.037058 0.635910 -0.024855 0.770472
20.902080 75.886740 -5.817062 62.058210 0.035768 0.634530 -0.025710 0.771642
21.004610 76.434470 -5.862448 62.171210 0.035858 0.632335 -0.025985 0.773428
21.108200 76.992600 -5.912287 62.291350 0.036091 0.629650 -0.025284 0.775629
21.213570 77.568430 -5.961148 62.423940 0.035802 0.626362 -0.025112 0.778305
21.316100 78.128680 -6.008758 62.553050 0.035502 0.623147 -0.024962 0.780900
21.417970 78.692590 -6.059871 62.691950 0.033855 0.619540 -0.025856 0.783809
21.524290 79.285020 -6.107865 62.845800 0.033446 0.615480 -0.026253 0.787005
21.624800 79.850860 -6.150779 63.005020 0.033202 0.611540 -0.028557 0.790000
21.730330 80.453400 -6.192815 63.179850 0.033079 0.607495 -0.030566 0.793045
21.833000 81.048370 -6.239009 63.356840 0.032385 0.602965 -0.032379 0.796453
21.936170 81.654680 -6.285674 63.541110 0.032640 0.598629 -0.033438 0.799663
22.038410 82.265790 -6.324963 63.740490 0.032093 0.594465 -0.034325 0.802747
22.141920 82.895090 -6.371173 63.948080 0.032098 0.590062 -0.034961 0.805962
22.245290 83.534760 -6.414738 64.166800 0.031237 0.585627 -0.036094 0.809174
22.348790 84.194030 -6.458457 64.399810 0.029314 0.581185 -0.034252 0.812522
22.452170 84.861390 -6.498607 64.637350 0.027680 0.576694 -0.030574 0.815918
22.555690 85.538760 -6.545009 64.888140 0.026668 0.571982 -0.028726 0.819329
22.659440 86.224450 -6.585584 65.153770 0.025582 0.567614 -0.027691 0.822431
22.762490 86.927460 -6.605047 65.428400 0.026792 0.563737 -0.024401 0.825159
22.865960 87.631650 -6.624344 65.703330 0.028097 0.559749 -0.021297 0.827912
22.969530 88.357870 -6.646336 65.993410 0.027898 0.556763 -0.015617 0.830056
23.072970 89.076920 -6.684073 66.288970 0.029085 0.553549 -0.012415 0.832216
23.176610 89.792440 -6.725361 66.599440 0.029954 0.550251 -0.012080 0.834374
23.280040 90.502450 -6.763694 66.907090 0.034142 0.546745 -0.013041 0.836501
23.384670 91.218100 -6.813377 67.228680 0.038398 0.543379 -0.013113 0.838507
23.487620 91.921830 -6.870738 67.559320 0.037984 0.540908 -0.014307 0.840102
23.590650 92.609040 -6.914272 67.903710 0.035510 0.538776 -0.017266 0.841523
23.694540 93.288870 -6.975179 68.247480 0.034347 0.536866 -0.020067 0.842729
23.798210 93.961300 -7.034880 68.580830 0.035573 0.534814 -0.021331 0.843951
23.903510 94.633120 -7.110019 68.920130 0.036295 0.532781 -0.023480 0.845148
24.004580 95.275460 -7.183014 69.248200 0.036217 0.531115 -0.025268 0.846148
24.108220 95.927490 -7.259679 69.582400 0.034981 0.529237 -0.025083 0.847381
24.213210 96.583420 -7.329268 69.912990 0.033900 0.527269 -0.023663 0.848692
24.315110 97.206470 -7.398532 70.236130 0.032655 0.525707 -0.023072 0.849726
24.422100 97.845610 -7.469536 70.569750 0.031689 0.523982 -0.023173 0.850824
24.522420 98.435050 -7.533159 70.883890 0.031975 0.522347 -0.024209 0.851789
24.625310 99.033090 -7.592121 71.197930 0.032657 0.521024 -0.023989 0.852580
24.728750 99.627900 -7.650212 71.508880 0.032807 0.520058 -0.022839 0.853195
24.832200 100.212200 -7.709739 71.816210 0.033334 0.519254 -0.021955 0.853687
24.935580 100.786900 -7.766662 72.125490 0.032610 0.518374 -0.022300 0.854241
25.039090 101.353000 -7.823540 72.432650 0.033064 0.517423 -0.021836 0.854812
25.142500 101.905500 -7.883340 72.735820 0.034039 0.516120 -0.022543 0.855542
25.245970 102.444700 -7.943074 73.032360 0.034957 0.514651 -0.021655 0.856413
25.349360 102.983000 -8.002376 73.328490 0.035860 0.513178 -0.020747 0.857282
25.452750 103.511500 -8.053690 73.620900 0.036518 0.511647 -0.019412 0.858200
25.556300 104.036100 -8.096619 73.909810 0.036905 0.509989 -0.018688 0.859186
25.659630 104.550500 -8.139292 74.195880 0.037281 0.508436 -0.018279 0.860098
25.763160 105.060100 -8.181955 74.482340 0.037402 0.506772 -0.017855 0.861083
25.866530 105.564000 -8.223750 74.766260 0.038094 0.505091 -0.017206 0.862053
25.970230 106.064100 -8.265059 75.054030 0.038689 0.503147 -0.017679 0.863153
26.074530 106.565000 -8.308372 75.343110 0.039917 0.501003 -0.017125 0.864355
26.177790 107.059500 -8.363102 75.634210 0.040647 0.498574 -0.018784 0.865690
26.280040 107.540300 -8.418748 75.925690 0.042159 0.495732 -0.021390 0.867188
26.384510 108.028900 -8.475876 76.228830 0.043235 0.492638 -0.024931 0.868802
26.486950 108.507900 -8.530283 76.532310 0.044112 0.489391 -0.028102 0.870494
26.590190 108.993800 -8.586122 76.840800 0.045113 0.485984 -0.030171 0.872281
26.693580 109.484600 -8.642339 77.160920 0.043114 0.483135 -0.031499 0.873916
26.796950 109.985600 -8.706456 77.489940 0.039386 0.480281 -0.032942 0.875610
26.900360 110.496400 -8.763095 77.824510 0.035178 0.477210 -0.033936 0.877429
27.003850 111.012500 -8.817849 78.171090 0.030978 0.474122 -0.035042 0.879216
27.107250 111.536700 -8.867411 78.519650 0.028831 0.470863 -0.035235 0.881031
27.210600 112.055700 -8.915374 78.876130 0.028556 0.467269 -0.037478 0.882859
27.313990 112.582900 -8.963221 79.246780 0.028840 0.463905 -0.039577 0.884530
27.417420 113.116100 -9.011645 79.627660 0.029388 0.460459 -0.041227 0.886236
27.520750 113.668600 -9.057118 80.018880 0.029529 0.456923 -0.042251 0.888011
27.624170 114.228600 -9.105368 80.425890 0.028478 0.453388 -0.043347 0.889803
27.727690 114.793300 -9.158005 80.848710 0.026488 0.449789 -0.045476 0.891583
27.831080 115.367100 -9.217043 81.284510 0.025225 0.445850 -0.044852 0.893627
27.934460 115.947600 -9.273702 81.729260 0.024374 0.441656 -0.044205 0.895763
28.037820 116.530100 -9.317811 82.188910 0.024170 0.437360 -0.044400 0.897865
28.141050 117.109100 -9.366338 82.663970 0.022968 0.432876 -0.046337 0.899969
28.244420 117.700100 -9.410224 83.151090 0.023279 0.428307 -0.046485 0.902136
28.348030 118.298600 -9.457628 83.652360 0.022949 0.424288 -0.047086 0.904011
28.451340 118.907100 -9.501459 84.164170 0.022329 0.421266 -0.046625 0.905462
28.554810 119.523000 -9.549903 84.685210 0.022065 0.419135 -0.045947 0.906492
28.660870 120.163600 -9.590647 85.223860 0.022908 0.417036 -0.044094 0.907531
28.761830 120.781200 -9.635230 85.743760 0.024079 0.415185 -0.041576 0.908467
28.866830 121.433400 -9.682937 86.292660 0.024745 0.413160 -0.037520 0.909549
28.970690 122.084900 -9.728697 86.851650 0.024849 0.411202 -0.034385 0.910557
29.073550 122.730000 -9.773963 87.405000 0.024948 0.409263 -0.031236 0.911540
29.176740 123.377700 -9.820354 87.978210 0.024503 0.407265 -0.030839 0.912460
29.279330 124.020300 -9.868055 88.554840 0.025141 0.405351 -0.031488 0.913273
29.384830 124.676800 -9.916275 89.160470 0.024484 0.403122 -0.034294 0.914176
29.486390 125.311100 -9.964397 89.753620 0.023303 0.401304 -0.036693 0.914913
29.589380 125.963600 -10.013730 90.359930 0.020773 0.399543 -0.036045 0.915770
29.692890 126.619000 -10.057800 90.976760 0.017416 0.397368 -0.035950 0.916790
29.796330 127.275600 -10.100870 91.596860 0.014407 0.395296 -0.034380 0.917797
29.899820 127.927100 -10.142760 92.218180 0.013514 0.392501 -0.032412 0.919081
30.003170 128.581500 -10.184200 92.840780 0.015450 0.389636 -0.030110 0.920347
30.106560 129.224500 -10.233420 93.463900 0.020610 0.386351 -0.026332 0.921745
30.211630 129.878800 -10.286910 94.106380 0.025752 0.382846 -0.025213 0.923109
30.313330 130.506500 -10.340700 94.744260 0.027742 0.379161 -0.024461 0.924591
30.416690 131.149100 -10.399630 95.403230 0.027035 0.375417 -0.022661 0.926184
30.520070 131.791600 -10.456000 96.070420 0.026085 0.371564 -0.019666 0.927833
30.623580 132.427200 -10.505230 96.742000 0.027601 0.368015 -0.017870 0.929238
30.726980 133.059000 -10.552480 97.419260 0.030331 0.364875 -0.017521 0.930397
30.830330 133.684700 -10.604320 98.104390 0.031643 0.362329 -0.018508 0.931329
30.933840 134.319100 -10.660040 98.796310 0.030692 0.360206 -0.016777 0.932217
31.037350 134.953900 -10.715510 99.488560 0.029477 0.358601 -0.014514 0.932913
31.142770 135.601100 -10.771390 100.196300 0.028945 0.357683 -0.012598 0.933309
31.244240 136.221500 -10.819980 100.879300 0.028283 0.357331 -0.010501 0.933490
31.347740 136.852800 -10.869780 101.578900 0.027560 0.357150 -0.010274 0.933584
31.451260 137.484300 -10.918320 102.280300 0.026857 0.357262 -0.010656 0.933557
31.555590 138.120700 -10.968690 102.985200 0.027307 0.357598 -0.011726 0.933403
31.661730 138.768400 -11.018070 103.700800 0.027515 0.358490 -0.013897 0.933024
31.763200 139.390400 -11.065290 104.382700 0.027394 0.359747 -0.015746 0.932515
31.865880 140.021300 -11.115070 105.072700 0.026364 0.361067 -0.017762 0.931998
31.970850 140.668600 -11.164100 105.771500 0.025570 0.362708 -0.018528 0.931368
32.074110 141.309600 -11.215340 106.457000 0.024886 0.364307 -0.018746 0.930758
32.176640 141.947200 -11.261710 107.133400 0.023028 0.366001 -0.018712 0.930141
32.280170 142.593300 -11.309400 107.805600 0.022912 0.367886 -0.016723 0.929438
32.382560 143.229500 -11.359650 108.464800 0.024955 0.369809 -0.018119 0.928596
32.486110 143.858900 -11.410700 109.124400 0.028812 0.371952 -0.022353 0.927535
32.589890 144.499400 -11.462600 109.783900 0.030743 0.374087 -0.024360 0.926564
32.694680 145.153800 -11.521410 110.449200 0.027489 0.376554 -0.024666 0.925658
32.796560 145.789900 -11.578540 111.095700 0.024349 0.378937 -0.024949 0.924766
32.902290 146.448400 -11.633570 111.754000 0.022957 0.381264 -0.025271 0.923835
33.003430 147.082600 -11.682640 112.378200 0.022844 0.383395 -0.025102 0.922961
33.106800 147.733300 -11.732210 113.007600 0.023101 0.385421 -0.024153 0.922135
33.211600 148.396300 -11.784160 113.639400 0.024710 0.387346 -0.022818 0.921321
33.314720 149.052200 -11.835000 114.250300 0.026650 0.389589 -0.021839 0.920344
33.417090 149.707300 -11.883520 114.842700 0.028426 0.392109 -0.021163 0.919236
33.520520 150.376300 -11.927830 115.438400 0.028669 0.394637 -0.021411 0.918140
33.623980 151.047600 -11.975780 116.037200 0.028243 0.397238 -0.022376 0.917008
33.727760 151.727200 -12.024090 116.634200 0.028054 0.400478 -0.022316 0.915605
33.830820 152.404100 -12.072040 117.222400 0.028305 0.403912 -0.023766 0.914051
33.934650 153.086000 -12.125010 117.815800 0.029315 0.407662 -0.026881 0.912266
34.037880 153.773900 -12.179330 118.399200 0.031596 0.411323 -0.029175 0.910475
34.142230 154.478600 -12.238310 118.989300 0.032456 0.415202 -0.029629 0.908667
34.244700 155.189000 -12.299000 119.566200 0.028616 0.419169 -0.028718 0.907002
34.348070 155.912700 -12.365030 120.152000 0.022219 0.423400 -0.029276 0.905197
34.451590 156.645400 -12.426460 120.724500 0.019357 0.427807 -0.027655 0.903239
34.555090 157.383800 -12.476430 121.298300 0.017936 0.431904 -0.029609 0.901255
34.659100 158.133800 -12.525780 121.868100 0.019412 0.436495 -0.029442 0.899015
34.764710 158.905800 -12.583740 122.432200 0.022698 0.440199 -0.028207 0.897170
34.866170 159.646000 -12.639330 122.971600 0.027147 0.444045 -0.030188 0.895084
34.969030 160.400800 -12.702160 123.509400 0.030127 0.448279 -0.029279 0.892906
35.074860 161.194700 -12.777620 124.063600 0.028867 0.452394 -0.027395 0.890930
35.176790 161.963800 -12.851930 124.582800 0.027594 0.456354 -0.024580 0.889031
35.279490 162.729100 -12.919400 125.090900 0.027916 0.459951 -0.024113 0.887178
35.382770 163.498700 -12.987260 125.601900 0.028243 0.463561 -0.023646 0.885299
35.486280 164.269800 -13.055270 126.113800 0.028567 0.467164 -0.023159 0.883406
35.589680 165.041700 -13.122260 126.604200 0.027828 0.469996 -0.020313 0.881996
35.693160 165.800800 -13.182890 127.092000 0.026255 0.472687 -0.019251 0.880629
35.796540 166.553100 -13.239540 127.577000 0.024987 0.475025 -0.019473 0.879402
35.900040 167.291500 -13.299780 128.052400 0.026148 0.477399 -0.020488 0.878058
36.006010 168.046900 -13.364290 128.527100 0.028296 0.479363 -0.021323 0.876901
36.108200 168.764000 -13.424310 128.979200 0.030824 0.480847 -0.022770 0.875967
36.210300 169.476400 -13.484590 129.428900 0.030577 0.482604 -0.024329 0.874966
36.313700 170.193100 -13.548990 129.881700 0.027981 0.484083 -0.022880 0.874275
36.417070 170.912100 -13.611810 130.321500 0.025170 0.485370 -0.019567 0.873728
36.520460 171.621300 -13.671210 130.752500 0.024813 0.486764 -0.016947 0.873017
36.623970 172.320500 -13.728130 131.175000 0.027119 0.488127 -0.014903 0.872224
36.727360 173.010100 -13.784100 131.593100 0.029344 0.489256 -0.015434 0.871510
36.830740 173.686100 -13.845080 132.007300 0.031676 0.490247 -0.017957 0.870823
36.934690 174.354500 -13.906270 132.418200 0.034877 0.491280 -0.021108 0.870047
37.040370 175.035000 -13.963780 132.827000 0.037635 0.492399 -0.020233 0.869320
37.141020 175.689700 -14.018250 133.218400 0.033959 0.493768 -0.018785 0.868727
37.244700 176.353200 -14.078650 133.630800 0.025700 0.495614 -0.018737 0.867960
37.347880 177.007200 -14.134000 134.030300 0.020043 0.497307 -0.020366 0.867104
37.451400 177.652000 -14.180890 134.412100 0.020554 0.498387 -0.021150 0.866453
37.554790 178.293700 -14.222930 134.777800 0.023899 0.499519 -0.021107 0.865716
37.658150 178.931400 -14.264650 135.140400 0.025089 0.500764 -0.021275 0.864959
37.761670 179.557300 -14.312610 135.504800 0.024460 0.502084 -0.021204 0.864213
37.865070 180.174800 -14.363220 135.863800 0.023439 0.503475 -0.021178 0.863432
37.968550 180.779500 -14.412580 136.216600 0.023311 0.504734 -0.021061 0.862703
38.072390 181.391300 -14.458520 136.557600 0.024255 0.506198 -0.020701 0.861828
38.176120 181.990300 -14.503120 136.890800 0.025503 0.508092 -0.020996 0.860669
38.278810 182.581200 -14.547450 137.213800 0.026327 0.510196 -0.021678 0.859382
38.382320 183.166500 -14.590960 137.532600 0.027127 0.512505 -0.022261 0.857967
38.485830 183.746700 -14.631030 137.844100 0.028102 0.514987 -0.023177 0.856424
38.589330 184.328300 -14.671510 138.149600 0.030115 0.517788 -0.023758 0.854649
38.692720 184.910400 -14.712370 138.450000 0.032183 0.520849 -0.024119 0.852701
38.796340 185.502900 -14.755100 138.752600 0.032331 0.523964 -0.025407 0.850747
38.899920 186.096700 -14.797630 139.056200 0.030966 0.527163 -0.027362 0.848759
39.003240 186.702300 -14.845010 139.356400 0.029769 0.530269 -0.028913 0.846814
39.106870 187.316700 -14.893660 139.650000 0.029887 0.533262 -0.029384 0.844911
39.210380 187.939000 -14.942590 139.942000 0.030744 0.536463 -0.030719 0.842804
39.313880 188.564000 -14.992920 140.235400 0.031510 0.539895 -0.033323 0.840482
39.417430 189.197800 -15.039080 140.526600 0.032123 0.543358 -0.035130 0.838150
39.520900 189.839900 -15.087950 140.815500 0.032379 0.546633 -0.036465 0.835951
39.624300 190.496500 -15.145790 141.098100 0.033231 0.549982 -0.037492 0.833673
39.727990 191.166700 -15.205510 141.381000 0.033233 0.553279 -0.038551 0.831439
39.831290 191.845500 -15.263830 141.654400 0.034939 0.556506 -0.037811 0.829247
39.934800 192.539400 -15.325260 141.928700 0.035276 0.559688 -0.036955 0.827127
40.038300 193.245000 -15.388220 142.204500 0.034417 0.563077 -0.035961 0.824904
40.141680 193.962700 -15.451990 142.480800 0.032631 0.566377 -0.035726 0.822725
40.245190 194.696300 -15.513670 142.754300 0.030889 0.569379 -0.034280 0.820779
40.350540 195.460000 -15.573050 143.026300 0.030707 0.571969 -0.032133 0.819070
40.452080 196.213800 -15.626840 143.293700 0.028502 0.574421 -0.030376 0.817500
40.556060 196.985900 -15.681960 143.567500 0.026276 0.576921 -0.028564 0.815877
40.660160 197.772100 -15.740330 143.833600 0.028192 0.579003 -0.027086 0.814387
40.764080 198.559200 -15.798460 144.096700 0.032341 0.581076 -0.028728 0.812699
40.865860 199.338600 -15.854280 144.350000 0.039716 0.582842 -0.030792 0.811030
40.969360 200.145100 -15.924370 144.607400 0.044764 0.584501 -0.030883 0.809568
41.072760 200.975100 -16.005320 144.867900 0.045218 0.586381 -0.027592 0.808301
41.176820 201.824400 -16.088570 145.129700 0.044296 0.588516 -0.022871 0.806947
41.282760 202.692400 -16.175980 145.397600 0.042793 0.590640 -0.020586 0.805537
41.385110 203.531600 -16.261240 145.654400 0.044101 0.592530 -0.023702 0.803991
41.486770 204.367300 -16.338690 145.908000 0.046209 0.594303 -0.027921 0.802427
41.592690 205.249500 -16.426550 146.171900 0.046122 0.596366 -0.030405 0.800810
41.693290 206.104800 -16.516090 146.422800 0.042474 0.598716 -0.029887 0.799276
41.796670 206.981900 -16.609800 146.677600 0.039784 0.601058 -0.029654 0.797663
41.900180 207.860900 -16.698580 146.926000 0.039868 0.603303 -0.030597 0.795927
42.003560 208.747100 -16.784390 147.170800 0.041123 0.605283 -0.032324 0.794290
42.106940 209.644000 -16.873900 147.406800 0.042438 0.607214 -0.031440 0.792781
42.210320 210.549200 -16.963190 147.643600 0.043529 0.608904 -0.030022 0.791479
42.313830 211.462000 -17.054430 147.880700 0.043383 0.610529 -0.029074 0.790270
42.417600 212.381100 -17.143880 148.114800 0.044077 0.611977 -0.028155 0.789144
42.520590 213.300400 -17.233760 148.348200 0.043598 0.613118 -0.027782 0.788298
42.623970 214.227200 -17.322390 148.582900 0.042543 0.614275 -0.027782 0.787455
42.727360 215.156800 -17.411090 148.814500 0.041751 0.615339 -0.027192 0.786687
42.830730 216.084100 -17.500320 149.048900 0.040004 0.616405 -0.028753 0.785887
42.934150 217.009300 -17.589120 149.277800 0.040421 0.617051 -0.029962 0.785313
43.037390 217.934300 -17.677680 149.504400 0.040541 0.617758 -0.030503 0.784730
43.140760 218.860300 -17.768620 149.726200 0.040935 0.618563 -0.030627 0.784070
43.244710 219.793700 -17.858860 149.949900 0.039791 0.619141 -0.029788 0.783705
43.347610 220.719700 -17.946230 150.165600 0.039932 0.619650 -0.028283 0.783352
43.450910 221.644800 -18.034130 150.382100 0.038450 0.620366 -0.026665 0.782915
43.555160 222.574200 -18.120380 150.600400 0.039642 0.620973 -0.028190 0.782321
43.660340 223.507500 -18.208470 150.814400 0.041198 0.621681 -0.029727 0.781621
43.762280 224.412100 -18.293630 151.021800 0.042760 0.622351 -0.031247 0.780945
43.865300 225.327700 -18.386350 151.231700 0.042385 0.623435 -0.031818 0.780077
43.971430 226.273100 -18.480800 151.446400 0.040260 0.624634 -0.031129 0.779258
44.071640 227.167600 -18.567520 151.643200 0.037922 0.625952 -0.029024 0.778398
44.176790 228.103800 -18.655080 151.845000 0.036618 0.627486 -0.027596 0.777276
44.278660 229.005600 -18.736610 152.038200 0.036307 0.629041 -0.028321 0.776007
44.382090 229.918900 -18.816520 152.230300 0.036941 0.630681 -0.028873 0.774625
44.485720 230.837800 -18.893760 152.418100 0.036904 0.632190 -0.028941 0.773392
44.589150 231.758700 -18.969920 152.603200 0.036610 0.633903 -0.028784 0.772009
44.692960 232.689500 -19.041120 152.785800 0.036367 0.635502 -0.028210 0.770726
44.796760 233.615500 -19.114940 152.964600 0.035790 0.637047 -0.028431 0.769468
44.899580 234.530500 -19.187010 153.140100 0.035413 0.638630 -0.029258 0.768141
45.003060 235.449300 -19.261180 153.313200 0.034717 0.640158 -0.030345 0.766859
45.107140 236.378700 -19.333660 153.478000 0.033588 0.641763 -0.030976 0.765541
45.209900 237.289700 -19.410110 153.641800 0.032186 0.643145 -0.032826 0.764363
45.313460 238.199800 -19.495550 153.803200 0.032076 0.644468 -0.035917 0.763113
45.416890 239.105400 -19.579300 153.959000 0.033173 0.645626 -0.038668 0.761952
45.520350 240.019100 -19.664440 154.110000 0.033175 0.646916 -0.039790 0.760799
45.623680 240.934200 -19.752570 154.256400 0.031515 0.648246 -0.039474 0.759753
45.727180 241.850000 -19.839990 154.398200 0.030169 0.649604 -0.038112 0.758717
45.830550 242.762800 -19.923780 154.535400 0.029196 0.650834 -0.037017 0.757755
45.933940 243.668800 -20.004340 154.668400 0.029269 0.652127 -0.036271 0.756675
46.037440 244.575700 -20.083880 154.797900 0.029510 0.653453 -0.036146 0.755527
46.140840 245.474300 -20.163990 154.923600 0.029917 0.655005 -0.037058 0.754122
46.244200 246.368400 -20.245320 155.041200 0.030660 0.656770 -0.038066 0.752505
46.347740 247.273300 -20.323500 155.144600 0.032549 0.658844 -0.033644 0.750822
46.451100 248.173900 -20.403790 155.252400 0.030601 0.660536 -0.031669 0.749502
46.554470 249.069800 -20.482040 155.358200 0.030835 0.662600 -0.032087 0.747650
46.657980 249.954900 -20.557490 155.452700 0.036790 0.663932 -0.035409 0.746047
46.761380 250.834500 -20.634600 155.542500 0.042498 0.665732 -0.039382 0.743938
46.864950 251.725900 -20.719720 155.632800 0.042588 0.667782 -0.041201 0.741995
46.968250 252.620900 -20.806150 155.721500 0.038480 0.669894 -0.040694 0.740341
47.071770 253.513600 -20.894490 155.805700 0.035058 0.671885 -0.039215 0.738785
47.175200 254.402400 -20.982170 155.881300 0.032972 0.673893 -0.038580 0.737084
47.278520 255.282100 -21.065160 155.955800 0.031347 0.676176 -0.039844 0.734994
47.382040 256.162100 -21.144940 156.025500 0.029075 0.678796 -0.040675 0.732622
47.485460 257.042800 -21.223810 156.089700 0.026090 0.681528 -0.040530 0.730203
47.588920 257.919900 -21.302320 156.145100 0.023882 0.684237 -0.039931 0.727774
47.692300 258.790700 -21.375500 156.185400 0.026184 0.686651 -0.039303 0.725452
47.795800 259.660100 -21.442050 156.224000 0.028292 0.688918 -0.040048 0.723179
47.899190 260.527000 -21.511160 156.258000 0.029822 0.691345 -0.040045 0.720798
48.002630 261.398900 -21.584180 156.288300 0.029162 0.693692 -0.039649 0.718588
48.105950 262.271700 -21.653470 156.315800 0.027593 0.695989 -0.038920 0.716465
48.209330 263.140300 -21.726360 156.332400 0.028211 0.698191 -0.037750 0.714358
48.312780 264.006000 -21.796630 156.345100 0.029669 0.700010 -0.037844 0.712513
48.416100 264.865700 -21.867070 156.356900 0.030805 0.701608 -0.039368 0.710807
48.519480 265.729500 -21.941150 156.361600 0.032236 0.702858 -0.038982 0.709530
48.622870 266.594500 -22.017100 156.359900 0.033628 0.703788 -0.036764 0.708660
48.726120 267.459400 -22.093280 156.359600 0.033370 0.704511 -0.035224 0.708033
48.829380 268.320600 -22.167490 156.353100 0.033481 0.705230 -0.033956 0.707373
48.932760 269.182600 -22.242400 156.349100 0.033740 0.705879 -0.032890 0.706764
49.036150 270.039500 -22.316940 156.343700 0.035177 0.706211 -0.032730 0.706369
49.139410 270.893400 -22.392310 156.340900 0.036320 0.706407 -0.032603 0.706121
49.242780 271.743900 -22.469370 156.334000 0.038149 0.706240 -0.031916 0.706223
49.346620 272.588200 -22.552750 156.330000 0.039150 0.705873 -0.031571 0.706551
49.452210 273.436700 -22.637290 156.328300 0.039728 0.705387 -0.031137 0.707023
49.553030 274.240600 -22.717430 156.327600 0.040360 0.704758 -0.030323 0.707649
49.656580 275.056200 -22.798010 156.330100 0.040295 0.703931 -0.029556 0.708508
49.759580 275.861600 -22.877830 156.336100 0.039821 0.703033 -0.028438 0.709471
49.863540 276.665600 -22.954770 156.345500 0.038783 0.701971 -0.027326 0.710624
49.966330 277.448400 -23.029610 156.359600 0.037510 0.700796 -0.026557 0.711880
50.069330 278.223800 -23.101660 156.377800 0.036190 0.699540 -0.026394 0.713188
50.172720 278.986200 -23.172050 156.402900 0.034760 0.698146 -0.028121 0.714558
50.276120 279.738200 -23.238430 156.429500 0.034313 0.696749 -0.029465 0.715888
50.379340 280.480600 -23.301680 156.455000 0.034463 0.695264 -0.029442 0.717323
50.483680 281.220200 -23.367310 156.484800 0.033126 0.693989 -0.028778 0.718647
50.586570 281.938200 -23.431890 156.520200 0.031358 0.692873 -0.028236 0.719824
50.691000 282.651500 -23.495970 156.560000 0.029421 0.691516 -0.028721 0.721191
50.793430 283.338300 -23.551640 156.593700 0.030826 0.690072 -0.028437 0.722524
50.896200 284.012100 -23.610500 156.634000 0.031170 0.688660 -0.028995 0.723834
50.999580 284.675300 -23.669600 156.676100 0.031756 0.687410 -0.029867 0.724960
51.103000 285.327600 -23.726800 156.716600 0.032339 0.686252 -0.031020 0.725983
51.206270 285.967000 -23.781280 156.761600 0.031263 0.685086 -0.032353 0.727071
51.309660 286.593700 -23.834460 156.806900 0.030712 0.683889 -0.033208 0.728183
51.413610 287.209200 -23.890170 156.852300 0.030649 0.682574 -0.034055 0.729379
51.516920 287.810800 -23.943440 156.898300 0.029551 0.681502 -0.033761 0.730440
51.622300 288.410600 -23.995820 156.943100 0.030218 0.680147 -0.034588 0.731636
51.723400 288.974600 -24.046260 156.991800 0.030061 0.679095 -0.036549 0.732523
51.826760 289.549300 -24.101690 157.041600 0.029411 0.678148 -0.037022 0.733402
51.930130 290.109900 -24.151170 157.088600 0.028707 0.676925 -0.037121 0.734555
52.033540 290.660400 -24.196690 157.134200 0.028399 0.675820 -0.037554 0.735561
52.136910 291.199000 -24.240040 157.180400 0.028365 0.674737 -0.037593 0.736554
52.240390 291.728100 -24.281940 157.228800 0.028666 0.673572 -0.038424 0.737565
52.343730 292.248800 -24.321930 157.277200 0.028622 0.672614 -0.038876 0.738417
52.447130 292.759600 -24.361160 157.324200 0.029460 0.671685 -0.038849 0.739231
52.550540 293.258700 -24.404940 157.372200 0.029706 0.670835 -0.039763 0.739944
52.654640 293.752700 -24.447670 157.421300 0.029831 0.670218 -0.040453 0.740461
52.757460 294.237400 -24.491480 157.467800 0.030155 0.669641 -0.041191 0.740928
52.860930 294.724600 -24.537460 157.517400 0.030428 0.669238 -0.041774 0.741248
52.964300 295.209600 -24.584960 157.567000 0.030929 0.669199 -0.041681 0.741269
53.067800 295.702000 -24.633070 157.617000 0.030919 0.669391 -0.042035 0.741075
53.171240 296.199300 -24.678240 157.668900 0.030059 0.669757 -0.042344 0.740763
53.274690 296.701300 -24.723330 157.719700 0.029375 0.670311 -0.042169 0.740298
53.378120 297.209000 -24.770550 157.765400 0.030281 0.671031 -0.041835 0.739628
53.481550 297.719900 -24.821690 157.809100 0.032563 0.671718 -0.042057 0.738895
53.585110 298.240300 -24.874880 157.847700 0.035677 0.672296 -0.041441 0.738260
53.688500 298.767900 -24.923740 157.889400 0.038623 0.673075 -0.042304 0.737353
53.792070 299.311400 -24.969560 157.936400 0.039582 0.673896 -0.043895 0.736458
53.895510 299.866400 -25.020540 157.980100 0.039651 0.674682 -0.043911 0.735733
53.999020 300.432800 -25.085000 158.016900 0.040205 0.675392 -0.041379 0.735199
54.102390 301.013300 -25.150460 158.046800 0.041188 0.675998 -0.036206 0.734860
54.205940 301.598800 -25.213210 158.088200 0.041583 0.676774 -0.035751 0.734146
54.309430 302.189300 -25.274830 158.141600 0.041248 0.677775 -0.038545 0.733099
54.412740 302.789600 -25.338680 158.193000 0.040810 0.678462 -0.040081 0.732405
54.516280 303.409500 -25.402690 158.231400 0.041932 0.678951 -0.037630 0.732019
54.619690 304.038500 -25.467220 158.267800 0.043409 0.679409 -0.035643 0.731607
54.723200 304.681100 -25.532040 158.309600 0.043364 0.680080 -0.035220 0.731006
54.826640 305.332800 -25.598150 158.358800 0.042596 0.680961 -0.037063 0.730140
54.930030 305.995200 -25.662210 158.405700 0.041991 0.681665 -0.038348 0.729451
55.033520 306.666100 -25.724670 158.446700 0.043551 0.682101 -0.039894 0.728869
55.136960 307.349100 -25.795030 158.483800 0.044474 0.682738 -0.040076 0.728206
55.240380 308.048700 -25.868210 158.531900 0.042749 0.683399 -0.041001 0.727638
55.343740 308.747600 -25.941260 158.580200 0.040973 0.684053 -0.041924 0.727073
55.447050 309.456900 -26.016850 158.624400 0.041394 0.684788 -0.042775 0.726307
55.550620 310.174500 -26.096060 158.661100 0.044080 0.685258 -0.043067 0.725688
55.653990 310.897200 -26.174800 158.698200 0.046922 0.685692 -0.044724 0.724999
55.757510 311.632900 -26.254480 158.738600 0.048378 0.686089 -0.046160 0.724438
55.860740 312.381400 -26.340910 158.771100 0.048881 0.686390 -0.043706 0.724272
55.964160 313.139700 -26.431750 158.801800 0.048324 0.686842 -0.039842 0.724103
56.067460 313.905200 -26.520530 158.833800 0.048440 0.687348 -0.037935 0.723717
56.170950 314.676200 -26.607890 158.867600 0.049673 0.687763 -0.037594 0.723257
56.274290 315.453600 -26.693810 158.903300 0.050610 0.687990 -0.038040 0.722953
56.377670 316.240600 -26.780250 158.938700 0.051367 0.688168 -0.037933 0.722736
56.481050 317.037300 -26.870720 158.975500 0.051170 0.688149 -0.037462 0.722793
56.584420 317.843600 -26.963180 159.013400 0.050745 0.687879 -0.036612 0.723123
56.687660 318.653100 -27.055490 159.053200 0.050631 0.687524 -0.036082 0.723495
56.791050 319.477900 -27.145480 159.096700 0.050112 0.687087 -0.035594 0.723971
56.894350 320.301800 -27.235380 159.140100 0.049583 0.686655 -0.035116 0.724440
56.997680 321.139100 -27.326550 159.185500 0.049521 0.685959 -0.034222 0.725146
57.100960 321.983300 -27.418100 159.231700 0.049561 0.685243 -0.033206 0.725867
57.204360 322.834400 -27.508580 159.281600 0.049674 0.684557 -0.032879 0.726521
57.307630 323.690900 -27.599010 159.332300 0.050332 0.683596 -0.032569 0.727394
57.410890 324.556700 -27.689360 159.385400 0.050495 0.682548 -0.031631 0.728407
57.514200 325.435000 -27.782070 159.443200 0.050752 0.681519 -0.030712 0.729392
57.617510 326.313300 -27.874800 159.501000 0.051009 0.680487 -0.029803 0.730375
57.720780 327.199000 -27.967910 159.561700 0.051446 0.679370 -0.029795 0.731383
57.824090 328.093200 -28.062830 159.622400 0.052196 0.678258 -0.029678 0.732367
57.927360 328.988300 -28.157860 159.688500 0.052420 0.677156 -0.030239 0.733347
58.030610 329.888000 -28.257750 159.763100 0.051860 0.676114 -0.031571 0.734291
58.133900 330.789000 -28.358610 159.837300 0.051750 0.675166 -0.032500 0.735130
58.237240 331.697000 -28.459920 159.914500 0.051115 0.674376 -0.033460 0.735857
58.340500 332.606500 -28.562500 159.992500 0.050377 0.673795 -0.033018 0.736459
58.443830 333.518000 -28.666390 160.073600 0.049572 0.673166 -0.032076 0.737130
58.547070 334.431300 -28.771890 160.158900 0.048525 0.672742 -0.031142 0.737627
58.650440 335.346200 -28.873480 160.242300 0.049275 0.672335 -0.030770 0.737964
58.753660 336.258900 -28.972120 160.327700 0.050158 0.672004 -0.030718 0.738208
58.857110 337.175400 -29.071080 160.412600 0.050124 0.671755 -0.030847 0.738432
58.960410 338.087800 -29.173120 160.502200 0.048256 0.671753 -0.031060 0.738549
59.063680 338.998100 -29.275160 160.587200 0.046457 0.671742 -0.031359 0.738661
59.167110 339.906100 -29.375090 160.670300 0.046390 0.671611 -0.032388 0.738741
59.270460 340.808300 -29.476930 160.751300 0.046914 0.671558 -0.033004 0.738728
59.373860 341.712200 -29.577820 160.834500 0.046858 0.671455 -0.033203 0.738817
59.477160 342.616100 -29.680200 160.911600 0.046571 0.671435 -0.033949 0.738819
59.580540 343.520500 -29.780180 160.989100 0.046897 0.671384 -0.033926 0.738846
59.683780 344.423600 -29.877560 161.066800 0.046631 0.671258 -0.033980 0.738974
59.787170 345.327600 -29.977690 161.144900 0.046640 0.671204 -0.033229 0.739057
59.890360 346.223500 -30.077090 161.227200 0.046325 0.671074 -0.033700 0.739174
59.993680 347.116700 -30.177530 161.307600 0.047589 0.670996 -0.034897 0.739109
60.097040 348.009900 -30.275740 161.391200 0.049063 0.670584 -0.033878 0.739433
60.200330 348.906500 -30.375480 161.474100 0.048900 0.670216 -0.031901 0.739866
60.303580 349.805900 -30.474130 161.556400 0.048983 0.669559 -0.030348 0.740521
60.406760 350.697700 -30.569530 161.637000 0.051761 0.668445 -0.029967 0.741353
60.510030 351.590100 -30.665010 161.717700 0.054540 0.667319 -0.029578 0.742184
60.613290 352.482500 -30.760350 161.798300 0.057392 0.666181 -0.029206 0.743005
60.716680 353.378500 -30.860500 161.884000 0.057619 0.665018 -0.027997 0.744075
60.819920 354.273100 -30.960970 161.969400 0.058484 0.663773 -0.027728 0.745128
60.923310 355.170000 -31.055690 162.052700 0.059096 0.662562 -0.027823 0.746154
61.026630 356.065800 -31.149820 162.144000 0.059706 0.661241 -0.028151 0.747263
61.129940 356.966000 -31.244240 162.239900 0.057670 0.659853 -0.026696 0.748702
61.233200 357.863400 -31.342680 162.346400 0.055469 0.658309 -0.026329 0.750240
61.336450 358.764400 -31.432320 162.448200 0.054565 0.656505 -0.026528 0.751878
61.439830 359.666600 -31.522030 162.550200 0.053662 0.654686 -0.026732 0.753520
61.543140 360.574300 -31.609850 162.654300 0.052738 0.652630 -0.026927 0.755359
61.646430 361.476300 -31.699580 162.769500 0.052447 0.650233 -0.027322 0.757430
61.749770 362.375700 -31.791760 162.896300 0.052291 0.647471 -0.028249 0.759769
61.853030 363.272200 -31.884560 163.034800 0.052089 0.644112 -0.029227 0.762595
61.956290 364.168700 -31.977360 163.173300 0.051898 0.640741 -0.030207 0.765405
62.059540 365.062800 -32.072640 163.323000 0.051675 0.637055 -0.030801 0.768467
62.162940 365.954700 -32.168640 163.484800 0.051239 0.633417 -0.031189 0.771482
62.266190 366.841200 -32.265540 163.659400 0.050827 0.629737 -0.031721 0.774495
62.369430 367.727000 -32.365480 163.850800 0.050115 0.626254 -0.032185 0.777340
62.472790 368.600500 -32.466960 164.049000 0.049675 0.622959 -0.032462 0.780001
62.576200 369.476700 -32.563850 164.260200 0.048970 0.620193 -0.032929 0.782226
62.679430 370.348600 -32.658240 164.475400 0.048738 0.617825 -0.033335 0.784095
62.782780 371.220000 -32.752530 164.695600 0.048600 0.615741 -0.033978 0.785714
62.886160 372.093200 -32.848710 164.915600 0.048278 0.613877 -0.034036 0.787189
62.989540 372.964400 -32.949650 165.138700 0.048031 0.611995 -0.034380 0.788652
63.092920 373.841900 -33.049040 165.362000 0.047999 0.610198 -0.034248 0.790051
63.196200 374.719800 -33.147330 165.591100 0.048201 0.608355 -0.034346 0.791455
63.299560 375.599800 -33.247110 165.826700 0.048073 0.606627 -0.034331 0.792789
63.402810 376.477200 -33.348440 166.066900 0.047477 0.604784 -0.033843 0.794253
63.506200 377.356800 -33.451860 166.314600 0.046447 0.602967 -0.033747 0.795698
63.609460 378.229900 -33.552040 166.566100 0.045722 0.601088 -0.032787 0.797200
63.712840 379.095600 -33.651470 166.828400 0.044939 0.599227 -0.032132 0.798671
63.816090 379.948400 -33.750680 167.092800 0.044460 0.597437 -0.032111 0.800038
63.919450 380.801800 -33.850060 167.357500 0.044011 0.595636 -0.032138 0.801404
64.022620 381.646000 -33.949470 167.621800 0.044732 0.593615 -0.033834 0.802792
64.125870 382.479700 -34.051660 167.898400 0.045150 0.591687 -0.035619 0.804114
64.229120 383.318400 -34.150420 168.171800 0.044752 0.589941 -0.036092 0.805397
64.332410 384.156500 -34.248550 168.449400 0.042195 0.588636 -0.035457 0.806517
64.435680 384.985500 -34.348930 168.730900 0.039707 0.587688 -0.035671 0.807325
64.539060 385.808200 -34.449090 169.013900 0.038472 0.587007 -0.037564 0.807794
64.642350 386.621300 -34.544040 169.293200 0.039745 0.586533 -0.039811 0.807970
64.745710 387.434900 -34.639000 169.572600 0.041037 0.586056 -0.042071 0.808136
64.849050 388.246500 -34.737780 169.856400 0.040395 0.585840 -0.042734 0.808290
64.952280 389.051800 -34.836510 170.137900 0.037430 0.585842 -0.042361 0.808452
65.055650 389.858500 -34.935370 170.419800 0.034447 0.585831 -0.041987 0.808611
65.158820 390.650800 -35.031210 170.695000 0.033172 0.585858 -0.041815 0.808654
65.262120 391.440500 -35.121430 170.967800 0.033280 0.586018 -0.041540 0.808548
65.365480 392.227300 -35.210560 171.237500 0.033851 0.586221 -0.041803 0.808364
65.468780 393.014800 -35.298190 171.503500 0.034169 0.586373 -0.042159 0.808222
65.571960 393.815800 -35.378080 171.762400 0.034977 0.586637 -0.038857 0.808161
65.675410 394.615700 -35.459460 172.019600 0.034946 0.586644 -0.038140 0.808191
65.778660 395.404400 -35.543020 172.284100 0.035459 0.586906 -0.038910 0.807942
65.881970 396.190200 -35.622990 172.539000 0.038509 0.586862 -0.039929 0.807784
65.985180 396.979100 -35.709920 172.796400 0.041568 0.586719 -0.040778 0.807694
66.088540 397.780400 -35.799940 173.063700 0.039577 0.587177 -0.040790 0.807461
66.191750 398.586200 -35.891060 173.331600 0.038361 0.587314 -0.039602 0.807479
66.295140 399.394000 -35.987380 173.602600 0.038197 0.587431 -0.039944 0.807385
66.398400 400.205400 -36.081620 173.874000 0.038750 0.587424 -0.040420 0.807340
66.503710 401.042000 -36.172910 174.146000 0.040962 0.587218 -0.040732 0.807365
66.605040 401.857000 -36.261430 174.411400 0.041649 0.587148 -0.040864 0.807374
66.712060 402.725900 -36.359920 174.699400 0.040956 0.587155 -0.040336 0.807431
66.811530 403.540000 -36.456500 174.970400 0.040087 0.587071 -0.039126 0.807595
66.914810 404.386600 -36.559870 175.251600 0.041090 0.586925 -0.038184 0.807696
67.018180 405.238700 -36.658180 175.529800 0.043048 0.586616 -0.036817 0.807882
67.122370 406.099400 -36.761270 175.811900 0.044698 0.586293 -0.035524 0.808084
67.224700 406.952200 -36.860620 176.092000 0.044662 0.585866 -0.033884 0.808467
67.327990 407.810400 -36.960600 176.369600 0.047050 0.585212 -0.031761 0.808891
67.431360 408.665300 -37.057160 176.654500 0.048060 0.584651 -0.029924 0.809307
67.534610 409.521700 -37.148670 176.947300 0.046048 0.584582 -0.029760 0.809480
67.638020 410.380800 -37.237270 177.246300 0.042155 0.584617 -0.028753 0.809703
67.741230 411.237500 -37.323400 177.532300 0.041718 0.584264 -0.027781 0.810014
67.844550 412.093300 -37.406750 177.816000 0.041659 0.584065 -0.027642 0.810166
67.947740 412.944100 -37.491690 178.091800 0.043423 0.583854 -0.028522 0.810195
68.051170 413.800900 -37.572700 178.362400 0.044682 0.583435 -0.028544 0.810428
68.154890 414.658200 -37.661880 178.636200 0.044851 0.583100 -0.027440 0.810697
68.257700 415.502100 -37.749120 178.907300 0.044188 0.582878 -0.025856 0.810945
68.361010 416.343100 -37.832620 179.178300 0.043516 0.582843 -0.025642 0.811014
68.464300 417.167700 -37.916640 179.450200 0.043176 0.582967 -0.026298 0.810921
68.567750 417.987000 -38.000970 179.722000 0.043114 0.583089 -0.026590 0.810828
68.670920 418.796900 -38.082220 179.986400 0.042686 0.583330 -0.025317 0.810718
68.774690 419.609100 -38.158270 180.245600 0.041837 0.583751 -0.024250 0.810492
68.877620 420.400700 -38.233070 180.499000 0.040941 0.584210 -0.023804 0.810219
68.981020 421.185400 -38.305960 180.747700 0.041233 0.584701 -0.023381 0.809863
69.084250 421.959400 -38.374840 180.988900 0.042723 0.585148 -0.023306 0.809465
69.187640 422.723500 -38.444270 181.229600 0.044414 0.585663 -0.024946 0.808952
69.290960 423.473700 -38.522230 181.472000 0.045933 0.586160 -0.026893 0.808445
69.394410 424.225100 -38.600180 181.714700 0.047478 0.586659 -0.028887 0.807925
69.497520 424.970600 -38.681800 181.953100 0.047834 0.587031 -0.029035 0.807628
69.600870 425.713900 -38.765380 182.191600 0.045687 0.587740 -0.028046 0.807272
69.704490 426.455300 -38.845760 182.427400 0.043522 0.588283 -0.026634 0.807044
69.808000 427.191300 -38.918600 182.654700 0.043653 0.588593 -0.025648 0.806843
69.910950 427.916700 -38.989300 182.878200 0.044595 0.588833 -0.025252 0.806628
70.014150 428.639000 -39.060820 183.104400 0.045560 0.588882 -0.025914 0.806518
70.118000 429.364900 -39.132240 183.330700 0.046090 0.588926 -0.026222 0.806445
70.221570 430.087800 -39.201760 183.556600 0.046858 0.588913 -0.025657 0.806429
70.324290 430.805500 -39.266610 183.782700 0.047750 0.588820 -0.025577 0.806447
70.429610 431.542400 -39.329090 184.015100 0.047990 0.588873 -0.025485 0.806397
70.530930 432.252100 -39.385520 184.242100 0.048743 0.588752 -0.026586 0.806404
70.634290 432.977800 -39.445660 184.475500 0.048979 0.588719 -0.026212 0.806427
70.738030 433.709700 -39.515410 184.706100 0.048351 0.588560 -0.025850 0.806592
70.841960 434.443800 -39.586070 184.936900 0.048088 0.588180 -0.024975 0.806913
70.946380 435.177200 -39.655600 185.167600 0.047387 0.587597 -0.024322 0.807398
71.049300 435.894400 -39.726780 185.396800 0.046833 0.586943 -0.023513 0.807930
71.151220 436.593300 -39.801890 185.624700 0.046278 0.586268 -0.023128 0.808463
71.255370 437.295000 -39.879980 185.858300 0.046024 0.585443 -0.023886 0.809053
71.359740 437.987000 -39.961840 186.094800 0.046021 0.584624 -0.024754 0.809620
71.462150 438.657800 -40.036980 186.322000 0.046250 0.583738 -0.025104 0.810235
71.564460 439.318300 -40.115210 186.549800 0.045722 0.582953 -0.025428 0.810819
71.668000 439.976500 -40.193350 186.775400 0.044735 0.582442 -0.025499 0.811240
71.771950 440.629400 -40.266880 186.999000 0.043625 0.581997 -0.025459 0.811621
71.874710 441.258300 -40.333010 187.210700 0.043525 0.581517 -0.025533 0.811968
71.977870 441.889500 -40.399400 187.423200 0.043426 0.581035 -0.025605 0.812315
72.084410 442.524200 -40.469100 187.638600 0.043563 0.580573 -0.025425 0.812644
72.184720 443.111600 -40.531700 187.837800 0.043661 0.580048 -0.025084 0.813024
72.288020 443.709700 -40.589930 188.041300 0.044013 0.579519 -0.024425 0.813403
72.394080 444.311400 -40.651050 188.246600 0.044061 0.579009 -0.024609 0.813758
72.495110 444.871000 -40.712690 188.440300 0.043916 0.578540 -0.025030 0.814086
72.601510 445.449300 -40.776810 188.641500 0.043737 0.578075 -0.025323 0.814417
72.701420 445.982700 -40.836150 188.827200 0.043726 0.577642 -0.025406 0.814722
72.804810 446.525800 -40.893610 189.015600 0.043716 0.577240 -0.025477 0.815005
72.908190 447.056300 -40.947220 189.201200 0.043027 0.576945 -0.025704 0.815244
73.011570 447.577700 -41.002850 189.384700 0.042127 0.576700 -0.025798 0.815461
73.114920 448.090700 -41.056800 189.564300 0.041506 0.576393 -0.025706 0.815713
73.218200 448.590500 -41.110970 189.739900 0.041760 0.576094 -0.025268 0.815925
73.322240 449.082200 -41.165070 189.912700 0.042473 0.575791 -0.025448 0.816097
73.425090 449.551100 -41.222410 190.081400 0.043260 0.575536 -0.026792 0.816191
73.528470 450.015000 -41.278400 190.249300 0.043931 0.575233 -0.028138 0.816324
73.632800 450.473700 -41.333990 190.415000 0.044701 0.574787 -0.028792 0.816574
73.735300 450.916200 -41.384820 190.569900 0.045721 0.574444 -0.028428 0.816772
73.838630 451.352700 -41.431160 190.721500 0.046130 0.574207 -0.028035 0.816929
73.942010 451.776300 -41.477780 190.871400 0.045379 0.574523 -0.027647 0.816762
74.045380 452.189200 -41.523200 191.019200 0.044146 0.575038 -0.027798 0.816461
74.150730 452.596100 -41.570270 191.161200 0.043671 0.575614 -0.027635 0.816087
74.252330 452.975300 -41.616120 191.292600 0.043432 0.576170 -0.027425 0.815714
74.355660 453.347700 -41.662740 191.423700 0.043403 0.576677 -0.027163 0.815366
74.459100 453.710200 -41.703890 191.550200 0.043086 0.577085 -0.027177 0.815094
74.562490 454.056100 -41.747070 191.672500 0.042898 0.577517 -0.026776 0.814811
74.665890 454.402100 -41.790230 191.794900 0.042709 0.577949 -0.026375 0.814528
74.769280 454.731200 -41.834600 191.911400 0.042612 0.578397 -0.025954 0.814228
74.872800 455.047100 -41.878960 192.029000 0.042192 0.578876 -0.026105 0.813905
74.976100 455.353700 -41.915100 192.142100 0.041552 0.579310 -0.026663 0.813611
75.079510 455.653200 -41.949520 192.246800 0.041120 0.579730 -0.027055 0.813320
75.182880 455.945800 -41.976170 192.344200 0.041302 0.580239 -0.026909 0.812953
75.286270 456.226200 -42.007040 192.440900 0.041995 0.580643 -0.026769 0.812633
75.389540 456.505300 -42.033550 192.533700 0.042805 0.580876 -0.026919 0.812420
75.492900 456.780200 -42.060070 192.630400 0.043044 0.581013 -0.027008 0.812306
75.596260 457.049900 -42.089840 192.728500 0.042592 0.580927 -0.027073 0.812390
75.699680 457.319300 -42.119600 192.826200 0.042139 0.580798 -0.027161 0.812503
75.802980 457.584900 -42.148740 192.921500 0.041686 0.580372 -0.027412 0.812822
75.906260 457.847800 -42.178330 193.015800 0.041170 0.579837 -0.027821 0.813216
76.009520 458.109900 -42.201070 193.111500 0.040758 0.579037 -0.028334 0.813789
76.112930 458.372700 -42.222980 193.206900 0.040739 0.577813 -0.028456 0.814655
76.216170 458.633900 -42.245870 193.306900 0.040962 0.575948 -0.028355 0.815967
76.319510 458.896600 -42.273150 193.410900 0.041094 0.573446 -0.028176 0.817727
76.422600 459.156700 -42.302070 193.522000 0.041172 0.570163 -0.028654 0.819999
76.526720 459.428400 -42.329820 193.640400 0.041000 0.565950 -0.029434 0.822893
76.628920 459.697700 -42.357960 193.760100 0.041172 0.561324 -0.030000 0.826027
76.732320 459.969900 -42.388220 193.883700 0.041544 0.556057 -0.029939 0.829565
76.835380 460.249400 -42.416410 194.018300 0.041200 0.549600 -0.030468 0.833855
76.938900 460.531700 -42.445190 194.165900 0.040949 0.542270 -0.031764 0.838604
77.041770 460.816400 -42.469970 194.319800 0.040529 0.534141 -0.033254 0.843768
77.144940 461.090500 -42.494640 194.471900 0.041245 0.525336 -0.033940 0.849217
77.248120 461.370300 -42.521560 194.631800 0.042105 0.516266 -0.034997 0.854677
77.351390 461.646200 -42.552140 194.797300 0.042632 0.506824 -0.035497 0.860263
77.454530 461.902800 -42.580290 194.967000 0.041777 0.497179 -0.037824 0.865816
77.557920 462.158600 -42.600700 195.139900 0.042130 0.489925 -0.040272 0.869814
77.661290 462.409600 -42.620200 195.309300 0.041258 0.487447 -0.043781 0.871078
77.764930 462.655800 -42.641800 195.467800 0.040854 0.487809 -0.045001 0.870832
77.868560 462.899600 -42.661930 195.612800 0.040699 0.490081 -0.045699 0.869526
77.972190 463.135400 -42.683350 195.743800 0.040796 0.494810 -0.045777 0.866835
78.075790 463.375500 -42.694520 195.864700 0.041643 0.501410 -0.044831 0.863044
78.179430 463.586200 -42.700110 195.962000 0.042784 0.508503 -0.043437 0.858899
78.283030 463.852600 -42.719460 196.075400 0.043971 0.517384 -0.041732 0.853603
78.386780 464.101100 -42.737060 196.176600 0.044432 0.526938 -0.040948 0.847753
78.490350 464.354300 -42.750470 196.273600 0.044565 0.536649 -0.040767 0.841641
78.593920 464.603600 -42.763450 196.364100 0.044288 0.546253 -0.040759 0.835455
78.697630 464.870400 -42.784460 196.457700 0.044165 0.555360 -0.040150 0.829465
78.800950 465.139400 -42.811900 196.550800 0.045172 0.563594 -0.038601 0.823912
78.904330 465.402500 -42.838620 196.634600 0.046509 0.570852 -0.036653 0.818915
79.007710 465.675100 -42.873170 196.717400 0.047253 0.577464 -0.035477 0.814275
79.114220 465.948600 -42.903910 196.799800 0.046865 0.583405 -0.035645 0.810045
79.214940 466.210600 -42.934320 196.870500 0.046296 0.587625 -0.034789 0.807058
79.322290 466.474200 -42.971070 196.940900 0.045432 0.591638 -0.033366 0.804231
79.422000 466.714000 -43.003290 197.006300 0.045389 0.594308 -0.032637 0.802292
79.524510 466.952600 -43.033190 197.072700 0.045893 0.595153 -0.032297 0.801650
79.631890 467.191400 -43.054710 197.142300 0.046199 0.593969 -0.032375 0.802508
79.733660 467.409700 -43.076180 197.209000 0.046500 0.591206 -0.031619 0.804558
79.833670 467.617600 -43.098560 197.275800 0.046802 0.587073 -0.030537 0.807603
79.940110 467.822600 -43.123850 197.349300 0.046044 0.581837 -0.030770 0.811418
80.044830 468.004600 -43.151320 197.427000 0.044790 0.575973 -0.033133 0.815568
80.144160 468.166900 -43.183290 197.497100 0.043934 0.570154 -0.035282 0.819603
80.245950 468.329500 -43.203450 197.572300 0.042685 0.563993 -0.036255 0.823878
80.350710 468.491000 -43.223710 197.643300 0.041324 0.557498 -0.036097 0.828363
80.453690 468.628300 -43.241390 197.691600 0.043567 0.550739 -0.033906 0.832850
80.555530 468.763400 -43.259100 197.738800 0.045726 0.544023 -0.031674 0.837224
80.658440 468.884200 -43.273290 197.788300 0.049458 0.536569 -0.031145 0.841830
80.763430 468.992400 -43.284740 197.852500 0.049794 0.529337 -0.032617 0.846321
80.864960 469.094800 -43.291850 197.918100 0.046969 0.522910 -0.035588 0.850349
80.971640 469.204000 -43.295790 197.984300 0.044446 0.516215 -0.037381 0.854488
81.071670 469.299100 -43.298330 198.035200 0.043298 0.510166 -0.037829 0.858152
81.174860 469.386700 -43.306840 198.082400 0.042996 0.504350 -0.037524 0.861612
81.278100 469.473000 -43.313150 198.134800 0.042737 0.498421 -0.037488 0.865069
81.381470 469.555900 -43.316320 198.181000 0.042633 0.492829 -0.037520 0.868271
81.484880 469.634100 -43.313510 198.224300 0.042405 0.487544 -0.037004 0.871283
81.588120 469.708700 -43.322290 198.262200 0.041903 0.482788 -0.036178 0.873986
81.691630 469.771700 -43.335600 198.302900 0.041139 0.478963 -0.036976 0.876091
81.795010 469.818100 -43.344180 198.349200 0.039941 0.475026 -0.040104 0.878149
81.900220 469.857800 -43.349350 198.400100 0.038706 0.470139 -0.044787 0.880605
82.001790 469.894400 -43.351960 198.442400 0.038039 0.466899 -0.047866 0.882195
82.106980 469.936700 -43.357450 198.478100 0.037705 0.464338 -0.047529 0.883578
82.208520 469.984600 -43.360130 198.505100 0.037656 0.461032 -0.044706 0.885456
82.312040 470.030100 -43.365640 198.534300 0.037636 0.458463 -0.041990 0.886923
82.415420 470.066400 -43.374790 198.566100 0.037074 0.456455 -0.041367 0.888011
82.518840 470.093200 -43.386900 198.600100 0.035865 0.453602 -0.042991 0.889444
82.624270 470.117300 -43.389800 198.634100 0.034782 0.451098 -0.045339 0.890643
82.726180 470.142400 -43.391870 198.664400 0.034224 0.449380 -0.047167 0.891438
