#Image Rect[ms], Image Resize[ms], ORB ext[ms], Stereo match[ms], IMU preint[ms], Pose pred[ms], LM track[ms], KF dec[ms], Total[ms]
0.000000,0.000000,32.621029,3.662898,0.000000,7.600226,3.440493,0.080626,39.419153
0.000000,0.000000,23.776287,3.756487,0.000000,2.015170,2.086081,0.043041,41.164389
0.000000,0.000000,9.737467,3.452174,0.000000,1.852811,1.689584,0.040517,18.259521
0.000000,0.000000,8.195031,3.126139,0.000000,1.563375,1.648587,0.257931,15.770580
0.000000,0.000000,7.641664,3.076270,0.000000,1.829561,1.386129,0.180804,14.733099
0.000000,0.000000,8.671934,3.126051,0.000000,1.785911,1.425741,0.036375,15.791464
0.000000,0.000000,8.732531,3.156240,0.000000,1.473297,1.232495,0.185051,15.882721
0.000000,0.000000,8.069428,2.949167,0.000000,1.448115,1.819977,0.037364,14.607205
0.000000,0.000000,8.526704,2.995912,0.000000,1.391985,1.501818,0.191117,15.659296
0.000000,0.000000,12.332974,3.024162,0.000000,1.272248,1.533246,0.036335,19.121003
0.000000,0.000000,8.253264,2.941669,0.000000,1.355699,1.510552,0.204808,14.780965
0.000000,0.000000,9.520954,3.072398,0.000000,1.412080,1.693355,0.039902,16.384992
0.000000,0.000000,8.097742,2.969510,0.000000,1.186817,1.608661,0.041177,15.017531
0.000000,0.000000,8.699539,3.176083,0.000000,1.103635,1.436692,0.217550,15.377831
0.000000,0.000000,8.016147,2.920341,0.000000,1.371664,1.468930,0.032999,14.381132
0.000000,0.000000,10.556026,2.805802,0.000000,1.048950,1.501359,0.043001,16.979948
0.000000,0.000000,8.926394,2.736280,0.000000,1.006890,1.256877,0.211542,15.087454
0.000000,0.000000,9.461111,2.835858,0.000000,1.253884,1.841033,0.041329,15.464703
0.000000,0.000000,10.833202,3.341034,0.000000,1.101102,1.429693,0.030046,18.074612
0.000000,0.000000,9.271736,2.689784,0.000000,1.048079,1.425378,0.239506,15.521641
0.000000,0.000000,9.233627,3.896094,0.000000,1.329874,1.685448,0.032018,16.602278
0.000000,0.000000,10.391862,3.086706,0.000000,1.202241,1.494517,0.038149,17.260092
0.000000,0.000000,12.301755,2.563644,0.000000,1.083955,1.298521,0.266530,18.691751
0.000000,0.000000,11.132649,2.655613,0.000000,1.526721,1.539263,0.033095,17.220313
0.000000,0.000000,9.795850,2.625374,0.000000,1.139719,1.563817,0.032845,16.494324
0.000000,0.000000,9.895398,2.410899,0.000000,1.062188,1.337502,0.289319,15.863131
0.000000,0.000000,9.858189,2.496654,0.000000,1.466956,1.767234,0.035040,15.726016
0.000000,0.000000,10.626169,2.606004,0.000000,1.084807,1.528546,0.035381,17.300280
0.000000,0.000000,10.049566,2.589351,0.000000,0.995246,1.481634,0.035171,16.114662
0.000000,0.000000,10.078943,2.529386,0.000000,0.799579,1.471999,0.287424,16.103342
0.000000,0.000000,12.208474,2.816418,0.000000,1.422946,1.820690,0.033879,18.411797
0.000000,0.000000,11.717243,2.737842,0.000000,1.134840,1.533789,0.035053,18.598014
0.000000,0.000000,12.760303,2.552917,0.000000,0.936585,1.455681,0.040343,18.791530
0.000000,0.000000,12.301115,2.823809,0.000000,0.729336,1.316642,0.353646,18.355541
0.000000,0.000000,12.398065,2.682350,0.000000,1.524131,2.138018,0.039761,18.261001
0.000000,0.000000,11.448691,2.599756,0.000000,1.035693,1.749560,0.037181,18.572939
0.000000,0.000000,10.555176,2.474622,0.000000,0.820433,1.529914,0.036479,16.673600
0.000000,0.000000,10.597051,2.672944,0.000000,0.735821,1.511253,0.335136,16.541969
0.000000,0.000000,11.332749,2.428605,0.000000,1.385996,1.850534,0.033216,17.427459
0.000000,0.000000,11.097585,2.617161,0.000000,0.910947,1.754255,0.051671,17.759131
0.000000,0.000000,10.952736,2.550382,0.000000,0.737241,1.607097,0.033101,16.979228
0.000000,0.000000,11.950975,2.924356,0.000000,0.627275,1.361190,0.331213,17.991730
0.000000,0.000000,11.175189,2.484078,0.000000,1.406119,1.770423,0.034689,16.717704
0.000000,0.000000,11.374611,2.564671,0.000000,0.949294,1.627618,0.035623,18.200406
0.000000,0.000000,11.453264,2.592647,0.000000,0.876519,1.382333,0.034096,17.502617
0.000000,0.000000,10.855201,2.535680,0.000000,0.618783,1.383880,0.308302,16.530864
0.000000,0.000000,10.689715,2.547427,0.000000,1.267323,1.938089,0.035422,16.252590
0.000000,0.000000,10.682118,2.614453,0.000000,0.969060,1.842605,0.034849,17.356325
0.000000,0.000000,11.569802,2.868360,0.000000,0.848813,1.597757,0.031996,18.181052
0.000000,0.000000,11.778209,3.572267,0.000000,0.786320,1.401901,0.033545,18.776537
0.000000,0.000000,11.965878,2.907221,0.000000,0.727428,1.272822,0.389438,17.945659
0.000000,0.000000,11.728351,2.844366,0.000000,1.698360,1.813629,0.036804,17.712255
0.000000,0.000000,11.552401,2.813607,0.000000,0.992224,1.542878,0.034942,18.753415
0.000000,0.000000,11.352974,2.619432,0.000000,0.603741,1.275689,0.035335,17.404662
0.000000,0.000000,10.562149,2.744414,0.000000,0.572591,1.061386,0.375025,15.930884
0.000000,0.000000,11.603276,2.344417,0.000000,1.072742,1.520951,0.029692,16.647812
0.000000,0.000000,10.748236,2.303319,0.000000,0.672128,1.232317,0.269965,16.521389
0.000000,0.000000,10.977301,2.255082,0.000000,1.156637,1.453469,0.028448,16.143516
0.000000,0.000000,11.078076,2.254671,0.000000,0.747382,1.496816,0.234390,16.806663
0.000000,0.000000,10.036529,2.312361,0.000000,1.136675,1.526583,0.028116,15.543351
0.000000,0.000000,10.808669,2.154584,0.000000,0.806109,1.464925,0.028548,16.513213
0.000000,0.000000,9.763167,2.363304,0.000000,0.712068,2.003163,0.299953,15.119227
0.000000,0.000000,11.539235,3.123873,0.000000,1.182699,1.506500,0.029707,18.647351
0.000000,0.000000,10.008076,2.325746,0.000000,0.777530,1.423884,0.288507,15.838160
0.000000,0.000000,9.942544,2.880119,0.000000,1.137762,2.685847,0.060782,16.099568
0.000000,0.000000,10.403399,2.312891,0.000000,1.044234,1.617440,0.272112,17.590112
0.000000,0.000000,10.933161,3.648944,0.000000,1.242173,1.830863,0.032740,18.348623
0.000000,0.000000,11.430061,2.573277,0.000000,0.830701,1.407775,0.259631,17.932400
0.000000,0.000000,13.095432,2.479208,0.000000,1.068693,1.802202,0.029848,18.951842
0.000000,0.000000,11.948664,2.314436,0.000000,0.839214,1.445763,0.028801,18.176567
0.000000,0.000000,11.564838,2.495306,0.000000,0.833451,1.540809,0.284624,17.137662
0.000000,0.000000,11.693365,2.681382,0.000000,1.334553,2.310141,0.032357,17.772882
0.000000,0.000000,11.619604,2.386228,0.000000,0.953762,1.596204,0.032589,18.661970
0.000000,0.000000,11.151416,2.442751,0.000000,0.997824,1.625550,0.036265,16.998084
0.000000,0.000000,12.122057,2.709111,0.000000,0.889946,1.696348,0.378697,18.328126
0.000000,0.000000,13.035630,2.794196,0.000000,1.632956,2.220752,0.033678,19.652517
0.000000,0.000000,11.542670,2.760104,0.000000,1.338316,2.631614,0.048556,18.958289
0.000000,0.000000,11.668868,5.084006,0.000000,0.866822,1.577576,0.031903,22.029530
0.000000,0.000000,11.726291,3.631396,0.000000,0.728696,1.272786,0.279237,18.599355
0.000000,0.000000,11.805709,2.734321,0.000000,1.186833,1.853648,0.037498,17.543899
0.000000,0.000000,11.452587,2.815973,0.000000,0.939207,1.764187,0.031631,18.613154
0.000000,0.000000,10.943933,2.766828,0.000000,0.772886,1.515341,0.290657,17.404196
0.000000,0.000000,9.716761,2.744036,0.000000,1.254540,1.942815,0.031269,15.797287
0.000000,0.000000,10.491329,2.510725,0.000000,0.768376,1.728631,0.254186,17.146954
0.000000,0.000000,11.763480,2.378130,0.000000,1.062320,1.723054,0.029510,17.841610
0.000000,0.000000,11.983142,2.145244,0.000000,0.733726,1.504413,0.222152,18.018249
0.000000,0.000000,12.204875,2.559537,0.000000,0.873889,1.662006,0.025995,18.262490
0.000000,0.000000,13.100270,2.000572,0.000000,0.665133,1.504483,0.200837,18.575568
0.000000,0.000000,11.332990,1.928410,0.000000,0.960175,1.507540,0.025177,16.379321
0.000000,0.000000,10.070649,2.079683,0.000000,0.698422,1.401210,0.224906,15.489566
0.000000,0.000000,10.506652,2.182901,0.000000,0.909517,1.545872,0.026177,15.767397
0.000000,0.000000,10.639238,2.150140,0.000000,0.596813,1.340868,0.225530,16.209592
0.000000,0.000000,11.767466,1.942957,0.000000,0.960704,1.669420,0.026714,16.680325
0.000000,0.000000,11.340733,2.048226,0.000000,0.690893,1.409741,0.251848,17.030724
0.000000,0.000000,9.961829,2.297535,0.000000,1.046619,1.937627,0.042992,15.332299
0.000000,0.000000,10.163846,2.251824,0.000000,0.839287,1.563575,0.347893,16.331565
0.000000,0.000000,11.966088,2.507285,0.000000,1.331951,2.038901,0.033334,18.101623
0.000000,0.000000,9.988900,2.326566,0.000000,0.909628,1.628820,0.031114,16.633702
0.000000,0.000000,10.035788,2.356347,0.000000,0.735480,1.446093,0.348115,15.788854
0.000000,0.000000,10.266291,2.452831,0.000000,1.220929,1.653425,0.031951,16.005252
0.000000,0.000000,10.583637,2.520064,0.000000,0.745360,1.608757,0.031195,16.870970
0.000000,0.000000,11.201564,2.334386,0.000000,0.637873,1.402314,0.272731,16.776525
0.000000,0.000000,11.262451,2.282730,0.000000,1.192866,1.686847,0.029420,16.599964
0.000000,0.000000,11.516147,2.384359,0.000000,0.706043,1.485123,0.033631,17.710602
0.000000,0.000000,10.342663,2.368097,0.000000,0.592490,1.273787,0.255073,15.756021
0.000000,0.000000,13.136397,2.389692,0.000000,1.010517,1.662889,0.027977,18.371737
0.000000,0.000000,10.654873,2.273774,0.000000,0.667960,1.423616,0.027826,16.394572
0.000000,0.000000,11.370124,2.407348,0.000000,0.701813,1.348409,0.329987,16.717722
0.000000,0.000000,13.244945,2.797085,0.000000,1.357174,1.878494,0.035014,19.210365
0.000000,0.000000,11.463647,2.591039,0.000000,0.875257,1.553506,0.034186,18.134292
0.000000,0.000000,10.957671,2.554169,0.000000,0.813614,1.753800,0.034704,16.699661
0.000000,0.000000,9.173837,2.791431,0.000000,0.574365,1.345347,0.372265,15.479998
0.000000,0.000000,9.744969,2.866988,0.000000,1.451276,3.123134,0.085870,15.573906
0.000000,0.000000,9.324972,2.684957,0.000000,0.986202,1.571829,0.036956,17.619747
0.000000,0.000000,9.817535,3.787796,0.000000,0.828511,1.664546,0.036895,17.040938
0.000000,0.000000,12.605979,2.948566,0.000000,0.614492,1.374405,0.035845,18.836209
0.000000,0.000000,11.913323,2.992128,0.000000,0.528037,1.291322,0.369588,17.710981
0.000000,0.000000,10.558402,4.401901,0.000000,1.489292,1.882777,0.034632,17.909001
0.000000,0.000000,10.437797,2.629003,0.000000,0.896584,1.915874,0.041471,17.505153
0.000000,0.000000,11.332857,2.904055,0.000000,0.787473,1.592598,0.060457,17.931745
0.000000,0.000000,11.713166,2.841202,0.000000,0.757447,1.372732,0.034381,17.833907
0.000000,0.000000,11.848076,3.009004,0.000000,0.496371,1.368832,0.374657,17.873421
0.000000,0.000000,12.760717,3.490524,0.000000,1.523037,1.817929,0.034300,19.303145
0.000000,0.000000,12.374066,2.779856,0.000000,0.856994,1.619705,0.043131,19.351681
0.000000,0.000000,12.657787,2.584194,0.000000,0.662072,1.490768,0.033402,18.577018
0.000000,0.000000,12.729225,2.477577,0.000000,0.559627,1.391625,0.033291,18.271447
0.000000,0.000000,11.379538,2.454826,0.000000,0.450785,1.303596,0.351581,16.554843
0.000000,0.000000,11.271191,2.304611,0.000000,1.318619,1.623584,0.030481,16.383552
0.000000,0.000000,11.504413,2.253883,0.000000,0.754223,1.513095,0.030551,17.544006
0.000000,0.000000,11.616612,2.234209,0.000000,0.595134,1.162061,0.030853,16.866480
0.000000,0.000000,11.488047,2.181514,0.000000,0.496459,1.207093,0.031036,16.191680
0.000000,0.000000,10.520657,2.297511,0.000000,0.497428,1.232015,0.369335,15.247131
0.000000,0.000000,10.650122,2.296382,0.000000,1.322687,1.314784,0.030974,15.723064
0.000000,0.000000,10.000143,2.157848,0.000000,0.872423,1.523220,0.030308,15.633959
0.000000,0.000000,10.729020,2.415127,0.000000,0.623481,1.181495,0.030652,16.310557
0.000000,0.000000,10.628375,2.282475,0.000000,0.537135,0.978405,0.331862,15.420550
0.000000,0.000000,11.002622,2.464301,0.000000,1.197503,1.452348,0.030689,16.069437
0.000000,0.000000,10.701937,2.204855,0.000000,0.713994,1.217579,0.030588,16.404889
0.000000,0.000000,11.594555,2.227205,0.000000,0.501159,0.913555,0.253865,16.577376
0.000000,0.000000,12.465422,2.017847,0.000000,0.936977,1.323799,0.024483,16.848525
0.000000,0.000000,14.318359,2.074485,0.000000,0.579197,1.011092,0.228553,19.423544
0.000000,0.000000,12.806937,2.007942,0.000000,0.829442,1.122639,0.027121,17.297222
0.000000,0.000000,12.511497,1.693183,0.000000,0.586161,0.894440,0.233152,17.024444
0.000000,0.000000,13.437412,1.965449,0.000000,0.968101,1.302935,0.024442,17.944499
0.000000,0.000000,11.988392,2.054603,0.000000,0.804100,1.126339,0.026434,17.115572
0.000000,0.000000,13.462756,2.379448,0.000000,0.666686,1.387889,0.289650,18.591988
0.000000,0.000000,11.830985,2.128253,0.000000,1.206787,1.602094,0.030342,17.034869
0.000000,0.000000,11.734398,2.186641,0.000000,0.816284,1.574735,0.030019,17.536054
0.000000,0.000000,12.364342,2.286737,0.000000,0.671631,1.077998,0.030756,17.854983
0.000000,0.000000,12.100223,2.957700,0.000000,0.539090,1.000500,0.317435,17.606899
0.000000,0.000000,11.504623,2.226548,0.000000,0.977256,1.217545,0.026864,16.257925
0.000000,0.000000,12.150390,2.125371,0.000000,0.964556,1.358761,0.243111,17.314570
0.000000,0.000000,13.573315,2.579258,0.000000,1.242903,1.721471,0.037774,19.611459
0.000000,0.000000,12.566363,3.636551,0.000000,0.600796,1.170784,0.242282,20.437378
0.000000,0.000000,13.375994,2.433675,0.000000,0.807063,1.167919,0.238150,18.834879
0.000000,0.000000,12.908709,2.011194,0.000000,0.887952,1.368808,0.027003,17.984176
0.000000,0.000000,12.596104,2.087868,0.000000,0.646988,1.104187,0.203528,17.840279
0.000000,0.000000,12.085135,2.131420,0.000000,0.854580,1.301680,0.024354,17.104837
0.000000,0.000000,12.834420,2.147424,0.000000,0.631551,1.179484,0.231502,17.979713
0.000000,0.000000,11.959608,2.386166,0.000000,0.975239,1.428607,0.026164,17.154239
0.000000,0.000000,12.021573,2.115508,0.000000,0.905128,1.166514,0.027418,17.336233
0.000000,0.000000,12.128718,2.426822,0.000000,0.594771,1.078640,0.027053,17.343997
0.000000,0.000000,11.375808,2.774244,0.000000,0.595186,1.065306,0.378920,16.550419
0.000000,0.000000,11.905931,2.824446,0.000000,1.669004,1.822828,0.069849,17.465303
0.000000,0.000000,13.257254,2.749924,0.000000,1.017694,1.492380,0.037301,20.445582
0.000000,0.000000,11.084493,2.750795,0.000000,0.790068,1.400145,0.037381,17.410002
0.000000,0.000000,11.674802,2.699550,0.000000,0.561623,1.138453,0.405908,17.297635
0.000000,0.000000,11.395122,2.660470,0.000000,1.393603,1.800987,0.047493,16.869441
0.000000,0.000000,11.812215,2.559954,0.000000,0.896783,1.432217,0.034095,18.472126
0.000000,0.000000,10.759475,2.346160,0.000000,0.664081,1.465888,0.045713,16.280548
0.000000,0.000000,10.631742,2.416968,0.000000,0.558296,1.167554,0.321863,16.030376
0.000000,0.000000,9.806742,2.453383,0.000000,1.302368,1.503138,0.055794,15.036713
0.000000,0.000000,10.975174,2.418789,0.000000,0.984144,1.775245,0.065299,17.269337
0.000000,0.000000,11.799950,2.368501,0.000000,0.678738,1.369350,0.384376,18.172045
0.000000,0.000000,9.702994,2.425711,0.000000,1.504031,1.720930,0.033180,15.330023
0.000000,0.000000,11.098853,2.859607,0.000000,0.942065,1.379018,0.033311,18.162377
0.000000,0.000000,9.365180,2.489743,0.000000,0.781687,1.568814,0.047368,15.197830
0.000000,0.000000,9.581088,2.551794,0.000000,0.555090,1.187906,0.373767,15.687480
0.000000,0.000000,9.598924,2.173945,0.000000,1.298823,1.525774,0.084189,14.645814
0.000000,0.000000,9.260327,2.226147,0.000000,0.767448,1.306508,0.029297,15.487813
0.000000,0.000000,10.108176,2.291917,0.000000,0.577671,1.142753,0.307145,15.401087
0.000000,0.000000,10.638802,2.246945,0.000000,1.299370,2.004925,0.043612,15.701870
0.000000,0.000000,12.362667,2.225462,0.000000,0.832011,1.773404,0.034661,18.980300
0.000000,0.000000,10.474681,2.062119,0.000000,0.544307,1.104159,0.248704,16.455877
0.000000,0.000000,11.189096,1.808014,0.000000,0.894445,1.306247,0.022332,15.663918
0.000000,0.000000,11.288020,1.928837,0.000000,0.563797,1.181966,0.204617,16.294174
0.000000,0.000000,12.397973,1.852964,0.000000,0.750299,1.206584,0.021047,17.047974
0.000000,0.000000,12.818375,1.633568,0.000000,0.534669,1.098394,0.192531,17.173680
0.000000,0.000000,14.109895,2.210394,0.000000,0.825143,1.263657,0.020147,18.846229
0.000000,0.000000,15.454367,1.651025,0.000000,0.585612,1.119199,0.212334,20.018618
0.000000,0.000000,15.506270,1.632193,0.000000,0.920781,1.306755,0.023305,19.906896
0.000000,0.000000,16.047329,1.630085,0.000000,0.674750,1.229951,0.214228,20.811177
0.000000,0.000000,15.947474,1.706728,0.000000,0.972611,1.268267,0.023892,20.600601
0.000000,0.000000,15.757643,1.876096,0.000000,0.628959,1.026697,0.243178,20.786203
0.000000,0.000000,15.925817,1.854227,0.000000,1.038785,1.449167,0.025703,20.391784
0.000000,0.000000,15.643828,1.860285,0.000000,0.574004,1.124238,0.229857,21.034722
0.000000,0.000000,14.268477,1.707450,0.000000,0.928823,1.477245,0.026147,18.594080
0.000000,0.000000,14.021105,1.823851,0.000000,0.619684,1.114689,0.335276,19.093121
0.000000,0.000000,13.470147,1.906411,0.000000,1.032258,1.505419,0.028325,18.392587
0.000000,0.000000,13.506127,2.267234,0.000000,0.571166,1.153409,0.244729,19.485115
0.000000,0.000000,13.573315,1.917176,0.000000,1.030225,1.461374,0.027587,18.263600
0.000000,0.000000,13.221817,1.813712,0.000000,0.858615,1.864318,0.400345,18.445356
0.000000,0.000000,15.164401,3.373916,0.000000,1.080269,1.548605,0.027212,22.556619
0.000000,0.000000,13.681616,2.082637,0.000000,0.679115,1.184546,0.259094,19.296851
0.000000,0.000000,13.453861,2.661825,0.000000,1.144112,1.414850,0.026454,19.111877
0.000000,0.000000,12.645860,1.967897,0.000000,0.832040,1.278687,0.265679,18.282466
0.000000,0.000000,11.866861,2.779247,0.000000,1.179883,1.575352,0.027880,17.875303
0.000000,0.000000,12.476796,3.378693,0.000000,0.799213,1.409964,0.026644,19.507528
0.000000,0.000000,12.591728,1.986034,0.000000,0.588112,1.207851,0.262168,17.514744
0.000000,0.000000,11.535981,1.928452,0.000000,0.964337,1.620095,0.027070,16.251531
0.000000,0.000000,12.160929,2.245493,0.000000,0.748466,1.771481,0.026546,17.837895
0.000000,0.000000,10.727093,2.204648,0.000000,0.597613,1.138721,0.289325,16.153325
0.000000,0.000000,10.400984,2.208993,0.000000,1.292154,2.360281,0.046335,15.286400
0.000000,0.000000,11.191025,2.141375,0.000000,0.785155,1.757636,0.075480,18.035899
0.000000,0.000000,10.849373,2.096621,0.000000,1.008617,1.487489,0.044348,16.476071
0.000000,0.000000,11.806940,2.742754,0.000000,0.618100,1.229181,0.407232,17.994198
0.000000,0.000000,11.401045,3.170082,0.000000,1.341047,1.866848,0.032337,17.499383
0.000000,0.000000,12.756265,2.596989,0.000000,0.899292,1.512180,0.038557,19.625626
0.000000,0.000000,14.442862,2.974741,0.000000,0.649836,1.206004,0.033848,20.930748
0.000000,0.000000,14.061184,2.620013,0.000000,0.517007,1.086901,0.322311,19.346289
0.000000,0.000000,13.579820,2.480885,0.000000,1.563069,1.863503,0.035165,18.696764
0.000000,0.000000,14.196822,3.087368,0.000000,1.007349,1.716528,0.034394,21.741695
0.000000,0.000000,15.631050,2.705014,0.000000,0.842739,1.302432,0.030816,22.147603
0.000000,0.000000,14.122603,2.467266,0.000000,0.602271,1.154033,0.336085,19.526606
0.000000,0.000000,13.604105,2.462362,0.000000,1.323440,1.845672,0.054741,18.969200
0.000000,0.000000,12.750174,2.454758,0.000000,0.942288,1.558320,0.031435,19.613264
0.000000,0.000000,12.327301,2.454842,0.000000,0.672524,1.361407,0.304362,18.397442
0.000000,0.000000,11.833628,2.190878,0.000000,1.163237,1.730701,0.042179,17.209391
0.000000,0.000000,11.334925,2.107479,0.000000,0.741087,1.366755,0.029465,17.168674
0.000000,0.000000,10.863553,2.091944,0.000000,0.606410,1.177686,0.028387,16.022705
0.000000,0.000000,10.432003,2.147180,0.000000,0.513991,0.968995,0.284526,15.179163
0.000000,0.000000,11.373588,2.180945,0.000000,1.041216,1.416594,0.026428,16.096563
0.000000,0.000000,10.450931,2.804225,0.000000,0.652870,1.251787,0.026271,16.827422
0.000000,0.000000,10.207382,2.052380,0.000000,0.517370,1.091937,0.287004,15.104373
0.000000,0.000000,11.092617,2.393014,0.000000,1.158966,1.443470,0.027295,16.083044
0.000000,0.000000,9.999454,2.392973,0.000000,0.691331,1.305596,0.028476,15.868657
0.000000,0.000000,10.376456,2.155420,0.000000,0.546669,1.117831,0.288821,15.350247
0.000000,0.000000,10.585397,2.491475,0.000000,1.052400,1.533167,0.027355,15.796941
0.000000,0.000000,9.930285,2.547117,0.000000,0.682666,1.180567,0.238126,16.131649
0.000000,0.000000,9.379542,2.288112,0.000000,1.359970,2.063675,0.033188,14.584869
0.000000,0.000000,9.998372,3.377100,0.000000,0.831084,1.244040,0.027620,17.973054
0.000000,0.000000,10.842196,2.324257,0.000000,0.629943,1.230220,0.248749,16.176434
0.000000,0.000000,9.547061,2.074567,0.000000,1.037380,1.784375,0.031515,14.532569
0.000000,0.000000,11.624108,2.432279,0.000000,0.855303,1.674516,0.035293,18.024920
0.000000,0.000000,9.842955,2.447476,0.000000,0.718734,1.355194,0.049331,15.832095
0.000000,0.000000,9.040330,2.567855,0.000000,0.683540,1.385512,0.277690,14.642989
0.000000,0.000000,9.193504,2.455601,0.000000,1.328480,1.946805,0.030494,14.748688
0.000000,0.000000,9.629905,2.623241,0.000000,0.974637,1.660734,0.030208,16.500324
0.000000,0.000000,8.814497,3.178807,0.000000,0.712692,1.255210,0.030979,15.569311
0.000000,0.000000,8.536921,2.589785,0.000000,0.693925,1.150092,0.275637,13.898942
0.000000,0.000000,9.585915,2.594385,0.000000,1.328796,1.541421,0.030100,15.039607
0.000000,0.000000,10.283238,2.639319,0.000000,0.902315,1.373822,0.044443,16.724458
0.000000,0.000000,9.880381,2.794705,0.000000,0.779414,1.345123,0.030740,16.112964
0.000000,0.000000,9.681271,2.806492,0.000000,0.770530,1.373852,0.274808,15.428553
0.000000,0.000000,9.323255,3.080587,0.000000,1.391600,1.795459,0.031216,15.682941
0.000000,0.000000,8.989611,2.881232,0.000000,0.980957,1.575851,0.032186,15.979021
0.000000,0.000000,9.559945,3.012036,0.000000,0.864157,1.630201,0.048209,16.269239
0.000000,0.000000,9.123296,3.300986,0.000000,0.718796,1.401335,0.306231,15.878215
0.000000,0.000000,9.626426,3.188880,0.000000,1.100797,1.663654,0.029671,16.056951
0.000000,0.000000,9.651683,2.784642,0.000000,0.948959,1.599817,0.032929,16.112855
0.000000,0.000000,10.277762,2.823117,0.000000,0.786772,1.384588,0.029948,16.522656
0.000000,0.000000,9.398182,2.706388,0.000000,0.737111,1.339997,0.280802,15.124243
0.000000,0.000000,10.157016,2.714125,0.000000,1.208324,1.584273,0.035999,16.057771
0.000000,0.000000,10.411471,2.567030,0.000000,0.898366,1.423564,0.032057,16.796925
0.000000,0.000000,9.980655,3.155318,0.000000,0.772107,1.249637,0.279194,16.553007
0.000000,0.000000,10.191761,2.613092,0.000000,1.401527,1.875631,0.031530,15.930468
0.000000,0.000000,9.938808,2.448070,0.000000,1.081002,1.572426,0.033149,16.671372
0.000000,0.000000,9.696814,2.456481,0.000000,0.872923,1.417665,0.035681,15.762688
0.000000,0.000000,9.111830,2.811478,0.000000,0.622182,1.405628,0.312134,15.220319
0.000000,0.000000,9.246425,2.434823,0.000000,1.300283,1.721665,0.031769,14.904244
0.000000,0.000000,9.834862,2.544249,0.000000,0.904596,1.552121,0.030720,16.430084
0.000000,0.000000,10.460634,2.644945,0.000000,0.701411,1.343998,0.038067,16.429732
0.000000,0.000000,9.671834,2.534942,0.000000,0.532867,1.159039,0.328337,15.256786
0.000000,0.000000,10.780569,2.689563,0.000000,1.317240,1.630087,0.031755,16.323744
0.000000,0.000000,9.471403,2.456403,0.000000,0.828402,1.512999,0.033916,15.984795
0.000000,0.000000,9.919111,2.526769,0.000000,0.699847,1.271129,0.031975,15.757918
0.000000,0.000000,9.584230,2.473422,0.000000,0.603395,1.220987,0.323728,14.885176
0.000000,0.000000,10.367240,2.719646,0.000000,1.242529,1.623596,0.028629,16.053882
0.000000,0.000000,8.656951,2.404733,0.000000,0.860387,1.428045,0.030074,14.836776
0.000000,0.000000,9.974708,2.667887,0.000000,0.698948,1.184646,0.339474,15.886981
0.000000,0.000000,10.699714,2.823824,0.000000,1.307665,1.826253,0.028930,16.553210
0.000000,0.000000,8.939949,2.421733,0.000000,0.874929,1.448163,0.042327,15.588688
0.000000,0.000000,8.850792,2.450207,0.000000,0.722081,1.356008,0.273035,14.657535
0.000000,0.000000,9.681883,2.366636,0.000000,2.195214,1.611456,0.036192,15.243479
0.000000,0.000000,9.959296,2.396405,0.000000,0.832264,1.471766,0.027543,17.263369
0.000000,0.000000,9.852946,2.361758,0.000000,0.651822,1.260152,0.301815,15.425814
0.000000,0.000000,9.812075,2.526328,0.000000,1.318150,1.572251,0.047215,15.386640
0.000000,0.000000,8.977467,2.254390,0.000000,0.772458,1.589280,0.028411,15.044503
0.000000,0.000000,9.460452,2.234109,0.000000,0.681165,1.353546,0.299802,14.893481
0.000000,0.000000,10.709614,2.606164,0.000000,1.350847,1.841426,0.031122,16.505144
0.000000,0.000000,9.431247,2.365205,0.000000,0.966386,1.610704,0.031412,15.982276
0.000000,0.000000,9.284724,2.468724,0.000000,0.729357,1.418247,0.030721,15.259205
0.000000,0.000000,9.841893,2.601744,0.000000,0.596725,1.201516,0.343985,15.464572
0.000000,0.000000,9.721475,3.274214,0.000000,1.509383,2.191219,0.034849,16.024020
0.000000,0.000000,9.658092,3.124054,0.000000,0.886623,1.643653,0.031681,17.749695
0.000000,0.000000,9.444555,2.423065,0.000000,0.712287,1.432419,0.294275,15.347143
0.000000,0.000000,9.244158,2.483145,0.000000,1.313600,1.927794,0.030112,15.031450
0.000000,0.000000,10.224552,2.267266,0.000000,0.875196,1.681471,0.033875,16.711692
0.000000,0.000000,9.456294,2.519438,0.000000,0.667798,1.385996,0.030316,15.414110
0.000000,0.000000,9.571551,2.248344,0.000000,0.556697,1.323623,0.316033,14.904336
0.000000,0.000000,9.943386,2.759611,0.000000,1.401955,1.713773,0.030456,15.668468
0.000000,0.000000,9.664610,2.531127,0.000000,0.920847,1.766896,0.030726,16.373200
0.000000,0.000000,9.893960,2.596976,0.000000,0.882291,1.663223,0.033860,16.212080
0.000000,0.000000,10.820031,2.763306,0.000000,0.789422,1.520025,0.060341,17.167528
0.000000,0.000000,10.767432,2.781203,0.000000,0.621484,1.437877,0.396237,16.816974
0.000000,0.000000,11.164077,2.824377,0.000000,1.479287,1.718013,0.032725,17.257353
0.000000,0.000000,10.286724,2.604218,0.000000,0.922891,1.666470,0.043663,17.195177
0.000000,0.000000,10.504287,2.498919,0.000000,0.962634,1.626387,0.036976,16.624542
0.000000,0.000000,11.193543,2.891967,0.000000,0.690822,1.342795,0.032985,17.676777
0.000000,0.000000,10.031163,2.763115,0.000000,0.561809,1.278570,0.389465,15.680326
0.000000,0.000000,10.098500,2.814443,0.000000,1.393075,1.810201,0.034339,15.949078
0.000000,0.000000,9.021942,2.619269,0.000000,0.905066,1.507089,0.062321,15.755499
0.000000,0.000000,10.332063,2.603167,0.000000,0.705661,1.510649,0.032443,16.316788
0.000000,0.000000,9.220264,2.555404,0.000000,0.543462,1.402620,0.033046,14.855508
0.000000,0.000000,10.157826,2.532596,0.000000,0.519355,1.293067,0.381189,15.446633
0.000000,0.000000,10.107404,3.410136,0.000000,1.405725,1.634625,0.031219,16.587806
0.000000,0.000000,9.963437,2.538433,0.000000,0.962831,1.716979,0.034019,16.421242
0.000000,0.000000,11.425818,2.676769,0.000000,0.744832,1.579636,0.374564,17.830812
0.000000,0.000000,11.634741,2.717714,0.000000,1.279185,2.082609,0.033658,17.962945
0.000000,0.000000,9.640258,2.540852,0.000000,0.931201,1.650978,0.032503,16.529364
0.000000,0.000000,11.132032,2.555475,0.000000,0.658635,1.361387,0.032604,17.308717
0.000000,0.000000,10.317633,2.623315,0.000000,0.602912,1.262691,0.359437,15.850592
0.000000,0.000000,9.630610,3.106995,0.000000,1.376333,1.929076,0.033939,15.815489
0.000000,0.000000,9.027467,2.680331,0.000000,1.300964,1.809380,0.036417,16.071753
0.000000,0.000000,9.554856,2.826373,0.000000,0.905258,1.786921,0.040125,16.382812
0.000000,0.000000,10.092109,2.989368,0.000000,0.622923,1.158431,0.343674,16.822613
0.000000,0.000000,10.259908,2.963139,0.000000,1.434796,1.867764,0.036016,16.219847
0.000000,0.000000,10.365774,2.841767,0.000000,1.000713,1.660757,0.033935,17.528128
0.000000,0.000000,9.814409,2.639261,0.000000,0.677891,1.384150,0.275411,16.321132
0.000000,0.000000,10.429323,2.695425,0.000000,1.075829,1.705756,0.029131,16.310288
0.000000,0.000000,11.091377,2.729189,0.000000,0.859284,1.595238,0.348075,17.555572
0.000000,0.000000,11.060807,2.639784,0.000000,1.148964,1.869855,0.032659,17.665276
0.000000,0.000000,9.836997,2.537125,0.000000,0.870600,1.484973,0.275870,16.442482
0.000000,0.000000,11.296486,3.026730,0.000000,1.183737,1.947678,0.029692,18.199932
0.000000,0.000000,10.098435,2.496029,0.000000,0.942075,1.666587,0.032660,16.770791
0.000000,0.000000,11.045994,2.193866,0.000000,0.691492,1.525418,0.252153,16.789581
0.000000,0.000000,11.848570,2.223960,0.000000,1.289500,1.931746,0.034017,17.387147
0.000000,0.000000,9.927576,2.342961,0.000000,0.949558,1.620269,0.028667,16.484069
0.000000,0.000000,9.806756,2.440637,0.000000,0.917422,1.516859,0.031865,15.681081
0.000000,0.000000,9.255491,2.292757,0.000000,0.756870,1.269745,0.358821,14.859747
0.000000,0.000000,13.224698,2.523080,0.000000,1.312111,1.670973,0.048642,18.989321
0.000000,0.000000,10.343730,2.394640,0.000000,0.871514,1.452679,0.028962,16.731544
0.000000,0.000000,9.879755,2.649557,0.000000,0.828641,1.556092,0.034942,15.931807
0.000000,0.000000,11.669746,3.048403,0.000000,0.581496,1.461225,0.367692,18.064705
0.000000,0.000000,11.989564,2.600651,0.000000,1.182119,1.792546,0.038324,17.904235
0.000000,0.000000,13.488145,2.419020,0.000000,0.804380,1.436351,0.036954,19.998093
0.000000,0.000000,12.825603,2.337974,0.000000,0.695470,1.314585,0.283485,18.413704
0.000000,0.000000,11.664209,2.581839,0.000000,1.327259,1.792254,0.031479,17.388342
0.000000,0.000000,10.907325,2.612994,0.000000,0.935296,1.601755,0.029566,17.652248
0.000000,0.000000,10.146804,2.711756,0.000000,0.750414,1.377611,0.031075,16.285496
0.000000,0.000000,10.493956,2.867843,0.000000,0.603551,1.364979,0.328395,16.411530
0.000000,0.000000,10.879715,2.759927,0.000000,1.292658,1.918977,0.047216,16.795550
0.000000,0.000000,12.214261,3.240365,0.000000,0.754900,1.433762,0.032034,19.779094
0.000000,0.000000,10.471232,2.440839,0.000000,0.630911,1.297494,0.260015,16.285836
0.000000,0.000000,11.343060,2.461047,0.000000,1.084645,1.547334,0.027380,16.799075
0.000000,0.000000,11.036585,2.405107,0.000000,0.704822,1.358250,0.212729,17.279797
0.000000,0.000000,11.961892,2.306142,0.000000,0.906016,1.541008,0.026525,17.458486
0.000000,0.000000,11.015610,2.189711,0.000000,0.758193,1.323565,0.026635,16.678461
0.000000,0.000000,11.872800,2.251472,0.000000,0.708974,1.446204,0.272436,17.245273
0.000000,0.000000,12.544490,2.745008,0.000000,1.148970,1.709877,0.034978,18.672247
0.000000,0.000000,9.564250,2.656540,0.000000,1.014451,1.422978,0.028124,16.040240
0.000000,0.000000,9.940812,2.799546,0.000000,0.837697,1.398685,0.027448,16.362289
0.000000,0.000000,10.130786,2.735678,0.000000,0.708671,1.205006,0.297887,16.022534
0.000000,0.000000,10.133054,2.977248,0.000000,1.513476,1.746841,0.031420,16.171205
0.000000,0.000000,11.368614,2.793431,0.000000,1.105585,1.594581,0.031319,18.512232
0.000000,0.000000,10.893835,2.763579,0.000000,0.704841,1.350612,0.031400,17.371578
0.000000,0.000000,11.331634,2.695751,0.000000,0.622930,1.505150,0.377943,16.961903
0.000000,0.000000,11.535886,2.815391,0.000000,1.550453,1.941805,0.056460,17.781999
0.000000,0.000000,10.807740,3.076377,0.000000,0.997084,1.819032,0.039727,18.517511
0.000000,0.000000,11.267077,2.817215,0.000000,0.792847,1.501294,0.036628,17.960962
0.000000,0.000000,10.994043,2.862511,0.000000,0.712612,1.383521,0.394532,17.108010
0.000000,0.000000,11.114436,3.001215,0.000000,1.392640,2.015958,0.033863,17.595862
0.000000,0.000000,11.773292,2.781751,0.000000,1.054226,2.174070,0.052041,18.898492
0.000000,0.000000,12.257180,2.495407,0.000000,0.816998,1.489148,0.317777,19.167041
0.000000,0.000000,12.838785,2.563467,0.000000,1.327334,2.065438,0.032562,18.946417
0.000000,0.000000,13.258327,2.755652,0.000000,0.867051,1.601018,0.294172,20.493650
0.000000,0.000000,11.919036,2.632870,0.000000,1.214199,2.166834,0.065893,18.424238
0.000000,0.000000,12.881111,2.587130,0.000000,0.969036,1.832526,0.038169,20.223408
0.000000,0.000000,11.404228,3.017147,0.000000,0.810596,1.600594,0.381995,18.322426
0.000000,0.000000,13.511108,2.857876,0.000000,1.643839,2.058605,0.045305,20.116833
0.000000,0.000000,13.553924,2.826605,0.000000,1.049967,1.844173,0.034748,21.286272
0.000000,0.000000,12.507696,2.844332,0.000000,0.895008,1.745561,0.052187,19.194594
0.000000,0.000000,11.944743,2.846102,0.000000,0.611061,1.466276,0.362012,18.617787
0.000000,0.000000,12.655951,2.691757,0.000000,1.189745,2.039692,0.032437,18.879068
0.000000,0.000000,13.562220,2.553362,0.000000,0.884977,1.599342,0.041227,20.545989
0.000000,0.000000,12.759698,2.686724,0.000000,0.792236,1.582152,0.338084,18.993535
0.000000,0.000000,13.366858,2.818486,0.000000,1.511566,2.228896,0.037700,19.988952
0.000000,0.000000,13.048624,2.788821,0.000000,0.980941,1.952786,0.036833,20.751201
0.000000,0.000000,12.863656,2.770961,0.000000,0.818033,1.860312,0.298040,19.606100
0.000000,0.000000,12.195001,2.785278,0.000000,1.236557,2.178474,0.041244,18.915555
0.000000,0.000000,11.870780,3.090153,0.000000,1.018541,1.910471,0.038609,19.576506
0.000000,0.000000,11.394778,3.099048,0.000000,0.823829,2.001916,0.338255,18.465471
0.000000,0.000000,11.636652,3.078169,0.000000,1.386298,2.218396,0.044293,18.910730
0.000000,0.000000,12.006690,3.062904,0.000000,1.144496,2.156262,0.036742,19.819430
0.000000,0.000000,10.763064,3.868541,0.000000,0.975190,1.780797,0.034937,18.905439
0.000000,0.000000,11.576019,3.384647,0.000000,0.929002,2.087512,0.373740,18.661369
0.000000,0.000000,9.959005,4.151310,0.000000,1.423116,2.344594,0.037513,18.441852
0.000000,0.000000,11.713923,3.249035,0.000000,1.051982,2.015911,0.041169,19.798397
0.000000,0.000000,10.605037,4.188061,0.000000,1.312508,3.112304,0.429160,18.922518
0.000000,0.000000,9.240374,3.186117,0.000000,1.719549,2.401741,0.040906,18.129228
0.000000,0.000000,11.455377,4.177195,0.000000,1.213496,3.751640,0.075045,20.856972
0.000000,0.000000,9.405862,3.028819,0.000000,0.887439,3.225467,0.125758,18.783049
0.000000,0.000000,9.061757,2.993838,0.000000,0.776549,2.288931,0.583523,17.542793
0.000000,0.000000,9.376925,2.865155,0.000000,1.433827,3.368899,0.080586,17.058075
0.000000,0.000000,9.352257,2.922155,0.000000,1.001650,2.209958,0.086638,18.330760
0.000000,0.000000,8.991130,2.799001,0.000000,0.805895,1.861357,0.094852,16.493450
0.000000,0.000000,8.765455,2.845046,0.000000,1.005015,2.517751,0.408747,15.817879
0.000000,0.000000,9.351522,2.793969,0.000000,1.882544,3.488090,0.057206,17.295779
0.000000,0.000000,9.386742,2.898056,0.000000,1.808091,2.610712,0.041324,18.615456
0.000000,0.000000,8.998465,3.753175,0.000000,1.334823,2.902936,0.080909,18.217085
0.000000,0.000000,9.228037,2.878576,0.000000,0.679915,1.800271,0.371061,17.459162
0.000000,0.000000,10.790290,3.622225,0.000000,1.729516,2.539867,0.041293,18.111433
0.000000,0.000000,9.605009,3.924834,0.000000,1.423113,2.356129,0.051492,18.901366
0.000000,0.000000,9.089831,4.166828,0.000000,0.915987,1.757521,0.040375,18.270478
0.000000,0.000000,9.369339,4.048950,0.000000,0.786182,1.590796,0.433864,17.004417
0.000000,0.000000,11.235191,3.584158,0.000000,1.743796,2.246818,0.038516,18.589574
0.000000,0.000000,11.210995,3.367774,0.000000,1.131656,2.151172,0.041769,19.566584
0.000000,0.000000,12.644890,3.448170,0.000000,0.861837,2.119407,0.041861,20.566564
0.000000,0.000000,13.251494,3.637782,0.000000,0.771375,2.074110,0.453926,20.891128
0.000000,0.000000,11.388385,5.621439,0.000000,1.748374,2.343919,0.041264,21.329278
0.000000,0.000000,12.732990,3.589110,0.000000,1.698762,2.422678,0.050137,21.571183
0.000000,0.000000,9.558489,2.828955,0.000000,1.163493,2.637467,0.081508,17.631222
0.000000,0.000000,10.324604,2.842707,0.000000,0.818843,2.675113,0.477509,18.123162
0.000000,0.000000,10.114187,3.070106,0.000000,1.539217,2.359091,0.165744,18.197693
0.000000,0.000000,9.648013,2.494175,0.000000,0.837120,1.452443,0.059743,17.549547
0.000000,0.000000,9.749780,2.653882,0.000000,0.765095,1.916548,0.140067,16.223466
0.000000,0.000000,10.707698,2.732652,0.000000,0.667363,1.948846,0.088038,17.525348
0.000000,0.000000,10.127620,2.968338,0.000000,0.542368,1.266704,1.012579,16.881118
0.000000,0.000000,10.143253,2.957077,0.000000,1.790455,3.736011,0.069862,16.897499
0.000000,0.000000,9.623900,2.882141,0.000000,1.680423,3.206330,0.060625,19.189449
0.000000,0.000000,10.149832,3.277666,0.000000,1.399550,2.383924,0.125315,19.238332
0.000000,0.000000,9.902371,3.178302,0.000000,1.052279,2.420738,0.094396,18.265466
0.000000,0.000000,11.040805,3.164097,0.000000,0.522596,1.565249,0.598317,18.823349
0.000000,0.000000,10.584778,2.820546,0.000000,1.829691,3.011673,0.050787,17.333103
0.000000,0.000000,10.850577,2.904397,0.000000,1.081095,2.299214,0.056783,20.069869
0.000000,0.000000,11.552814,2.902384,0.000000,0.719861,1.388175,0.356290,18.901517
0.000000,0.000000,11.514217,4.766728,0.000000,1.367944,1.939719,0.037067,19.671558
0.000000,0.000000,12.871291,3.144767,0.000000,1.063977,1.530416,0.038988,20.320238
0.000000,0.000000,13.608546,2.939249,0.000000,0.770661,1.362496,0.347043,20.274263
0.000000,0.000000,15.458526,2.998617,0.000000,1.514800,1.877636,0.035506,21.898571
0.000000,0.000000,14.979577,3.087316,0.000000,0.989007,1.615660,0.037249,22.390360
0.000000,0.000000,16.112102,3.181200,0.000000,0.731402,1.375638,0.378481,22.982736
0.000000,0.000000,14.648277,3.838934,0.000000,1.358998,1.815330,0.032244,22.007319
0.000000,0.000000,16.376477,2.764581,0.000000,1.067084,1.586176,0.035014,23.318286
0.000000,0.000000,14.563514,2.872730,0.000000,0.829750,1.343586,0.403779,21.011507
0.000000,0.000000,12.453785,3.495813,0.000000,1.543953,3.435362,0.056833,19.502870
0.000000,0.000000,11.149672,2.955367,0.000000,0.863985,1.532741,0.204119,20.342913
0.000000,0.000000,10.631088,2.468836,0.000000,0.735081,1.392387,0.062577,17.224602
0.000000,0.000000,10.784944,2.676125,0.000000,0.640933,1.270875,0.431280,16.816253
0.000000,0.000000,10.474086,2.556463,0.000000,1.683548,3.053111,0.078291,16.285172
0.000000,0.000000,11.083625,2.730035,0.000000,0.860043,2.780497,0.085199,19.775808
0.000000,0.000000,11.439793,2.574109,0.000000,0.713987,1.400760,0.034120,18.865177
0.000000,0.000000,10.616082,2.605954,0.000000,0.807164,1.973414,0.408800,16.196663
0.000000,0.000000,10.848219,2.547605,0.000000,1.471933,1.953998,0.043069,17.559091
0.000000,0.000000,10.434667,3.261116,0.000000,0.863632,1.702297,0.033897,18.412014
0.000000,0.000000,10.438035,3.480640,0.000000,1.003630,1.613609,0.035121,17.436072
0.000000,0.000000,10.567644,3.832083,0.000000,0.650077,1.394387,0.343967,17.959183
0.000000,0.000000,13.418441,3.058616,0.000000,1.499360,1.849568,0.034175,19.724988
0.000000,0.000000,10.274439,3.760177,0.000000,0.999719,1.664685,0.031808,18.544723
0.000000,0.000000,12.222168,3.999732,0.000000,0.945862,1.567732,0.034417,19.944451
0.000000,0.000000,13.198756,3.506210,0.000000,0.775410,1.370478,0.358855,20.154529
0.000000,0.000000,13.914118,3.161233,0.000000,1.301399,1.914975,0.032962,20.487047
0.000000,0.000000,12.806382,2.969997,0.000000,0.976417,1.712958,0.034722,20.072798
0.000000,0.000000,12.490074,3.077391,0.000000,1.123615,1.841791,0.333863,19.195298
0.000000,0.000000,17.606313,3.208721,0.000000,1.271958,1.718136,0.032385,25.260907
0.000000,0.000000,13.041886,3.107942,0.000000,0.912893,1.812091,0.031499,20.176031
0.000000,0.000000,11.432341,3.260904,0.000000,0.850502,1.504596,0.051224,18.291420
0.000000,0.000000,12.025311,3.409333,0.000000,0.721877,1.540738,0.402648,18.690932
0.000000,0.000000,11.243681,3.609597,0.000000,1.500864,1.956628,0.036122,18.390135
0.000000,0.000000,11.362750,3.149319,0.000000,1.073453,2.049284,0.048007,19.014581
0.000000,0.000000,9.026443,4.036543,0.000000,0.978026,1.609057,0.037609,17.226463
0.000000,0.000000,9.192596,4.276710,0.000000,0.733074,1.452776,0.373204,16.904342
0.000000,0.000000,11.370830,3.491279,0.000000,1.419598,2.026039,0.035970,18.270765
0.000000,0.000000,11.052172,3.392407,0.000000,0.952859,1.809370,0.036496,18.897769
0.000000,0.000000,10.632832,3.075154,0.000000,0.787834,1.636386,0.036955,17.453268
0.000000,0.000000,11.825984,3.063211,0.000000,0.684940,1.554413,0.358140,18.204801
0.000000,0.000000,12.345086,3.046550,0.000000,2.041589,2.290137,0.036409,18.808759
0.000000,0.000000,12.716307,2.827318,0.000000,1.004021,1.745431,0.034183,20.949780
0.000000,0.000000,12.869024,2.932942,0.000000,0.919853,1.919200,0.035205,19.618353
0.000000,0.000000,11.894633,2.900793,0.000000,0.912973,1.552663,0.043288,18.695395
0.000000,0.000000,13.313173,3.082027,0.000000,0.631789,1.457781,0.410412,20.028945
0.000000,0.000000,11.513891,3.363294,0.000000,1.760605,2.385485,0.038310,18.357426
0.000000,0.000000,12.379320,3.205650,0.000000,1.113901,2.159297,0.040712,20.754139
0.000000,0.000000,13.278202,3.385238,0.000000,0.880494,1.839386,0.037100,21.044138
0.000000,0.000000,13.964534,3.168696,0.000000,0.762191,1.674838,0.432892,20.904253
0.000000,0.000000,12.366206,3.452657,0.000000,1.686674,2.273654,0.036736,19.512064
0.000000,0.000000,13.729873,3.009519,0.000000,1.054248,1.945619,0.035826,21.684322
0.000000,0.000000,14.582503,2.727447,0.000000,0.956425,2.073320,0.578025,21.270309
0.000000,0.000000,15.040555,5.000059,0.000000,1.570174,2.012748,0.034015,24.702702
0.000000,0.000000,14.563789,2.940506,0.000000,0.874160,1.708801,0.290186,22.151319
0.000000,0.000000,16.815748,2.517765,0.000000,1.055463,1.877296,0.033255,23.354566
0.000000,0.000000,16.090444,2.212161,0.000000,0.622189,1.585250,0.265735,22.689117
0.000000,0.000000,17.330439,2.155331,0.000000,0.962505,1.477724,0.024314,22.962477
0.000000,0.000000,14.434435,2.127708,0.000000,0.684264,1.586738,0.341945,20.073981
0.000000,0.000000,13.713573,2.466557,0.000000,1.174137,1.976592,0.028635,19.611457
0.000000,0.000000,12.695177,2.499945,0.000000,0.726427,1.682678,0.352083,19.462122
0.000000,0.000000,14.911337,2.560289,0.000000,1.366019,2.201824,0.031610,21.409301
0.000000,0.000000,11.373760,2.900575,0.000000,0.890514,1.727998,0.031791,18.994155
0.000000,0.000000,12.499550,2.795945,0.000000,0.586238,1.459228,0.341510,18.966725
0.000000,0.000000,11.946388,2.923404,0.000000,1.440873,2.014950,0.032864,18.024548
0.000000,0.000000,10.705348,2.977779,0.000000,0.762873,1.539245,0.031744,18.194372
0.000000,0.000000,10.136099,3.005369,0.000000,0.778847,1.646129,0.647968,16.330211
0.000000,0.000000,10.390884,4.514716,0.000000,2.059169,3.203659,0.054438,19.048138
0.000000,0.000000,8.847425,2.968799,0.000000,0.994142,3.510515,0.069042,17.969544
0.000000,0.000000,8.767329,2.948624,0.000000,1.264357,2.377113,0.044804,17.170265
0.000000,0.000000,10.083759,4.399587,0.000000,1.237605,3.341268,0.068372,19.114480
0.000000,0.000000,11.904096,3.031607,0.000000,0.619750,1.771260,0.647249,20.441685
0.000000,0.000000,10.744700,3.218759,0.000000,1.473523,2.063014,0.151631,18.238829
0.000000,0.000000,9.860881,2.593262,0.000000,0.952939,3.050572,0.087532,17.702522
0.000000,0.000000,11.786918,2.548496,0.000000,0.642886,2.250188,0.587885,19.535280
0.000000,0.000000,13.528353,2.709084,0.000000,1.516601,2.114522,0.103197,20.776782
0.000000,0.000000,10.452189,2.592346,0.000000,0.965752,3.715249,0.034096,20.012533
0.000000,0.000000,10.299461,2.502211,0.000000,0.760899,1.575809,0.032447,18.551495
0.000000,0.000000,11.043152,2.424384,0.000000,0.613102,1.618894,0.387780,17.877051
0.000000,0.000000,11.569955,2.559626,0.000000,1.976162,2.525005,0.082582,17.704489
0.000000,0.000000,10.500214,2.553986,0.000000,1.067338,4.256428,0.034390,21.283371
0.000000,0.000000,10.696434,2.557514,0.000000,0.763974,4.807204,0.076100,19.404736
0.000000,0.000000,11.213604,2.589410,0.000000,0.654012,4.464609,0.046884,20.387843
0.000000,0.000000,11.453867,3.140639,0.000000,0.488261,3.769972,0.386223,20.588869
0.000000,0.000000,11.736851,2.496561,0.000000,1.604567,4.327295,0.037383,19.689277
0.000000,0.000000,11.937624,2.487479,0.000000,0.961126,4.386762,0.057820,21.372566
0.000000,0.000000,11.635995,2.540746,0.000000,0.755570,3.937894,0.053505,20.524148
0.000000,0.000000,12.010644,2.579004,0.000000,0.697505,1.342691,0.035186,20.308136
0.000000,0.000000,12.888632,2.642391,0.000000,0.487987,3.885065,0.417761,20.943302
0.000000,0.000000,12.515559,2.554288,0.000000,1.624680,4.190512,0.036295,20.601796
0.000000,0.000000,11.594878,2.356565,0.000000,0.985888,5.289148,0.118483,20.758476
0.000000,0.000000,12.078077,2.968098,0.000000,0.775380,1.333778,0.036206,22.920041
0.000000,0.000000,11.593042,2.347859,0.000000,0.631082,3.812702,0.376174,16.956316
0.000000,0.000000,13.134671,2.578264,0.000000,1.473561,1.841956,0.093548,21.332886
0.000000,0.000000,11.208835,2.480433,0.000000,0.953308,1.487060,0.033133,18.049269
0.000000,0.000000,11.329194,2.284031,0.000000,0.746528,4.922525,0.037622,16.958310
0.000000,0.000000,11.781381,2.309355,0.000000,0.640751,4.496775,0.383864,20.632889
0.000000,0.000000,11.873373,2.413705,0.000000,1.279779,1.508633,0.030129,20.625259
0.000000,0.000000,10.810970,2.240206,0.000000,0.872451,1.512434,0.030583,16.855467
0.000000,0.000000,9.625292,2.967356,0.000000,0.755154,1.485229,0.031902,16.084117
0.000000,0.000000,9.816032,2.516174,0.000000,0.624093,1.276207,0.030285,15.484435
0.000000,0.000000,10.095684,2.468021,0.000000,0.506234,1.080793,0.376410,15.334712
0.000000,0.000000,9.885261,2.588825,0.000000,1.478962,1.870618,0.035571,15.225519
0.000000,0.000000,10.850360,2.659937,0.000000,1.117402,1.476373,0.035186,17.885339
0.000000,0.000000,10.623655,2.650748,0.000000,1.324159,1.235864,0.034396,16.924053
0.000000,0.000000,12.071907,2.742413,0.000000,0.714176,1.330255,0.033367,18.326488
0.000000,0.000000,11.154779,2.779318,0.000000,0.524879,1.071931,0.367843,16.901960
0.000000,0.000000,11.424189,2.577354,0.000000,1.565448,1.757304,0.034672,16.847517
0.000000,0.000000,11.590827,2.710342,0.000000,1.112768,1.582296,0.033526,18.606836
0.000000,0.000000,10.742274,2.518266,0.000000,0.802096,1.352800,0.035839,16.969722
0.000000,0.000000,10.786353,2.538037,0.000000,0.608623,1.234510,0.033530,16.383216
0.000000,0.000000,10.118667,2.461844,0.000000,0.456338,1.054980,0.350131,15.271432
0.000000,0.000000,10.011862,2.459509,0.000000,1.203687,1.638567,0.032726,15.155165
0.000000,0.000000,9.926873,2.517311,0.000000,0.730945,1.201922,0.033232,16.197171
0.000000,0.000000,9.181005,2.518704,0.000000,0.575688,1.077994,0.353411,14.590895
0.000000,0.000000,10.009900,2.870622,0.000000,1.474696,1.673385,0.034689,15.820459
0.000000,0.000000,8.725419,2.769586,0.000000,1.011263,1.822032,0.036651,15.591126
0.000000,0.000000,9.007045,2.852988,0.000000,0.867333,1.198008,0.038187,15.531461
0.000000,0.000000,9.317598,3.135170,0.000000,0.636506,1.048948,0.373447,15.412914
0.000000,0.000000,10.194966,2.937250,0.000000,1.575902,1.621585,0.035100,16.143024
0.000000,0.000000,10.999084,2.616909,0.000000,0.929448,1.378411,0.035427,17.997887
0.000000,0.000000,9.303276,2.640982,0.000000,0.752856,1.175692,0.033490,15.272762
0.000000,0.000000,16.674995,2.638517,0.000000,0.640908,1.077320,0.325726,22.164712
0.000000,0.000000,10.476220,2.526153,0.000000,1.167544,1.498030,0.031353,15.921496
0.000000,0.000000,10.068053,2.612491,0.000000,0.925781,1.313001,0.032555,16.361347
0.000000,0.000000,10.045322,2.751445,0.000000,0.710382,1.094671,0.031413,16.052210
0.000000,0.000000,9.528508,2.754645,0.000000,0.550376,1.058677,0.370545,15.025409
0.000000,0.000000,8.529817,2.685757,0.000000,1.461947,1.564769,0.035341,14.116612
0.000000,0.000000,9.500672,2.625768,0.000000,0.822905,1.385504,0.057156,16.262668
0.000000,0.000000,9.995536,2.422012,0.000000,0.673243,1.205143,0.030620,15.884389
0.000000,0.000000,9.646839,2.381269,0.000000,0.554530,1.020469,0.274311,14.851819
0.000000,0.000000,10.456427,2.289510,0.000000,1.343180,1.278384,0.042563,15.441282
0.000000,0.000000,9.694244,2.438694,0.000000,0.794826,1.212278,0.028488,15.843451
0.000000,0.000000,11.459551,2.226349,0.000000,0.709461,1.097127,0.309603,16.716997
0.000000,0.000000,12.948252,2.570340,0.000000,1.108602,1.673890,0.037124,18.562069
0.000000,0.000000,12.816640,2.522355,0.000000,0.752651,1.386699,0.032224,19.177336
0.000000,0.000000,13.183996,2.556351,0.000000,0.641379,1.192268,0.349760,18.976286
0.000000,0.000000,13.824546,2.592832,0.000000,1.703293,1.862871,0.071605,19.577569
0.000000,0.000000,12.167612,3.141549,0.000000,1.187956,1.521366,0.040703,20.032988
0.000000,0.000000,12.150679,4.461762,0.000000,1.026581,1.545920,0.034894,20.340309
0.000000,0.000000,11.251284,3.645397,0.000000,0.788421,1.337125,0.036112,18.505105
0.000000,0.000000,13.121215,3.235488,0.000000,0.734383,1.105012,0.412251,19.402539
0.000000,0.000000,10.157134,3.856864,0.000000,1.925313,1.990081,0.039815,17.106228
0.000000,0.000000,10.772451,3.456282,0.000000,1.405724,1.710100,0.046342,19.134537
0.000000,0.000000,10.749815,4.192311,0.000000,1.223190,1.549743,0.039944,19.419698
0.000000,0.000000,10.189581,3.023140,0.000000,0.668757,1.245634,0.040135,17.139294
0.000000,0.000000,9.829468,2.940709,0.000000,0.638411,1.258952,0.511215,15.724096
0.000000,0.000000,9.736077,3.390851,0.000000,1.940412,5.174524,0.045746,18.333761
0.000000,0.000000,9.826893,3.279369,0.000000,1.161651,1.868807,0.048767,21.236560
0.000000,0.000000,9.626325,3.141460,0.000000,0.845976,1.617676,0.050396,16.777938
0.000000,0.000000,10.253796,3.023508,0.000000,0.783210,1.342498,0.042276,16.859432
0.000000,0.000000,9.664188,3.250835,0.000000,0.701517,1.366245,0.517651,16.023176
0.000000,0.000000,11.926118,3.543529,0.000000,1.167591,1.866508,0.053176,19.047054
0.000000,0.000000,9.227421,3.753187,0.000000,1.168060,1.942641,0.045936,17.195036
0.000000,0.000000,9.596177,3.133191,0.000000,0.955770,1.612380,0.047290,17.068805
0.000000,0.000000,10.025455,3.221243,0.000000,0.602699,1.375460,0.045517,16.837588
0.000000,0.000000,10.062730,2.950594,0.000000,0.624661,1.241862,0.433199,16.004668
0.000000,0.000000,10.160921,2.829700,0.000000,1.624557,1.820877,0.036825,16.161761
0.000000,0.000000,11.170494,2.856355,0.000000,0.885027,1.500244,0.047430,18.512019
0.000000,0.000000,9.948612,2.904429,0.000000,0.845017,1.346447,0.036964,16.310192
0.000000,0.000000,10.212047,2.889867,0.000000,0.664481,1.310273,0.037746,16.342017
0.000000,0.000000,9.896775,2.908472,0.000000,0.573506,1.288411,0.477785,15.703964
0.000000,0.000000,10.833098,3.092183,0.000000,1.689262,1.809481,0.037195,17.170859
0.000000,0.000000,10.272160,3.041108,0.000000,0.975189,1.596398,0.037626,18.086901
0.000000,0.000000,10.539276,3.653208,0.000000,0.885225,1.485173,0.037216,17.843586
0.000000,0.000000,10.063164,3.050527,0.000000,0.768054,1.320457,0.354784,16.451767
0.000000,0.000000,9.650696,2.983086,0.000000,1.581526,1.873061,0.035841,15.929247
0.000000,0.000000,10.087497,3.271297,0.000000,1.153434,1.622431,0.066719,17.867473
0.000000,0.000000,10.812846,3.662258,0.000000,0.824804,1.379795,0.035189,18.271938
0.000000,0.000000,9.486677,3.022614,0.000000,0.703862,1.285298,0.383606,15.644132
0.000000,0.000000,9.253461,3.184653,0.000000,1.733285,2.357161,0.047825,15.697045
0.000000,0.000000,9.049356,4.346643,0.000000,1.169771,1.817704,0.036484,18.662905
0.000000,0.000000,8.935878,2.819308,0.000000,1.056348,1.573703,0.035804,15.776145
0.000000,0.000000,11.646956,2.738818,0.000000,0.868846,1.389896,0.036145,17.940032
0.000000,0.000000,9.454830,2.771329,0.000000,0.703331,1.413992,0.349924,15.396979
0.000000,0.000000,9.755829,2.960989,0.000000,1.693333,2.111823,0.036858,16.099569
0.000000,0.000000,9.363665,2.931249,0.000000,1.335839,1.894701,0.047832,17.220706
0.000000,0.000000,8.352589,3.217679,0.000000,1.175727,1.789640,0.038574,15.945882
0.000000,0.000000,8.902852,3.727247,0.000000,1.076930,1.638192,0.037571,16.592425
0.000000,0.000000,8.838298,3.048912,0.000000,0.856225,1.749780,0.046918,15.638880
0.000000,0.000000,8.974874,3.434860,0.000000,0.929228,1.629919,0.040442,16.124678
0.000000,0.000000,9.900780,3.532030,0.000000,0.975129,1.585788,0.367775,17.075594
0.000000,0.000000,9.967842,3.866877,0.000000,1.789626,2.095388,0.037701,17.716808
0.000000,0.000000,9.234224,4.337366,0.000000,1.508810,2.175553,0.038012,18.628083
0.000000,0.000000,9.156814,5.021578,0.000000,1.809446,2.264019,0.042444,19.187124
0.000000,0.000000,8.603114,4.336650,0.000000,1.307595,3.390380,0.072787,18.015162
0.000000,0.000000,9.000867,3.820760,0.000000,1.221009,1.838272,0.056897,18.670216
0.000000,0.000000,8.975198,3.666834,0.000000,1.147638,1.871319,0.037369,16.909054
0.000000,0.000000,8.951387,3.559131,0.000000,1.016829,4.472384,0.042866,17.786810
0.000000,0.000000,8.469867,3.656183,0.000000,1.034095,1.869740,0.038966,18.641187
0.000000,0.000000,8.935218,3.925226,0.000000,0.944173,1.658841,0.037392,16.815149
0.000000,0.000000,9.143536,3.559893,0.000000,1.362631,1.618924,0.037232,16.351898
0.000000,0.000000,8.676014,3.591179,0.000000,0.986987,1.661960,0.037301,16.475321
0.000000,0.000000,9.950269,4.300006,0.000000,0.867859,1.572106,0.038197,18.000066
0.000000,0.000000,8.671281,3.688022,0.000000,0.930561,1.682321,0.441575,15.795109
0.000000,0.000000,10.009847,4.075860,0.000000,1.911182,1.953292,0.035723,18.269478
0.000000,0.000000,8.186034,3.563624,0.000000,1.685510,2.259804,0.047492,16.754682
0.000000,0.000000,8.670018,3.593925,0.000000,1.442827,2.352827,0.039676,17.287550
0.000000,0.000000,8.573971,3.613562,0.000000,1.514030,2.107579,0.039485,17.069967
0.000000,0.000000,8.930259,3.799215,0.000000,1.312919,2.074707,0.053037,17.679168
0.000000,0.000000,8.442140,3.692924,0.000000,1.289098,1.987530,0.069508,16.549340
0.000000,0.000000,8.561773,4.421591,0.000000,1.264744,2.051480,0.039083,17.362554
0.000000,0.000000,8.959142,3.677446,0.000000,1.289802,1.824079,0.040362,16.989733
0.000000,0.000000,8.517448,3.804633,0.000000,1.217526,1.903313,0.045969,16.439026
0.000000,0.000000,8.566076,3.603548,0.000000,1.081087,1.809320,0.037311,16.297825
0.000000,0.000000,8.789773,3.531564,0.000000,1.056553,1.730812,0.046020,16.209875
0.000000,0.000000,9.139930,3.571240,0.000000,0.855107,1.599860,0.039315,16.564894
0.000000,0.000000,8.064540,3.316596,0.000000,0.950690,1.707263,0.034986,14.855888
0.000000,0.000000,8.280675,3.391853,0.000000,0.934957,1.754558,0.042203,15.292186
0.000000,0.000000,8.352824,3.364947,0.000000,1.168661,1.652119,0.039130,15.359502
0.000000,0.000000,8.292276,3.562664,0.000000,0.925446,1.590238,0.376564,15.880025
0.000000,0.000000,9.039883,3.656026,0.000000,1.795643,2.094228,0.036723,16.554539
0.000000,0.000000,9.399743,3.343044,0.000000,1.648682,2.130176,0.037096,17.709709
0.000000,0.000000,8.675862,3.410586,0.000000,1.429617,2.097190,0.036379,16.943647
0.000000,0.000000,8.863645,3.244896,0.000000,1.736373,1.974208,0.040419,16.633908
0.000000,0.000000,8.431641,3.130396,0.000000,1.220697,2.122539,0.041981,16.383732
0.000000,0.000000,9.425673,3.689225,0.000000,1.315048,1.933728,0.041054,17.480066
0.000000,0.000000,10.874623,4.032442,0.000000,0.931602,2.052764,0.043529,19.266007
0.000000,0.000000,9.965550,3.386562,0.000000,1.191466,2.022834,0.069629,17.493852
0.000000,0.000000,13.080000,4.051223,0.000000,0.909305,1.691850,0.041084,21.583272
0.000000,0.000000,10.705595,4.885177,0.000000,0.842553,1.835618,0.380530,19.226743
0.000000,0.000000,13.901140,3.898865,0.000000,1.753259,3.635285,0.075432,21.890668
0.000000,0.000000,9.271238,3.220446,0.000000,1.421031,2.475202,0.149706,19.304727
0.000000,0.000000,9.305778,3.289194,0.000000,1.171182,2.012082,0.129491,18.211124
0.000000,0.000000,9.408432,3.278033,0.000000,1.912140,1.699271,0.054159,17.454651
0.000000,0.000000,9.255570,3.336598,0.000000,1.000683,4.810384,0.039289,20.487805
0.000000,0.000000,9.406184,3.312220,0.000000,0.924937,4.324261,0.049458,19.551151
0.000000,0.000000,9.412105,3.230393,0.000000,0.789395,1.442987,3.745810,18.889091
0.000000,0.000000,9.436109,3.206268,0.000000,1.871492,5.308814,0.123558,19.603578
0.000000,0.000000,9.685610,3.092934,0.000000,1.371619,2.163830,3.118454,21.640359
0.000000,0.000000,9.549573,3.254127,0.000000,1.105913,1.830206,0.041337,20.538774
0.000000,0.000000,9.351066,3.269652,0.000000,1.039902,4.745412,0.048751,16.586530
0.000000,0.000000,10.603547,4.135731,0.000000,0.938394,1.608559,3.348423,21.620186
0.000000,0.000000,12.146921,3.601713,0.000000,0.687434,1.563197,0.366933,22.791604
0.000000,0.000000,9.705796,3.304290,0.000000,1.417387,2.193070,0.040095,16.574042
0.000000,0.000000,9.802668,3.625264,0.000000,1.307738,2.059141,0.038461,18.192871
0.000000,0.000000,9.174026,3.782232,0.000000,1.142736,1.816611,0.038167,17.547879
0.000000,0.000000,10.625908,3.426248,0.000000,0.967258,1.885287,0.039398,18.064018
0.000000,0.000000,10.309585,3.387549,0.000000,0.821198,1.727994,0.339542,17.549735
0.000000,0.000000,9.920000,3.927109,0.000000,1.551235,2.242146,0.037734,17.688468
0.000000,0.000000,9.812431,3.044967,0.000000,1.147731,2.005926,0.035533,17.803840
0.000000,0.000000,9.899695,3.576598,0.000000,0.877935,1.813625,0.035605,17.829250
0.000000,0.000000,9.843574,2.898372,0.000000,0.796624,1.723161,0.317966,16.392619
0.000000,0.000000,9.845189,2.997373,0.000000,1.356497,2.087830,0.033509,16.616447
0.000000,0.000000,11.293125,2.856911,0.000000,1.016867,1.899055,0.033680,18.676268
0.000000,0.000000,9.869451,3.393613,0.000000,0.834211,1.713440,0.033155,17.313815
0.000000,0.000000,11.363828,2.770591,0.000000,0.819986,1.673470,0.035205,17.658693
0.000000,0.000000,9.769356,3.126486,0.000000,0.749122,1.685373,0.391714,16.420836
0.000000,0.000000,9.832722,3.077892,0.000000,1.306946,1.969505,0.034337,16.626178
0.000000,0.000000,9.380604,2.860585,0.000000,0.948083,1.817691,0.034831,16.460069
0.000000,0.000000,10.656835,3.115684,0.000000,0.958503,1.855076,0.044745,17.601168
0.000000,0.000000,11.109196,3.385347,0.000000,0.791636,1.787767,0.354126,18.473592
0.000000,0.000000,10.390939,3.292967,0.000000,1.472324,2.088852,0.034732,17.551091
0.000000,0.000000,10.431495,3.221326,0.000000,1.080451,1.986412,0.036581,18.361418
0.000000,0.000000,9.875877,3.304971,0.000000,0.843899,1.587287,0.037732,17.471313
0.000000,0.000000,11.775311,3.453687,0.000000,0.727370,1.630745,0.414213,18.704964
0.000000,0.000000,12.982805,3.311849,0.000000,1.507410,2.006288,0.038520,20.099259
0.000000,0.000000,11.607294,3.808576,0.000000,1.110942,1.879882,0.042953,20.013635
0.000000,0.000000,10.894801,4.663695,0.000000,0.743662,3.112574,0.429706,19.684128
0.000000,0.000000,10.420372,3.259747,0.000000,1.317780,1.965870,0.035278,18.956111
0.000000,0.000000,8.829124,2.847138,0.000000,0.921827,5.393273,0.035036,17.842156
0.000000,0.000000,9.204775,2.719448,0.000000,0.693630,4.828440,0.304930,19.237292
0.000000,0.000000,9.791254,3.487968,0.000000,1.266827,2.022145,0.033248,20.031629
0.000000,0.000000,8.743406,2.779705,0.000000,0.985478,1.573565,0.033359,15.864622
0.000000,0.000000,9.216161,2.659888,0.000000,0.714513,1.471831,0.368708,15.675933
0.000000,0.000000,9.237893,2.762026,0.000000,1.319492,1.909863,0.032663,15.468849
0.000000,0.000000,9.805953,3.402559,0.000000,0.772816,1.631757,0.033823,17.502057
0.000000,0.000000,9.006965,2.835553,0.000000,0.545070,1.319553,0.297079,15.434520
0.000000,0.000000,8.915686,2.613830,0.000000,1.077371,1.626341,0.029601,14.837977
0.000000,0.000000,9.227080,2.593273,0.000000,0.746286,1.408891,0.265004,15.604124
0.000000,0.000000,8.838229,2.606697,0.000000,1.034877,1.538138,0.029416,14.735706
0.000000,0.000000,9.087411,2.603291,0.000000,0.711887,1.402836,0.260084,15.219216
0.000000,0.000000,9.472441,3.529350,0.000000,1.146017,1.645427,0.031236,16.250455
0.000000,0.000000,9.407235,2.604608,0.000000,0.814902,1.481143,0.249716,15.855192
0.000000,0.000000,9.072111,2.520022,0.000000,1.116529,1.619153,0.029265,15.228804
0.000000,0.000000,9.272451,2.519274,0.000000,0.686845,1.423178,0.220743,15.706903
0.000000,0.000000,9.251664,2.565425,0.000000,0.926476,1.553801,0.026183,15.028516
0.000000,0.000000,10.464704,2.474396,0.000000,0.714252,1.611867,0.227251,16.513573
0.000000,0.000000,8.824393,2.498522,0.000000,0.914592,1.638384,0.026729,14.931757
0.000000,0.000000,9.055639,2.690166,0.000000,0.857326,1.500658,0.244448,15.366603
0.000000,0.000000,9.756663,2.925074,0.000000,1.072663,1.738122,0.028787,16.368598
0.000000,0.000000,8.664765,2.679272,0.000000,0.811113,1.477370,0.251089,15.155173
0.000000,0.000000,9.682986,3.020543,0.000000,1.193128,1.765292,0.029161,16.141312
0.000000,0.000000,9.315395,2.593012,0.000000,0.877451,1.530427,0.029717,15.894258
0.000000,0.000000,9.829045,2.683740,0.000000,0.669967,1.326430,0.262986,15.938055
0.000000,0.000000,9.775221,2.702055,0.000000,1.154092,1.779827,0.031991,15.688422
0.000000,0.000000,9.475464,2.712012,0.000000,0.734667,1.367479,0.050893,16.152169
0.000000,0.000000,9.500268,2.493136,0.000000,0.548219,1.056895,0.306459,15.164837
0.000000,0.000000,9.957395,2.748309,0.000000,1.306223,1.599229,0.034303,15.507371
0.000000,0.000000,9.603864,2.800237,0.000000,0.838224,1.328555,0.032159,16.527889
0.000000,0.000000,12.168442,2.982426,0.000000,0.533316,1.429040,0.389222,18.352872
0.000000,0.000000,12.780401,2.753597,0.000000,1.232033,1.942272,0.035013,18.752394
0.000000,0.000000,12.058531,3.137604,0.000000,0.857860,1.483621,0.034477,19.667788
0.000000,0.000000,9.941954,3.931716,0.000000,0.935871,1.594015,0.381126,17.245356
0.000000,0.000000,10.424248,3.120249,0.000000,1.157651,1.716600,0.079294,17.402620
0.000000,0.000000,9.374728,2.655007,0.000000,0.872021,1.558537,0.034922,16.403010
0.000000,0.000000,12.117977,2.951521,0.000000,0.696917,5.273618,0.416069,19.065750
0.000000,0.000000,10.655670,2.698632,0.000000,1.275626,1.820007,0.063953,20.736735
0.000000,0.000000,10.500343,2.813611,0.000000,1.038338,1.573682,0.034241,17.495126
0.000000,0.000000,9.770049,2.692147,0.000000,0.693122,1.248391,0.338534,16.143518
0.000000,0.000000,9.910651,2.833122,0.000000,1.488985,2.076211,0.037860,15.935901
0.000000,0.000000,11.097092,2.920406,0.000000,1.011326,1.634126,0.035747,18.666160
0.000000,0.000000,10.301700,3.328375,0.000000,0.726382,1.466218,0.035878,17.256099
0.000000,0.000000,10.572474,2.978202,0.000000,0.628290,1.315114,0.359481,16.679539
0.000000,0.000000,10.152186,2.726822,0.000000,1.471031,2.172492,0.047140,16.016747
0.000000,0.000000,12.095456,3.368679,0.000000,1.002531,1.726931,0.037162,20.249253
0.000000,0.000000,10.224423,2.968895,0.000000,0.799327,1.462165,0.051415,16.979768
0.000000,0.000000,10.918005,2.901774,0.000000,0.606752,1.387343,0.422094,17.065113
0.000000,0.000000,10.123314,2.863764,0.000000,1.689207,1.836009,0.039990,16.304755
0.000000,0.000000,10.113937,3.067514,0.000000,0.964621,1.687599,0.039989,17.729295
0.000000,0.000000,10.621180,2.866392,0.000000,0.719571,1.455178,0.411751,17.374945
0.000000,0.000000,10.593404,3.056622,0.000000,1.582456,2.240471,0.044509,17.193078
0.000000,0.000000,10.676254,2.849881,0.000000,1.090271,1.852440,0.039868,18.456743
0.000000,0.000000,10.886702,2.867849,0.000000,0.928970,1.846109,0.051111,17.722975
0.000000,0.000000,10.543514,3.322616,0.000000,0.712837,1.373905,0.446725,17.892528
0.000000,0.000000,10.128329,2.964692,0.000000,1.660045,2.344909,0.081688,16.554881
0.000000,0.000000,11.188931,2.982426,0.000000,1.035047,1.884309,0.039954,19.389277
0.000000,0.000000,10.506221,3.006978,0.000000,0.871135,1.519644,0.042533,17.557148
0.000000,0.000000,12.517036,2.974751,0.000000,0.580544,1.271525,0.438869,18.932964
0.000000,0.000000,12.301337,3.063245,0.000000,1.764770,2.277620,0.044231,18.585126
0.000000,0.000000,10.425481,3.894428,0.000000,1.390175,2.155129,0.124089,19.677561
0.000000,0.000000,10.275295,2.813174,0.000000,1.452498,1.458271,0.038488,18.236147
0.000000,0.000000,10.117631,2.746817,0.000000,0.494396,1.432334,0.415368,17.438762
0.000000,0.000000,10.084907,2.788298,0.000000,1.939229,1.887200,0.039478,18.274837
0.000000,0.000000,10.048188,2.664411,0.000000,0.796237,5.729919,0.046452,20.382811
0.000000,0.000000,10.879398,2.655167,0.000000,0.543832,1.309081,0.411726,21.065827
0.000000,0.000000,10.338482,2.929629,0.000000,1.368124,1.846045,0.036742,16.396870
0.000000,0.000000,9.663524,2.716456,0.000000,0.841709,1.369075,0.043741,16.571158
0.000000,0.000000,11.547345,2.892979,0.000000,0.656578,1.278092,0.347930,17.782724
0.000000,0.000000,10.081632,2.725619,0.000000,1.185421,1.819142,0.032869,15.975920
0.000000,0.000000,9.351325,2.669428,0.000000,0.752375,1.463910,0.294681,16.012490
0.000000,0.000000,9.633255,2.518875,0.000000,1.106151,1.543606,0.030705,15.633037
0.000000,0.000000,9.820972,2.802615,0.000000,0.737174,1.400771,0.298049,16.270490
0.000000,0.000000,9.265794,2.719681,0.000000,1.077340,1.962095,0.036443,15.384685
0.000000,0.000000,8.479753,2.848621,0.000000,0.836902,1.449350,0.030941,15.309571
0.000000,0.000000,8.598552,3.046212,0.000000,0.717468,1.364851,0.401545,14.869206
0.000000,0.000000,9.603720,3.031922,0.000000,1.512283,1.954944,0.037779,15.959898
0.000000,0.000000,8.818746,3.000425,0.000000,0.977527,1.673320,0.037525,16.238043
0.000000,0.000000,10.627929,3.005996,0.000000,0.715536,1.482870,0.423008,17.301424
0.000000,0.000000,9.078504,3.095764,0.000000,1.344329,1.907526,0.038051,15.649840
0.000000,0.000000,8.687464,3.705515,0.000000,0.944968,1.684021,0.038001,16.903905
0.000000,0.000000,9.367326,3.177283,0.000000,0.712992,1.337939,0.450238,16.191312
0.000000,0.000000,9.356611,2.898747,0.000000,1.259502,1.862022,0.036356,15.712534
0.000000,0.000000,9.921522,2.846295,0.000000,0.915519,1.623859,0.037286,16.919246
0.000000,0.000000,10.328611,2.608275,0.000000,0.715208,1.332911,0.348374,16.610445
0.000000,0.000000,11.826822,2.735817,0.000000,1.172790,1.644606,0.041313,18.080686
0.000000,0.000000,12.445042,2.946525,0.000000,0.726660,1.450911,0.336093,19.338863
0.000000,0.000000,12.592136,2.981927,0.000000,1.402025,2.020463,0.038480,18.954164
0.000000,0.000000,12.706128,3.221485,0.000000,0.893416,1.588858,0.360411,20.399693
0.000000,0.000000,12.966333,4.043454,0.000000,2.045075,3.332678,0.125828,20.967158
0.000000,0.000000,13.438281,2.667492,0.000000,0.633403,1.396660,0.341541,22.780020
0.000000,0.000000,12.981047,3.219537,0.000000,1.331437,1.884122,0.033912,19.507331
0.000000,0.000000,12.747476,2.736432,0.000000,0.894789,5.543555,0.046593,21.958535
0.000000,0.000000,11.112186,2.973807,0.000000,0.662230,1.523952,0.385029,21.442335
0.000000,0.000000,9.999694,2.728421,0.000000,1.230974,1.864348,0.035367,16.138053
0.000000,0.000000,10.026275,2.757283,0.000000,0.798478,1.572990,0.034513,16.810743
0.000000,0.000000,9.647862,2.683998,0.000000,0.531737,1.329002,0.386834,15.646388
0.000000,0.000000,10.270039,2.754431,0.000000,1.243267,1.940312,0.034940,16.056946
0.000000,0.000000,9.923587,2.897977,0.000000,0.796344,1.670504,0.341444,16.916523
0.000000,0.000000,11.612506,2.749689,0.000000,1.209510,1.753250,0.035110,18.216436
0.000000,0.000000,10.470862,2.654025,0.000000,0.712770,1.489438,0.307243,17.047245
0.000000,0.000000,10.725730,2.453817,0.000000,1.221616,1.848988,0.031178,16.853681
0.000000,0.000000,10.495419,2.818058,0.000000,0.823579,1.588920,0.030749,17.444334
0.000000,0.000000,9.981084,3.009089,0.000000,0.587134,1.474414,0.397260,16.367457
0.000000,0.000000,9.638408,2.799799,0.000000,1.332828,1.934614,0.035177,15.689727
0.000000,0.000000,10.597157,2.773593,0.000000,0.743606,1.788276,0.035977,17.496957
0.000000,0.000000,10.204383,2.746710,0.000000,0.559517,1.577877,0.359332,16.462023
0.000000,0.000000,9.846992,2.817718,0.000000,1.180295,2.036887,0.032056,15.990156
0.000000,0.000000,10.061301,2.787353,0.000000,0.768763,1.902771,0.330069,17.008985
0.000000,0.000000,11.548688,2.848336,0.000000,1.130294,2.087708,0.038509,18.336605
0.000000,0.000000,11.147255,2.741351,0.000000,0.572684,1.437517,0.323170,18.181662
0.000000,0.000000,10.421482,2.817394,0.000000,1.025864,1.913425,0.043586,16.486015
0.000000,0.000000,9.818159,3.469860,0.000000,0.751680,2.070624,0.054895,17.350535
0.000000,0.000000,10.530302,2.974534,0.000000,0.557237,1.675702,0.410888,17.534519
0.000000,0.000000,9.779289,3.488401,0.000000,1.381749,1.920492,0.047731,16.787681
0.000000,0.000000,9.510930,2.928750,0.000000,0.824129,1.908270,0.034813,16.745155
0.000000,0.000000,10.869441,3.050158,0.000000,0.631441,2.140299,0.374262,17.653850
0.000000,0.000000,11.892814,3.261922,0.000000,1.379239,2.319444,0.041736,19.354662
0.000000,0.000000,13.539691,3.744337,0.000000,0.851536,1.818322,0.044039,22.153201
0.000000,0.000000,12.078308,3.474020,0.000000,0.829010,2.198033,0.403192,19.201392
0.000000,0.000000,10.102468,3.253647,0.000000,0.957870,1.868808,0.031059,18.002236
0.000000,0.000000,10.621114,2.533226,0.000000,0.658954,1.555780,0.307241,16.999983
0.000000,0.000000,9.846823,2.559008,0.000000,1.848171,1.750045,0.034631,19.085512
0.000000,0.000000,11.045202,2.607604,0.000000,0.750152,1.536058,4.081623,22.078230
0.000000,0.000000,10.356833,2.887142,0.000000,0.638534,1.564479,0.381188,20.648654
0.000000,0.000000,10.582934,2.899619,0.000000,1.259029,2.166503,0.035094,16.945512
0.000000,0.000000,9.895940,2.882498,0.000000,0.771456,1.643967,0.035189,17.149952
0.000000,0.000000,10.210785,2.842849,0.000000,0.604646,1.575080,0.339488,16.369438
0.000000,0.000000,9.993585,2.904744,0.000000,1.369534,2.005231,0.048819,16.361578
0.000000,0.000000,9.983621,2.875451,0.000000,0.802429,1.988195,0.036325,17.218484
0.000000,0.000000,9.911761,2.845815,0.000000,0.584163,1.630338,0.390173,16.692574
0.000000,0.000000,10.518826,2.912734,0.000000,1.233173,2.175232,0.036137,16.908693
0.000000,0.000000,9.389508,2.815012,0.000000,0.909942,1.700637,0.087267,16.531379
0.000000,0.000000,10.931931,2.817625,0.000000,0.678412,1.618377,0.293948,17.471088
0.000000,0.000000,9.378302,2.694467,0.000000,1.119447,1.945954,0.030567,15.548896
0.000000,0.000000,9.991778,2.701252,0.000000,0.696324,1.695555,0.376526,16.698575
0.000000,0.000000,9.771942,2.787794,0.000000,1.286376,1.919692,0.036983,16.342046
0.000000,0.000000,11.214556,2.671941,0.000000,0.934489,2.017474,0.033912,18.139747
0.000000,0.000000,10.025534,2.701006,0.000000,0.721815,1.759624,0.340900,16.733591
0.000000,0.000000,10.220802,3.311527,0.000000,1.415168,2.186667,0.034654,17.339565
0.000000,0.000000,9.933842,2.680630,0.000000,0.953084,1.802581,0.033624,17.269968
0.000000,0.000000,11.585370,3.663627,0.000000,0.822808,1.758277,0.334431,19.100655
0.000000,0.000000,10.265293,2.683722,0.000000,1.450605,2.352678,0.034249,16.770050
0.000000,0.000000,10.985096,2.712154,0.000000,0.953214,1.929609,0.295229,18.621691
0.000000,0.000000,10.764093,3.010255,0.000000,1.187062,1.914958,0.047286,17.996191
0.000000,0.000000,11.608876,2.828424,0.000000,0.751361,1.514086,0.311875,18.823029
0.000000,0.000000,11.166621,2.671047,0.000000,1.405607,1.779430,0.033209,17.662311
0.000000,0.000000,11.960200,2.847554,0.000000,1.112901,2.234059,0.335299,19.133989
0.000000,0.000000,10.182628,4.623576,0.000000,1.305950,2.136485,0.035067,19.691758
0.000000,0.000000,9.315130,2.717488,0.000000,1.611666,1.987973,0.299537,17.348360
0.000000,0.000000,9.558789,2.672766,0.000000,1.385005,5.814652,0.041057,22.399671
0.000000,0.000000,9.104240,2.636531,0.000000,1.066146,1.774752,0.033785,20.331918
0.000000,0.000000,9.288723,2.724128,0.000000,0.843255,1.577078,0.312822,15.972902
0.000000,0.000000,9.181394,2.622050,0.000000,1.493884,2.258634,0.049568,15.455511
0.000000,0.000000,11.043460,3.411205,0.000000,1.205407,2.005630,0.036524,19.512602
0.000000,0.000000,9.113207,2.812684,0.000000,1.083787,1.986179,0.034612,16.203826
0.000000,0.000000,8.821951,2.761040,0.000000,0.983714,1.924443,0.034722,15.682386
0.000000,0.000000,9.421826,2.913071,0.000000,0.818451,1.579039,0.330696,16.286793
0.000000,0.000000,9.669840,2.874124,0.000000,1.520181,2.313808,0.035229,16.238957
0.000000,0.000000,10.036688,2.860127,0.000000,1.212028,2.052266,0.034921,17.814391
0.000000,0.000000,8.700620,2.898811,0.000000,1.129222,2.135122,0.043275,15.922938
0.000000,0.000000,8.575269,2.897443,0.000000,0.966561,1.786035,0.033935,15.783941
0.000000,0.000000,8.558645,2.915646,0.000000,0.887475,1.607848,0.324615,15.194685
0.000000,0.000000,8.130037,2.923083,0.000000,1.712817,2.032193,0.035123,14.787173
0.000000,0.000000,8.801284,3.749856,0.000000,1.192802,1.824750,0.034813,17.344539
0.000000,0.000000,8.700123,3.090112,0.000000,1.105614,1.760372,0.037817,15.787289
0.000000,0.000000,8.308106,3.155807,0.000000,0.897313,1.618604,0.048803,15.418382
0.000000,0.000000,8.382902,3.133317,0.000000,0.787046,1.471558,0.034873,15.060699
0.000000,0.000000,7.676518,3.932197,0.000000,0.806224,1.443809,0.461065,14.867426
0.000000,0.000000,8.908883,3.414288,0.000000,2.286183,2.153755,0.044981,15.873580
0.000000,0.000000,8.733061,3.584065,0.000000,1.459000,2.386393,0.061796,17.750286
0.000000,0.000000,8.005288,3.413168,0.000000,1.190937,1.789919,0.042923,16.473188
0.000000,0.000000,9.252089,3.680266,0.000000,0.990966,1.677585,0.043893,16.898759
0.000000,0.000000,9.162252,3.633197,0.000000,0.950430,1.403696,0.049346,16.472479
0.000000,0.000000,10.044217,3.848919,0.000000,1.163867,1.722292,0.047076,17.267341
0.000000,0.000000,9.469270,3.967901,0.000000,0.603532,1.208654,0.390934,17.624397
0.000000,0.000000,11.253873,3.480774,0.000000,1.842697,4.749900,0.040478,17.677601
0.000000,0.000000,9.074722,3.998485,0.000000,1.051150,6.164694,0.047946,20.712786
0.000000,0.000000,9.958956,4.086926,0.000000,1.015191,5.957934,0.122184,22.156661
0.000000,0.000000,11.082304,3.633949,0.000000,0.797631,1.318378,0.062050,23.275271
0.000000,0.000000,11.815192,3.831454,0.000000,0.645886,1.334128,0.052648,18.815482
0.000000,0.000000,12.482456,3.792824,0.000000,0.555230,0.971233,0.458166,19.247495
0.000000,0.000000,12.813288,3.472587,0.000000,1.515489,1.450507,0.051936,19.290030
0.000000,0.000000,11.506608,3.836620,0.000000,1.241649,1.613805,0.042375,19.315873
0.000000,0.000000,12.685165,4.099397,0.000000,0.996936,1.367260,0.040252,20.638094
0.000000,0.000000,12.667693,3.299173,0.000000,0.886264,1.219561,0.043375,19.319598
0.000000,0.000000,11.132168,2.951467,0.000000,0.796099,1.176126,0.039811,17.221111
0.000000,0.000000,14.290851,3.050845,0.000000,0.837252,1.234510,0.041212,20.303918
0.000000,0.000000,12.615364,2.776295,0.000000,0.739783,1.033312,0.411011,18.508329
0.000000,0.000000,14.099495,2.821607,0.000000,1.817232,1.709235,0.037098,20.096259
0.000000,0.000000,13.125239,2.658546,0.000000,1.182427,1.527644,0.038251,20.435408
0.000000,0.000000,13.467598,2.675991,0.000000,1.051972,1.534903,0.038241,20.197125
0.000000,0.000000,13.694470,2.531979,0.000000,0.964039,1.445406,0.053061,19.834663
0.000000,0.000000,13.848399,2.722685,0.000000,0.741348,1.126138,0.050304,20.100540
0.000000,0.000000,14.706776,2.706853,0.000000,0.586055,1.058218,0.402087,20.288398
0.000000,0.000000,13.053970,2.557306,0.000000,1.589719,1.618565,0.041440,18.696884
0.000000,0.000000,13.356182,2.632766,0.000000,0.952187,1.418936,0.036768,20.331342
0.000000,0.000000,14.335661,2.799689,0.000000,0.856018,1.173179,0.036028,20.632060
0.000000,0.000000,13.462445,2.631558,0.000000,0.628842,1.069832,0.036541,19.128462
0.000000,0.000000,13.677742,3.219656,0.000000,0.531317,0.885401,0.440909,19.562173
0.000000,0.000000,15.506670,3.436127,0.000000,1.717105,1.782387,0.037063,21.729222
0.000000,0.000000,13.373824,2.457969,0.000000,0.980789,1.446162,0.044773,20.333245
0.000000,0.000000,13.780709,2.763328,0.000000,0.746054,1.162931,0.038488,19.966783
0.000000,0.000000,15.335792,2.788242,0.000000,0.518950,0.918478,0.439232,20.981824
0.000000,0.000000,15.039391,2.827182,0.000000,1.376975,1.509806,0.036741,20.609098
0.000000,0.000000,14.488407,2.451464,0.000000,0.837011,1.058033,0.036690,20.988608
0.000000,0.000000,15.636407,3.259863,0.000000,0.706913,1.041875,0.038790,21.807222
0.000000,0.000000,16.085266,2.914107,0.000000,0.603396,0.951401,0.458044,21.682960
0.000000,0.000000,17.527853,2.853340,0.000000,1.468555,1.457330,0.035493,23.271834
0.000000,0.000000,14.678982,3.073572,0.000000,1.098080,1.109737,0.059149,21.632081
0.000000,0.000000,13.334137,3.309233,0.000000,0.656627,0.843221,0.378725,20.269204
0.000000,0.000000,12.803628,2.843994,0.000000,1.586844,1.565680,0.036901,18.326285
0.000000,0.000000,11.231278,2.694109,0.000000,0.816300,1.067892,0.057612,22.066067
0.000000,0.000000,10.936768,2.770547,0.000000,0.610823,1.009335,0.039222,16.809544
0.000000,0.000000,11.096081,2.875397,0.000000,0.830991,1.025200,0.572106,17.017984
0.000000,0.000000,12.735968,3.482363,0.000000,1.865494,1.932564,0.041883,19.833336
0.000000,0.000000,10.455240,3.132077,0.000000,1.034936,1.270103,0.041330,18.651768
0.000000,0.000000,11.033843,2.953389,0.000000,0.749155,1.203194,0.041561,17.433989
0.000000,0.000000,12.190153,3.093394,0.000000,0.667179,0.979283,0.428451,18.102273
0.000000,0.000000,12.587575,2.975728,0.000000,1.476181,1.492859,0.037146,18.504863
0.000000,0.000000,12.614903,2.570382,0.000000,0.801409,1.215003,0.051278,19.134987
0.000000,0.000000,13.169770,2.811454,0.000000,0.591438,1.010505,0.406182,19.035327
0.000000,0.000000,15.678382,3.471974,0.000000,1.418637,1.699108,0.037418,22.060423
0.000000,0.000000,13.695587,2.575673,0.000000,0.810680,1.351174,0.039420,20.466879
0.000000,0.000000,14.440375,2.706132,0.000000,0.662812,1.103274,0.038243,20.290173
0.000000,0.000000,13.526503,2.586209,0.000000,0.488399,1.061569,0.455079,18.973214
0.000000,0.000000,13.766439,2.686995,0.000000,1.377800,1.508454,0.035374,19.374116
0.000000,0.000000,12.732872,2.482619,0.000000,0.797453,1.203860,0.035303,19.088870
0.000000,0.000000,12.510930,2.389276,0.000000,0.624368,1.087983,0.035475,18.004702
0.000000,0.000000,13.028259,2.676033,0.000000,0.531243,0.999458,0.391367,18.344196
0.000000,0.000000,12.369654,2.861852,0.000000,1.333467,1.713469,0.035484,17.996276
0.000000,0.000000,13.155089,2.446334,0.000000,0.698760,1.187249,0.034820,19.689048
0.000000,0.000000,13.235992,2.639632,0.000000,0.558452,0.951907,0.357775,18.779032
0.000000,0.000000,13.508346,2.862845,0.000000,1.209561,1.527969,0.034381,19.067277
0.000000,0.000000,16.359002,3.474869,0.000000,0.950205,1.545465,0.047195,23.741412
0.000000,0.000000,10.890538,3.470890,0.000000,0.592329,1.106628,0.032527,18.008122
0.000000,0.000000,10.899728,2.733026,0.000000,0.492752,1.017386,0.375756,16.295790
0.000000,0.000000,11.752582,2.648227,0.000000,1.981030,1.584089,0.034996,17.058444
0.000000,0.000000,11.319255,2.644439,0.000000,1.009035,6.092783,0.052483,21.104932
0.000000,0.000000,10.560632,2.636076,0.000000,0.669594,1.165499,0.034472,21.397429
0.000000,0.000000,9.924581,2.737872,0.000000,0.612618,1.175965,0.413313,15.396889
0.000000,0.000000,10.589682,3.026290,0.000000,1.402990,1.684943,0.035471,16.735678
0.000000,0.000000,10.446419,2.731222,0.000000,0.911992,1.331837,0.036207,17.327826
0.000000,0.000000,10.222027,2.673964,0.000000,0.772108,1.283826,0.043257,16.136754
0.000000,0.000000,11.092308,2.987844,0.000000,0.828702,1.289813,0.040586,17.099932
0.000000,0.000000,10.720715,3.124894,0.000000,0.615248,1.122772,0.400767,16.896005
0.000000,0.000000,11.211686,3.399196,0.000000,1.594893,1.841563,0.039427,17.663314
0.000000,0.000000,11.215950,3.290563,0.000000,1.143367,1.686518,0.040727,18.984942
0.000000,0.000000,12.516147,3.092160,0.000000,0.701581,1.357063,0.038106,19.487819
0.000000,0.000000,11.977146,2.933219,0.000000,0.677862,1.249909,0.311466,17.913824
0.000000,0.000000,11.377160,2.794050,0.000000,1.303084,1.700919,0.030551,17.452870
0.000000,0.000000,10.174987,2.713938,0.000000,0.924412,1.404461,0.030773,16.881851
0.000000,0.000000,10.517242,2.696594,0.000000,0.775185,1.386619,0.031792,16.460041
0.000000,0.000000,10.717983,2.611120,0.000000,0.634753,1.304789,0.309257,16.481324
0.000000,0.000000,10.629756,2.729191,0.000000,1.349683,1.684186,0.031903,16.478348
0.000000,0.000000,9.752243,2.860205,0.000000,1.035978,1.494987,0.032156,16.709386
0.000000,0.000000,10.588726,2.645686,0.000000,0.716422,1.340282,0.294057,16.818712
0.000000,0.000000,10.910580,2.748386,0.000000,1.359093,1.907891,0.032004,16.956390
0.000000,0.000000,10.783613,2.905268,0.000000,1.215813,1.806959,0.032130,18.233825
0.000000,0.000000,11.431472,2.813805,0.000000,0.978673,1.700588,0.033462,18.368923
0.000000,0.000000,11.045852,3.619870,0.000000,1.086698,2.175575,0.050678,18.538463
0.000000,0.000000,10.718729,2.635536,0.000000,0.785489,1.282111,0.597916,17.876076
0.000000,0.000000,11.571239,2.740922,0.000000,1.403880,1.844285,0.033613,18.171653
0.000000,0.000000,11.116782,2.466783,0.000000,1.335503,1.908838,0.033644,18.335805
0.000000,0.000000,11.720460,2.854412,0.000000,1.153460,6.414078,0.035611,21.222458
0.000000,0.000000,10.512272,3.029051,0.000000,1.057706,1.742679,0.033664,22.104498
0.000000,0.000000,9.947511,3.125951,0.000000,1.078857,1.707329,0.035692,16.852215
0.000000,0.000000,10.601315,3.941285,0.000000,1.068851,1.636718,0.045005,18.320355
0.000000,0.000000,10.459940,3.565047,0.000000,0.983204,1.587867,0.078581,17.788758
0.000000,0.000000,10.544347,3.199933,0.000000,0.881283,1.532272,0.424110,17.353251
0.000000,0.000000,11.835182,3.404382,0.000000,2.059718,1.925774,0.053171,18.975391
0.000000,0.000000,11.463446,3.015331,0.000000,1.424970,2.271889,0.040572,19.603293
0.000000,0.000000,10.275917,3.110437,0.000000,1.512840,2.084189,0.038220,18.192113
0.000000,0.000000,10.995867,3.305457,0.000000,1.231853,2.066815,0.039250,18.890147
0.000000,0.000000,9.720633,2.767675,0.000000,1.152995,1.881235,0.039109,16.874605
0.000000,0.000000,9.346306,2.848720,0.000000,1.134541,1.914931,0.056100,16.215509
0.000000,0.000000,9.839437,3.077912,0.000000,1.187110,1.836082,0.040295,17.111489
0.000000,0.000000,9.910930,2.821558,0.000000,1.046705,1.735709,0.038385,16.761878
0.000000,0.000000,10.419056,2.984382,0.000000,0.976983,1.819136,0.070439,17.179257
0.000000,0.000000,9.050335,2.910642,0.000000,1.001836,1.470443,0.039426,15.888388
0.000000,0.000000,9.668449,2.869032,0.000000,0.844051,1.571017,0.038577,16.185324
0.000000,0.000000,10.762413,3.153901,0.000000,1.050614,1.580369,0.041123,17.287765
0.000000,0.000000,11.987859,3.355837,0.000000,0.914229,1.625259,0.056684,19.047459
0.000000,0.000000,11.770396,3.579865,0.000000,0.838225,1.555900,0.414215,19.006660
0.000000,0.000000,11.657475,3.904165,0.000000,2.040669,4.083743,0.108345,19.310443
0.000000,0.000000,11.556245,3.530478,0.000000,1.618546,2.334900,0.040307,23.336220
0.000000,0.000000,11.627975,3.148821,0.000000,1.496110,6.754011,0.049621,22.362526
0.000000,0.000000,10.129006,3.069267,0.000000,1.294282,2.005424,0.040226,22.592953
0.000000,0.000000,10.028693,3.055559,0.000000,1.224183,1.955146,0.040761,17.448306
0.000000,0.000000,10.624045,3.090341,0.000000,1.164076,2.017566,0.039953,17.986299
0.000000,0.000000,10.560565,2.998331,0.000000,1.212546,1.892614,0.040024,17.842164
0.000000,0.000000,10.567611,2.899932,0.000000,1.115465,1.730608,0.039984,17.743628
0.000000,0.000000,10.132027,2.885805,0.000000,1.041761,1.787917,0.040661,16.968389
0.000000,0.000000,10.487882,3.063426,0.000000,1.002204,1.817965,0.041915,17.437830
0.000000,0.000000,11.107195,3.262217,0.000000,1.009672,1.781951,0.044047,18.354746
0.000000,0.000000,11.346560,2.981089,0.000000,1.071099,1.917891,0.046725,18.238429
0.000000,0.000000,11.072193,3.044720,0.000000,0.949285,1.888284,0.040086,18.264671
0.000000,0.000000,11.282675,2.944189,0.000000,0.898296,1.772494,0.040196,18.208174
0.000000,0.000000,10.736836,2.920278,0.000000,0.968515,1.676710,0.040641,17.408956
0.000000,0.000000,10.790584,2.943660,0.000000,0.847833,1.651266,0.042279,17.442949
0.000000,0.000000,10.466260,2.859335,0.000000,0.872338,1.700931,0.041056,16.964738
0.000000,0.000000,12.187037,3.046820,0.000000,1.256728,1.732539,0.409184,18.920139
0.000000,0.000000,11.255897,2.988515,0.000000,1.867786,2.435994,0.036447,18.719720
0.000000,0.000000,10.688609,2.607383,0.000000,1.473928,1.904698,0.039145,18.853839
0.000000,0.000000,11.327660,2.888880,0.000000,1.345607,2.027279,0.037994,18.646590
0.000000,0.000000,10.772496,3.100963,0.000000,1.329657,2.030240,0.047403,18.406564
0.000000,0.000000,12.064457,2.891709,0.000000,1.219730,2.202144,0.042370,19.431365
0.000000,0.000000,12.488284,3.044237,0.000000,1.283568,2.332173,0.058399,20.240470
0.000000,0.000000,12.798271,4.566497,0.000000,1.152376,2.077006,0.088135,22.348161
0.000000,0.000000,11.693815,3.001959,0.000000,1.051364,2.002505,0.038115,19.594315
0.000000,0.000000,11.625308,3.412635,0.000000,1.074894,1.866169,0.038094,20.680438
0.000000,0.000000,12.270837,2.862388,0.000000,0.913239,1.780592,0.038537,22.230523
0.000000,0.000000,12.037861,2.890974,0.000000,0.934398,7.350009,0.073940,23.146055
0.000000,0.000000,11.907732,2.730913,0.000000,0.792129,1.623866,0.429961,24.060648
0.000000,0.000000,12.569430,2.769186,0.000000,1.694926,2.380846,0.038762,19.187503
0.000000,0.000000,12.176672,3.378879,0.000000,1.342294,2.119565,0.038156,20.834486
0.000000,0.000000,12.093935,2.728060,0.000000,1.186739,1.953164,0.038015,19.439643
0.000000,0.000000,13.064641,2.662142,0.000000,1.080862,1.825728,0.037024,20.024234
0.000000,0.000000,13.731102,3.367438,0.000000,0.934605,1.681321,0.037166,21.126351
0.000000,0.000000,13.700377,2.883992,0.000000,0.836150,1.494465,0.037618,20.259275
0.000000,0.000000,14.134001,2.618215,0.000000,0.683406,1.379774,0.399312,20.164268
0.000000,0.000000,13.297939,2.556268,0.000000,1.343723,1.787568,0.037041,19.308088
0.000000,0.000000,13.855028,2.211567,0.000000,0.972152,1.680134,0.031916,20.442042
0.000000,0.000000,13.300423,2.477113,0.000000,0.855449,1.560278,0.032370,19.585714
0.000000,0.000000,14.463959,2.719484,0.000000,0.733732,1.335777,0.030015,20.664621
0.000000,0.000000,16.274789,2.255138,0.000000,0.532018,1.366480,0.269113,21.539865
0.000000,0.000000,14.239288,2.087595,0.000000,1.134924,1.476055,0.025799,19.361265
0.000000,0.000000,12.852225,2.525859,0.000000,0.698511,1.208339,0.025435,18.920474
0.000000,0.000000,13.506840,1.974986,0.000000,0.570647,1.168422,0.299701,18.250513
0.000000,0.000000,12.722507,1.913576,0.000000,1.003451,1.440602,0.022760,17.559611
0.000000,0.000000,13.148980,2.087557,0.000000,0.706489,1.241131,0.222210,18.610342
0.000000,0.000000,12.845974,1.890200,0.000000,1.007080,1.583632,0.025035,17.793510
0.000000,0.000000,13.601673,2.026982,0.000000,0.668138,1.219979,0.230087,19.242464
0.000000,0.000000,13.348138,2.116586,0.000000,1.126391,1.516526,0.026673,18.576581
0.000000,0.000000,12.280999,2.650307,0.000000,1.287854,1.650426,0.025793,18.611455
0.000000,0.000000,11.913998,2.462140,0.000000,0.647643,1.204842,0.344382,18.501840
0.000000,0.000000,13.256320,2.506630,0.000000,1.256590,1.762456,0.028280,18.745204
0.000000,0.000000,12.041245,2.481857,0.000000,1.142739,7.304855,0.030702,19.437971
0.000000,0.000000,9.795920,3.068225,0.000000,0.854221,1.534800,0.028871,22.137140
0.000000,0.000000,10.017093,3.294652,0.000000,0.763299,1.444566,0.029498,16.649041
0.000000,0.000000,10.050360,2.909803,0.000000,0.668717,1.197114,0.331416,16.097547
0.000000,0.000000,9.819171,3.306614,0.000000,1.534133,1.774890,0.033957,16.110026
0.000000,0.000000,8.820014,2.888550,0.000000,1.115715,1.700921,0.040056,15.808858
0.000000,0.000000,11.169228,2.902957,0.000000,0.787458,1.517215,0.033412,17.760577
0.000000,0.000000,9.428848,2.712347,0.000000,0.908383,1.671945,0.438861,15.271024
0.000000,0.000000,9.681522,4.224576,0.000000,1.208784,1.770875,0.031511,17.986884
0.000000,0.000000,9.497306,2.473150,0.000000,0.940930,1.670069,0.031150,15.875184
0.000000,0.000000,9.856305,2.475746,0.000000,0.753007,1.519272,0.394910,15.890937
0.000000,0.000000,9.376860,2.857269,0.000000,1.680768,1.977100,0.037350,15.723251
0.000000,0.000000,10.552329,2.957261,0.000000,1.169095,1.942825,0.036663,18.224981
0.000000,0.000000,9.749857,3.012775,0.000000,0.756072,1.525978,0.290749,16.977868
0.000000,0.000000,9.972796,3.073152,0.000000,1.254465,2.072048,0.032587,16.513537
0.000000,0.000000,9.807463,3.386489,0.000000,0.883393,1.997176,0.033770,17.627917
0.000000,0.000000,11.446582,2.981002,0.000000,0.798973,1.502777,0.309510,18.281476
0.000000,0.000000,10.451105,3.513395,0.000000,2.240340,2.475413,0.043277,17.526672
0.000000,0.000000,10.518259,2.757708,0.000000,0.938179,1.670693,0.031912,19.080297
0.000000,0.000000,10.853449,2.715972,0.000000,0.896071,1.509565,0.293015,17.116208
0.000000,0.000000,11.118298,2.597979,0.000000,1.314561,8.197982,0.123603,20.491682
0.000000,0.000000,11.328768,2.820139,0.000000,0.998008,1.746028,0.032995,24.792144
0.000000,0.000000,10.997093,2.596866,0.000000,0.803450,1.710171,0.032540,17.340291
0.000000,0.000000,11.533662,3.313978,0.000000,0.821940,1.593386,0.032530,18.309463
0.000000,0.000000,11.025233,3.418330,0.000000,0.653720,1.532768,0.348435,17.824124
0.000000,0.000000,11.699526,2.822375,0.000000,1.555132,2.192901,0.034704,17.926496
0.000000,0.000000,11.928272,2.609823,0.000000,1.014783,1.940557,0.034384,19.302990
0.000000,0.000000,12.316636,2.994148,0.000000,0.748597,1.727621,0.034192,19.410197
0.000000,0.000000,12.503056,2.585680,0.000000,0.601109,1.570401,0.309097,18.620109
0.000000,0.000000,12.138167,2.586327,0.000000,1.296385,2.113800,0.033281,18.166617
0.000000,0.000000,13.064205,2.505827,0.000000,0.881245,1.796792,0.032906,20.063969
0.000000,0.000000,15.016833,2.654707,0.000000,0.849249,1.570796,0.325182,21.477849
0.000000,0.000000,11.432656,2.824420,0.000000,1.329686,2.026996,0.035122,17.975154
0.000000,0.000000,11.251480,2.499282,0.000000,0.961129,1.898405,0.036680,18.220320
0.000000,0.000000,11.774638,2.586328,0.000000,0.731653,1.521968,0.391834,18.209123
0.000000,0.000000,13.419835,2.640042,0.000000,1.238497,1.763084,0.031169,19.823822
0.000000,0.000000,10.918275,3.185931,0.000000,0.929508,2.955302,0.069655,18.095785
0.000000,0.000000,9.447769,2.903099,0.000000,1.126713,1.658741,0.032473,17.526794
0.000000,0.000000,9.248334,2.903071,0.000000,0.813351,1.485728,0.030182,15.890281
0.000000,0.000000,8.840190,2.848346,0.000000,0.640648,6.294631,0.589216,19.117610
0.000000,0.000000,9.428680,2.684787,0.000000,1.499456,2.028984,0.035123,20.664079
0.000000,0.000000,8.816066,2.652249,0.000000,0.938170,1.652079,0.034610,15.957721
0.000000,0.000000,9.476014,2.679764,0.000000,0.781805,1.754499,0.039830,15.757620
0.000000,0.000000,10.753786,2.973931,0.000000,0.636974,1.482635,0.034050,17.267255
0.000000,0.000000,9.444124,2.698250,0.000000,0.473545,1.226038,0.402381,15.147850
0.000000,0.000000,10.226936,2.740768,0.000000,1.398619,1.927020,0.035096,15.900940
0.000000,0.000000,8.770522,2.766317,0.000000,0.858636,1.589035,0.035008,15.843450
0.000000,0.000000,9.237845,2.547084,0.000000,0.746030,1.425582,0.034561,15.222849
0.000000,0.000000,9.836473,2.780534,0.000000,0.689403,1.448046,0.420282,15.651783
0.000000,0.000000,10.371438,2.926648,0.000000,1.535783,2.011650,0.035524,16.711941
0.000000,0.000000,9.609167,2.545916,0.000000,0.933736,1.619464,0.035009,16.722481
0.000000,0.000000,10.501543,2.560156,0.000000,0.692710,1.441142,0.033093,16.706427
0.000000,0.000000,10.946148,2.455554,0.000000,0.556302,1.248184,0.332944,16.422494
0.000000,0.000000,10.908673,2.531824,0.000000,1.234962,1.902526,0.030995,16.496348
0.000000,0.000000,11.920150,3.355361,0.000000,0.841217,1.645488,0.029470,19.421163
0.000000,0.000000,10.667037,2.576466,0.000000,0.682012,1.595863,0.028864,16.749702
0.000000,0.000000,12.341564,2.581246,0.000000,0.648905,1.562111,0.329849,18.123087
0.000000,0.000000,11.645921,2.904213,0.000000,1.436275,2.042506,0.131515,18.020010
0.000000,0.000000,10.379102,3.072447,0.000000,0.896385,1.762224,0.029694,18.507406
0.000000,0.000000,10.783587,2.957401,0.000000,0.614382,6.809117,0.537770,19.698498
0.000000,0.000000,10.334147,2.703780,0.000000,1.202510,1.661977,0.027721,22.006492
0.000000,0.000000,10.576118,2.084330,0.000000,0.787370,1.591386,0.026166,16.552317
0.000000,0.000000,10.995303,2.089090,0.000000,0.567979,1.571777,0.257741,16.515593
0.000000,0.000000,12.301571,2.179155,0.000000,1.165726,1.794380,0.024202,17.859941
0.000000,0.000000,12.482585,1.975089,0.000000,0.725999,1.634897,0.257771,18.486180
0.000000,0.000000,12.454830,1.981824,0.000000,1.161043,1.676348,0.027736,17.991807
0.000000,0.000000,14.134109,2.048188,0.000000,0.792496,1.631009,0.029601,20.039420
0.000000,0.000000,13.777128,2.137806,0.000000,0.706520,1.551935,0.315814,19.469595
0.000000,0.000000,12.524841,2.157280,0.000000,1.126248,2.142711,0.026646,18.146115
0.000000,0.000000,11.741188,2.224272,0.000000,1.103254,2.782753,0.031790,18.245580
0.000000,0.000000,14.767911,3.292571,0.000000,0.849971,1.825934,0.026989,23.080336
0.000000,0.000000,14.113358,2.360846,0.000000,0.793786,1.895150,0.029400,20.208770
0.000000,0.000000,11.764291,2.402559,0.000000,0.820318,1.770342,0.027893,17.974753
0.000000,0.000000,11.822946,2.703700,0.000000,0.711113,1.904335,0.028297,18.001748
0.000000,0.000000,12.524652,2.801643,0.000000,0.716213,1.607462,0.412780,18.998845
0.000000,0.000000,15.245629,2.788285,0.000000,1.994808,2.626744,0.038655,21.622444
0.000000,0.000000,12.687776,3.397155,0.000000,1.428071,2.315145,0.036585,21.800592
0.000000,0.000000,11.721645,2.542830,0.000000,1.622670,2.755356,0.060161,18.929064
0.000000,0.000000,13.759244,3.045320,0.000000,1.084884,2.306629,0.035156,25.508071
0.000000,0.000000,12.125896,2.579951,0.000000,0.977049,2.256438,0.037638,19.012702
0.000000,0.000000,12.192487,2.552932,0.000000,0.950170,1.956928,0.035810,18.941300
0.000000,0.000000,12.197435,2.603652,0.000000,0.862521,1.844070,0.036106,18.613833
0.000000,0.000000,12.456504,2.890883,0.000000,0.828373,1.873718,0.040299,19.021582
0.000000,0.000000,11.744057,2.639334,0.000000,0.675088,1.753375,0.035789,18.093613
0.000000,0.000000,12.072394,2.788128,0.000000,0.618985,1.584464,0.415274,18.208122
0.000000,0.000000,12.045487,2.773975,0.000000,1.924431,2.448616,0.039271,18.287100
0.000000,0.000000,11.675326,2.655275,0.000000,1.423801,2.466299,0.038509,19.757944
0.000000,0.000000,11.801950,2.744180,0.000000,1.353656,2.434159,0.037659,19.503679
0.000000,0.000000,11.012442,3.416360,0.000000,1.162382,2.384075,0.041588,19.277124
0.000000,0.000000,11.004945,2.580611,0.000000,1.018583,2.213953,0.037442,18.182916
0.000000,0.000000,12.436306,2.803692,0.000000,1.107740,2.531971,0.040398,19.479056
0.000000,0.000000,16.224282,3.413532,0.000000,1.015051,2.346078,0.041717,24.464246
0.000000,0.000000,15.044799,3.195296,0.000000,1.170307,3.272260,0.085974,22.760154
0.000000,0.000000,13.660728,2.755713,0.000000,0.821879,2.119598,0.041677,22.237517
0.000000,0.000000,14.329238,4.034461,0.000000,1.755324,2.025035,0.041252,22.234303
0.000000,0.000000,13.461549,2.738961,0.000000,0.708292,6.788733,0.080915,27.930035
0.000000,0.000000,18.028820,3.385956,0.000000,0.631572,1.905289,0.424404,30.053947
0.000000,0.000000,13.030816,2.853818,0.000000,1.519508,2.312684,0.033184,19.757391
0.000000,0.000000,13.027392,2.426205,0.000000,1.308367,2.529922,0.032666,20.282381
0.000000,0.000000,12.652614,2.405340,0.000000,1.300491,2.334800,0.033541,19.996212
0.000000,0.000000,12.907395,2.586456,0.000000,1.137568,2.310089,0.034148,20.188658
0.000000,0.000000,13.255923,2.367817,0.000000,1.100824,2.586036,0.052484,20.088423
0.000000,0.000000,12.576557,2.327047,0.000000,1.010344,1.983219,0.032706,19.732944
0.000000,0.000000,12.520047,2.346544,0.000000,0.853089,2.091569,0.033610,18.880741
0.000000,0.000000,12.960280,2.475289,0.000000,0.796706,1.791806,0.032547,19.365193
0.000000,0.000000,13.265400,3.525989,0.000000,0.778091,1.831860,0.034277,20.321929
0.000000,0.000000,14.801275,2.286754,0.000000,0.803498,1.816828,0.031773,20.716240
0.000000,0.000000,13.680129,2.467725,0.000000,0.714159,1.996142,0.035201,19.753901
0.000000,0.000000,14.612905,2.454375,0.000000,0.667976,1.888515,0.036387,20.885383
0.000000,0.000000,15.350046,2.745892,0.000000,0.585623,1.839132,0.340221,21.682711
0.000000,0.000000,15.808907,2.604031,0.000000,1.662518,2.609123,0.039078,22.171421
0.000000,0.000000,16.638415,2.768757,0.000000,1.532149,3.906494,0.101966,24.979642
0.000000,0.000000,14.165095,2.556371,0.000000,1.966013,2.425393,0.032112,23.827351
0.000000,0.000000,14.401714,2.255447,0.000000,1.327399,2.415676,0.031583,24.250094
0.000000,0.000000,14.239883,2.348274,0.000000,1.168755,7.631689,0.107089,27.414673
0.000000,0.000000,13.739848,2.439031,0.000000,1.172943,2.314101,0.030916,26.847576
0.000000,0.000000,14.588077,2.451489,0.000000,1.152341,2.322349,0.031366,21.542464
0.000000,0.000000,15.472406,2.375258,0.000000,1.002544,2.244169,0.031706,22.357253
0.000000,0.000000,14.324243,3.055513,0.000000,1.093002,1.966320,0.031479,21.684504
0.000000,0.000000,14.578233,2.351121,0.000000,0.905646,2.592427,0.031030,21.104350
0.000000,0.000000,14.624164,2.241364,0.000000,0.824920,1.995003,0.027654,21.384777
0.000000,0.000000,13.522273,2.088212,0.000000,0.895888,1.966460,0.028093,19.362150
0.000000,0.000000,14.104328,2.116126,0.000000,0.878231,2.186215,0.028742,20.094740
0.000000,0.000000,14.100193,2.160968,0.000000,0.927707,2.061217,0.029881,20.283374
0.000000,0.000000,15.443461,2.492628,0.000000,0.864167,2.117046,0.045389,22.020992
0.000000,0.000000,13.718486,2.074549,0.000000,0.780603,1.970525,0.029452,19.735526
0.000000,0.000000,14.120418,2.300386,0.000000,0.864308,2.335016,0.041227,20.162413
0.000000,0.000000,14.870470,2.239000,0.000000,0.914109,2.021756,0.030273,21.505349
0.000000,0.000000,14.560751,2.942262,0.000000,0.955845,2.289207,0.035605,21.514472
0.000000,0.000000,16.272693,2.388899,0.000000,0.876973,2.062304,0.031243,22.933039
0.000000,0.000000,15.781429,3.039908,0.000000,1.246485,2.891027,0.046059,22.719861
0.000000,0.000000,14.669830,2.358396,0.000000,0.824481,2.101109,0.031263,22.502237
0.000000,0.000000,15.057681,2.429425,0.000000,0.924061,2.033886,0.030759,21.429366
0.000000,0.000000,15.078218,2.337022,0.000000,0.796408,9.824192,0.057570,25.048203
0.000000,0.000000,15.485211,2.398211,0.000000,0.805625,2.068372,0.030388,29.577478
0.000000,0.000000,14.632317,2.140720,0.000000,0.743387,2.065517,0.031450,20.623715
0.000000,0.000000,15.389730,2.258074,0.000000,0.755179,2.043133,0.030668,21.456882
0.000000,0.000000,14.584735,2.179333,0.000000,0.781119,2.069094,0.031070,20.552348
0.000000,0.000000,17.553804,2.512128,0.000000,0.775688,1.990794,0.030749,23.902393
0.000000,0.000000,15.220016,2.295806,0.000000,0.803472,2.002958,0.321132,21.268533
0.000000,0.000000,15.704150,2.306215,0.000000,1.620468,2.556181,0.028905,22.079419
0.000000,0.000000,15.218693,2.236302,0.000000,1.384310,2.566683,0.030277,22.685082
0.000000,0.000000,16.331928,2.250268,0.000000,1.296318,2.224445,0.028280,23.617898
0.000000,0.000000,14.674658,2.444926,0.000000,1.201404,2.868099,0.027478,21.729301
0.000000,0.000000,13.511562,2.041448,0.000000,1.142806,2.107260,0.027819,20.697792
0.000000,0.000000,14.584011,2.265326,0.000000,1.058164,1.932680,0.027498,21.044906
0.000000,0.000000,16.785572,2.346827,0.000000,1.009699,2.024564,0.036377,23.134367
0.000000,0.000000,16.673683,2.499126,0.000000,1.000670,3.614935,0.084782,23.332332
0.000000,0.000000,17.253093,2.624177,0.000000,1.229163,2.361976,0.035554,25.805536
0.000000,0.000000,14.750495,2.183254,0.000000,0.885761,8.600177,0.038875,24.269740
0.000000,0.000000,13.826521,2.288440,0.000000,0.857424,2.114687,0.028032,26.651289
0.000000,0.000000,14.628342,2.373073,0.000000,0.809627,1.942368,0.028202,20.933717
0.000000,0.000000,14.525255,2.305438,0.000000,0.759268,1.948504,0.045297,20.572578
0.000000,0.000000,14.492113,2.399043,0.000000,0.752238,1.959472,0.275608,20.577038
0.000000,0.000000,17.306822,2.432065,0.000000,1.456839,2.605428,0.028062,23.688815
0.000000,0.000000,14.615761,2.363467,0.000000,1.242296,2.344927,0.032481,22.007612
0.000000,0.000000,13.446181,2.257266,0.000000,1.169400,2.535865,0.037041,20.415215
0.000000,0.000000,17.811373,2.703906,0.000000,1.020795,2.196281,0.027871,25.482014
0.000000,0.000000,13.146591,2.251418,0.000000,0.978400,2.040684,0.028132,19.614366
0.000000,0.000000,14.317834,2.497693,0.000000,0.999434,1.876383,0.031910,20.807810
0.000000,0.000000,13.747691,2.650373,0.000000,0.856520,2.356525,0.032191,20.303685
0.000000,0.000000,14.179432,2.438484,0.000000,0.857164,2.137154,0.033539,20.893302
0.000000,0.000000,15.632389,2.607728,0.000000,0.945274,2.037523,0.028914,22.216155
0.000000,0.000000,15.530725,2.777793,0.000000,0.826088,2.015736,0.049564,22.326409
0.000000,0.000000,15.119361,3.705805,0.000000,1.103358,2.819646,0.043764,22.772831
0.000000,0.000000,14.645985,2.685359,0.000000,0.780163,1.900934,0.028925,22.403168
0.000000,0.000000,13.556842,2.544538,0.000000,0.714292,7.690509,0.037752,22.440568
0.000000,0.000000,13.471175,2.525115,0.000000,0.630122,1.798004,0.025688,25.410737
0.000000,0.000000,12.754340,2.494381,0.000000,0.000000,0.000000,1.179484,18.596324
