#Stereo rect[ms], MP culling[ms], MP creation[ms], LBA[ms], KF culling[ms], Total[ms]
5.696745,0.028871,0.251226,0.007190,0.007190,5.991524
5.948905,0.059199,1.821687,0.001517,0.001517,7.833516
5.285958,0.261419,2.796223,0.070697,0.070697,16.473402
5.250970,0.239537,3.945775,0.167504,0.167504,17.147745
5.420852,0.239255,5.157808,0.294519,0.294519,20.186341
4.651089,0.224120,7.598498,0.246420,0.246420,23.101872
5.006057,0.209317,7.407049,0.319473,0.319473,24.394324
4.993386,0.218575,8.213347,0.217279,0.217279,25.370983
4.949529,0.236299,9.006227,0.281729,0.281729,26.952985
4.796443,0.231865,10.165880,0.368012,0.368012,29.596805
5.451847,0.222561,11.908171,0.289453,0.289453,33.063635
5.568039,0.263516,11.433599,0.513527,0.513527,35.887333
5.449877,0.253604,11.855841,0.429248,0.429248,37.765587
4.987742,0.264130,11.451963,0.426339,0.426339,35.399196
5.135501,0.208269,11.722151,0.702857,0.702857,36.700453
4.940385,0.248461,12.341825,0.797984,0.797984,53.136869
5.333192,0.323686,12.419228,1.084950,1.084950,48.663274
7.758228,0.324612,12.259102,0.686367,0.686367,49.281170
5.704189,0.325700,12.219281,0.792443,0.792443,44.223017
5.587705,0.348749,12.069365,0.647668,0.647668,38.987429
5.861543,0.316607,12.473765,0.963226,0.963226,43.668103
5.020942,0.312739,13.418447,1.102049,1.102049,45.636821
5.040723,0.281833,13.180794,0.837257,0.837257,46.466902
5.413860,0.280151,13.246404,1.118606,1.118606,46.265652
5.764594,0.361590,14.500219,1.093364,1.093364,41.509087
5.882665,0.255452,13.562296,1.629683,1.629683,44.552262
6.204111,0.327259,13.324734,1.511611,1.511611,48.953965
5.809241,0.464568,16.076110,1.986470,1.986470,84.768194
5.216031,0.343134,13.148427,1.335916,1.335916,48.000965
5.364892,0.327611,14.096292,1.541266,1.541266,51.187050
5.444064,0.272755,13.571220,1.497880,1.497880,45.772508
5.271543,0.327466,14.024313,1.826868,1.826868,50.803030
5.996793,0.240893,15.352062,1.425433,1.425433,61.717464
6.348912,0.450468,14.115906,1.348329,1.348329,46.431274
6.601007,0.305545,14.517593,2.099644,2.099644,54.299331
6.192393,0.337730,14.783210,1.658543,1.658543,57.804614
6.256411,0.242589,14.789555,1.730457,1.730457,56.338156
6.269895,0.351080,14.975402,2.615479,2.615479,67.876999
6.076221,0.319018,14.466815,2.159034,2.159034,54.758073
6.065934,0.345725,14.601650,2.109423,2.109423,55.564780
6.156681,0.280435,14.435409,1.993334,1.993334,61.912252
6.255432,0.266613,15.014249,2.759366,2.759366,85.140812
6.404851,0.266734,14.910786,2.607333,2.607333,89.373854
5.980656,0.250108,13.999775,1.916869,1.916869,63.184824
6.241500,0.264628,14.781455,4.317572,4.317572,81.550789
6.414953,0.282257,14.626730,3.924314,3.924314,76.437688
6.029728,0.294608,14.392044,4.704816,4.704816,101.511148
6.187170,0.271247,15.149395,2.631420,2.631420,119.529850
6.802048,0.306273,15.455215,2.784088,2.784088,114.934482
5.976017,0.222738,14.410374,3.505778,3.505778,104.146130
6.399692,0.265764,14.676278,3.279892,3.279892,118.578123
5.681247,0.254480,13.562711,3.172566,3.172566,109.807385
6.078278,0.321142,14.264099,2.873315,2.873315,135.290270
5.303104,0.302103,13.434534,3.328507,3.328507,83.630619
5.764708,0.341692,14.359425,2.693525,2.693525,107.796311
5.851984,0.305978,13.902093,3.073010,3.073010,85.600504
6.057910,0.308260,14.721535,2.988724,2.988724,120.857993
5.676608,0.327705,14.798312,4.113621,4.113621,128.235778
5.454857,0.368501,14.284243,3.049419,3.049419,108.207307
5.893098,0.283668,14.216854,3.515474,3.515474,94.852387
6.407098,0.290008,14.689804,5.848719,5.848719,115.522926
5.927796,0.288860,14.763918,5.338809,5.338809,98.678749
5.522257,0.234963,14.031102,2.961283,2.961283,64.306828
5.439020,0.255227,13.885131,4.678256,4.678256,88.357398
5.660877,0.349258,14.908494,5.386153,5.386153,77.640472
5.653472,0.322545,14.367698,5.593047,5.593047,100.251371
5.953055,0.368975,14.609137,4.873385,4.873385,125.949573
6.005362,0.399137,14.564040,6.080328,6.080328,71.914134
5.583786,0.404172,14.240069,3.821640,3.821640,62.427345
5.736307,0.382480,13.569241,4.318518,4.318518,61.632969
6.543166,0.375460,14.359325,4.134832,4.134832,64.599469
6.050302,0.363420,14.882545,5.871178,5.871178,75.441384
5.517875,0.326766,13.974768,3.754453,3.754453,58.429519
5.824860,0.318335,13.934043,4.121810,4.121810,57.947856
5.810966,0.274794,13.589708,4.152265,4.152265,51.581486
5.794942,0.289174,13.388195,3.405360,3.405360,42.959667
5.437778,0.310609,12.868387,2.170402,2.170402,41.354916
5.501819,0.361142,13.438015,2.889842,2.889842,46.744320
5.216554,0.269938,13.476478,2.060724,2.060724,44.471571
5.486821,0.318088,13.419665,2.119335,2.119335,42.534944
6.159396,0.251147,13.159252,2.315202,2.315202,45.035024
5.468279,0.297280,13.178097,3.499580,3.499580,48.874244
5.704131,0.335784,12.758577,2.859281,2.859281,42.877072
5.521427,0.414802,12.932997,2.925581,2.925581,44.105636
5.215434,0.370546,13.022627,2.187938,2.187938,45.188560
5.709970,0.398159,13.556240,3.003618,3.003618,45.649356
5.478078,0.450429,12.220389,3.145515,3.145515,43.825105
6.286905,0.388397,11.201356,3.340342,3.340342,37.620704
5.503473,0.317627,12.980511,3.348508,3.348508,39.564629
4.768119,0.288178,10.160148,2.861731,2.861731,30.970600
5.352054,0.398370,10.129263,2.503307,2.503307,32.032909
5.436070,0.481134,11.503849,3.201141,3.201141,35.263177
5.889378,0.332714,12.805060,3.010082,3.010082,38.058358
5.709479,0.356686,13.951758,3.113852,3.113852,40.218080
5.010543,0.226687,14.085639,2.322588,2.322588,40.224590
5.390027,0.240058,13.901601,2.753263,2.753263,42.684655
5.540326,0.284229,14.172212,3.165082,3.165082,46.615036
5.573926,0.299421,14.328016,3.498601,3.498601,48.375269
6.533139,0.379510,14.112666,3.469600,3.469600,53.887057
6.003500,0.454824,14.774291,3.238213,3.238213,59.468966
6.742542,0.474253,15.460092,3.672709,3.672709,67.820820
9.771130,0.566120,27.408423,14.010297,14.010297,210.006023
10.578006,0.832457,23.214542,5.551907,5.551907,162.119357
7.323619,0.574192,32.067327,8.402133,8.402133,171.298763
7.300941,0.418307,18.675071,3.544670,3.544670,110.444699
6.292632,0.478883,17.801902,2.536584,2.536584,117.348798
5.903083,0.452740,16.540847,7.869309,7.869309,147.833251
6.474800,0.388794,16.534897,6.196410,6.196410,159.820175
7.673906,0.380961,16.504987,6.471655,6.471655,96.941847
7.457575,0.448853,19.478571,3.706067,3.706067,112.807714
6.475565,0.267523,17.187935,3.127804,3.127804,120.712977
6.650885,0.253041,16.599787,1.472072,1.472072,111.303380
7.812011,0.365108,22.560960,2.056177,2.056177,121.636049
7.324178,0.274610,20.095209,6.580173,6.580173,105.171013
8.858890,0.225125,21.293488,1.423288,1.423288,104.494603
8.430197,0.270117,19.787887,1.461503,1.461503,116.571763
8.214741,0.176181,23.732505,1.450131,1.450131,110.437954
7.477657,0.164459,20.717525,3.039187,3.039187,117.846307
10.838515,0.302827,22.009666,1.617870,1.617870,107.504156
7.930486,0.221403,28.672351,1.438722,1.438722,105.086449
10.031892,0.236187,20.280678,2.092061,2.092061,105.609154
9.759823,0.199181,20.011220,2.031890,2.031890,112.086667
11.219725,0.367339,27.427708,4.685101,4.685101,118.894845
9.383069,0.249285,34.668676,3.062344,3.062344,202.071310
9.430784,0.418958,23.647992,9.003602,9.003602,242.369754
8.660288,0.255689,19.924213,6.686788,6.686788,244.949052
7.462405,0.221706,19.124520,3.289426,3.289426,204.071039
7.065774,0.220340,17.184274,5.525803,5.525803,186.725933
6.640614,0.238079,17.174953,2.624219,2.624219,155.287588
6.594845,0.401052,17.039478,16.926292,16.926292,218.254760
7.937058,0.309131,16.569413,5.406577,5.406577,204.064312
12.870474,1.118818,25.229946,7.396056,7.396056,161.422073
8.072209,0.704756,13.790425,1.375871,1.375871,64.025348
6.777979,1.068043,10.194993,1.045547,1.045547,36.395158
5.517662,0.669695,3.867765,0.490822,0.490822,19.151479
7.058028,0.632849,12.357817,0.308323,0.308323,30.830728
5.205483,0.435970,7.063306,0.359196,0.359196,24.524616
6.511583,0.657022,6.577994,0.480017,0.480017,24.516303
6.139513,0.444929,5.850141,0.280285,0.280285,21.921886
6.299090,0.399076,6.974075,0.345624,0.345624,23.584099
7.100317,0.390360,8.301884,0.351751,0.351751,27.034145
6.920792,0.437352,11.465787,0.677792,0.677792,39.427681
5.850453,0.273273,11.312825,0.590033,0.590033,33.688862
6.386774,0.315310,14.518836,0.532579,0.532579,37.037762
6.922026,0.308333,17.252738,0.509272,0.509272,43.019483
6.785385,0.373206,17.180858,0.692760,0.692760,45.173463
7.862582,0.413148,15.404298,0.572955,0.572955,47.993045
8.169447,0.336360,12.795323,0.747873,0.747873,49.678518
6.865702,0.290925,12.617924,0.948495,0.948495,46.096138
6.859006,0.278934,12.276498,1.007124,1.007124,45.877414
6.729426,0.314208,12.986961,1.345666,1.345666,54.100973
5.862420,0.297258,12.690731,1.886816,1.886816,50.190139
6.115257,0.301342,13.100062,1.667518,1.667518,52.099674
6.720401,0.304941,13.854722,2.062988,2.062988,61.767167
6.414209,0.272316,13.187526,1.029986,1.029986,56.313166
6.456813,0.304745,14.482184,2.938217,2.938217,65.635391
5.872420,0.352857,14.035099,1.259666,1.259666,60.712356
6.808431,0.332391,14.042229,2.735829,2.735829,78.412866
7.104537,0.349284,13.622495,1.301844,1.301844,70.012068
6.264753,0.385080,13.404107,1.415044,1.415044,67.036104
6.839589,0.492024,14.820715,7.114844,7.114844,95.540955
7.247871,0.453423,16.111607,3.031584,3.031584,81.104275
6.249941,0.360187,14.715075,1.432617,1.432617,62.831111
6.343212,0.424689,21.428455,1.976753,1.976753,84.619634
6.380650,0.403155,21.186069,2.093566,2.093566,79.587967
5.961611,0.342781,14.011240,1.762662,1.762662,77.807282
5.712213,0.338795,14.144177,1.882239,1.882239,75.930408
5.549211,0.359985,13.350174,1.860510,1.860510,83.291398
5.617922,0.437698,14.241557,2.135887,2.135887,70.090223
6.329040,0.415322,14.374437,3.679073,3.679073,87.320484
6.390018,0.409752,14.697037,1.674804,1.674804,54.969746
6.080378,0.378933,14.238971,1.999300,1.999300,45.867446
5.458500,0.296999,15.577591,2.157687,2.157687,46.189468
6.085506,0.396547,14.017051,2.452132,2.452132,51.128384
7.004636,0.484861,14.226827,2.914467,2.914467,53.005568
9.335458,0.515733,15.032178,2.491258,2.491258,58.116264
7.694530,0.343718,16.154876,2.919828,2.919828,67.569910
7.127997,4.482412,16.505993,2.501868,2.501868,63.995690
5.660754,0.343475,18.029317,3.087401,3.087401,72.474671
6.004894,0.483602,14.161129,4.521768,4.521768,59.797867
7.403362,0.456070,24.858995,4.796979,4.796979,109.988272
7.651673,0.613211,15.748360,3.663798,3.663798,86.024013
7.234638,0.438874,15.571783,6.903009,6.903009,109.100082
7.336897,0.425781,16.433222,2.923230,2.923230,72.281794
6.292505,0.356775,17.235031,2.499823,2.499823,76.547221
6.133989,0.389611,20.350517,3.713680,3.713680,87.454409
6.722399,0.496030,16.860190,3.713793,3.713793,82.718343
5.776610,0.547693,14.849749,3.841355,3.841355,77.588226
6.198436,0.336305,15.527065,3.445965,3.445965,80.489446
6.202308,0.337666,15.169463,6.600740,6.600740,81.901614
6.674429,0.326665,15.550605,7.063534,7.063534,88.679372
6.819255,0.324535,15.784790,1.227226,1.227226,116.117003
6.928878,0.262205,16.124622,3.427206,3.427206,113.190253
7.582966,0.250209,16.510062,1.852162,1.852162,121.584317
7.217215,0.246533,18.812773,1.263323,1.263323,115.852666
7.630322,0.262840,17.425940,2.551050,2.551050,106.169752
7.361282,0.174207,17.434392,2.494233,2.494233,112.041979
7.684543,0.198733,17.512393,2.360137,2.360137,98.095078
9.273798,0.210366,17.996482,6.048860,6.048860,115.001697
9.468014,0.187009,18.585747,2.046858,2.046858,102.625377
8.375592,0.198020,21.467491,3.123196,3.123196,110.475789
9.365173,0.183344,22.270611,2.236274,2.236274,107.418591
8.374159,0.167100,27.816250,2.260577,2.260577,203.254428
9.050404,0.184134,20.500420,5.838036,5.838036,218.104122
8.319071,0.256284,19.091929,3.557602,3.557602,223.231928
7.456108,0.216099,17.906287,7.273910,7.273910,220.470555
7.168238,0.192380,18.880187,3.744431,3.744431,181.077936
6.876150,0.227288,22.421000,4.638294,4.638294,193.003547
6.692607,0.260503,15.910066,4.098249,4.098249,186.660528
7.188640,0.344576,16.801162,6.630530,6.630530,201.306912
6.358724,0.316202,15.978743,4.248892,4.248892,181.522176
6.552612,0.358687,16.395453,6.463582,6.463582,189.822573
7.782088,0.363805,17.233072,4.234867,4.234867,182.934402
6.005571,0.320789,22.141145,4.178981,4.178981,183.586802
6.044770,0.281575,16.269378,5.216643,5.216643,180.725360
6.042239,0.450255,15.989773,4.849753,4.849753,158.904750
6.049141,0.312510,14.896513,6.907517,6.907517,144.034638
5.991697,0.382204,16.447480,7.834468,7.834468,177.543317
7.432832,0.381392,16.689550,5.893728,5.893728,165.746787
9.740225,0.428477,19.698466,5.803406,5.803406,199.416025
6.004791,0.427370,20.831054,9.815050,9.815050,106.299972
6.136500,0.341214,14.238184,6.580194,6.580194,62.686420
5.841177,0.612755,12.694814,5.221125,5.221125,40.906299
5.500799,0.298405,13.881341,8.737703,8.737703,118.811924
5.761126,0.298364,14.835032,7.311763,7.311763,154.189553
6.013846,0.441455,14.048866,4.624377,4.624377,44.161651
7.865293,0.427538,15.903778,7.936762,7.936762,97.346911
5.783650,0.296993,21.132803,4.942252,4.942252,55.192028
6.156236,0.305800,19.822927,8.906622,8.906622,92.576906
7.061163,0.389181,16.692581,6.085617,6.085617,66.151898
5.825334,0.306100,15.597949,7.348147,7.348147,58.672213
6.037957,0.349931,16.631458,5.280458,5.280458,59.738729
6.711927,0.837293,15.940075,5.834506,5.834506,57.916354
6.388861,0.299004,16.401222,5.930352,5.930352,59.027503
7.596182,0.353488,16.653362,5.644798,5.644798,64.653120
9.344708,0.322314,19.062946,5.945222,5.945222,71.658768
6.098559,0.288779,19.522598,5.219356,5.219356,71.932395
6.999141,0.268729,15.101986,5.597381,5.597381,70.947433
6.264477,0.358008,15.133866,6.000908,6.000908,75.409838
6.385874,0.294613,15.401137,5.814203,5.814203,67.286214
6.972289,0.305752,15.525082,5.553509,5.553509,63.860653
6.970566,0.375212,15.525403,5.659620,5.659620,74.333836
7.955502,0.447024,16.178845,5.356881,5.356881,76.893185
6.764607,0.283627,21.961740,6.401750,6.401750,83.432262
6.923821,0.294699,14.579839,6.920275,6.920275,91.802503
6.847486,0.320461,15.533036,6.824850,6.824850,101.498677
6.151992,0.313627,15.277829,6.733475,6.733475,96.821693
6.994053,0.309309,16.010126,9.763131,9.763131,91.665563
7.099310,0.401377,16.031864,9.501624,9.501624,108.125216
8.385101,0.334944,15.989465,7.840516,7.840516,98.929560
13.236490,0.396603,17.767981,12.778069,12.778069,139.345759
6.248861,0.336288,25.523738,6.084318,6.084318,126.649460
6.633174,0.341650,16.220113,5.988202,5.988202,108.022034
7.227649,0.398867,16.765416,6.291410,6.291410,111.568764
6.746709,0.321430,16.453947,8.219991,8.219991,104.158765
6.673248,0.347975,15.738409,1.427470,1.427470,126.899180
6.997490,0.337524,15.395464,7.247378,7.247378,127.729634
8.719960,0.293659,20.214064,6.064775,6.064775,150.097446
7.113116,0.341055,16.896319,16.178976,16.178976,154.668684
7.209204,0.347967,17.447549,5.676426,5.676426,132.131509
6.682147,0.317995,16.107245,7.106836,7.106836,88.734780
6.842616,0.330344,16.823023,10.333696,10.333696,107.646203
6.538977,0.281552,16.611514,13.586331,13.586331,107.411680
7.175725,0.312934,16.161203,12.150402,12.150402,124.513950
6.970583,0.307978,27.244434,5.963360,5.963360,127.014167
7.069414,0.373207,16.211469,6.041128,6.041128,133.605896
8.678477,0.387737,16.801334,5.896057,5.896057,124.138654
7.388814,0.313967,15.470869,6.174799,6.174799,141.109733
7.080942,0.297084,17.208743,5.822939,5.822939,165.731233
8.261824,0.713909,18.063331,1.393379,1.393379,138.791354
7.398612,0.330469,17.166101,5.660015,5.660015,152.115222
6.961000,0.267785,18.725606,1.942052,1.942052,131.673069
8.075276,0.357551,26.365267,12.812728,12.812728,147.239062
7.527888,0.335967,18.187815,6.862004,6.862004,181.757050
7.869360,0.338877,17.808239,6.209236,6.209236,130.966380
8.019044,0.290878,19.970823,6.584274,6.584274,146.667304
6.813085,0.410992,16.547837,5.768726,5.768726,129.204195
7.570867,0.367866,16.243150,6.980531,6.980531,111.669167
7.143677,0.326322,16.783638,8.542245,8.542245,149.622542
7.692979,0.366889,17.161082,8.760693,8.760693,104.760744
8.398727,0.356367,19.892641,7.294452,7.294452,142.013513
8.674367,0.313073,18.070315,6.030343,6.030343,108.808982
6.649154,0.334120,16.633876,7.248770,7.248770,130.911820
7.186705,0.313093,17.250903,6.309028,6.309028,121.954999
6.872121,0.374603,20.177589,6.584756,6.584756,125.413185
8.294686,0.372417,17.958253,8.121158,8.121158,122.822626
8.918650,0.318141,17.272433,6.047942,6.047942,135.138249
6.875786,0.326356,28.849443,13.020939,13.020939,144.048328
6.879242,0.333532,18.095679,7.119876,7.119876,135.567584
7.403977,0.317957,17.116949,5.839307,5.839307,144.607614
7.293921,0.309559,16.798045,7.031460,7.031460,123.001059
8.437777,0.336196,20.079270,9.230355,9.230355,122.003029
10.963688,0.287832,18.803390,13.612377,13.612377,137.094833
7.040077,0.281198,23.710028,7.250612,7.250612,103.219703
7.307388,0.296179,16.583508,6.688257,6.688257,128.575619
6.973492,0.295433,15.953485,6.357113,6.357113,132.180387
7.654646,0.374950,18.081546,5.975407,5.975407,84.676187
9.344071,0.449527,17.411505,13.116548,13.116548,117.660548
7.212016,0.330917,16.703386,8.332788,8.332788,100.566275
7.288828,0.319255,15.933415,8.145770,8.145770,99.665327
7.211330,0.297293,16.961466,7.081161,7.081161,78.215713
7.318397,0.315341,18.092648,6.975445,6.975445,98.707040
7.259582,0.353688,20.976216,8.350989,8.350989,96.146402
7.745736,0.385080,30.092529,6.093909,6.093909,129.995574
7.542939,0.283661,17.723912,5.935117,5.935117,116.011383
7.443671,0.286355,17.773132,9.477127,9.477127,92.486265
7.940107,0.272451,18.968520,3.213032,3.213032,133.815503
7.386307,0.276366,17.082980,2.947308,2.947308,109.521270
8.746803,0.238015,18.985476,1.537012,1.537012,122.260896
8.552927,0.234361,19.804640,7.082518,7.082518,94.931371
10.121109,0.238126,20.733753,2.841663,2.841663,101.704915
11.387852,0.304008,22.160053,1.374124,1.374124,111.381361
9.556016,0.207142,30.829032,2.399320,2.399320,113.592135
9.075991,0.217820,31.075583,1.412919,1.412919,112.530061
8.988360,0.181175,26.410173,5.015644,5.015644,110.100326
9.111657,0.185222,18.037747,2.487971,2.487971,103.582303
9.811753,0.219061,18.824960,1.509406,1.509406,115.410450
8.704806,0.158402,19.309031,1.651576,1.651576,117.719947
9.176378,0.171474,16.990760,1.703156,1.703156,105.898714
9.942406,0.183878,18.643377,10.516106,10.516106,105.703197
12.229861,0.171232,17.869061,1.468132,1.468132,88.767720
8.504645,0.163812,34.844496,1.572512,1.572512,117.325300
8.256067,0.226797,18.075025,2.724093,2.724093,103.663131
9.240897,0.198878,17.535229,3.337362,3.337362,207.004591
9.229247,0.340227,17.059991,5.605835,5.605835,188.936008
6.275752,0.315201,12.799843,4.788912,4.788912,143.079755
6.886535,0.463273,10.749474,4.704654,4.704654,121.099559
5.076580,0.564540,6.165325,0.732625,0.732625,39.283095
7.119409,0.673360,6.913287,0.833909,0.833909,33.243957
5.144253,0.620055,6.571326,0.700421,0.700421,30.592754
4.799485,0.592641,5.804091,0.573445,0.573445,24.103489
5.563468,0.615376,6.620637,0.876611,0.876611,29.198776
6.788472,0.534387,7.534825,0.642753,0.642753,30.565875
5.201904,0.405329,14.786208,0.568701,0.568701,40.365719
5.160893,0.493362,8.390980,0.971870,0.971870,33.622222
5.477176,0.422053,9.767466,1.013735,1.013735,36.502300
5.249528,0.394972,10.341093,1.445603,1.445603,38.258258
5.898886,0.419035,11.648885,0.919596,0.919596,40.882569
8.882375,0.804485,17.569814,1.246023,1.246023,67.504732
5.102011,0.541362,12.671471,1.655575,1.655575,51.294540
5.409036,0.398797,13.426805,1.011453,1.011453,48.146435
5.265762,0.383448,12.532540,9.765783,9.765783,81.975719
6.373018,0.420670,13.666595,0.997336,0.997336,55.940528
6.048861,0.679415,14.147937,1.545909,1.545909,56.829534
5.264193,0.377237,12.557447,2.059240,2.059240,60.018958
5.107978,0.424622,12.859676,8.199396,8.199396,75.532873
6.530803,0.500795,13.069410,1.885101,1.885101,66.149299
5.010163,0.429861,25.172263,2.763735,2.763735,84.175410
4.934723,0.419866,13.119308,1.462584,1.462584,73.072767
4.990657,0.486300,13.427563,2.200376,2.200376,66.750048
5.168030,0.431338,13.593886,1.318267,1.318267,65.336656
6.769119,0.448288,14.005681,1.786688,1.786688,75.300315
5.159278,0.412931,13.473937,1.744866,1.744866,74.944846
5.342699,0.392433,13.954134,1.623044,1.623044,80.647084
5.150621,0.428816,14.159982,3.772850,3.772850,86.002417
5.924533,0.372141,14.222501,1.607703,1.607703,60.902026
7.023142,0.418414,14.650618,1.932442,1.932442,77.694482
16.986803,0.338095,17.204658,1.931039,1.931039,86.157794
5.736154,0.357026,14.925639,2.639652,2.639652,76.906591
5.231815,0.347031,15.222452,2.582425,2.582425,88.972851
5.657650,0.452893,14.537929,2.102064,2.102064,59.865191
6.310760,0.447372,14.646354,2.258863,2.258863,57.961808
5.187014,0.371251,22.900664,2.168944,2.168944,75.964979
5.439976,0.422262,14.926723,3.096360,3.096360,80.624417
5.339059,0.423346,13.686541,9.948317,9.948317,81.300098
6.677390,0.609010,14.120350,2.534432,2.534432,63.579324
5.563653,0.461035,22.966021,2.592372,2.592372,81.710039
5.490492,0.488768,14.037500,2.947107,2.947107,81.644985
5.374419,0.361253,13.706716,10.464087,10.464087,76.615439
5.778805,0.396940,14.353246,2.808981,2.808981,72.361157
6.091893,0.361443,13.931273,2.462864,2.462864,76.795288
7.393838,0.509259,14.423278,2.871066,2.871066,86.006465
11.534836,0.308847,18.943092,3.719472,3.719472,104.850810
6.007125,0.386197,16.594072,3.664180,3.664180,118.055406
5.657544,0.366523,13.901288,5.563744,5.563744,95.766871
7.820892,0.589527,16.889366,3.666197,3.666197,142.945510
5.544534,0.394135,24.274251,3.112233,3.112233,95.104535
5.867400,0.322950,15.384389,3.482537,3.482537,121.862006
5.939673,0.360258,14.389634,4.580458,4.580458,116.742427
5.901749,0.377120,15.960655,3.248477,3.248477,117.907991
7.926207,0.479663,15.332986,5.022172,5.022172,133.079707
6.122013,0.407425,25.700271,3.156794,3.156794,99.375058
5.549417,0.397763,14.242900,3.704551,3.704551,94.998044
5.813007,0.421761,14.426882,15.717785,15.717785,101.227752
5.513113,0.488068,24.559877,3.781303,3.781303,102.354083
7.280201,0.514879,19.803211,9.402429,9.402429,170.168603
8.586469,0.443263,21.207220,15.224805,15.224805,241.854173
10.521929,0.483825,22.020377,8.906685,8.906685,220.104950
11.748329,0.693493,37.614161,30.125651,30.125651,307.740675
20.491631,0.823621,29.680592,29.824605,29.824605,309.637519
8.374859,0.382092,19.945844,1.970134,1.970134,267.537414
8.448493,0.450694,21.457568,9.214483,9.214483,237.031902
8.222634,0.437419,19.016197,31.960922,31.960922,334.104654
9.121907,0.586370,24.941204,7.690927,7.690927,280.716034
11.603747,0.707022,22.426642,10.904215,10.904215,291.494278
8.116731,0.478935,20.901962,14.795800,14.795800,301.749283
11.259175,0.459980,21.692760,6.428758,6.428758,328.907482
10.512090,0.479434,23.140620,7.558315,7.558315,384.830577
9.982580,0.421853,23.739790,2.030765,2.030765,285.555471
11.840238,0.415059,30.289900,23.602152,23.602152,362.537722
10.307423,0.508371,24.731530,3.607618,3.607618,299.251430
11.469492,0.564158,40.428331,5.062344,5.062344,209.701372
10.487823,0.342905,25.613408,15.452647,15.452647,233.039982
13.950730,0.553593,28.945030,0.000000,0.000000,43.450128
11.398837,0.414059,25.837325,20.311143,20.311143,226.778755
13.880343,0.391433,28.590886,23.427466,23.427466,274.730580
15.131276,0.467340,33.861441,8.959008,8.959008,202.891939
13.652512,0.332662,33.115514,13.864005,13.864005,283.791761
14.663363,0.314542,29.638794,2.333068,2.333068,211.650847
11.365284,0.284199,27.111872,4.029090,4.029090,236.492930
10.471164,0.274625,30.446857,14.919906,14.919906,213.778057
14.190438,0.360612,37.032969,4.380865,4.380865,334.508703
10.715029,0.311044,26.792364,4.342073,4.342073,330.513027
11.516435,0.320358,26.994737,8.005173,8.005173,327.385407
16.206379,0.557474,25.347002,9.382147,9.382147,399.302194
10.857767,0.415002,24.193767,14.131379,14.131379,411.858962
9.787932,0.487181,27.284301,7.535424,7.535424,426.658771
11.415164,0.409404,24.465472,8.735827,8.735827,362.174782
8.802623,0.393344,19.665733,10.017942,10.017942,330.922546
8.500692,0.421417,33.240148,7.204393,7.204393,309.074807
12.266100,0.440518,22.465599,17.435383,17.435383,320.082305
8.360680,0.440578,20.304380,6.997213,6.997213,295.856669
11.367680,0.445918,19.885150,7.194227,7.194227,285.152681
8.485882,0.416208,19.948516,13.524433,13.524433,281.251515
8.723539,0.494924,32.105503,11.493694,11.493694,242.701086
8.981665,0.388067,20.177163,16.994203,16.994203,303.377926
7.793236,0.453427,18.490916,8.299588,8.299588,202.143198
8.761807,0.376790,16.530140,8.997268,8.997268,169.605364
9.880688,0.412347,18.859127,12.525952,12.525952,174.146310
13.058540,0.388076,23.276052,22.808372,22.808372,275.186625
7.615988,0.501813,20.788354,16.738425,16.738425,219.772911
7.665642,0.423853,16.805268,11.096548,11.096548,263.033473
8.690656,0.403708,29.100568,5.181019,5.181019,255.671808
8.113199,0.377903,16.890059,9.087011,9.087011,158.034569
8.573172,0.336111,18.377311,1.888216,1.888216,130.357640
8.451934,0.303591,20.742023,23.059606,23.059606,82.472435
9.424652,0.295276,19.588062,6.200729,6.200729,289.074197
8.221262,0.278900,32.973806,16.860508,16.860508,327.232983
7.808531,0.361878,38.043081,6.189242,6.189242,360.929834
8.961158,0.503678,24.889802,15.862575,15.862575,334.454450
10.836851,0.403192,27.901834,7.019122,7.019122,320.753223
9.478429,0.471788,21.476811,19.337834,19.337834,349.586688
12.163349,0.664440,23.828831,2.158508,2.158508,159.717291
10.790358,0.345086,28.559764,16.323286,16.323286,103.559821
13.070910,0.370797,26.442225,10.121391,10.121391,90.657206
11.056316,0.265292,43.237901,4.117413,4.117413,104.959265
10.381043,0.237377,24.108970,9.681283,9.681283,103.485715
10.262703,0.219726,23.467326,12.472267,12.472267,170.655978
11.844949,0.199059,2.399895,0.000000,0.000000,14.444420
15.205792,0.198949,32.069450,2.699754,2.699754,187.047776
13.062492,0.277225,21.285117,0.000000,0.000000,34.625697
12.287424,0.212529,26.593484,1.988023,1.988023,383.151128
10.919627,0.251692,26.319284,4.778792,4.778792,328.860759
12.668395,0.289002,25.911165,8.143126,8.143126,210.519700
