#Image Rect[ms], Image Resize[ms], ORB ext[ms], Stereo match[ms], IMU preint[ms], Pose pred[ms], LM track[ms], KF dec[ms], Total[ms]
0.000000,0.000000,33.987855,3.428996,0.000000,6.487408,1.866646,0.042650,40.646155
0.000000,0.000000,13.934575,3.474956,0.000000,1.047724,1.157093,0.320035,27.858419
0.000000,0.000000,11.248982,3.193573,0.000000,1.454172,1.462106,0.304359,17.860632
0.000000,0.000000,12.044574,2.995282,0.000000,1.471555,1.590706,0.056628,18.890421
0.000000,0.000000,11.372612,2.952229,0.000000,0.966523,1.192583,0.363909,18.185789
0.000000,0.000000,11.022350,2.838059,0.000000,1.347735,1.446842,0.039415,17.106572
0.000000,0.000000,9.775308,2.598241,0.000000,0.799389,1.187482,0.233054,16.049540
0.000000,0.000000,11.103640,2.691593,0.000000,0.901013,1.232686,0.029476,16.837512
0.000000,0.000000,10.541044,2.819104,0.000000,0.682410,1.003611,0.231818,16.526843
0.000000,0.000000,10.347514,2.753951,0.000000,1.188849,1.619753,0.049445,15.642010
0.000000,0.000000,10.955748,3.011738,0.000000,0.800998,2.347434,0.109272,17.653113
0.000000,0.000000,10.036373,2.975077,0.000000,0.847237,1.201089,0.289213,17.596931
0.000000,0.000000,8.795698,3.794716,0.000000,1.300421,1.491337,0.036602,15.582244
0.000000,0.000000,11.113067,2.972424,0.000000,1.080723,1.372950,0.037174,17.781830
0.000000,0.000000,11.372934,2.867564,0.000000,0.685858,1.180880,0.275050,17.468356
0.000000,0.000000,10.127926,2.992520,0.000000,1.304792,1.714783,0.031128,16.119781
0.000000,0.000000,11.138896,2.770875,0.000000,0.737331,1.362713,0.032043,17.818154
0.000000,0.000000,12.625175,2.554077,0.000000,0.565670,1.167930,0.280975,18.076459
0.000000,0.000000,10.773330,2.472008,0.000000,0.947371,1.494234,0.035583,15.944262
0.000000,0.000000,11.802999,2.893827,0.000000,0.653170,1.185893,0.241992,18.020953
0.000000,0.000000,9.898329,3.148524,0.000000,1.141308,1.511422,0.035191,16.149303
0.000000,0.000000,10.402713,2.751575,0.000000,0.748938,1.169338,0.244466,16.658792
0.000000,0.000000,9.964351,2.590713,0.000000,1.080149,1.424586,0.029720,15.423718
0.000000,0.000000,9.815395,3.204475,0.000000,0.792516,1.386720,0.042633,16.362138
0.000000,0.000000,12.613736,2.884267,0.000000,0.686423,1.046345,0.289439,18.617157
0.000000,0.000000,11.289019,2.898102,0.000000,1.093571,1.553995,0.032916,16.923466
0.000000,0.000000,9.960150,2.652578,0.000000,0.691163,1.208997,0.236133,16.116384
0.000000,0.000000,11.192714,3.229866,0.000000,0.904625,1.472131,0.028660,17.577183
0.000000,0.000000,11.189926,2.424525,0.000000,0.641361,1.331396,0.310974,16.784090
0.000000,0.000000,10.898606,2.287112,0.000000,0.960949,1.482999,0.030502,16.271468
0.000000,0.000000,10.175935,2.466207,0.000000,0.685981,1.201148,0.222488,15.921772
0.000000,0.000000,10.321540,2.554059,0.000000,0.968215,1.526734,0.028127,15.743834
0.000000,0.000000,11.706482,3.009400,0.000000,0.782446,1.182158,0.269433,18.112618
0.000000,0.000000,11.083971,2.858423,0.000000,1.073110,1.567746,0.032339,16.942707
0.000000,0.000000,11.033608,2.788186,0.000000,0.876990,1.416279,0.030920,17.522592
0.000000,0.000000,10.770429,2.770046,0.000000,0.634847,1.265334,0.288205,16.728574
0.000000,0.000000,10.109798,2.839053,0.000000,1.143106,1.756668,0.035108,15.785608
0.000000,0.000000,10.269000,2.509919,0.000000,0.790795,1.434049,0.031856,16.672141
0.000000,0.000000,11.078300,2.611639,0.000000,0.613210,1.204271,0.301203,16.747624
0.000000,0.000000,12.284524,3.393936,0.000000,1.311437,3.520625,0.111426,18.690454
0.000000,0.000000,12.120440,2.902957,0.000000,1.021863,1.750476,0.035622,21.350945
0.000000,0.000000,11.059671,3.821600,0.000000,0.620138,1.332732,0.311251,18.825390
0.000000,0.000000,12.742933,2.957164,0.000000,1.180032,1.607308,0.030712,18.695047
0.000000,0.000000,12.597266,2.884665,0.000000,0.788273,1.507799,0.035114,19.065028
0.000000,0.000000,13.136896,2.813812,0.000000,0.592469,1.328283,0.284535,19.247910
0.000000,0.000000,12.094094,2.686784,0.000000,1.000798,1.587364,0.030128,17.752791
0.000000,0.000000,10.274432,2.787229,0.000000,0.667480,1.435981,0.270494,16.472182
0.000000,0.000000,10.384166,2.439216,0.000000,1.003618,1.628159,0.031236,15.896918
0.000000,0.000000,9.991882,2.507167,0.000000,0.668015,1.505876,0.034801,16.043196
0.000000,0.000000,9.823557,3.151802,0.000000,0.501905,1.305197,0.254770,16.117875
0.000000,0.000000,10.970901,2.410136,0.000000,1.005310,1.683941,0.029060,16.196462
0.000000,0.000000,11.017690,2.317658,0.000000,0.600335,1.487391,0.275536,17.113494
0.000000,0.000000,12.234406,2.799785,0.000000,1.096659,1.743610,0.030875,18.233700
0.000000,0.000000,11.457275,2.576285,0.000000,0.632016,1.565172,0.220920,17.751221
0.000000,0.000000,10.919559,2.084986,0.000000,0.762973,1.587311,0.025181,16.234638
0.000000,0.000000,10.564690,2.366708,0.000000,0.635533,1.287339,0.272472,16.261633
0.000000,0.000000,11.961321,2.964837,0.000000,1.013951,1.666161,0.029414,18.266197
0.000000,0.000000,10.645273,2.334140,0.000000,0.627008,1.420845,0.235047,16.476266
0.000000,0.000000,10.523336,2.405109,0.000000,1.012610,2.012242,0.032074,15.970087
0.000000,0.000000,13.189216,2.681262,0.000000,0.781734,1.761012,0.312235,20.011933
0.000000,0.000000,10.553715,2.515733,0.000000,1.325150,2.258702,0.048283,16.807898
0.000000,0.000000,11.685938,2.818746,0.000000,0.774529,1.711528,0.038818,19.092940
0.000000,0.000000,10.949429,2.667609,0.000000,0.648791,1.618832,0.368293,16.882502
0.000000,0.000000,11.023708,2.776946,0.000000,1.127178,2.038453,0.037467,17.267831
0.000000,0.000000,12.421896,4.006612,0.000000,0.973066,2.499716,0.388655,20.554423
0.000000,0.000000,11.364021,2.457440,0.000000,0.995644,1.795132,0.030492,18.658613
0.000000,0.000000,10.920580,2.496782,0.000000,0.598753,1.633902,0.305727,17.120108
0.000000,0.000000,9.155636,3.155706,0.000000,1.084792,2.037647,0.050481,15.618517
0.000000,0.000000,8.885375,3.028119,0.000000,0.664294,1.508224,0.261849,16.081352
0.000000,0.000000,9.531370,2.594055,0.000000,0.917301,1.873986,0.227372,15.470683
0.000000,0.000000,8.762024,2.402035,0.000000,0.996080,2.170103,0.034101,15.016612
0.000000,0.000000,10.377782,2.617743,0.000000,0.905514,1.689034,0.235519,17.390018
0.000000,0.000000,9.191491,2.366489,0.000000,1.084941,1.879450,0.031429,15.388431
0.000000,0.000000,9.605992,2.490168,0.000000,0.760238,1.760744,0.279884,16.214954
0.000000,0.000000,9.589759,2.674194,0.000000,1.356144,2.943057,0.086704,15.833858
0.000000,0.000000,10.333672,2.916850,0.000000,0.925569,4.225422,0.281769,20.291501
0.000000,0.000000,9.200495,2.780175,0.000000,1.561503,2.520851,0.235599,18.319044
0.000000,0.000000,9.336127,3.603193,0.000000,1.144672,2.609002,0.039162,18.277100
0.000000,0.000000,12.786423,3.112470,0.000000,0.934330,2.097300,0.230416,20.816117
0.000000,0.000000,10.859045,3.091056,0.000000,1.203213,2.531465,0.038164,18.231437
0.000000,0.000000,10.507955,3.044641,0.000000,1.188316,2.369683,0.305149,18.339525
0.000000,0.000000,11.762544,4.289910,0.000000,1.423744,2.710072,0.044498,20.992784
0.000000,0.000000,10.963835,3.413250,0.000000,1.079663,2.317349,0.257163,19.769644
0.000000,0.000000,11.190064,3.414097,0.000000,1.321183,2.634067,0.080080,19.188601
0.000000,0.000000,8.520474,3.261736,0.000000,1.004596,2.380031,0.245262,16.797891
0.000000,0.000000,8.787695,3.303781,0.000000,1.282170,2.642411,0.039127,16.651901
0.000000,0.000000,9.781184,3.166268,0.000000,1.105931,2.683676,0.258482,17.915701
0.000000,0.000000,9.828167,3.391272,0.000000,1.293406,2.806147,0.042101,18.222928
0.000000,0.000000,9.052719,3.193186,0.000000,1.330726,3.588664,0.061039,17.328243
0.000000,0.000000,8.033372,3.548209,0.000000,0.981099,2.601219,0.272747,18.038269
0.000000,0.000000,9.138023,3.435855,0.000000,1.237331,3.006415,0.068948,17.428245
0.000000,0.000000,12.100498,3.390448,0.000000,1.184616,2.873662,0.264172,21.003149
0.000000,0.000000,8.708423,3.153029,0.000000,1.378588,2.605809,0.033314,17.112590
0.000000,0.000000,8.671800,3.001421,0.000000,1.002983,3.102736,0.224260,16.669953
0.000000,0.000000,9.165002,2.864675,0.000000,1.295232,2.863736,0.031811,17.310223
0.000000,0.000000,9.495247,2.840904,0.000000,1.131145,2.424473,0.252841,17.693698
0.000000,0.000000,9.179497,3.238002,0.000000,1.224356,3.014889,0.052272,17.363646
0.000000,0.000000,9.580665,3.318984,0.000000,1.032777,2.563164,0.255889,18.364300
0.000000,0.000000,8.484910,3.303282,0.000000,1.134556,2.686295,0.035651,16.533442
0.000000,0.000000,8.661270,3.339044,0.000000,1.144748,2.965555,0.266434,16.965944
0.000000,0.000000,10.014106,3.309982,0.000000,1.361907,2.781888,0.067226,18.756721
0.000000,0.000000,9.934780,3.341001,0.000000,1.120126,2.666497,0.239289,18.474604
0.000000,0.000000,10.837968,3.425868,0.000000,1.306850,3.020693,0.263881,19.387995
0.000000,0.000000,14.394267,3.357137,0.000000,1.246465,3.668042,0.059446,24.299016
0.000000,0.000000,11.021319,3.417789,0.000000,1.055139,2.748830,0.248616,20.910087
0.000000,0.000000,9.981886,2.978555,0.000000,1.205583,3.009476,0.039594,18.022565
0.000000,0.000000,12.436862,3.397301,0.000000,0.934420,2.888898,0.309263,21.052404
0.000000,0.000000,11.967715,3.392076,0.000000,1.285729,2.982165,0.038474,20.540437
0.000000,0.000000,9.887049,3.354844,0.000000,1.094583,2.569502,0.033387,18.592319
0.000000,0.000000,9.597944,3.089138,0.000000,0.807988,2.763918,0.286383,17.248364
0.000000,0.000000,9.563978,3.390451,0.000000,1.264948,2.957467,0.037313,17.728941
0.000000,0.000000,11.768153,3.217542,0.000000,0.853325,2.639808,0.033902,20.404791
0.000000,0.000000,9.988423,2.849142,0.000000,0.738115,2.455261,0.288755,17.459212
0.000000,0.000000,10.891699,3.738587,0.000000,1.307041,3.355076,0.067259,19.005991
0.000000,0.000000,10.632103,4.285713,0.000000,0.830700,2.738838,0.036188,20.885618
0.000000,0.000000,9.770927,2.804329,0.000000,0.643532,2.244227,0.278351,17.140174
0.000000,0.000000,9.725522,2.658770,0.000000,1.130381,2.743168,0.032402,16.366446
0.000000,0.000000,9.647998,2.567306,0.000000,0.683799,2.594065,0.286043,17.062438
0.000000,0.000000,12.799441,2.611246,0.000000,0.916835,2.824932,0.030313,20.085369
0.000000,0.000000,10.968343,2.795699,0.000000,0.815832,2.313040,0.252640,18.740546
0.000000,0.000000,10.146939,2.735628,0.000000,1.143464,2.705043,0.032090,17.196692
0.000000,0.000000,10.074099,3.340802,0.000000,0.891509,2.847413,0.049533,18.302191
0.000000,0.000000,11.372378,3.078178,0.000000,0.772680,2.885779,0.312238,19.124755
0.000000,0.000000,12.007550,3.011742,0.000000,1.107522,2.799844,0.032508,20.051224
0.000000,0.000000,11.474858,3.141350,0.000000,0.824743,2.436069,0.251694,19.605585
0.000000,0.000000,10.078146,3.119836,0.000000,1.117618,3.393165,0.048237,17.556734
0.000000,0.000000,11.837753,3.210184,0.000000,0.783119,2.600516,0.244668,20.637440
0.000000,0.000000,10.015159,2.783924,0.000000,1.049402,2.596740,0.033810,17.387269
0.000000,0.000000,10.316705,3.265264,0.000000,0.759768,2.626573,0.256207,18.259623
0.000000,0.000000,9.665648,2.754969,0.000000,1.062435,3.084481,0.035588,17.012772
0.000000,0.000000,10.372252,2.695445,0.000000,0.861108,2.841125,0.248524,18.206348
0.000000,0.000000,9.521399,2.739452,0.000000,1.033711,5.059875,0.042376,17.116282
0.000000,0.000000,12.657439,3.649030,0.000000,0.820073,3.100094,0.346886,23.516698
0.000000,0.000000,10.232693,2.857345,0.000000,1.006157,2.835719,0.028897,18.338087
0.000000,0.000000,10.368369,2.650538,0.000000,0.804282,2.640498,0.253349,17.818556
0.000000,0.000000,10.345237,2.833178,0.000000,1.018617,3.005103,0.030695,17.801250
0.000000,0.000000,9.853880,2.896553,0.000000,0.824798,3.251445,0.046909,17.762033
0.000000,0.000000,9.635083,3.192967,0.000000,0.703343,2.954569,0.287062,18.011237
0.000000,0.000000,10.015391,3.077817,0.000000,1.125219,3.157565,0.035571,17.936578
0.000000,0.000000,12.681235,3.634471,0.000000,0.763965,3.321487,0.321967,21.801040
0.000000,0.000000,12.828622,3.042410,0.000000,1.099835,3.136497,0.090689,21.118556
0.000000,0.000000,11.139721,2.733423,0.000000,0.836272,2.992542,0.040906,19.421156
0.000000,0.000000,11.198939,2.951767,0.000000,0.744714,2.632797,0.308509,19.053395
0.000000,0.000000,10.571802,2.928391,0.000000,1.172701,2.994431,0.044350,18.030373
0.000000,0.000000,10.765550,3.226509,0.000000,0.986437,2.788324,0.046036,19.154424
0.000000,0.000000,9.131356,3.264184,0.000000,0.709373,2.942770,0.342882,17.205532
0.000000,0.000000,9.229740,3.010274,0.000000,1.262411,2.883970,0.035019,17.210762
0.000000,0.000000,10.780061,3.261720,0.000000,0.785752,3.095914,0.034434,19.260722
0.000000,0.000000,9.095813,2.762443,0.000000,0.763941,3.089350,0.395047,16.706962
0.000000,0.000000,10.821135,4.015143,0.000000,1.100024,2.951978,0.032053,20.303808
0.000000,0.000000,9.871027,2.864109,0.000000,0.774340,2.915209,0.035538,17.738589
0.000000,0.000000,9.813800,3.289688,0.000000,0.670212,3.123395,0.383156,17.667304
0.000000,0.000000,10.305835,2.714137,0.000000,1.121857,3.650971,0.041798,18.168361
0.000000,0.000000,9.861616,2.739693,0.000000,0.867924,3.178150,0.356323,18.375840
0.000000,0.000000,11.399107,2.872278,0.000000,1.133531,3.406451,0.034114,19.579598
0.000000,0.000000,9.878815,2.700277,0.000000,0.810827,3.277006,0.048494,18.121515
0.000000,0.000000,10.920366,2.988132,0.000000,0.677887,2.570428,0.304224,19.119572
0.000000,0.000000,10.256769,2.818645,0.000000,1.073203,3.411934,0.035349,17.409302
0.000000,0.000000,10.486674,3.162121,0.000000,1.495363,3.562418,0.051931,19.137807
0.000000,0.000000,10.657348,3.193474,0.000000,0.773753,3.389063,0.386341,20.074979
0.000000,0.000000,10.810677,2.811384,0.000000,1.112626,2.985142,0.030434,19.207842
0.000000,0.000000,9.787050,2.754848,0.000000,0.806136,2.992109,0.358311,17.554139
0.000000,0.000000,10.763480,2.855480,0.000000,1.184531,3.836213,0.040006,18.746162
0.000000,0.000000,9.570041,2.875587,0.000000,0.796352,2.448167,0.259163,18.705995
0.000000,0.000000,11.084511,2.534218,0.000000,1.059312,3.161526,0.031151,18.008145
0.000000,0.000000,10.530945,3.467955,0.000000,0.855695,3.102405,0.293575,19.203601
0.000000,0.000000,9.723910,2.984022,0.000000,1.181622,3.086764,0.031888,17.881167
0.000000,0.000000,9.501226,2.829764,0.000000,0.888077,2.649432,0.030594,17.744326
0.000000,0.000000,8.610582,3.042331,0.000000,0.674019,2.717921,0.297473,16.295763
0.000000,0.000000,10.902904,3.354290,0.000000,1.086457,2.654612,0.032167,18.853175
0.000000,0.000000,9.783908,2.905257,0.000000,0.858158,2.432500,0.037914,17.401637
0.000000,0.000000,8.975142,2.856480,0.000000,0.743954,2.023386,0.303689,16.025028
0.000000,0.000000,9.145787,3.015828,0.000000,1.041720,2.233456,0.053964,16.172495
0.000000,0.000000,8.993213,2.742279,0.000000,0.767247,2.452372,0.238318,16.169181
0.000000,0.000000,9.951216,2.708938,0.000000,0.984687,2.629092,0.030105,16.976571
0.000000,0.000000,10.473344,4.031013,0.000000,0.757804,2.426645,0.238239,19.076627
0.000000,0.000000,11.570609,2.984028,0.000000,0.931231,2.378134,0.029005,18.838631
0.000000,0.000000,10.071704,2.752835,0.000000,0.795785,2.350303,0.257880,17.108314
0.000000,0.000000,10.758065,2.725036,0.000000,1.261802,2.950506,0.030163,17.836025
0.000000,0.000000,10.951999,2.508105,0.000000,0.788287,2.444639,0.029427,18.716380
0.000000,0.000000,9.926454,2.835057,0.000000,0.627176,2.275636,0.268805,17.048838
0.000000,0.000000,9.146167,2.578335,0.000000,1.189639,2.622053,0.028867,15.780175
0.000000,0.000000,9.521568,2.608468,0.000000,0.755915,2.756210,0.029123,16.911138
0.000000,0.000000,8.987766,2.575675,0.000000,0.693813,2.250726,0.249685,15.978486
0.000000,0.000000,9.776669,2.624017,0.000000,1.151320,2.683006,0.030929,16.517737
0.000000,0.000000,8.627822,2.895985,0.000000,0.852331,2.598260,0.036396,16.352101
0.000000,0.000000,9.485637,2.559006,0.000000,0.848213,2.586270,0.032696,16.395700
0.000000,0.000000,9.041596,3.140804,0.000000,0.589801,2.367166,0.299984,16.415692
0.000000,0.000000,9.701087,2.883880,0.000000,1.246898,2.782489,0.031229,16.604080
0.000000,0.000000,9.286807,2.683552,0.000000,0.946874,2.920980,0.033869,16.949222
0.000000,0.000000,8.775787,3.392330,0.000000,0.788267,3.006786,0.039130,17.004539
0.000000,0.000000,8.741741,2.901130,0.000000,0.630301,1.953467,0.316318,16.297278
0.000000,0.000000,9.359125,2.775910,0.000000,1.284727,2.519369,0.030628,15.835268
0.000000,0.000000,11.036490,2.662944,0.000000,0.786484,2.486180,0.030332,18.679252
0.000000,0.000000,9.108932,2.658934,0.000000,0.773729,2.267822,0.029580,15.977041
0.000000,0.000000,9.414078,2.722505,0.000000,0.657129,2.022935,0.282708,16.010983
0.000000,0.000000,8.655318,2.433764,0.000000,1.237961,2.570324,0.029530,14.817536
0.000000,0.000000,8.529708,2.467642,0.000000,0.825394,2.384518,0.029816,15.855331
0.000000,0.000000,8.396299,2.669509,0.000000,0.613516,2.249855,0.287185,15.404634
0.000000,0.000000,9.683418,3.085161,0.000000,1.336751,2.860455,0.032060,16.723547
0.000000,0.000000,8.530705,2.759481,0.000000,1.060714,2.738738,0.031813,16.441214
0.000000,0.000000,9.869472,2.764938,0.000000,0.809433,2.850829,0.034589,17.355079
0.000000,0.000000,10.057258,3.002844,0.000000,0.794431,2.396170,0.264188,17.595103
0.000000,0.000000,9.738594,2.839177,0.000000,1.216148,2.904455,0.031426,16.837634
0.000000,0.000000,11.125931,2.683583,0.000000,0.874371,2.764650,0.034201,19.067026
0.000000,0.000000,9.286842,2.928115,0.000000,0.733901,2.533134,0.030088,16.935909
0.000000,0.000000,9.353543,2.464643,0.000000,0.686519,2.109180,0.255033,15.951594
0.000000,0.000000,8.917498,2.576372,0.000000,1.128005,3.113602,0.028532,15.331464
0.000000,0.000000,9.051476,2.394211,0.000000,0.802708,2.634388,0.028592,16.517534
0.000000,0.000000,10.073934,3.790750,0.000000,0.786182,2.294502,0.222259,18.295301
0.000000,0.000000,9.183777,3.009691,0.000000,1.169590,2.306573,0.027144,16.282847
0.000000,0.000000,9.410940,2.331655,0.000000,0.936023,2.673900,0.026798,16.096655
0.000000,0.000000,9.282991,2.195082,0.000000,0.745380,1.718179,0.250586,15.991245
0.000000,0.000000,9.868066,2.291128,0.000000,1.174806,2.279156,0.029436,15.728842
0.000000,0.000000,9.787506,2.311069,0.000000,0.812775,1.932336,0.031919,16.696525
0.000000,0.000000,9.578338,2.394028,0.000000,0.634700,1.919411,0.262278,15.977530
0.000000,0.000000,9.793082,2.159436,0.000000,1.037363,2.292906,0.028978,15.593466
0.000000,0.000000,10.210327,2.208483,0.000000,0.726425,1.907202,0.250576,16.647390
0.000000,0.000000,10.812622,2.509933,0.000000,0.975382,2.509547,0.027399,17.053330
0.000000,0.000000,8.920510,2.374408,0.000000,0.769968,2.479584,0.204530,15.704900
0.000000,0.000000,8.334240,2.117324,0.000000,0.890155,2.401091,0.024449,14.866017
0.000000,0.000000,9.064043,2.342668,0.000000,0.705606,2.237828,0.171474,15.559660
0.000000,0.000000,9.565285,3.007298,0.000000,0.782443,2.317461,0.178731,16.425699
0.000000,0.000000,8.376050,2.629137,0.000000,0.849622,2.469023,0.170548,15.138681
0.000000,0.000000,8.837883,2.535041,0.000000,1.137914,2.551634,0.029040,15.850360
0.000000,0.000000,9.126137,2.703755,0.000000,0.913417,2.527841,0.232341,16.492840
0.000000,0.000000,8.346442,2.598814,0.000000,1.404551,3.339632,0.032753,15.460722
0.000000,0.000000,7.619163,2.813274,0.000000,0.985754,2.825799,0.037363,16.121778
0.000000,0.000000,8.117287,2.918693,0.000000,0.854192,2.370205,0.259112,15.881710
0.000000,0.000000,8.370407,3.168117,0.000000,1.394603,3.004982,0.033302,15.841560
0.000000,0.000000,7.697713,3.456948,0.000000,1.033245,2.710948,0.033632,16.538550
0.000000,0.000000,8.549359,2.934675,0.000000,0.902386,2.887089,0.286094,16.221497
0.000000,0.000000,9.313167,3.095216,0.000000,1.304976,4.031465,0.038260,17.367177
0.000000,0.000000,8.358483,3.170185,0.000000,1.059676,3.451715,0.056403,17.974904
0.000000,0.000000,9.302873,3.151919,0.000000,0.812241,2.857775,0.286014,18.349435
0.000000,0.000000,9.213936,2.707388,0.000000,1.196359,2.889094,0.037193,16.822958
0.000000,0.000000,8.043010,3.074191,0.000000,1.125374,2.815706,0.034300,16.361192
0.000000,0.000000,8.491938,3.205429,0.000000,0.865603,3.085321,0.040614,16.602324
0.000000,0.000000,7.763924,3.203338,0.000000,0.768575,2.259716,0.384696,15.980235
0.000000,0.000000,9.784756,3.380931,0.000000,1.416928,2.999272,0.043607,17.607561
0.000000,0.000000,8.931047,3.190333,0.000000,1.492443,2.120621,0.056145,17.634877
0.000000,0.000000,11.817618,5.190173,0.000000,1.463173,8.217103,2.244228,22.509957
0.000000,0.000000,23.740605,5.491985,0.000000,13.286829,17.353692,0.172329,42.873146
0.000000,0.000000,19.036597,15.271156,0.000000,2.353561,5.406751,0.147534,67.611538
0.000000,0.000000,17.410541,5.631851,0.000000,1.679549,8.801273,0.186605,32.800555
0.000000,0.000000,11.731956,6.400148,0.000000,2.105636,9.320027,0.692535,33.132971
0.000000,0.000000,17.699069,5.142732,0.000000,1.905934,10.011028,0.157991,40.252386
0.000000,0.000000,16.356907,5.679411,0.000000,1.660548,6.740112,0.219324,35.878153
0.000000,0.000000,14.628877,5.285750,0.000000,0.851740,3.650195,0.061796,30.698588
0.000000,0.000000,11.028708,4.296475,0.000000,1.336314,4.662092,0.890857,20.933427
0.000000,0.000000,13.370107,4.064679,0.000000,2.343232,7.893569,0.096311,25.978851
0.000000,0.000000,12.306649,5.832668,0.000000,1.502336,5.701172,0.076733,30.930093
0.000000,0.000000,16.210319,4.767687,0.000000,1.124946,3.007773,0.358162,29.527113
0.000000,0.000000,13.353407,4.465702,0.000000,1.464639,4.080697,0.053373,23.509727
0.000000,0.000000,12.744882,3.548901,0.000000,1.115962,2.976339,0.310722,23.118380
0.000000,0.000000,11.819771,3.571431,0.000000,1.726961,3.589098,0.052192,20.859545
0.000000,0.000000,12.533983,4.065610,0.000000,1.118694,3.073370,0.041677,24.986768
0.000000,0.000000,8.963115,3.225192,0.000000,1.054115,2.242173,0.341335,17.583659
0.000000,0.000000,8.332219,3.397673,0.000000,2.791263,5.431682,0.083678,16.494019
0.000000,0.000000,17.092046,5.586410,0.000000,1.123441,2.866567,0.046477,32.873158
0.000000,0.000000,9.509534,3.280011,0.000000,0.905339,2.422411,0.373138,17.888940
0.000000,0.000000,11.228421,3.424250,0.000000,1.362506,7.045772,0.118787,19.653190
0.000000,0.000000,16.405470,3.569139,0.000000,1.316960,5.349725,0.501089,30.404865
0.000000,0.000000,14.691034,4.460062,0.000000,1.163967,3.935967,0.234969,28.139138
0.000000,0.000000,13.648518,3.386808,0.000000,1.377641,3.518145,0.066010,23.496903
0.000000,0.000000,14.943887,3.176480,0.000000,1.633003,3.924097,0.281026,24.753578
0.000000,0.000000,18.625129,3.735066,0.000000,1.521386,4.474454,0.488522,32.779537
0.000000,0.000000,14.415530,3.175535,0.000000,1.877108,4.072416,0.195665,25.904482
0.000000,0.000000,19.158305,5.097686,0.000000,1.640461,5.392726,0.299588,31.754075
0.000000,0.000000,15.867401,4.144030,0.000000,1.330715,4.913983,0.339377,28.992962
0.000000,0.000000,15.855556,3.331578,0.000000,1.526409,4.482906,0.240838,27.684006
0.000000,0.000000,14.446099,3.339854,0.000000,2.058734,4.475687,0.614278,25.617346
0.000000,0.000000,18.079783,5.524392,0.000000,2.299963,5.758210,0.427417,32.776331
0.000000,0.000000,21.388529,5.794850,0.000000,1.751846,9.448461,0.737791,37.394944
0.000000,0.000000,14.272269,3.575367,0.000000,2.956216,9.775174,0.332659,32.141049
0.000000,0.000000,14.222062,3.984504,0.000000,1.852782,11.022479,0.513466,35.435732
0.000000,0.000000,11.071639,4.260230,0.000000,2.277753,5.833025,0.314444,30.857952
0.000000,0.000000,13.148494,4.051073,0.000000,1.731828,7.031841,0.453264,27.190858
0.000000,0.000000,14.619685,3.888746,0.000000,1.730031,5.776417,0.263849,29.766518
0.000000,0.000000,15.857782,3.866007,0.000000,2.086360,7.020840,0.107073,29.121688
0.000000,0.000000,13.523109,3.469066,0.000000,1.956172,4.951168,0.340098,28.321503
0.000000,0.000000,13.955062,3.640679,0.000000,2.006527,6.033050,0.080255,26.741529
0.000000,0.000000,10.895248,3.603634,0.000000,2.150726,5.206746,0.089238,24.342010
0.000000,0.000000,19.960663,3.603580,0.000000,1.474965,3.888627,0.303916,32.678827
0.000000,0.000000,10.393500,3.454161,0.000000,2.454617,6.271543,0.092014,20.841819
0.000000,0.000000,10.746225,3.914125,0.000000,1.712935,3.636386,0.282479,25.664231
0.000000,0.000000,20.103042,3.870158,0.000000,1.638651,4.367269,0.072727,33.328949
0.000000,0.000000,11.542457,3.595404,0.000000,1.538843,4.250212,0.278772,22.727556
0.000000,0.000000,12.561066,3.492760,0.000000,2.732022,6.431823,0.117438,23.734228
0.000000,0.000000,17.093234,6.127958,0.000000,1.383395,3.428341,0.286607,34.608205
0.000000,0.000000,9.275477,3.193054,0.000000,1.801935,4.470040,0.077870,18.856738
0.000000,0.000000,10.271269,3.438788,0.000000,1.489109,4.021405,0.079447,21.754143
0.000000,0.000000,12.034800,4.554884,0.000000,1.308397,2.714966,0.269270,23.743992
0.000000,0.000000,10.929855,3.297397,0.000000,1.658872,3.221491,0.063119,19.723320
0.000000,0.000000,11.259452,3.352272,0.000000,1.988287,5.208673,0.067159,20.990735
0.000000,0.000000,16.068840,4.971890,0.000000,1.413785,3.535960,0.444244,30.055702
0.000000,0.000000,15.888152,5.095073,0.000000,2.126216,5.510997,0.107902,28.033079
0.000000,0.000000,11.698054,5.379284,0.000000,2.794695,8.535847,0.108425,26.569375
0.000000,0.000000,16.234820,5.814710,0.000000,1.713516,7.777310,0.136059,35.463224
0.000000,0.000000,11.324917,4.652043,0.000000,1.181947,3.442251,3.973941,27.669834
0.000000,0.000000,14.254634,4.366245,0.000000,1.722181,12.932683,0.948516,28.782121
0.000000,0.000000,15.164574,6.312567,0.000000,2.838236,4.137174,0.100354,38.893269
0.000000,0.000000,12.733757,6.207349,0.000000,1.982798,5.098437,0.094439,27.443159
0.000000,0.000000,15.253520,5.240507,0.000000,2.296103,3.804180,0.139848,29.076779
0.000000,0.000000,10.594190,6.622837,0.000000,1.569790,2.785212,0.076986,25.019554
0.000000,0.000000,10.835313,4.550273,0.000000,2.226592,2.742213,0.081131,21.033236
0.000000,0.000000,10.683457,5.211325,0.000000,1.640952,2.627538,0.142927,22.326314
0.000000,0.000000,12.466329,5.320614,0.000000,1.546090,3.780417,2.082708,23.727349
0.000000,0.000000,11.668027,5.034592,0.000000,2.579191,3.362704,0.092246,26.093031
0.000000,0.000000,12.273230,4.763654,0.000000,1.576823,2.540190,0.087116,24.473413
0.000000,0.000000,11.220539,4.562169,0.000000,1.913283,2.565695,0.161143,21.352016
0.000000,0.000000,10.479918,4.543026,0.000000,1.270342,2.084532,0.106600,21.175542
0.000000,0.000000,15.987457,5.192209,0.000000,1.360617,2.465611,0.106459,25.951430
0.000000,0.000000,15.056023,4.952887,0.000000,0.955826,1.765134,0.093897,25.185840
0.000000,0.000000,10.272262,4.408506,0.000000,0.784074,1.495459,0.598997,18.853556
0.000000,0.000000,12.572372,4.106980,0.000000,2.166220,2.369425,0.075327,20.631713
0.000000,0.000000,13.136163,4.194448,0.000000,1.300286,1.669113,0.054252,23.100666
0.000000,0.000000,10.846371,3.502459,0.000000,0.894882,1.521307,0.067748,18.637587
0.000000,0.000000,9.930932,3.553074,0.000000,0.721379,1.238868,0.059938,17.042628
0.000000,0.000000,10.870188,3.560445,0.000000,0.659988,1.039646,0.387493,17.367027
0.000000,0.000000,11.390148,3.711782,0.000000,1.183235,1.464339,0.051196,18.141740
0.000000,0.000000,11.043363,3.514617,0.000000,0.928000,1.406486,0.054026,18.465329
0.000000,0.000000,11.966302,4.197791,0.000000,0.790333,1.147799,0.069191,19.872707
0.000000,0.000000,10.865583,3.421222,0.000000,0.544504,1.783326,0.391340,17.403388
0.000000,0.000000,13.245151,3.433828,0.000000,1.523993,1.582701,0.041700,20.386631
0.000000,0.000000,11.432819,3.543568,0.000000,0.989971,1.386397,0.044500,19.313716
0.000000,0.000000,11.074715,3.581962,0.000000,0.733005,1.061458,0.352803,18.128438
0.000000,0.000000,12.436561,3.655922,0.000000,1.785551,2.240957,0.086310,19.253215
0.000000,0.000000,12.682026,3.448635,0.000000,1.072251,1.549227,0.049041,21.619413
0.000000,0.000000,10.856318,3.582157,0.000000,0.793004,1.247698,0.044347,18.242874
0.000000,0.000000,13.842475,4.441117,0.000000,1.583268,1.782989,0.381552,21.291057
0.000000,0.000000,10.027302,3.963135,0.000000,1.256802,1.823870,0.063518,18.989255
0.000000,0.000000,9.917473,3.330141,0.000000,1.026303,1.338444,0.031482,17.566199
0.000000,0.000000,9.551457,3.400842,0.000000,0.671649,1.017286,0.031099,16.427981
0.000000,0.000000,9.612866,3.449761,0.000000,0.564903,0.894340,0.268508,15.790664
0.000000,0.000000,8.673795,2.959298,0.000000,0.987870,1.275590,0.040227,15.521718
0.000000,0.000000,10.403365,3.184870,0.000000,0.811712,1.009590,0.027815,17.440462
0.000000,0.000000,8.975876,2.664828,0.000000,0.627423,1.035520,0.238424,16.462265
0.000000,0.000000,8.631606,2.666183,0.000000,0.939759,1.259160,0.029992,15.612039
0.000000,0.000000,12.693611,3.258565,0.000000,0.692416,1.037132,3.193982,19.163375
0.000000,0.000000,9.142573,2.699253,0.000000,0.980998,1.394698,0.029941,17.691167
0.000000,0.000000,9.772618,2.634813,0.000000,0.842920,1.296902,2.844750,15.674099
0.000000,0.000000,11.545720,2.801781,0.000000,1.227625,1.447205,0.034769,20.446201
0.000000,0.000000,9.524572,2.496389,0.000000,0.858581,1.330361,0.238062,15.704665
0.000000,0.000000,8.945544,2.526220,0.000000,1.046383,1.413130,0.031604,14.806277
0.000000,0.000000,9.374266,3.341520,0.000000,0.744801,1.265076,0.029064,16.076753
0.000000,0.000000,9.253334,2.777645,0.000000,0.653101,1.074727,0.265216,14.945049
0.000000,0.000000,9.666393,2.791090,0.000000,1.124638,1.473963,0.031211,15.243695
0.000000,0.000000,10.908103,3.796319,0.000000,0.712620,1.273275,0.270862,18.322433
0.000000,0.000000,9.198220,2.678736,0.000000,1.088024,1.510073,0.033933,15.037494
0.000000,0.000000,9.121374,2.644058,0.000000,0.721673,1.328803,0.267464,15.681787
0.000000,0.000000,9.369658,3.570321,0.000000,0.962241,1.776257,0.046857,16.265042
0.000000,0.000000,10.087863,3.523404,0.000000,0.794107,1.462772,0.260196,17.675835
0.000000,0.000000,9.129405,2.692649,0.000000,1.024310,1.632640,0.030173,15.327610
0.000000,0.000000,10.359323,2.646467,0.000000,0.889599,1.398756,0.245517,16.771582
0.000000,0.000000,9.283674,2.765486,0.000000,0.958539,1.519393,0.212965,15.665322
0.000000,0.000000,9.048028,3.186370,0.000000,1.044052,1.728910,0.029738,15.783436
0.000000,0.000000,8.687471,2.684327,0.000000,0.844499,1.578456,0.239466,15.088575
0.000000,0.000000,8.797308,2.822699,0.000000,1.184633,1.909324,0.031966,15.484465
0.000000,0.000000,8.974407,2.811200,0.000000,0.916397,1.672157,0.257445,16.072889
0.000000,0.000000,9.610307,2.905657,0.000000,1.173743,1.776335,0.032077,16.366143
0.000000,0.000000,8.249374,2.694588,0.000000,0.847171,1.556079,0.223503,14.847910
0.000000,0.000000,8.066304,2.636326,0.000000,1.099009,1.737532,0.197406,14.124823
0.000000,0.000000,8.800673,2.600877,0.000000,1.280089,2.637472,0.254178,15.295151
0.000000,0.000000,9.138605,3.335651,0.000000,1.176029,1.874966,0.030734,17.865046
0.000000,0.000000,13.335244,2.532254,0.000000,0.828649,1.865665,0.242904,19.990248
0.000000,0.000000,8.349047,2.443412,0.000000,1.202104,2.009227,0.030643,14.715384
0.000000,0.000000,8.307864,2.523267,0.000000,0.868854,1.745112,0.228076,15.021683
0.000000,0.000000,9.643290,3.050389,0.000000,1.162009,2.025265,0.032831,16.575180
0.000000,0.000000,8.842792,3.346571,0.000000,0.926509,1.822334,0.220753,16.414270
0.000000,0.000000,8.721581,3.291955,0.000000,1.067579,2.006050,0.030461,15.833800
0.000000,0.000000,9.946926,2.981942,0.000000,0.833693,1.782149,0.246888,17.229947
0.000000,0.000000,8.844640,2.587831,0.000000,1.180732,2.237245,0.033700,15.297902
0.000000,0.000000,9.818388,3.098484,0.000000,0.798147,2.007696,0.258825,17.458096
0.000000,0.000000,9.571609,2.919728,0.000000,1.084838,2.070209,0.031448,16.533901
0.000000,0.000000,10.233145,2.745016,0.000000,0.739226,1.630758,0.266604,17.181654
0.000000,0.000000,10.220841,2.700493,0.000000,0.996801,2.000745,0.034142,16.413033
0.000000,0.000000,8.948329,2.933377,0.000000,0.747560,1.756367,0.030459,16.006444
0.000000,0.000000,11.970833,3.266470,0.000000,0.721359,1.658856,0.319713,18.951012
0.000000,0.000000,15.001144,3.424626,0.000000,1.477344,3.045624,0.042586,22.190733
0.000000,0.000000,9.622777,3.657856,0.000000,0.884883,2.494242,0.078019,19.016035
0.000000,0.000000,10.379927,3.023889,0.000000,0.771976,1.701029,0.282353,18.126069
0.000000,0.000000,9.039608,2.791268,0.000000,1.122431,5.924578,0.030908,18.448726
0.000000,0.000000,9.784385,2.846807,0.000000,0.754382,1.900879,0.266180,20.756977
0.000000,0.000000,9.124620,2.614907,0.000000,0.973719,1.943655,0.030273,15.534594
0.000000,0.000000,9.595879,2.455036,0.000000,0.600151,1.776184,0.253627,15.976286
0.000000,0.000000,10.764745,2.682580,0.000000,0.831770,1.767375,0.222830,17.090665
0.000000,0.000000,10.673757,2.429374,0.000000,1.087788,2.237181,0.032049,17.229263
0.000000,0.000000,11.579822,3.282856,0.000000,0.722606,1.800383,0.264869,19.317818
0.000000,0.000000,11.605619,3.030282,0.000000,1.116769,2.094676,0.031444,18.482593
0.000000,0.000000,11.247726,3.015095,0.000000,0.789832,1.973403,0.278108,18.672582
0.000000,0.000000,8.504529,2.544138,0.000000,1.072314,2.080895,0.031408,14.931052
0.000000,0.000000,9.926615,2.902734,0.000000,0.704527,1.854434,0.267193,17.083918
0.000000,0.000000,9.524797,2.731030,0.000000,1.152510,2.258342,0.031741,16.029298
0.000000,0.000000,9.582799,2.691195,0.000000,0.749853,2.024515,0.299691,16.816049
0.000000,0.000000,8.793968,3.092842,0.000000,0.927958,2.328374,0.035052,16.036433
0.000000,0.000000,8.830358,3.632519,0.000000,0.966482,2.187824,0.311943,16.887273
0.000000,0.000000,10.847732,2.995871,0.000000,1.283947,2.921277,0.028622,18.377424
0.000000,0.000000,13.775088,4.479482,0.000000,0.905785,2.817181,0.373761,23.744941
0.000000,0.000000,10.294301,3.527653,0.000000,1.050069,2.223400,0.030369,19.324060
0.000000,0.000000,8.967671,3.004010,0.000000,0.757704,1.937302,0.239896,16.241083
0.000000,0.000000,9.732416,2.766623,0.000000,0.952137,2.237510,0.027961,16.382293
0.000000,0.000000,9.168903,2.765573,0.000000,0.764532,2.412158,0.289681,16.423215
0.000000,0.000000,9.775232,3.213519,0.000000,1.288432,2.514846,0.038963,17.431112
0.000000,0.000000,10.591789,2.886804,0.000000,0.826223,2.288950,0.088233,18.367533
0.000000,0.000000,11.904166,3.061410,0.000000,0.681558,2.042593,0.302217,19.050227
0.000000,0.000000,10.537670,3.009921,0.000000,1.459891,2.796637,0.052499,17.439430
0.000000,0.000000,8.880914,3.218112,0.000000,0.634506,3.667301,0.087698,17.549929
0.000000,0.000000,10.071826,2.783592,0.000000,0.552995,1.802192,0.304701,18.368224
0.000000,0.000000,9.793851,3.312851,0.000000,1.525786,1.944341,0.032295,16.556281
0.000000,0.000000,10.670996,2.834704,0.000000,0.696763,5.523847,0.337449,20.304341
0.000000,0.000000,9.674714,2.851997,0.000000,1.129603,6.404290,0.092484,19.971497
0.000000,0.000000,11.435416,2.851865,0.000000,0.685699,2.247505,0.248983,23.251022
0.000000,0.000000,9.695909,2.602650,0.000000,0.871323,2.409091,0.249335,16.489710
0.000000,0.000000,9.493144,2.579351,0.000000,1.115621,2.648696,0.031710,16.574158
0.000000,0.000000,11.879533,2.920001,0.000000,1.042540,2.474954,0.264691,19.568434
0.000000,0.000000,9.575327,3.011034,0.000000,1.201138,3.152476,0.045722,17.442088
0.000000,0.000000,9.552067,2.675513,0.000000,0.961999,2.641892,0.044369,17.853848
0.000000,0.000000,10.599618,2.802801,0.000000,0.682150,2.349002,0.293273,17.984402
0.000000,0.000000,9.135466,2.864973,0.000000,1.700574,4.169511,0.076158,16.301951
0.000000,0.000000,11.656781,3.654572,0.000000,1.027288,2.895616,0.066182,22.645441
0.000000,0.000000,9.693048,4.988631,0.000000,0.837696,2.465082,0.337839,19.787348
0.000000,0.000000,11.888539,3.958363,0.000000,1.252239,3.259080,0.064426,20.504842
0.000000,0.000000,10.443063,3.344021,0.000000,0.976260,2.778870,0.377366,19.654121
0.000000,0.000000,10.447643,3.515414,0.000000,2.087419,6.556145,0.119917,19.173082
0.000000,0.000000,11.063371,4.076371,0.000000,1.172738,3.509092,0.417510,25.566864
0.000000,0.000000,13.406827,3.368939,0.000000,1.989586,3.263784,0.061589,23.467346
0.000000,0.000000,17.056786,3.558764,0.000000,1.235881,3.917901,0.402940,27.390443
0.000000,0.000000,15.501315,5.976142,0.000000,1.980822,2.887586,0.135467,28.477017
0.000000,0.000000,10.628807,2.961308,0.000000,0.894899,2.624032,0.035968,23.772629
0.000000,0.000000,9.606104,2.984683,0.000000,0.825196,2.799697,0.448570,17.245149
0.000000,0.000000,12.301692,3.048129,0.000000,1.223270,2.831545,0.035199,20.438556
0.000000,0.000000,9.497406,3.019077,0.000000,1.018997,2.669329,0.036775,17.689381
0.000000,0.000000,10.096334,3.398036,0.000000,0.929150,2.403472,0.304337,18.186213
0.000000,0.000000,9.294160,3.489519,0.000000,1.958305,2.897936,0.038410,17.352525
0.000000,0.000000,10.268105,5.242621,0.000000,1.242747,2.895331,0.038865,21.763488
0.000000,0.000000,9.114468,3.351211,0.000000,1.195925,3.227245,0.275725,17.561736
0.000000,0.000000,10.216746,3.448510,0.000000,1.362255,3.112367,0.035708,19.399513
0.000000,0.000000,8.787225,3.905176,0.000000,1.155279,2.679512,0.034263,18.222946
0.000000,0.000000,9.057588,3.030116,0.000000,0.948698,2.601270,0.249419,16.947092
0.000000,0.000000,8.697934,3.078166,0.000000,1.332697,3.287936,0.034900,16.471461
0.000000,0.000000,9.326567,3.137239,0.000000,1.192199,2.812699,0.034486,18.095172
0.000000,0.000000,8.843521,3.450644,0.000000,1.051570,2.731862,0.248277,17.362306
0.000000,0.000000,8.717113,3.276666,0.000000,1.307704,3.104560,0.033577,17.237975
0.000000,0.000000,8.535080,3.364017,0.000000,1.275910,3.358801,0.232390,17.571704
0.000000,0.000000,8.092377,3.623247,0.000000,1.467569,3.635189,0.293748,17.669540
0.000000,0.000000,8.936634,3.529959,0.000000,1.571685,3.945567,0.186465,19.089042
0.000000,0.000000,9.101557,4.091279,0.000000,2.439052,4.782867,0.208749,20.254294
0.000000,0.000000,10.698882,3.960473,0.000000,2.716665,4.627991,0.264052,23.895446
0.000000,0.000000,10.292307,3.630645,0.000000,2.695905,4.967314,0.386481,24.685009
0.000000,0.000000,8.926799,3.578926,0.000000,2.086276,9.690275,0.215111,24.906143
0.000000,0.000000,8.989686,3.593097,0.000000,1.970178,5.026817,0.214626,25.841675
0.000000,0.000000,8.800922,3.647972,0.000000,1.699866,5.226842,0.262538,21.235932
0.000000,0.000000,9.908212,3.716723,0.000000,1.894136,5.146589,0.298544,22.345807
0.000000,0.000000,9.499326,3.702547,0.000000,1.854539,5.415228,0.265520,21.929156
0.000000,0.000000,9.131757,3.342907,0.000000,1.866778,5.519290,0.229446,21.504975
0.000000,0.000000,9.407676,3.742380,0.000000,2.024514,5.395310,0.264312,22.342457
0.000000,0.000000,9.952567,3.681921,0.000000,1.825978,5.194347,0.287572,22.895530
0.000000,0.000000,9.039803,3.572571,0.000000,2.040865,5.529688,0.072890,21.583300
0.000000,0.000000,9.256187,4.030400,0.000000,1.549047,4.550972,0.247259,22.412297
0.000000,0.000000,10.581277,3.416693,0.000000,2.694200,5.170659,0.082965,21.704928
0.000000,0.000000,9.467757,4.096560,0.000000,1.659073,5.234583,0.073017,23.163477
0.000000,0.000000,11.315599,3.573074,0.000000,1.425905,4.052936,0.220305,23.269926
0.000000,0.000000,8.725091,3.407952,0.000000,1.814165,5.825120,0.074644,19.121206
0.000000,0.000000,11.917770,4.076214,0.000000,1.465304,4.355333,0.041330,25.495530
0.000000,0.000000,9.799855,3.515901,0.000000,1.384698,4.741826,0.265330,20.473563
0.000000,0.000000,11.007108,3.265925,0.000000,2.856756,6.048503,0.073126,22.051718
0.000000,0.000000,10.162519,5.375448,0.000000,1.724691,5.014745,0.103101,26.605833
0.000000,0.000000,9.780796,3.271490,0.000000,1.082854,3.630739,0.230509,26.902205
0.000000,0.000000,9.564079,3.038876,0.000000,1.351209,4.798564,0.044189,18.649912
0.000000,0.000000,9.555755,3.230113,0.000000,1.148026,3.710961,0.033293,20.353155
0.000000,0.000000,8.840258,2.952726,0.000000,0.936534,3.521244,0.245261,17.906081
0.000000,0.000000,8.944427,2.719510,0.000000,1.324837,4.547312,0.048985,17.550416
0.000000,0.000000,9.626997,3.100143,0.000000,0.996988,3.633678,0.033269,20.064997
0.000000,0.000000,9.629650,2.798028,0.000000,0.847458,3.443477,0.256386,18.284817
0.000000,0.000000,9.971238,2.973249,0.000000,1.261315,4.547262,0.055776,18.721103
0.000000,0.000000,9.462461,3.263608,0.000000,1.044086,3.713337,0.033082,19.997720
0.000000,0.000000,8.616992,3.580376,0.000000,0.893987,4.143573,0.292682,18.268797
0.000000,0.000000,9.284351,2.847609,0.000000,1.307991,4.743507,0.046626,18.641311
0.000000,0.000000,12.525091,3.272571,0.000000,1.019824,3.588585,0.033594,23.174015
0.000000,0.000000,9.731635,2.922530,0.000000,0.872491,3.337006,0.247107,18.433367
0.000000,0.000000,9.190755,2.812481,0.000000,1.184077,4.008923,0.071633,17.622419
0.000000,0.000000,11.329159,3.085270,0.000000,0.977917,2.852490,0.038544,21.153684
0.000000,0.000000,8.992584,2.836861,0.000000,0.810478,3.453721,0.252396,16.910630
0.000000,0.000000,9.087195,3.047550,0.000000,1.204848,4.343367,0.050537,18.024732
0.000000,0.000000,12.576811,3.209630,0.000000,1.250828,4.125809,0.046680,22.802492
0.000000,0.000000,10.497443,5.902650,0.000000,0.924905,3.322715,0.519124,23.015810
0.000000,0.000000,10.253407,2.769465,0.000000,1.420564,4.145354,0.093518,19.215653
0.000000,0.000000,10.409094,2.859642,0.000000,0.892259,4.224216,0.120593,27.253674
0.000000,0.000000,12.319207,2.837125,0.000000,0.685142,3.086878,0.265100,22.577323
0.000000,0.000000,9.977725,2.892294,0.000000,1.057734,4.221955,0.053687,17.916124
0.000000,0.000000,11.474057,3.256596,0.000000,0.810734,3.187172,0.251749,21.311565
0.000000,0.000000,9.237570,2.889956,0.000000,1.221102,4.095576,0.039037,17.434152
0.000000,0.000000,10.790113,3.096943,0.000000,0.880115,3.578327,0.042825,20.480106
0.000000,0.000000,9.733762,2.906793,0.000000,1.241936,3.155653,0.300381,18.231798
0.000000,0.000000,9.172561,2.874280,0.000000,1.288679,3.414877,0.061483,17.738797
0.000000,0.000000,9.920463,3.210776,0.000000,0.825593,2.570067,0.031627,19.247129
0.000000,0.000000,8.635329,3.408138,0.000000,0.728991,3.185282,0.297127,16.435902
0.000000,0.000000,9.432007,3.240763,0.000000,1.066410,4.375965,0.054301,17.959325
0.000000,0.000000,10.149726,2.881676,0.000000,0.779238,3.004701,0.029202,19.970478
0.000000,0.000000,9.682843,2.522574,0.000000,0.571953,2.984377,0.297765,17.237747
0.000000,0.000000,11.205674,2.683783,0.000000,1.131844,3.978042,0.051191,18.687305
0.000000,0.000000,15.199375,2.926381,0.000000,1.194074,4.135256,0.043594,24.439876
0.000000,0.000000,8.787895,2.882548,0.000000,0.539925,2.823275,0.332471,19.229204
0.000000,0.000000,9.262363,2.854647,0.000000,1.255861,3.698180,0.056736,16.882899
0.000000,0.000000,9.732401,4.177460,0.000000,0.575901,2.977394,0.326123,24.919325
0.000000,0.000000,9.011659,2.821749,0.000000,1.038587,3.980620,0.043792,16.730079
0.000000,0.000000,11.782109,2.823532,0.000000,0.695126,3.297205,0.232510,21.127124
0.000000,0.000000,9.695133,2.685907,0.000000,1.106507,3.478038,0.043058,17.455528
0.000000,0.000000,14.777479,3.207783,0.000000,0.688015,2.610140,0.257444,24.137198
0.000000,0.000000,10.514679,2.628675,0.000000,0.929631,3.315961,0.031496,17.815863
0.000000,0.000000,10.118899,2.304850,0.000000,0.648476,2.882119,0.241010,17.720631
0.000000,0.000000,9.428739,2.608808,0.000000,0.916598,2.793697,0.028782,16.861914
0.000000,0.000000,9.405396,3.334065,0.000000,0.725605,3.227548,0.265327,17.690338
0.000000,0.000000,9.998359,2.921566,0.000000,1.001093,4.285987,0.047194,18.022067
0.000000,0.000000,10.353509,2.961733,0.000000,0.714729,3.560172,0.322563,19.714924
0.000000,0.000000,8.862176,3.229106,0.000000,1.185042,4.228955,0.066309,17.751032
0.000000,0.000000,11.403436,3.033374,0.000000,0.880340,5.484355,0.285377,21.325916
0.000000,0.000000,9.311400,2.559698,0.000000,1.004809,3.243695,0.029648,19.511095
0.000000,0.000000,9.216286,2.527262,0.000000,0.653107,5.611902,0.277268,18.296192
0.000000,0.000000,9.610748,2.850277,0.000000,0.991858,3.231452,0.033263,19.990108
0.000000,0.000000,9.669877,2.506233,0.000000,0.759130,3.042398,0.279001,17.345240
0.000000,0.000000,9.044191,2.773340,0.000000,1.308795,4.051939,0.039579,16.702369
0.000000,0.000000,11.310832,2.966915,0.000000,0.865417,3.319807,0.305382,20.642491
0.000000,0.000000,8.823556,2.578798,0.000000,1.014661,3.681096,0.033413,16.751482
0.000000,0.000000,10.283073,2.827394,0.000000,0.768026,3.809977,0.273572,18.870765
0.000000,0.000000,9.537948,2.662470,0.000000,0.925604,3.563358,0.028991,18.336839
0.000000,0.000000,8.889621,3.229578,0.000000,0.693265,3.180055,0.237448,17.644352
0.000000,0.000000,11.112896,2.855076,0.000000,0.992728,3.703994,0.028811,18.926853
0.000000,0.000000,8.398645,2.523100,0.000000,0.757894,3.642957,0.258626,16.788316
0.000000,0.000000,9.880578,2.692651,0.000000,0.998347,2.543814,0.056825,18.267499
0.000000,0.000000,8.423765,2.687725,0.000000,0.736787,2.465124,0.241112,15.930584
0.000000,0.000000,8.589882,2.945511,0.000000,1.090729,3.384122,0.081655,15.896275
0.000000,0.000000,8.785863,3.070287,0.000000,0.863061,4.290176,0.277957,17.566199
0.000000,0.000000,11.262914,2.951618,0.000000,1.511067,4.585876,0.046246,20.538038
0.000000,0.000000,9.195513,3.430767,0.000000,0.801901,3.379658,0.491212,20.138956
0.000000,0.000000,10.653016,2.734722,0.000000,1.041364,7.312498,0.055613,19.296618
0.000000,0.000000,9.549283,2.475488,0.000000,0.684347,3.660851,0.244281,21.516809
0.000000,0.000000,9.990968,2.512240,0.000000,0.954166,3.525008,0.026727,18.037449
0.000000,0.000000,10.068307,2.298147,0.000000,0.725508,3.383207,0.269000,17.835398
0.000000,0.000000,9.450650,2.560436,0.000000,1.000314,3.750218,0.030015,17.229082
0.000000,0.000000,9.112014,2.805977,0.000000,0.768877,3.345275,0.262212,17.613036
0.000000,0.000000,8.520798,2.697274,0.000000,0.932307,4.079738,0.030305,16.602687
0.000000,0.000000,8.730517,2.587306,0.000000,0.790856,4.879610,0.254297,17.267934
0.000000,0.000000,9.352127,2.563615,0.000000,1.057988,3.609690,0.028874,18.766884
0.000000,0.000000,10.653966,3.260703,0.000000,0.688491,3.815667,0.291650,19.587070
0.000000,0.000000,9.292554,2.736380,0.000000,1.011639,3.810532,0.032217,17.896612
0.000000,0.000000,9.684460,2.902450,0.000000,0.798576,3.853589,0.288748,18.382466
0.000000,0.000000,10.591435,2.759110,0.000000,1.149547,4.605675,0.046379,19.174016
0.000000,0.000000,11.210799,3.055688,0.000000,0.953379,5.227880,0.333937,21.343254
0.000000,0.000000,9.067918,2.727242,0.000000,0.950996,3.878531,0.033459,19.254166
0.000000,0.000000,9.325118,2.804458,0.000000,0.689492,3.624012,4.551149,19.846803
0.000000,0.000000,8.160517,2.877822,0.000000,0.967871,3.836084,0.031507,20.869752
0.000000,0.000000,8.257651,2.828098,0.000000,0.849136,3.901689,0.253485,17.053915
0.000000,0.000000,9.108500,2.964685,0.000000,1.091378,4.212462,0.033949,17.981131
0.000000,0.000000,9.781918,3.615187,0.000000,0.960191,3.670569,0.307996,19.689534
0.000000,0.000000,8.875095,2.923101,0.000000,1.131529,5.228195,0.038008,17.705401
0.000000,0.000000,8.941932,2.839862,0.000000,0.910120,3.867239,0.231951,19.328349
0.000000,0.000000,9.799931,2.762247,0.000000,1.000353,3.251287,0.212793,18.589628
0.000000,0.000000,9.456889,2.763028,0.000000,0.892273,3.574337,0.030652,18.064291
0.000000,0.000000,9.235536,3.055539,0.000000,0.826981,4.073569,0.258024,17.933414
0.000000,0.000000,9.341984,2.828167,0.000000,1.020033,4.575589,0.041965,18.385744
0.000000,0.000000,9.653308,2.921157,0.000000,0.867431,3.775601,0.265542,19.374884
0.000000,0.000000,9.800075,3.085772,0.000000,1.289131,4.726337,0.048198,18.883842
0.000000,0.000000,12.036018,4.542909,0.000000,0.839155,3.269775,0.263215,24.048759
0.000000,0.000000,8.780502,2.797750,0.000000,1.103283,7.760503,0.053343,17.657545
0.000000,0.000000,8.791741,3.005841,0.000000,0.970798,3.292083,0.317741,21.874906
0.000000,0.000000,8.855822,2.781691,0.000000,1.443212,5.001739,0.044205,17.221432
0.000000,0.000000,12.575520,3.006650,0.000000,0.815322,3.406523,0.290899,23.288657
0.000000,0.000000,9.429242,2.523925,0.000000,1.098518,3.803105,0.033493,17.358570
0.000000,0.000000,10.810772,2.733338,0.000000,0.721165,3.526811,0.264308,19.815841
0.000000,0.000000,9.550012,2.709592,0.000000,1.044858,3.065482,0.033432,17.904680
0.000000,0.000000,9.137023,2.989152,0.000000,0.846354,3.530882,0.313378,17.411008
0.000000,0.000000,8.898036,2.790870,0.000000,1.076574,3.523001,0.039265,17.502700
0.000000,0.000000,10.488153,2.986862,0.000000,0.830963,3.431730,0.263913,19.139368
0.000000,0.000000,8.579250,2.933421,0.000000,1.088853,3.476256,0.032780,16.975909
0.000000,0.000000,9.423008,2.833638,0.000000,0.955616,3.163902,0.245390,17.879600
0.000000,0.000000,11.256857,2.686820,0.000000,1.197883,3.788941,0.236957,19.287714
0.000000,0.000000,10.746346,4.343199,0.000000,1.258001,4.413600,0.068350,21.425772
0.000000,0.000000,11.859187,2.921234,0.000000,0.741089,3.139466,0.263622,23.590602
0.000000,0.000000,8.895198,2.478293,0.000000,1.091385,4.209557,0.050268,16.539243
0.000000,0.000000,12.729454,3.705059,0.000000,0.797374,3.349493,0.266832,22.904028
0.000000,0.000000,9.290247,3.054038,0.000000,1.282802,4.555019,0.071016,17.695322
0.000000,0.000000,10.234499,3.239954,0.000000,0.936161,3.655642,0.277152,20.554293
0.000000,0.000000,9.183727,2.945903,0.000000,1.112670,4.252165,0.073899,18.013779
0.000000,0.000000,10.404390,2.935061,0.000000,0.825396,3.409186,0.262321,19.927205
0.000000,0.000000,10.288240,3.178175,0.000000,1.070587,4.243926,0.035277,19.060322
0.000000,0.000000,9.605704,2.637624,0.000000,0.783227,3.569986,0.243553,18.872041
0.000000,0.000000,11.471856,3.065844,0.000000,0.907400,3.083406,0.313795,20.442288
0.000000,0.000000,11.184306,2.635764,0.000000,1.217710,5.264458,0.056482,19.198847
0.000000,0.000000,9.695990,2.817946,0.000000,1.153376,3.577403,0.263532,20.267691
0.000000,0.000000,8.756903,2.783458,0.000000,2.420892,3.809632,0.054098,23.197243
0.000000,0.000000,14.017526,3.302884,0.000000,0.818068,3.378235,0.276986,33.947127
0.000000,0.000000,8.786396,2.902504,0.000000,1.269465,4.151436,0.048668,17.042992
0.000000,0.000000,13.636759,3.752560,0.000000,0.794387,3.465817,0.264317,23.921212
0.000000,0.000000,9.724303,2.749169,0.000000,1.125019,4.592939,0.058442,17.891678
0.000000,0.000000,11.673800,2.914480,0.000000,0.836771,4.529900,0.289565,21.740480
0.000000,0.000000,10.380359,3.276867,0.000000,0.992770,4.354150,0.041030,20.582505
0.000000,0.000000,11.278719,2.993826,0.000000,0.759830,4.288549,0.260430,20.849830
0.000000,0.000000,9.250421,2.509556,0.000000,1.225262,5.605482,0.048698,17.942553
0.000000,0.000000,10.102290,2.769728,0.000000,0.916678,4.453718,0.270804,21.016938
0.000000,0.000000,11.226197,3.014862,0.000000,1.796621,9.266731,0.079203,20.907430
0.000000,0.000000,12.503479,3.290171,0.000000,0.828953,3.777831,6.514714,28.292610
0.000000,0.000000,9.068420,2.918946,0.000000,1.075065,4.875745,0.321191,24.207221
0.000000,0.000000,10.455714,3.047338,0.000000,1.154279,4.856297,0.061888,21.203397
0.000000,0.000000,9.630556,2.834530,0.000000,0.890307,3.795177,0.237571,19.861918
0.000000,0.000000,8.777926,2.838596,0.000000,1.260384,4.670659,0.268893,17.539180
0.000000,0.000000,12.110579,3.126151,0.000000,1.180374,5.275166,0.061850,22.713890
0.000000,0.000000,12.681196,3.886857,0.000000,0.792594,3.830319,0.304418,24.388953
0.000000,0.000000,9.541656,2.865020,0.000000,1.287745,5.613076,0.062676,18.317061
0.000000,0.000000,10.832861,2.851817,0.000000,0.849420,4.261416,0.049176,21.911809
0.000000,0.000000,9.414140,3.046463,0.000000,0.758024,3.712004,0.282412,18.772561
0.000000,0.000000,9.232152,3.143248,0.000000,1.097465,4.050366,0.038435,17.991544
0.000000,0.000000,9.016294,2.958379,0.000000,0.824877,8.672726,0.049096,18.168699
0.000000,0.000000,8.928176,2.953177,0.000000,0.668541,4.344538,0.268158,22.589118
0.000000,0.000000,9.349203,2.742545,0.000000,1.090770,4.615508,0.059068,18.325185
0.000000,0.000000,14.278859,2.951312,0.000000,0.751433,3.526119,0.283690,24.097390
0.000000,0.000000,9.733222,2.665019,0.000000,1.118866,4.507804,0.058052,17.777669
0.000000,0.000000,11.641605,2.793228,0.000000,0.697904,3.933970,0.256669,21.312385
0.000000,0.000000,8.952457,2.392614,0.000000,1.006500,3.865715,0.039873,17.149903
0.000000,0.000000,10.016647,2.750468,0.000000,0.619247,3.499601,0.260284,18.729191
0.000000,0.000000,8.888024,2.636780,0.000000,1.078128,5.362730,0.100260,16.880021
0.000000,0.000000,9.775928,3.184107,0.000000,0.848249,2.499214,0.278009,20.640585
0.000000,0.000000,9.538855,3.073302,0.000000,1.065498,3.566818,0.035280,17.168978
0.000000,0.000000,12.666462,2.944449,0.000000,1.540669,5.842961,0.537804,21.732949
0.000000,0.000000,12.448031,3.460438,0.000000,1.961437,5.222367,0.145156,25.655486
0.000000,0.000000,10.374993,3.165940,0.000000,0.962604,4.396316,0.246968,29.510306
0.000000,0.000000,9.676171,2.971195,0.000000,1.083235,3.674002,0.031183,19.169962
0.000000,0.000000,10.061614,2.959600,0.000000,0.795311,3.593650,0.256036,18.783542
0.000000,0.000000,10.031076,2.614115,0.000000,1.104374,4.025895,0.036766,18.322532
0.000000,0.000000,14.076544,2.725122,0.000000,0.778424,4.280157,0.250535,23.266157
0.000000,0.000000,12.294229,3.017594,0.000000,1.050611,4.575871,0.032926,21.757373
0.000000,0.000000,9.861638,3.273024,0.000000,0.870343,3.907811,0.239260,19.895200
0.000000,0.000000,10.748860,3.196559,0.000000,1.066290,5.324335,0.047371,19.827655
0.000000,0.000000,9.766922,3.236172,0.000000,1.018930,4.891839,0.285153,20.709922
0.000000,0.000000,11.388202,3.031923,0.000000,1.096104,6.951216,0.063629,21.706687
0.000000,0.000000,11.474639,3.288200,0.000000,0.915751,10.960553,0.284286,24.138078
0.000000,0.000000,8.812109,2.845786,0.000000,1.122440,12.845666,0.062842,24.875503
0.000000,0.000000,9.975457,3.275916,0.000000,0.840805,4.676452,0.242086,28.742737
0.000000,0.000000,8.122397,2.524399,0.000000,1.081227,5.465612,0.129000,17.320539
0.000000,0.000000,9.244224,3.100601,0.000000,0.926828,4.019810,0.232752,20.225459
0.000000,0.000000,8.557554,2.691649,0.000000,1.158603,5.323791,0.051826,17.306911
0.000000,0.000000,10.200704,3.127249,0.000000,0.904267,4.070194,0.230515,21.059147
0.000000,0.000000,8.014669,2.778812,0.000000,1.091813,3.683166,0.051166,16.991573
0.000000,0.000000,9.443227,3.100505,0.000000,0.898611,3.382630,0.305354,18.551723
0.000000,0.000000,9.968025,2.947211,0.000000,1.139017,5.631669,0.048061,18.636805
0.000000,0.000000,15.017831,3.058452,0.000000,0.944242,7.634675,0.426853,26.072782
0.000000,0.000000,10.967297,2.971808,0.000000,1.255817,4.727230,0.047537,24.098773
0.000000,0.000000,10.405843,3.080543,0.000000,0.827936,4.822243,0.238359,26.317497
0.000000,0.000000,9.915790,2.708972,0.000000,1.018395,3.081732,0.029329,19.519617
0.000000,0.000000,12.284413,2.602403,0.000000,0.635258,3.853481,0.221885,20.156387
0.000000,0.000000,10.334025,2.286350,0.000000,0.828179,3.880504,0.041318,18.280062
0.000000,0.000000,10.521722,2.500120,0.000000,0.598691,4.074959,0.262395,18.814324
0.000000,0.000000,9.439735,2.541060,0.000000,1.278845,4.264027,0.031888,17.935216
0.000000,0.000000,9.571846,2.837287,0.000000,0.815169,3.953649,0.279307,19.170604
0.000000,0.000000,9.416318,2.701095,0.000000,1.072723,4.982978,0.057946,18.380205
0.000000,0.000000,10.219650,3.307427,0.000000,0.789181,4.951211,0.299063,21.089216
0.000000,0.000000,11.412712,2.555380,0.000000,1.070454,7.835899,0.066670,20.994126
0.000000,0.000000,10.837186,2.608598,0.000000,0.887184,7.578335,0.271270,23.645051
0.000000,0.000000,8.712868,2.558053,0.000000,1.228673,12.832703,0.051139,21.109839
0.000000,0.000000,11.756995,2.627688,0.000000,0.772220,5.319186,0.035592,29.722414
0.000000,0.000000,10.552163,2.462871,0.000000,0.594293,5.030499,0.290392,20.313281
0.000000,0.000000,9.126163,2.399204,0.000000,1.341333,7.441072,0.027813,18.303322
0.000000,0.000000,10.051901,3.854766,0.000000,0.697658,5.042201,0.250936,23.766483
0.000000,0.000000,8.421151,2.608002,0.000000,1.126976,5.605593,0.030538,17.908405
0.000000,0.000000,9.540913,3.035302,0.000000,0.867434,5.064244,0.235935,20.481693
0.000000,0.000000,9.135573,3.243203,0.000000,1.145619,5.732041,0.030971,19.534571
0.000000,0.000000,12.519429,3.133440,0.000000,0.858405,4.491348,0.465182,23.652894
0.000000,0.000000,8.166674,2.876027,0.000000,1.193390,3.172322,0.030890,18.401996
0.000000,0.000000,8.393381,2.718929,0.000000,1.008252,5.433705,0.225843,21.638418
0.000000,0.000000,8.135752,2.645600,0.000000,1.174017,4.889389,0.033157,18.442779
0.000000,0.000000,8.925232,2.950430,0.000000,1.123494,6.011935,0.285840,18.922498
0.000000,0.000000,8.461660,3.162581,0.000000,1.376440,7.025646,0.053712,20.267033
0.000000,0.000000,10.305780,3.455746,0.000000,1.255466,6.369024,0.250847,23.470681
0.000000,0.000000,8.468169,3.217108,0.000000,1.526292,6.994174,0.052379,20.771461
0.000000,0.000000,10.039514,3.348859,0.000000,1.249119,2.980096,0.218921,23.459229
0.000000,0.000000,7.997421,3.037793,0.000000,1.208183,6.032106,0.187974,16.638105
0.000000,0.000000,9.746277,3.130574,0.000000,1.412725,6.805404,0.239313,21.526888
0.000000,0.000000,10.081165,3.453718,0.000000,1.566532,4.134000,0.263497,23.584167
0.000000,0.000000,10.418307,3.273081,0.000000,1.601028,15.369893,0.309689,21.339563
0.000000,0.000000,10.139032,3.552980,0.000000,1.699234,4.945383,0.401236,32.610346
0.000000,0.000000,9.314215,3.515451,0.000000,1.881490,6.959342,0.233937,21.486778
0.000000,0.000000,8.421731,3.712581,0.000000,1.811440,8.730030,0.259168,22.558137
0.000000,0.000000,8.930612,3.564052,0.000000,2.108675,9.452459,0.228639,24.993214
0.000000,0.000000,8.479027,3.471637,0.000000,2.135671,8.289637,0.281159,25.418591
0.000000,0.000000,8.580382,3.389396,0.000000,1.979183,9.094459,0.375571,24.360362
0.000000,0.000000,9.213980,3.846948,0.000000,1.958382,6.139018,0.293643,26.597219
0.000000,0.000000,12.118790,3.560308,0.000000,2.447896,9.373207,0.279335,26.073020
0.000000,0.000000,9.625262,4.408423,0.000000,2.119252,9.593484,0.280930,28.123126
0.000000,0.000000,13.177569,4.576412,0.000000,1.804074,7.619047,0.276732,35.855403
0.000000,0.000000,9.948926,3.395350,0.000000,1.791598,4.387156,0.311363,24.695503
0.000000,0.000000,11.879626,4.388842,0.000000,1.792587,3.870606,0.271776,24.314967
0.000000,0.000000,9.560681,3.481579,0.000000,1.960114,3.816786,0.322335,20.610162
0.000000,0.000000,10.011542,3.755474,0.000000,1.950999,4.514397,0.278912,21.500960
0.000000,0.000000,10.491344,3.737593,0.000000,2.461462,4.886355,0.110891,22.703281
0.000000,0.000000,13.480159,4.196191,0.000000,1.911654,5.535517,0.083072,27.081464
0.000000,0.000000,9.576506,3.805047,0.000000,1.773531,3.508537,0.324005,22.143510
0.000000,0.000000,9.708413,3.479803,0.000000,2.142157,3.694185,0.097035,25.160890
0.000000,0.000000,9.257956,3.693524,0.000000,1.696274,3.365068,0.046357,20.605569
0.000000,0.000000,10.318906,3.325948,0.000000,1.483012,3.017783,0.043106,20.069055
0.000000,0.000000,8.667486,3.664687,0.000000,1.565894,2.489431,0.356501,18.026805
0.000000,0.000000,7.970485,3.361165,0.000000,2.443862,2.933136,0.084870,16.952870
0.000000,0.000000,9.338493,3.774128,0.000000,1.675507,2.472895,0.045550,20.156555
0.000000,0.000000,8.868372,3.764992,0.000000,1.569084,2.454613,0.052960,18.034054
0.000000,0.000000,9.033400,3.542177,0.000000,1.450758,2.597339,0.090261,17.739799
0.000000,0.000000,10.591892,4.036834,0.000000,1.263978,1.878092,0.430076,20.048820
0.000000,0.000000,8.929518,3.398255,0.000000,4.019386,4.186824,0.088565,17.024567
0.000000,0.000000,12.910921,5.259143,0.000000,1.738519,2.462208,0.045646,35.984804
0.000000,0.000000,8.484357,3.537283,0.000000,1.538318,2.854797,0.047574,17.631875
0.000000,0.000000,9.365289,3.460541,0.000000,1.312825,2.132238,0.046646,18.347578
0.000000,0.000000,9.161974,3.642803,0.000000,1.048723,1.710653,0.075470,17.410905
0.000000,0.000000,8.641710,3.736989,0.000000,1.035547,1.565255,0.393285,16.311448
0.000000,0.000000,8.792509,3.505783,0.000000,2.186204,2.576026,0.081135,16.340021
0.000000,0.000000,16.113666,3.857080,0.000000,1.398987,1.916721,0.048705,26.639296
0.000000,0.000000,10.364182,3.995805,0.000000,1.045753,1.495807,0.046014,18.835567
0.000000,0.000000,8.240837,3.685840,0.000000,0.998619,1.356624,0.043702,15.529735
0.000000,0.000000,11.201427,3.818487,0.000000,0.782624,1.391107,0.880963,18.393779
0.000000,0.000000,8.954413,3.909302,0.000000,2.166602,2.054632,0.042793,19.182371
0.000000,0.000000,10.340518,3.469326,0.000000,1.085891,1.863941,0.048578,25.507602
0.000000,0.000000,8.622121,3.992587,0.000000,0.870674,1.548729,0.322776,16.679068
0.000000,0.000000,8.491067,3.063822,0.000000,1.508823,1.882934,0.055445,15.352828
0.000000,0.000000,8.771561,2.937769,0.000000,1.113609,1.626701,0.038673,16.252592
0.000000,0.000000,8.630855,2.821322,0.000000,0.894060,1.440222,0.306448,15.242855
0.000000,0.000000,9.111533,2.991931,0.000000,1.445201,1.991494,0.035303,15.807678
0.000000,0.000000,8.854573,3.585859,0.000000,1.111399,1.414653,0.045776,17.040179
0.000000,0.000000,8.755670,2.881990,0.000000,0.902706,1.374664,0.347910,15.200888
0.000000,0.000000,8.665390,2.831529,0.000000,1.370361,1.820568,0.040131,15.271547
0.000000,0.000000,11.943906,3.183255,0.000000,1.090041,1.504539,0.052805,19.591548
0.000000,0.000000,9.242654,3.140611,0.000000,0.854759,1.325454,0.265699,16.510942
0.000000,0.000000,10.681411,2.947875,0.000000,1.137897,1.559243,0.029982,21.896425
0.000000,0.000000,10.273577,3.028096,0.000000,0.876975,1.337461,0.226295,16.999704
0.000000,0.000000,9.908694,2.582280,0.000000,1.084092,1.604503,0.030558,16.129718
0.000000,0.000000,9.300144,2.754206,0.000000,0.982089,1.410898,0.244813,16.056777
0.000000,0.000000,10.365551,2.693760,0.000000,1.069503,1.816281,0.032907,16.665021
0.000000,0.000000,9.623334,2.625118,0.000000,0.840553,1.374214,0.259636,16.221045
0.000000,0.000000,10.510548,2.698597,0.000000,1.253984,1.897192,0.038573,16.831619
0.000000,0.000000,8.912240,2.593250,0.000000,0.989935,2.005972,0.312779,15.765206
0.000000,0.000000,9.492764,3.132768,0.000000,1.260011,2.117680,0.037583,17.097515
0.000000,0.000000,9.658968,2.736543,0.000000,0.941921,1.654014,0.275893,17.134513
0.000000,0.000000,11.740115,3.016273,0.000000,1.286154,1.898393,0.034674,18.657057
0.000000,0.000000,9.507305,2.706987,0.000000,0.887325,13.150550,0.310032,17.472869
0.000000,0.000000,9.870345,2.598188,0.000000,1.140562,1.854671,0.034950,27.972648
0.000000,0.000000,10.676219,3.531473,0.000000,0.836230,1.759021,0.255676,18.318864
0.000000,0.000000,9.489583,2.765429,0.000000,1.108511,2.029298,0.053046,16.162914
0.000000,0.000000,9.607883,2.903487,0.000000,0.891841,1.844310,0.356001,17.093349
0.000000,0.000000,9.808346,3.131584,0.000000,1.153211,1.832172,0.032617,17.065993
0.000000,0.000000,9.294396,2.992051,0.000000,0.938706,2.037782,0.301521,16.359425
0.000000,0.000000,8.996665,2.899256,0.000000,1.236542,2.039619,0.037828,16.342127
0.000000,0.000000,10.332369,3.074743,0.000000,1.138700,2.065087,0.288656,17.905161
0.000000,0.000000,8.502046,3.649945,0.000000,1.383742,1.967993,0.031002,16.853972
0.000000,0.000000,9.102854,3.021760,0.000000,0.886304,1.767465,10.000093,19.440863
0.000000,0.000000,10.042013,3.207914,0.000000,1.271823,1.953527,0.031164,27.138867
0.000000,0.000000,8.441707,2.690282,0.000000,0.900111,1.760454,0.037060,15.573181
0.000000,0.000000,8.864536,2.825324,0.000000,0.711918,1.565768,0.347521,15.510590
0.000000,0.000000,9.066961,2.878885,0.000000,1.496381,2.540078,0.036756,15.616303
0.000000,0.000000,9.103218,4.051253,0.000000,0.884632,1.843267,0.031975,18.432901
0.000000,0.000000,8.971338,3.573858,0.000000,0.645602,1.614924,0.312045,16.378208
0.000000,0.000000,11.828194,2.909495,0.000000,0.960443,2.041957,0.060821,18.278799
0.000000,0.000000,9.398690,3.165353,0.000000,0.719408,1.739069,0.275132,16.911350
0.000000,0.000000,13.121202,3.062018,0.000000,2.085016,3.835715,0.091973,19.938152
0.000000,0.000000,12.340437,4.429611,0.000000,0.882788,1.730925,0.029790,24.602106
0.000000,0.000000,10.318261,2.769902,0.000000,0.619907,1.503392,0.337240,26.420333
0.000000,0.000000,9.688388,2.849651,0.000000,1.060304,1.812520,0.031185,15.964924
0.000000,0.000000,11.512137,2.704580,0.000000,0.711673,1.522843,0.031263,18.109371
0.000000,0.000000,10.263756,2.801696,0.000000,0.493419,1.489518,0.293742,16.331384
0.000000,0.000000,9.712913,2.666637,0.000000,0.984374,1.682704,0.027866,15.596332
0.000000,0.000000,11.649711,3.132320,0.000000,0.681972,1.551445,0.248114,18.548954
0.000000,0.000000,9.456032,2.787615,0.000000,0.859449,1.742217,0.028190,15.596066
0.000000,0.000000,9.415854,2.531617,0.000000,0.648905,1.622907,0.297131,15.573542
0.000000,0.000000,10.963175,2.883988,0.000000,0.992430,1.883556,0.075278,17.386640
0.000000,0.000000,9.880302,2.589814,0.000000,0.997121,1.646873,0.284271,17.195001
0.000000,0.000000,9.875692,3.261864,0.000000,0.944005,1.933666,0.030312,25.951502
0.000000,0.000000,11.523607,2.712679,0.000000,0.576622,1.547540,0.249219,18.158755
0.000000,0.000000,9.369319,2.541586,0.000000,0.920315,1.667420,0.027603,15.284147
0.000000,0.000000,10.780366,2.731836,0.000000,0.653546,1.552053,0.225824,17.081024
0.000000,0.000000,11.211083,2.563542,0.000000,0.886485,1.881073,0.027159,17.229786
0.000000,0.000000,10.084048,2.635718,0.000000,0.627264,1.556912,0.275914,16.438534
0.000000,0.000000,10.645489,2.761220,0.000000,0.992457,1.954101,0.029756,16.728452
0.000000,0.000000,11.509526,2.705542,0.000000,0.840615,1.693025,0.253643,18.161646
0.000000,0.000000,13.106733,2.903319,0.000000,0.941685,2.260948,0.119971,20.066230
0.000000,0.000000,10.772839,2.566232,0.000000,0.664851,1.726754,0.241206,18.137663
0.000000,0.000000,10.867336,7.095256,0.000000,0.807410,1.808635,0.227505,25.252859
0.000000,0.000000,10.746049,2.665701,0.000000,0.954906,2.187627,0.231746,17.262152
0.000000,0.000000,10.012970,3.066147,0.000000,1.211905,2.237736,0.032771,17.415813
0.000000,0.000000,9.663485,2.878694,0.000000,0.938314,2.019988,0.268857,16.986395
0.000000,0.000000,9.407727,2.856709,0.000000,1.352962,2.425730,0.034599,16.473257
0.000000,0.000000,10.673618,2.969078,0.000000,0.887100,3.304854,0.311676,18.495253
0.000000,0.000000,10.461853,3.138908,0.000000,1.134443,2.690186,0.040702,19.339358
0.000000,0.000000,13.226819,3.531481,0.000000,0.844505,2.501804,0.556857,21.816786
0.000000,0.000000,10.595657,3.114907,0.000000,1.286484,2.715315,0.034823,19.062853
0.000000,0.000000,10.043498,2.808811,0.000000,0.790798,2.102837,0.267297,27.213861
0.000000,0.000000,9.367311,2.727071,0.000000,1.170277,2.469181,0.033049,16.419524
0.000000,0.000000,8.863090,2.858138,0.000000,0.901761,2.163512,0.031076,16.459631
0.000000,0.000000,8.844919,2.939263,0.000000,0.730400,2.036411,0.271321,16.161940
0.000000,0.000000,9.407795,2.882166,0.000000,1.142839,2.661587,0.038134,16.277960
0.000000,0.000000,9.851359,2.947719,0.000000,0.747008,2.270876,0.286858,17.675813
0.000000,0.000000,9.404432,2.837516,0.000000,1.195773,3.149731,0.060076,16.857925
0.000000,0.000000,10.874611,3.137997,0.000000,0.827753,2.219801,0.033486,19.730467
0.000000,0.000000,11.383615,3.566569,0.000000,0.710204,2.047314,0.305499,19.208286
0.000000,0.000000,10.637447,3.048042,0.000000,0.995025,2.331151,0.030296,19.922173
0.000000,0.000000,9.592620,2.533170,0.000000,0.663233,2.035936,0.244409,16.427344
0.000000,0.000000,9.618949,2.736255,0.000000,1.250970,3.351841,0.039548,16.188461
0.000000,0.000000,10.040836,4.655504,0.000000,0.726002,2.708530,0.241438,20.730350
0.000000,0.000000,9.456124,2.668225,0.000000,1.095911,2.488665,0.031936,16.680498
0.000000,0.000000,11.103059,3.370753,0.000000,0.798411,2.201125,0.221063,19.125361
0.000000,0.000000,10.236621,2.847988,0.000000,0.927811,2.456571,0.289550,17.353918
0.000000,0.000000,12.245060,2.929346,0.000000,1.092252,2.608570,0.033865,20.271991
0.000000,0.000000,12.240133,3.213223,0.000000,0.786422,2.431767,0.371370,20.516276
0.000000,0.000000,9.290367,2.763855,0.000000,1.386304,2.482819,0.272702,17.489121
0.000000,0.000000,9.596655,2.605851,0.000000,0.784630,2.466957,0.211693,22.907925
0.000000,0.000000,10.278973,2.620688,0.000000,0.993496,2.597337,0.030679,17.590007
0.000000,0.000000,10.171800,2.885526,0.000000,0.862378,2.953702,0.321264,17.960162
0.000000,0.000000,10.260055,2.905478,0.000000,1.310429,2.999257,0.097104,18.415841
0.000000,0.000000,10.263796,3.833098,0.000000,1.024044,2.765382,0.034964,22.016372
0.000000,0.000000,10.424865,3.196876,0.000000,0.721883,2.268109,0.275506,18.680900
0.000000,0.000000,9.516018,2.862067,0.000000,1.291101,3.400518,0.044501,16.632354
0.000000,0.000000,13.129395,3.306060,0.000000,0.943181,2.808028,0.364019,22.355258
0.000000,0.000000,10.519534,2.994870,0.000000,1.467020,3.287374,0.033458,18.739198
0.000000,0.000000,11.636411,3.017585,0.000000,0.721863,2.337081,0.234207,32.714465
0.000000,0.000000,10.635860,2.671033,0.000000,0.806646,2.496391,0.217727,17.826861
0.000000,0.000000,10.409923,2.696431,0.000000,1.054110,3.152953,0.046975,17.746448
0.000000,0.000000,9.809214,3.079294,0.000000,0.843725,2.858754,0.271365,18.617884
0.000000,0.000000,8.835557,2.895464,0.000000,1.280565,3.111163,0.040066,16.886971
0.000000,0.000000,9.844254,3.174213,0.000000,1.072521,3.253912,0.310696,18.785161
0.000000,0.000000,9.788565,4.264496,0.000000,1.568420,3.827846,0.050997,19.875767
0.000000,0.000000,10.328864,5.644136,0.000000,1.688829,2.820880,0.251806,22.652380
0.000000,0.000000,9.631584,3.318002,0.000000,1.142092,3.212138,0.043473,23.930057
0.000000,0.000000,12.077805,3.212588,0.000000,0.899438,2.804653,0.334297,21.143012
0.000000,0.000000,10.630091,3.142008,0.000000,1.152674,3.017743,0.034091,19.023869
0.000000,0.000000,12.168008,2.749410,0.000000,0.816248,2.635516,0.290264,20.252977
0.000000,0.000000,10.363248,2.943565,0.000000,1.107402,3.187309,0.035140,18.103459
0.000000,0.000000,10.860965,2.862634,0.000000,0.964950,3.252123,0.062244,19.363811
0.000000,0.000000,10.175269,2.820527,0.000000,0.753673,2.826600,0.307999,18.514823
0.000000,0.000000,11.523577,3.137273,0.000000,1.181067,4.060517,0.059042,19.634666
0.000000,0.000000,10.742410,2.988849,0.000000,1.577725,2.818546,0.032758,20.550229
0.000000,0.000000,10.489222,2.747417,0.000000,0.662814,2.477059,0.334463,27.761843
0.000000,0.000000,9.765491,2.687688,0.000000,1.181048,2.718661,0.033488,16.882817
0.000000,0.000000,11.595986,3.192584,0.000000,0.830806,5.984042,0.000440,19.694780
0.000000,0.000000,10.637993,2.799565,0.000000,1.045123,5.462305,0.024413,21.473475
0.000000,0.000000,15.009741,2.773211,0.000000,0.900074,6.562689,0.021882,25.819197
0.000000,0.000000,10.365050,2.496152,0.000000,0.996711,6.380070,0.238812,21.898147
0.000000,0.000000,12.782300,3.045673,0.000000,1.527678,7.784831,0.078819,24.646480
0.000000,0.000000,12.764722,2.839206,0.000000,1.384595,7.176386,0.237520,27.095717
0.000000,0.000000,10.882234,2.777977,0.000000,1.340197,6.127544,0.067970,24.460418
0.000000,0.000000,10.500499,3.254439,0.000000,1.243326,6.501694,0.447461,22.995451
0.000000,0.000000,11.377007,3.248809,0.000000,1.753687,8.627227,0.107870,24.421840
0.000000,0.000000,19.273708,3.907830,0.000000,1.817711,6.903614,0.090960,36.292157
0.000000,0.000000,18.810326,3.347984,0.000000,1.336281,7.196429,0.708031,33.066018
0.000000,0.000000,17.052484,3.797616,0.000000,1.634828,22.568977,0.087324,32.441904
0.000000,0.000000,14.672428,3.283601,0.000000,1.164596,7.044375,0.418012,44.310913
0.000000,0.000000,17.547727,3.310719,0.000000,1.549525,7.683282,0.076697,31.547234
0.000000,0.000000,12.968301,4.046689,0.000000,1.161386,6.349408,0.061905,28.694461
0.000000,0.000000,18.135949,4.426691,0.000000,1.213464,7.274506,0.041708,32.064138
0.000000,0.000000,14.729326,3.122035,0.000000,1.213092,6.427719,0.034959,28.210356
0.000000,0.000000,11.577422,3.079294,0.000000,1.034327,6.036322,0.361483,26.508274
0.000000,0.000000,11.562871,3.141279,0.000000,1.616093,7.626873,0.084228,23.794496
0.000000,0.000000,16.586406,3.215501,0.000000,1.626744,9.022613,0.099812,31.187777
0.000000,0.000000,16.305753,3.644554,0.000000,1.202243,6.611921,0.342560,32.805716
0.000000,0.000000,16.741466,3.054744,0.000000,1.432233,8.029552,0.110073,29.863309
0.000000,0.000000,16.723143,3.034264,0.000000,1.136130,21.392059,0.474603,31.808782
0.000000,0.000000,13.769762,2.963760,0.000000,1.573203,11.225492,0.087449,41.991655
0.000000,0.000000,17.255534,3.177040,0.000000,1.326235,8.183726,0.090852,35.733473
0.000000,0.000000,13.968741,3.315281,0.000000,1.168733,7.652010,0.045671,29.048931
0.000000,0.000000,13.131705,3.555755,0.000000,1.135930,6.673923,0.037139,27.537580
0.000000,0.000000,12.965019,3.324757,0.000000,1.009344,6.219175,0.034038,25.887658
0.000000,0.000000,12.526149,3.218327,0.000000,1.054413,19.931082,0.042118,24.709320
0.000000,0.000000,13.030064,3.267180,0.000000,1.075653,5.803121,0.032442,39.084781
0.000000,0.000000,12.253257,3.234826,0.000000,1.084898,5.926713,0.028540,24.226917
0.000000,0.000000,11.925485,3.136643,0.000000,1.056307,5.722037,0.414404,23.730137
0.000000,0.000000,12.788515,3.105987,0.000000,1.523853,6.381119,0.073456,24.885649
0.000000,0.000000,17.370423,3.423193,0.000000,1.221372,6.713026,0.102790,30.523417
0.000000,0.000000,19.703777,3.261886,0.000000,1.033553,5.930450,0.032458,33.405920
0.000000,0.000000,14.964079,3.125563,0.000000,1.054750,19.515336,0.037762,26.899671
0.000000,0.000000,13.964473,3.295690,0.000000,1.073043,6.162078,0.028882,39.763142
0.000000,0.000000,12.572509,3.157610,0.000000,0.946736,5.905154,0.034678,24.594233
0.000000,0.000000,11.804004,2.999998,0.000000,1.047537,6.669246,0.497182,23.372850
0.000000,0.000000,12.511972,3.154548,0.000000,1.681198,7.747879,0.090932,25.821645
0.000000,0.000000,13.806510,3.175306,0.000000,1.775568,10.694284,0.110655,29.009348
0.000000,0.000000,16.152644,3.499071,0.000000,1.449743,6.921314,0.449067,34.774779
0.000000,0.000000,13.431169,3.011600,0.000000,1.610856,7.981395,0.079923,39.333498
0.000000,0.000000,13.945205,3.073427,0.000000,1.497295,8.310346,0.082959,29.053642
0.000000,0.000000,13.625338,2.916014,0.000000,0.933350,5.475231,0.300702,28.441659
0.000000,0.000000,13.851465,2.669931,0.000000,1.456770,7.435929,0.073006,24.806136
0.000000,0.000000,12.984383,2.751938,0.000000,1.166786,7.746109,0.084698,26.954094
0.000000,0.000000,19.244729,2.989171,0.000000,1.930586,6.603629,0.336942,33.366736
0.000000,0.000000,16.770070,4.500400,0.000000,1.358220,7.624649,0.070879,35.679679
0.000000,0.000000,12.771304,3.436650,0.000000,1.181264,7.419444,0.078585,27.342211
0.000000,0.000000,16.240545,3.009603,0.000000,1.028370,6.125918,0.271747,30.115586
0.000000,0.000000,16.370723,3.449475,0.000000,1.670466,8.799162,0.081652,28.993875
0.000000,0.000000,12.440552,3.105870,0.000000,1.216020,8.252630,0.076854,28.159583
0.000000,0.000000,16.865420,3.248124,0.000000,1.652479,7.530944,0.064964,32.098349
0.000000,0.000000,13.519200,3.506236,0.000000,1.114157,6.552821,0.037844,32.840849
0.000000,0.000000,13.931967,2.920245,0.000000,1.121823,6.745350,0.034474,26.413721
0.000000,0.000000,14.985747,2.943884,0.000000,1.646162,10.279054,0.054019,27.774627
0.000000,0.000000,12.819119,4.646863,0.000000,1.231971,8.030188,0.394938,31.927522
0.000000,0.000000,12.216375,2.964883,0.000000,2.127268,11.053975,0.148146,27.192723
0.000000,0.000000,13.539482,4.817316,0.000000,2.364197,6.811235,0.408174,35.304773
0.000000,0.000000,13.358492,3.137618,0.000000,2.078825,7.763762,0.081194,41.903457
0.000000,0.000000,14.026746,3.170352,0.000000,1.937252,8.419876,0.064104,29.989210
0.000000,0.000000,13.432032,3.282020,0.000000,1.614741,8.118914,0.056625,29.525940
0.000000,0.000000,13.006521,2.870172,0.000000,1.376976,6.990502,0.047687,28.322108
0.000000,0.000000,14.506298,3.076101,0.000000,1.413502,9.760585,0.061578,28.010364
0.000000,0.000000,14.970205,3.538227,0.000000,1.484039,21.502525,0.049845,32.045194
0.000000,0.000000,11.387258,3.205744,0.000000,1.333366,6.976552,0.045062,39.625756
0.000000,0.000000,10.905798,3.151236,0.000000,1.387823,6.263604,0.050429,24.208859
0.000000,0.000000,11.039071,3.236406,0.000000,1.286823,6.412485,0.328546,23.929687
0.000000,0.000000,11.605957,3.140784,0.000000,1.664207,7.075891,0.105290,24.759524
0.000000,0.000000,13.589527,3.199088,0.000000,1.537892,7.055892,0.679889,27.944544
0.000000,0.000000,12.007711,3.232037,0.000000,1.655547,16.741830,0.078041,27.283396
0.000000,0.000000,13.591772,3.367837,0.000000,3.504877,12.460829,0.598738,37.778720
0.000000,0.000000,11.605665,5.833667,0.000000,1.678657,7.259563,0.099539,36.805822
0.000000,0.000000,10.936621,3.374262,0.000000,1.718383,8.234541,0.370751,25.457146
0.000000,0.000000,14.987155,3.452209,0.000000,1.702345,6.875315,0.285586,31.082856
0.000000,0.000000,13.855884,3.869227,0.000000,2.271573,8.508592,0.392208,28.791447
0.000000,0.000000,15.061055,3.590847,0.000000,2.362742,18.731812,0.090364,32.563885
0.000000,0.000000,11.134388,3.605049,0.000000,1.932323,8.254750,0.101646,38.161313
0.000000,0.000000,13.764661,3.646042,0.000000,1.916850,8.692079,0.406665,30.166893
0.000000,0.000000,12.998047,4.055677,0.000000,1.853081,7.214162,0.068553,30.454221
0.000000,0.000000,13.726321,3.789897,0.000000,2.922804,10.909405,0.000675,28.865340
0.000000,0.000000,11.848074,6.622872,0.000000,2.408740,8.273668,0.159762,34.707784
0.000000,0.000000,9.852041,3.884524,0.000000,1.736826,6.514814,0.286547,33.264943
0.000000,0.000000,8.977783,3.485170,0.000000,1.976986,8.113669,0.093278,22.777563
0.000000,0.000000,9.895692,3.490391,0.000000,2.232453,8.986499,0.372267,25.696896
0.000000,0.000000,11.177411,4.285196,0.000000,1.532019,7.992071,0.047727,29.227960
0.000000,0.000000,10.882076,4.787887,0.000000,1.888695,9.151217,0.434910,27.025074
0.000000,0.000000,13.099245,3.846443,0.000000,1.739769,7.704839,0.134697,30.920253
0.000000,0.000000,10.750085,3.548143,0.000000,1.915905,19.333255,0.314633,26.811409
0.000000,0.000000,10.734968,3.922810,0.000000,1.733601,6.857554,0.054712,37.998356
0.000000,0.000000,10.807406,3.833934,0.000000,2.195033,7.981150,0.310864,25.099454
0.000000,0.000000,11.787570,3.928316,0.000000,1.855305,8.374273,0.116897,28.198038
0.000000,0.000000,12.234393,3.708130,0.000000,1.638678,8.938456,0.112522,28.344709
0.000000,0.000000,11.618494,3.664046,0.000000,4.485482,9.439100,0.463174,27.891385
0.000000,0.000000,11.227983,6.047971,0.000000,1.497859,17.360212,0.115566,34.154832
0.000000,0.000000,9.664719,3.332520,0.000000,1.675332,7.129551,0.096353,33.886482
0.000000,0.000000,10.320933,3.460774,0.000000,1.420761,8.771931,0.353424,24.923166
0.000000,0.000000,10.331757,4.050324,0.000000,1.530934,5.731272,0.043569,26.997225
0.000000,0.000000,10.099334,3.140206,0.000000,1.835920,7.443550,0.088258,22.386548
0.000000,0.000000,10.749630,3.814863,0.000000,1.404097,8.761184,0.105355,25.854442
0.000000,0.000000,10.010845,3.282599,0.000000,1.413817,14.696576,0.385891,25.515395
0.000000,0.000000,9.440448,3.110986,0.000000,1.813945,6.946455,0.055410,31.034587
0.000000,0.000000,10.532167,3.859958,0.000000,1.805929,7.922401,0.088262,24.935261
0.000000,0.000000,10.578793,3.178321,0.000000,1.370426,6.387308,0.083109,25.577021
0.000000,0.000000,10.735667,3.130656,0.000000,1.201970,6.077376,0.353684,23.414005
0.000000,0.000000,10.592314,3.145782,0.000000,1.839366,7.266278,0.095976,23.088994
0.000000,0.000000,15.720469,3.816777,0.000000,2.449204,11.420333,0.146072,30.829294
0.000000,0.000000,17.217421,5.184353,0.000000,1.825924,7.538112,0.089825,42.037305
0.000000,0.000000,11.862116,5.474829,0.000000,1.103825,5.891869,0.316293,29.003510
0.000000,0.000000,11.255442,3.703691,0.000000,1.732279,6.763502,0.069867,23.977182
0.000000,0.000000,13.472233,3.168770,0.000000,1.227981,7.342901,0.088900,26.971579
0.000000,0.000000,12.956105,3.068665,0.000000,1.384054,10.265640,0.100811,27.047824
0.000000,0.000000,11.366767,3.145362,0.000000,1.473245,6.795928,0.034333,28.510959
0.000000,0.000000,10.996151,2.889081,0.000000,1.224420,6.851633,0.030823,33.263138
0.000000,0.000000,12.358408,3.208914,0.000000,1.163262,5.943849,0.026768,25.493682
0.000000,0.000000,9.367765,2.905532,0.000000,1.100572,5.262699,0.026143,20.844555
0.000000,0.000000,9.119579,2.940401,0.000000,1.168472,5.127040,0.024903,20.025065
0.000000,0.000000,9.328067,3.152182,0.000000,1.062315,5.770083,0.031620,20.244247
0.000000,0.000000,10.963855,3.029965,0.000000,1.076706,5.542077,0.292672,22.487581
0.000000,0.000000,9.471790,2.775528,0.000000,1.352944,20.114775,0.077902,20.784577
0.000000,0.000000,10.298368,3.037239,0.000000,1.620437,6.412619,0.093388,36.543791
0.000000,0.000000,11.694348,3.097466,0.000000,1.667882,5.270470,0.031364,24.953535
0.000000,0.000000,10.567873,4.066867,0.000000,1.182764,5.177507,0.027339,25.901605
0.000000,0.000000,9.582698,2.765009,0.000000,1.115365,4.806952,0.338998,20.296274
0.000000,0.000000,9.076268,2.541056,0.000000,1.382443,7.456175,0.130200,19.371760
0.000000,0.000000,16.145040,2.861815,0.000000,1.059001,6.866139,0.074724,29.615751
0.000000,0.000000,13.865332,3.384734,0.000000,1.125160,4.701398,0.026653,27.171482
0.000000,0.000000,12.558251,2.762474,0.000000,1.083435,5.108335,0.271457,22.639850
0.000000,0.000000,9.599111,2.744222,0.000000,1.426905,7.011893,0.080096,20.238209
0.000000,0.000000,14.656753,3.045232,0.000000,1.278398,7.372778,0.081438,28.177228
0.000000,0.000000,10.825695,3.027847,0.000000,1.108873,6.714787,0.036254,24.227853
0.000000,0.000000,13.662646,3.175467,0.000000,1.295985,6.961401,0.031087,26.326262
0.000000,0.000000,10.996654,4.014568,0.000000,1.255474,5.827928,0.315259,25.024445
0.000000,0.000000,10.004948,2.941313,0.000000,1.534286,8.588133,0.067685,30.920926
0.000000,0.000000,10.264700,3.655458,0.000000,1.529614,6.957818,0.059774,25.954650
0.000000,0.000000,9.617929,3.251345,0.000000,1.132564,4.662661,0.328204,23.009410
0.000000,0.000000,9.793034,3.158051,0.000000,1.645455,8.237017,0.065789,20.588591
0.000000,0.000000,9.416057,3.021015,0.000000,1.393038,8.518438,0.127823,24.106620
0.000000,0.000000,10.644589,3.891760,0.000000,1.266527,5.473848,0.306086,26.755105
0.000000,0.000000,9.647623,3.049304,0.000000,1.446344,6.072770,0.046120,28.048021
0.000000,0.000000,10.238695,2.873603,0.000000,1.074348,7.333403,0.081249,22.442566
0.000000,0.000000,10.786601,2.983262,0.000000,1.063742,5.842474,0.020850,24.122726
0.000000,0.000000,10.558465,2.646436,0.000000,0.994653,5.824530,0.020931,21.547044
0.000000,0.000000,10.471483,2.567326,0.000000,0.838593,5.545309,0.301695,21.290711
0.000000,0.000000,9.991091,2.659041,0.000000,1.672643,7.945286,0.090938,20.922652
0.000000,0.000000,10.957704,4.449359,0.000000,1.580337,6.729105,0.062003,27.415135
0.000000,0.000000,10.409336,3.072987,0.000000,1.118538,5.940537,0.272257,32.975454
0.000000,0.000000,9.890697,2.812738,0.000000,1.557224,7.736103,0.073298,21.462261
0.000000,0.000000,11.346204,2.782064,0.000000,1.184740,6.645483,0.064789,25.356306
0.000000,0.000000,10.606447,2.720797,0.000000,1.102692,6.264027,0.242400,22.726792
0.000000,0.000000,10.182905,3.377692,0.000000,1.502456,7.556785,0.077536,22.792385
0.000000,0.000000,11.707318,3.046912,0.000000,1.684561,9.640757,0.093192,25.807059
0.000000,0.000000,16.867181,3.201534,0.000000,1.343749,6.667496,0.029947,33.447340
0.000000,0.000000,12.853105,2.783375,0.000000,1.258411,6.625851,0.031643,30.898356
0.000000,0.000000,9.754549,2.821670,0.000000,1.040890,5.538386,0.023783,22.411374
0.000000,0.000000,10.019054,3.261176,0.000000,1.145570,6.850778,0.034190,21.364703
0.000000,0.000000,9.012755,3.471690,0.000000,1.105060,6.327274,0.027851,22.172126
0.000000,0.000000,9.736467,3.336280,0.000000,1.079430,6.096564,0.025701,22.160760
0.000000,0.000000,9.859016,3.152528,0.000000,1.097833,9.008438,0.043468,21.685105
0.000000,0.000000,10.571215,3.185609,0.000000,1.517342,8.419320,0.064313,25.679196
0.000000,0.000000,11.933001,3.020380,0.000000,1.127631,5.217409,0.024571,38.035612
0.000000,0.000000,9.381979,3.390091,0.000000,1.074110,5.482583,0.245590,20.739124
0.000000,0.000000,10.694350,2.666516,0.000000,1.483395,7.403242,0.068592,21.688860
0.000000,0.000000,11.667959,2.899801,0.000000,1.230004,5.074864,0.264930,25.255487
0.000000,0.000000,10.763543,3.064182,0.000000,1.532016,6.833732,0.078463,21.954768
0.000000,0.000000,12.495448,2.937604,0.000000,1.121668,4.617480,0.259448,25.910911
0.000000,0.000000,10.550574,2.530052,0.000000,1.279029,21.179846,0.078332,23.001020
0.000000,0.000000,10.177591,2.901198,0.000000,1.257879,5.412866,0.026804,37.534807
0.000000,0.000000,9.590670,2.533485,0.000000,1.082870,5.789444,0.023775,20.383562
0.000000,0.000000,9.424599,3.221168,0.000000,1.016360,4.994310,0.023887,21.015852
0.000000,0.000000,9.483575,2.793326,0.000000,0.908549,4.847368,0.035779,19.795368
0.000000,0.000000,9.888008,2.629141,0.000000,1.187966,8.543922,0.041473,20.005025
0.000000,0.000000,14.977630,3.062173,0.000000,1.920531,4.975524,0.022788,29.709442
0.000000,0.000000,11.145135,4.575678,0.000000,1.039679,6.209745,0.022455,26.279969
0.000000,0.000000,10.135715,2.963267,0.000000,1.018910,6.076368,0.021485,21.949528
0.000000,0.000000,9.366483,2.865885,0.000000,0.943287,5.731326,0.021476,20.832761
0.000000,0.000000,9.356912,2.784203,0.000000,0.918116,6.192014,0.024383,20.336017
0.000000,0.000000,9.506382,2.773875,0.000000,0.916692,5.577726,0.037025,21.011885
0.000000,0.000000,9.567729,2.751127,0.000000,1.221893,6.419997,0.024596,20.556487
0.000000,0.000000,13.402039,3.719880,0.000000,1.188059,5.198861,0.021587,26.400390
0.000000,0.000000,9.111673,2.750221,0.000000,0.936259,5.456879,0.272376,27.759355
0.000000,0.000000,10.244891,4.040847,0.000000,1.564722,6.956293,0.066652,22.525883
0.000000,0.000000,9.230557,2.987658,0.000000,1.658322,6.327668,0.077950,22.711721
0.000000,0.000000,9.851662,3.084167,0.000000,1.212287,5.629362,0.039167,23.169812
0.000000,0.000000,9.219389,2.816186,0.000000,1.134447,5.177267,0.025385,20.379163
0.000000,0.000000,9.035066,2.834846,0.000000,1.207535,6.503875,0.046074,19.814383
0.000000,0.000000,9.160996,3.776566,0.000000,1.190295,5.933411,0.026566,22.607637
0.000000,0.000000,9.569726,2.701036,0.000000,0.991581,5.778237,9.122750,24.327070
0.000000,0.000000,10.184911,2.764973,0.000000,1.636221,6.608968,0.082787,30.484891
0.000000,0.000000,9.921662,2.783929,0.000000,1.332020,13.143135,0.078749,23.161543
0.000000,0.000000,9.458201,2.694100,0.000000,1.231269,4.634809,0.039452,29.077971
0.000000,0.000000,9.583125,2.394986,0.000000,1.099191,5.730089,0.243382,19.525375
0.000000,0.000000,9.118274,2.290054,0.000000,1.404076,7.356188,0.091468,20.159589
0.000000,0.000000,10.941543,3.285000,0.000000,1.212860,5.445093,0.036878,25.198935
0.000000,0.000000,10.849213,2.530871,0.000000,1.193260,5.095268,0.060921,26.260744
0.000000,0.000000,10.120656,2.272553,0.000000,1.184919,6.036835,0.389176,20.466913
0.000000,0.000000,10.693354,2.961176,0.000000,1.396765,5.013696,0.062073,23.352081
0.000000,0.000000,10.743012,2.539039,0.000000,1.147233,5.967077,0.075442,21.999390
0.000000,0.000000,9.962198,2.386621,0.000000,1.083041,5.887991,0.032223,21.602865
0.000000,0.000000,10.410305,2.857321,0.000000,1.006996,4.121844,0.227366,22.164486
0.000000,0.000000,11.530302,2.573740,0.000000,1.447157,7.103704,0.369343,21.150601
0.000000,0.000000,12.292730,2.559308,0.000000,1.367926,18.402740,0.250185,27.188349
0.000000,0.000000,8.825697,2.401711,0.000000,1.336431,4.550859,0.185721,33.516949
0.000000,0.000000,9.119710,2.349068,0.000000,1.499167,5.456908,0.055212,19.300667
0.000000,0.000000,11.042183,2.654172,0.000000,1.469546,5.713896,0.061399,22.670473
0.000000,0.000000,10.874442,2.837437,0.000000,1.575128,7.241113,0.028420,22.883956
0.000000,0.000000,9.948410,2.864222,0.000000,1.337847,7.028241,0.054128,23.458912
0.000000,0.000000,8.574285,2.541738,0.000000,1.266091,15.749351,0.032840,21.208497
0.000000,0.000000,8.392955,2.750365,0.000000,1.179179,4.152308,0.268263,29.854852
0.000000,0.000000,7.827034,2.676625,0.000000,1.765122,5.910194,0.084363,17.654307
0.000000,0.000000,8.706403,2.904529,0.000000,1.517287,5.827694,0.069492,21.299704
0.000000,0.000000,8.112579,3.137855,0.000000,1.458950,4.270196,0.029114,20.915776
0.000000,0.000000,8.782287,3.034632,0.000000,1.136908,4.325268,0.023742,19.134110
0.000000,0.000000,7.764664,2.862794,0.000000,1.582953,4.706749,0.029300,17.815780
0.000000,0.000000,8.237133,4.502122,0.000000,1.596533,4.255129,0.025488,20.630428
0.000000,0.000000,8.955730,3.117277,0.000000,1.024520,4.759963,0.040192,25.470030
0.000000,0.000000,8.184979,2.605803,0.000000,0.929991,4.067896,0.276547,18.481840
0.000000,0.000000,7.834784,2.881957,0.000000,1.638909,6.086735,0.064080,17.548859
0.000000,0.000000,10.414922,3.074330,0.000000,1.461035,6.802148,0.086212,23.203845
0.000000,0.000000,8.919021,3.469863,0.000000,1.255540,7.571633,0.046466,22.844604
0.000000,0.000000,8.661441,3.035490,0.000000,1.614859,7.831655,0.053069,22.602216
0.000000,0.000000,7.983727,3.554322,0.000000,1.507256,5.021094,0.032079,23.149635
0.000000,0.000000,8.279871,3.163898,0.000000,1.168768,4.685725,0.029757,31.320791
0.000000,0.000000,7.712143,2.935542,0.000000,1.324982,5.182486,0.045020,18.156842
0.000000,0.000000,8.102846,3.271440,0.000000,1.123069,4.291895,0.274319,19.858463
0.000000,0.000000,7.602628,2.789414,0.000000,1.684608,5.450498,0.097321,17.750269
0.000000,0.000000,9.839864,3.121049,0.000000,1.553716,5.455169,0.056563,22.330781
0.000000,0.000000,11.173843,3.132311,0.000000,1.255140,4.365059,0.066635,23.563737
0.000000,0.000000,7.987880,2.836746,0.000000,0.982847,4.253176,0.300244,20.079693
0.000000,0.000000,7.695693,2.994175,0.000000,1.752611,5.012049,0.082174,17.934603
0.000000,0.000000,7.815475,2.941216,0.000000,1.411748,5.212446,0.089797,19.714494
0.000000,0.000000,9.285159,3.858980,0.000000,1.043310,5.019514,0.089106,22.004958
0.000000,0.000000,8.230159,2.720569,0.000000,1.163043,4.978895,0.053019,19.131848
0.000000,0.000000,8.628405,2.852140,0.000000,1.521510,6.659935,0.042810,19.918800
0.000000,0.000000,8.533187,3.555092,0.000000,1.490616,6.305330,0.029531,22.813158
0.000000,0.000000,7.280355,2.985904,0.000000,1.154399,4.379402,0.038994,28.808559
0.000000,0.000000,7.403825,2.845054,0.000000,1.077292,4.382383,0.025646,17.609776
0.000000,0.000000,8.016664,2.863960,0.000000,1.251724,4.375540,0.026874,18.027500
0.000000,0.000000,7.988768,2.907054,0.000000,1.118365,4.593938,0.030795,18.248235
0.000000,0.000000,8.127206,2.784103,0.000000,1.108710,5.364626,0.344369,18.393446
0.000000,0.000000,9.089139,2.943079,0.000000,1.476499,6.302963,0.143410,20.800341
0.000000,0.000000,10.923518,2.810072,0.000000,1.368240,7.494861,0.162095,23.945941
0.000000,0.000000,14.994788,3.625956,0.000000,1.186292,17.780347,0.248559,30.385195
0.000000,0.000000,11.203714,3.008765,0.000000,1.817413,7.794395,0.262552,35.480875
0.000000,0.000000,10.658074,2.854950,0.000000,1.442099,5.375384,0.244137,25.565205
0.000000,0.000000,11.964506,2.744029,0.000000,1.469816,5.373925,0.180485,24.165257
0.000000,0.000000,11.296819,2.911548,0.000000,1.504799,5.309876,0.235014,23.115346
0.000000,0.000000,9.816530,2.739243,0.000000,1.578776,5.718475,0.247720,21.665425
0.000000,0.000000,11.413717,3.906027,0.000000,2.068849,7.207099,0.642978,25.124114
0.000000,0.000000,10.190352,3.082526,0.000000,1.624461,5.741048,0.265669,33.543978
0.000000,0.000000,10.086299,2.969989,0.000000,1.643044,6.528834,0.237684,22.865720
0.000000,0.000000,11.389537,3.190302,0.000000,1.729965,6.837517,0.358061,24.904547
0.000000,0.000000,13.707585,3.179729,0.000000,1.921647,5.767147,0.051809,27.892504
0.000000,0.000000,9.603624,3.127234,0.000000,1.625636,6.999136,0.075902,22.445475
0.000000,0.000000,12.338668,3.329874,0.000000,1.828876,5.788220,0.324908,26.383665
0.000000,0.000000,9.565284,2.984537,0.000000,1.621050,4.781835,0.046612,27.429776
0.000000,0.000000,10.033352,2.993330,0.000000,1.384529,5.366177,0.077593,21.269399
0.000000,0.000000,8.996691,3.210571,0.000000,1.204381,5.183402,0.421594,20.921447
0.000000,0.000000,9.373504,3.006773,0.000000,1.393534,4.220129,0.039558,21.140298
0.000000,0.000000,8.886624,3.036074,0.000000,1.427380,4.698910,0.290255,19.258502
0.000000,0.000000,11.144855,3.105320,0.000000,1.461367,5.431633,0.137268,22.679318
0.000000,0.000000,9.760138,2.959145,0.000000,1.603748,20.420933,0.098617,22.786619
0.000000,0.000000,9.684441,3.100467,0.000000,0.000000,0.000000,0.000000,36.778632
