#LBA time[ms], KF opt[#], KF fixed[#], MP[#], Edges[#]
0.035344,3,1,0,3410
0.002033,4,1,0,3795
0.666288,5,1,0,4574
0.276000,6,1,0,5350
0.540054,7,1,0,6081
1.047633,8,1,0,6834
0.652104,9,1,0,7696
0.998606,10,1,0,8270
1.636811,11,1,0,8947
1.855486,12,1,0,9589
1.392277,13,1,0,10284
1.274312,14,1,0,10847
1.864356,15,1,0,11672
2.223053,16,1,0,12364
2.253817,17,1,0,13175
2.618184,18,1,0,14115
2.595609,19,1,0,14728
4.200322,6,14,0,7825
4.160864,6,15,0,7526
0.700686,5,17,0,5416
0.879009,5,18,0,4632
0.427336,6,18,0,5138
0.644560,7,18,0,5515
0.618052,8,18,0,6029
0.841896,9,18,0,6867
0.947473,10,18,0,7377
0.729398,11,18,0,7942
0.878225,11,6,0,7793
1.344916,12,6,0,8368
1.125775,13,6,0,8930
1.295228,14,6,0,9438
1.167427,14,7,0,9452
1.806372,16,6,0,10729
1.105244,16,7,0,10972
1.827319,16,8,0,11673
1.541104,18,7,0,12486
2.890853,17,5,0,12237
3.352941,17,6,0,12737
3.580651,16,7,0,12256
4.621367,15,9,0,12255
3.027177,15,10,0,11928
2.337440,16,10,0,12580
2.253159,15,12,0,12256
4.466824,16,12,0,12790
2.595964,14,15,0,12125
3.708205,14,16,0,12360
1.936352,11,20,0,10812
6.137337,10,21,0,9324
2.117972,10,22,0,8981
1.903315,8,25,0,7173
1.450251,9,25,0,7658
1.119945,9,26,0,7591
0.967401,10,26,0,7888
1.331758,9,21,0,6826
1.242695,9,18,0,6736
1.292373,9,19,0,6559
1.031959,10,19,0,6905
1.211316,11,19,0,7308
1.021866,12,19,0,7704
1.205000,10,16,0,6760
1.243705,9,14,0,6545
1.686939,10,14,0,6966
1.196096,9,15,0,6381
1.450558,10,15,0,7008
0.993179,11,15,0,7576
0.790078,10,14,0,7174
1.277263,11,14,0,7728
1.091800,12,14,0,8153
3.023256,13,14,0,8649
1.430050,12,16,0,8331
2.724370,13,16,0,8904
0.955151,12,18,0,8553
1.534254,13,18,0,9259
1.007199,14,18,0,9947
1.945724,15,18,0,10444
1.825566,13,21,0,9481
1.929327,13,22,0,9493
1.584168,12,24,0,9153
1.226661,15,22,0,11220
1.214079,14,24,0,10201
2.201365,14,25,0,10183
1.768193,15,25,0,10655
1.990258,16,25,0,11110
2.480792,15,27,0,10627
3.272992,14,28,0,10003
1.682075,15,28,0,10560
1.854078,14,30,0,10093
2.574963,13,22,0,9935
1.805045,12,23,0,9145
1.356473,11,25,0,9362
1.028961,9,27,0,8230
1.559982,11,26,0,9421
1.219653,8,30,0,8814
2.070557,8,26,0,8086
2.028269,8,27,0,7955
1.202503,9,27,0,8428
1.052174,10,27,0,8895
1.518748,10,26,0,8735
1.729785,11,26,0,9204
1.627492,10,14,0,8309
1.864426,11,14,0,8681
1.673749,12,14,0,9163
2.981173,13,14,0,9551
1.785083,13,15,0,9349
1.512520,13,16,0,9156
1.553432,12,15,0,8586
1.364960,12,16,0,8644
1.339787,12,17,0,8778
1.812619,10,20,0,8008
1.713996,10,21,0,8145
1.420926,10,22,0,8354
1.739687,11,22,0,8793
1.627319,11,23,0,8699
1.746959,11,24,0,8693
1.310586,10,26,0,7880
1.836821,11,26,0,8219
1.514429,12,26,0,8684
1.172212,13,26,0,9258
1.724628,14,26,0,9879
1.508514,13,23,0,9241
1.696825,15,27,0,10369
1.310935,15,23,0,10431
2.655043,16,23,0,11181
2.217973,16,20,0,11279
2.933601,17,20,0,12010
2.545026,15,16,0,11291
2.163052,16,16,0,11971
2.549558,17,16,0,12525
1.797181,15,24,0,11667
2.312967,15,18,0,11727
2.724081,16,18,0,12117
1.758887,15,16,0,12077
3.534725,15,17,0,11793
2.644409,17,16,0,13299
2.727729,17,17,0,13083
3.329357,15,19,0,12795
5.478455,16,20,0,13755
2.978373,12,23,0,10792
5.038071,12,24,0,10978
2.475156,9,25,0,9138
1.972928,9,26,0,9143
2.036625,6,27,0,6675
2.032421,7,27,0,6942
0.816590,7,26,0,6464
1.029835,8,26,0,7082
0.788382,7,20,0,6058
1.176229,7,17,0,5694
0.779302,7,14,0,5398
0.973021,8,14,0,5665
1.297954,9,14,0,6074
1.164205,7,15,0,5203
1.249721,8,15,0,5725
0.813294,9,15,0,6218
0.914680,10,15,0,6737
0.684592,11,15,0,7181
1.415002,11,14,0,7311
1.418459,10,16,0,7314
1.442511,12,15,0,8462
1.318553,14,14,0,9350
2.152513,13,16,0,9325
2.461024,14,16,0,10105
2.019223,15,16,0,10806
1.631737,15,17,0,11353
1.996809,14,19,0,11677
2.124693,13,13,0,11081
1.877239,11,16,0,10053
1.635037,12,16,0,10776
1.348262,8,21,0,8746
1.541027,8,21,0,8952
1.503218,7,21,0,7894
1.173643,8,21,0,8342
0.907850,8,19,0,7863
1.442035,9,19,0,8233
1.705881,9,12,0,7716
1.638509,9,13,0,7283
1.475596,11,12,0,8517
1.675952,11,13,0,8176
1.340237,12,13,0,8520
1.758546,12,10,0,8008
1.664104,13,14,0,9203
1.583504,12,12,0,8641
3.377165,13,12,0,9105
1.258113,13,13,0,9293
1.964968,12,11,0,7944
1.704725,14,10,0,9132
1.008220,12,12,0,8483
1.847190,13,12,0,9189
1.657113,14,12,0,9801
1.328225,15,12,0,10384
1.671176,11,15,0,9177
2.084799,11,16,0,9706
1.128918,9,18,0,9212
1.995675,10,18,0,9805
2.601426,8,21,0,8809
2.196599,8,21,0,8869
1.590173,8,22,0,8982
1.480151,8,22,0,8904
1.250133,9,22,0,9562
1.366565,9,17,0,9316
1.851292,10,17,0,10015
1.942201,11,17,0,10599
1.510332,11,11,0,10403
1.808960,13,17,0,11874
2.104161,13,11,0,11734
2.618997,13,12,0,11804
3.381144,14,12,0,12463
3.516875,14,11,0,12429
2.405077,14,10,0,12288
3.431144,15,10,0,12772
5.756486,14,9,0,12110
3.273213,15,9,0,12647
2.485906,15,9,0,12594
2.323389,13,11,0,11237
4.447734,14,11,0,11837
2.596452,15,11,0,12315
3.848846,12,14,0,10305
2.984182,13,14,0,10732
1.636697,10,18,0,8400
2.317789,11,18,0,9066
1.641664,12,18,0,9519
1.880009,11,18,0,8879
2.081826,12,18,0,9345
2.069982,12,19,0,9228
1.954147,13,19,0,9825
1.898444,13,20,0,9904
2.040069,14,20,0,10594
1.846488,14,21,0,10707
2.044160,13,23,0,10476
2.776429,14,23,0,10941
2.470408,14,23,0,10468
2.270556,13,22,0,10114
2.287990,13,23,0,9919
2.080394,15,25,0,11506
2.069352,14,24,0,10477
2.134474,15,24,0,11081
2.126779,15,25,0,11185
4.931128,16,25,0,11795
5.860122,17,25,0,12313
13.595511,15,28,0,11113
3.573906,15,29,0,11144
2.800398,14,31,0,11367
1.945538,17,29,0,12550
2.528525,13,31,0,11260
2.214663,14,31,0,11992
4.264033,16,33,0,13011
5.610148,15,32,0,12628
6.953334,13,32,0,11289
4.766605,13,28,0,11288
2.279590,13,29,0,11277
3.332082,13,30,0,11282
1.835717,14,30,0,11730
2.051777,12,32,0,10105
5.467529,10,33,0,8352
2.322849,14,32,0,11034
1.468395,9,34,0,7605
5.384527,10,34,0,8085
1.027099,9,36,0,7540
1.559284,10,36,0,7954
1.380658,11,36,0,8382
1.601319,10,33,0,7750
2.194501,12,32,0,8727
1.736673,13,32,0,9450
2.182962,14,32,0,10232
2.150651,13,34,0,9884
2.281714,14,34,0,10245
2.546670,14,29,0,10335
2.658737,15,29,0,11039
1.868406,17,34,0,12286
2.220468,17,29,0,12494
3.298585,12,25,0,10284
6.047512,10,28,0,9570
2.552643,10,29,0,9338
3.602772,6,34,0,7215
2.512618,6,23,0,7237
1.364467,7,23,0,8007
1.791080,8,23,0,8719
1.534632,8,19,0,8129
1.765912,9,19,0,8929
2.487176,10,19,0,9704
1.637180,11,19,0,10394
2.124480,12,19,0,11047
4.276800,13,19,0,11610
18.123067,13,17,0,11361
2.787632,14,17,0,11968
3.251268,15,17,0,12637
4.109238,16,17,0,13370
4.982343,17,17,0,14182
4.889321,18,17,0,14842
3.481349,19,17,0,15573
4.300588,19,9,0,15714
3.898507,20,9,0,16546
2.702830,21,9,0,17226
3.501108,19,12,0,17331
5.756588,17,9,0,14910
5.182832,17,10,0,15133
6.843892,17,11,0,15063
4.182850,16,12,0,14381
18.464509,10,19,0,11180
2.937723,9,21,0,10735
2.899844,7,22,0,8554
2.324147,6,24,0,7389
15.377200,6,25,0,7151
1.452314,7,25,0,7736
1.607243,7,14,0,7095
1.534289,8,14,0,7765
1.302692,9,14,0,8264
1.495013,10,14,0,8824
1.786097,11,14,0,9402
1.892603,11,15,0,9337
3.146434,12,15,0,10001
2.014200,13,15,0,10625
2.339120,14,15,0,11362
2.563337,14,11,0,11265
1.867044,15,11,0,11984
5.458522,11,8,0,10047
20.014084,11,9,0,10335
1.905783,12,9,0,10917
5.022597,12,10,0,11015
3.384526,12,11,0,11033
2.666250,12,12,0,11106
2.681273,10,15,0,9857
5.062331,11,15,0,10445
2.287338,12,15,0,10831
2.834499,9,18,0,8362
6.077164,10,18,0,8899
2.051119,10,19,0,8556
1.870956,9,18,0,7754
2.332511,10,18,0,8215
2.060040,11,18,0,8628
2.273119,9,17,0,7418
1.921671,10,17,0,7972
1.970289,11,17,0,8656
1.991441,13,20,0,9767
2.777416,14,20,0,10204
2.632172,14,17,0,10166
1.979409,15,17,0,10596
3.166908,16,17,0,11214
1.716734,17,17,0,12066
2.565970,18,17,0,12780
2.565456,18,18,0,13393
4.041521,19,18,0,13938
7.429517,20,18,0,14442
4.157459,22,17,0,14939
4.789202,22,18,0,15490
5.416421,23,18,0,16048
8.128225,24,18,0,16611
4.971193,22,21,0,15082
6.750242,26,18,0,17589
3.355803,23,22,0,15943
3.992615,25,21,0,16459
18.297425,24,23,0,15879
3.503993,22,26,0,15107
6.018708,26,23,0,17519
3.613652,23,27,0,15447
5.666655,24,27,0,15859
5.933091,25,27,0,16258
8.868527,26,27,0,16938
5.464687,26,28,0,16906
3.892154,28,27,0,17888
5.971588,24,32,0,16530
4.564057,24,33,0,16845
7.236364,21,36,0,14226
3.748320,23,35,0,15215
4.672004,24,35,0,15828
9.022421,21,39,0,14246
5.583827,20,41,0,13867
4.923726,21,41,0,14536
22.423633,21,42,0,14882
3.956784,19,45,0,14116
6.960337,19,46,0,14514
3.850440,18,33,0,14233
21.395473,13,38,0,12264
6.686077,11,31,0,11401
5.709038,10,32,0,11035
4.353115,10,33,0,10830
3.258248,9,35,0,10118
4.878632,9,30,0,10081
3.452111,8,25,0,8969
3.100168,8,19,0,8180
2.032255,9,19,0,8707
2.030685,9,17,0,8387
1.738386,10,17,0,8951
20.602166,11,17,0,9391
2.722826,12,17,0,9912
2.121556,13,17,0,10381
3.464619,14,17,0,10985
2.514555,14,12,0,11002
27.347721,15,12,0,11491
3.333776,16,12,0,12025
4.957922,11,9,0,8975
5.402099,12,9,0,9841
1.559540,11,10,0,9324
1.880301,10,12,0,9139
1.899811,11,12,0,10251
2.016545,10,13,0,10036
6.696547,11,13,0,10656
2.225190,11,14,0,10594
2.486589,11,15,0,10492
2.330498,11,16,0,10418
25.830094,9,17,0,8948
2.553984,10,17,0,9559
2.360749,9,18,0,8654
5.799709,9,13,0,8688
1.589084,9,14,0,8623
2.650499,9,15,0,8508
2.865596,10,15,0,9199
2.090973,11,15,0,9818
2.672891,12,15,0,10367
2.872866,12,13,0,10257
3.948825,13,13,0,10917
2.589478,12,12,0,10206
3.140579,13,12,0,10862
2.113142,14,12,0,11487
2.190054,15,12,0,12131
2.013090,16,12,0,12762
2.511622,17,12,0,13522
18.421332,18,12,0,14265
2.909934,19,12,0,14851
4.586461,19,10,0,14821
27.732516,20,10,0,15370
3.153987,21,10,0,15955
4.517679,22,10,0,16684
5.776342,22,9,0,16681
25.375854,24,10,0,17960
3.702426,24,9,0,17974
6.060903,23,11,0,18406
5.910368,21,10,0,16678
3.569378,23,10,0,18281
3.691670,25,12,0,20654
5.654234,24,10,0,19040
8.432284,22,13,0,18271
10.406327,23,13,0,19103
6.099102,22,14,0,18525
5.683217,19,18,0,17460
5.116682,18,20,0,16442
6.671362,16,23,0,15418
8.727410,17,23,0,16009
3.389348,16,25,0,15465
3.530896,17,25,0,16119
38.890520,15,27,0,14620
7.011140,15,28,0,14922
6.272274,15,29,0,15470
2.826021,16,29,0,16019
7.760014,15,31,0,14436
29.039579,14,33,0,13285
3.071732,15,33,0,13888
6.472283,16,33,0,14448
4.967997,16,34,0,14136
4.170224,15,33,0,13049
6.607261,15,34,0,12911
6.319440,16,34,0,13427
30.276359,17,34,0,13964
5.729914,17,35,0,13938
5.073082,17,36,0,13765
4.101076,18,36,0,14326
5.814406,19,36,0,14875
3.584586,14,41,0,11823
5.087068,18,38,0,13945
2.588947,19,38,0,15762
3.420840,17,41,0,13367
25.396717,18,41,0,14034
6.724168,18,42,0,14231
6.058075,17,44,0,14160
4.635762,18,44,0,14300
6.096310,17,46,0,13659
4.442779,17,31,0,13599
6.514774,18,31,0,14043
7.715243,19,31,0,14485
4.382019,20,31,0,15066
3.586419,18,34,0,14113
3.511108,16,37,0,13158
4.929762,17,37,0,13583
7.465659,18,37,0,14049
7.579969,16,40,0,12674
6.531213,17,40,0,13160
4.629843,16,42,0,11916
5.056629,18,41,0,12867
3.866671,17,43,0,12204
4.541165,19,42,0,13649
3.771342,21,41,0,15659
4.358147,22,41,0,16360
5.066580,22,42,0,15728
6.724142,21,44,0,14981
6.061321,19,29,0,13875
31.063322,17,29,0,13158
5.584073,11,35,0,10989
5.447702,11,36,0,11325
77.838481,12,36,0,11977
7.096836,6,24,0,7835
7.350812,7,24,0,8679
3.262020,7,24,0,8530
5.756387,8,24,0,9147
5.478826,9,24,0,9760
7.731940,10,24,0,10229
7.367592,10,16,0,9806
66.798796,10,13,0,9452
6.974522,10,14,0,9241
5.358614,11,14,0,9761
4.267071,12,14,0,10309
5.152763,12,6,0,10038
48.400466,13,6,0,10501
2.970687,13,7,0,10945
9.639367,13,8,0,10700
4.375691,14,8,0,11249
2.687619,14,9,0,11496
3.752989,13,9,0,9817
5.465240,14,9,0,10529
4.252032,15,9,0,11125
5.216639,16,9,0,11847
3.018212,16,10,0,12027
22.892069,17,10,0,12830
4.378023,17,11,0,12947
41.615968,18,11,0,13738
73.147611,18,12,0,13997
22.510811,19,12,0,14623
6.320159,21,11,0,16015
8.536311,21,12,0,15949
37.591651,20,13,0,15537
43.368411,21,13,0,16087
34.763794,22,13,0,16816
26.785069,21,15,0,17155
7.321789,21,16,0,17849
6.991218,23,15,0,18452
14.614868,21,18,0,17655
7.809841,18,21,0,16278
30.283726,13,27,0,12623
6.144723,14,27,0,13226
28.701739,12,30,0,11513
36.704492,14,29,0,12736
2.613930,14,30,0,12428
8.995479,16,29,0,13704
6.625660,14,31,0,12579
42.616549,13,30,0,12566
5.922060,12,29,0,10868
7.257015,12,30,0,10993
3.709285,13,30,0,11683
129.657362,12,31,0,10486
6.856092,13,31,0,11108
4.459011,13,32,0,11327
6.357817,13,20,0,11277
5.386080,12,20,0,10872
4.294058,13,20,0,11815
27.156652,14,19,0,12356
39.280368,14,20,0,12277
110.919275,16,19,0,13252
5.365758,14,22,0,12206
5.448323,15,22,0,12597
3.803597,16,22,0,12999
8.692113,15,24,0,13243
2.690881,14,23,0,11562
4.541540,14,24,0,11280
5.522375,14,25,0,10857
6.315038,15,25,0,11553
6.373287,16,25,0,12240
4.976977,17,25,0,12899
63.757992,18,25,0,13440
3.061249,14,22,0,10732
6.639756,18,27,0,14266
3.092250,15,23,0,11360
3.870454,16,23,0,11847
6.230878,14,26,0,10863
38.996560,13,24,0,10511
5.742782,14,24,0,11009
3.630576,15,24,0,11609
3.180882,16,24,0,12077
4.273637,14,27,0,11673
7.041742,14,28,0,10641
3.784103,17,26,0,13422
3.978272,18,26,0,14391
5.120979,16,29,0,13548
28.184960,19,27,0,15069
3.549982,15,32,0,11055
38.246194,17,31,0,12014
2.566183,18,31,0,12331
4.465152,20,30,0,13434
9.268971,19,32,0,12948
34.819545,18,34,0,12524
45.788684,16,36,0,11872
3.539277,13,33,0,10439
4.905806,12,35,0,10051
2.877881,12,36,0,10268
4.753070,12,37,0,10574
4.268485,12,37,0,10507
4.896070,10,37,0,10091
3.381562,10,38,0,9768
3.771723,11,38,0,10222
44.191596,11,39,0,10011
3.281437,11,40,0,9496
2.642515,12,40,0,9950
2.613448,12,14,0,9650
3.350489,13,14,0,10309
6.532792,13,15,0,10403
6.728819,14,15,0,11076
5.041111,14,14,0,10992
2.561774,14,15,0,11260
3.512839,15,15,0,12093
2.569111,15,15,0,12045
6.192913,16,15,0,12754
2.990959,17,15,0,13422
4.874642,18,15,0,14087
7.452263,18,16,0,14214
39.505593,19,16,0,14863
4.904787,20,16,0,15627
6.629581,21,16,0,16335
3.731140,22,16,0,17013
6.899980,23,16,0,17640
39.902801,23,15,0,17866
7.059030,24,15,0,18478
9.143359,25,15,0,19082
8.480763,23,17,0,18686
11.465587,24,17,0,19217
4.164508,24,13,0,18688
13.345227,25,13,0,19128
9.580218,21,16,0,17358
7.504936,24,14,0,19017
8.956156,21,18,0,18017
6.717183,17,23,0,14742
41.367464,19,22,0,16523
4.508737,15,25,0,12961
9.373742,12,26,0,10373
4.361732,11,27,0,9503
7.938812,14,26,0,11688
2.831348,12,28,0,10091
7.871535,14,27,0,11270
4.644604,13,29,0,10523
4.093583,11,32,0,9042
8.804928,11,32,0,8860
2.717097,11,33,0,8585
3.211699,12,33,0,8920
42.840228,11,35,0,8129
3.516498,11,36,0,8010
3.273414,9,33,0,6509
2.790689,9,18,0,6369
4.887599,10,18,0,6727
3.750499,11,18,0,7127
3.446223,12,18,0,7635
5.333112,13,18,0,8130
1.999826,13,19,0,8274
7.192974,14,19,0,8703
4.423167,15,19,0,9074
43.785606,16,19,0,9493
45.357068,14,21,0,8557
3.758566,14,18,0,8373
3.676696,14,19,0,8445
2.194329,15,19,0,8962
2.918084,13,22,0,8152
6.135996,12,19,0,7899
3.590359,15,22,0,9078
2.506016,12,19,0,8012
5.886010,14,20,0,9010
1.628950,13,20,0,8782
3.791501,13,21,0,8906
4.433273,14,21,0,9613
3.031926,14,22,0,10005
45.657741,14,22,0,10115
5.048496,15,22,0,10740
8.687104,16,22,0,11493
3.891301,17,22,0,12131
4.072072,17,23,0,12445
4.082393,18,23,0,12901
3.678946,19,23,0,13334
6.580717,16,27,0,11968
4.388467,15,28,0,11371
4.830538,15,29,0,11236
40.698189,16,29,0,11616
39.926296,16,30,0,11622
4.797969,16,25,0,11638
3.540283,16,26,0,11799
6.887008,16,27,0,12283
2.889269,13,31,0,10489
3.335397,10,28,0,8650
2.540866,10,29,0,9121
3.276910,9,26,0,8631
48.756741,10,26,0,9045
48.380976,7,19,0,7216
6.839203,7,19,0,6829
4.368465,8,19,0,7288
5.319266,9,19,0,7798
55.214358,10,19,0,8477
4.425869,10,13,0,8480
4.659804,11,13,0,9123
2.472970,12,13,0,9805
4.642982,13,13,0,10388
5.436653,13,14,0,10346
3.507937,13,15,0,10155
3.009025,13,6,0,10091
6.165066,14,6,0,10682
3.424003,14,6,0,10812
3.905438,15,6,0,11283
7.902743,16,6,0,11750
3.444415,16,7,0,11598
4.669987,17,7,0,12263
2.765097,18,7,0,13007
11.112660,18,7,0,13117
4.652803,18,8,0,13686
3.281783,19,8,0,14194
4.163220,19,9,0,13847
10.359521,18,11,0,13248
5.213732,18,12,0,13009
6.597402,20,11,0,15020
5.719215,20,12,0,14532
48.521929,18,15,0,13227
8.973746,13,20,0,10761
6.618068,9,24,0,9727
47.026177,6,28,0,8808
4.135974,5,30,0,6451
3.661732,6,30,0,7227
1.358598,7,30,0,7621
3.296233,8,30,0,8425
3.712137,8,28,0,8357
7.236441,9,28,0,8819
2.761897,10,28,0,9396
4.338148,11,28,0,9977
3.659970,12,28,0,10513
2.964243,13,28,0,10930
2.601643,13,13,0,10328
4.076753,14,13,0,10771
5.067711,15,13,0,11113
3.616265,16,13,0,11629
4.492247,17,13,0,12136
3.892156,18,13,0,12353
3.219014,19,13,0,13085
48.148021,20,13,0,13591
10.160536,21,13,0,14135
9.683604,22,13,0,14867
4.315995,22,13,0,14805
4.640948,23,13,0,15290
4.515029,24,13,0,15834
6.966594,25,13,0,16291
7.495188,26,13,0,16788
5.420135,25,8,0,16665
5.271982,25,16,0,17578
49.527741,23,10,0,16695
13.878459,17,15,0,12500
49.583982,20,14,0,14144
4.911939,18,16,0,13131
44.512418,14,20,0,11795
6.056329,15,20,0,11667
7.477735,14,22,0,10749
5.562943,13,24,0,10156
5.181756,16,22,0,11690
2.196489,15,24,0,11248
50.587667,16,24,0,11564
4.255010,16,25,0,11582
5.821934,11,31,0,8651
5.728060,10,33,0,8229
2.240426,8,28,0,7463
2.585823,9,28,0,7844
2.713693,10,28,0,8374
2.030148,10,29,0,8497
2.845905,11,29,0,8985
2.776130,11,24,0,8993
2.856280,11,25,0,8716
3.848799,12,25,0,9211
3.841664,12,26,0,9404
3.087651,12,25,0,8937
2.773362,13,25,0,9561
3.961860,13,24,0,9468
3.128410,13,25,0,9549
3.173984,14,25,0,10130
3.337518,12,24,0,9399
3.759985,13,24,0,9818
3.078877,14,24,0,10183
2.916267,13,26,0,9638
6.891029,14,26,0,9900
3.038656,14,27,0,9761
3.981287,15,27,0,9845
6.733434,14,27,0,8874
5.133910,15,27,0,9122
2.975039,13,30,0,8433
3.813401,4,24,0,4991
8.100561,4,22,0,4791
1.406594,4,18,0,4399
1.692838,5,18,0,4931
2.329692,5,6,0,4808
4.208868,6,6,0,5257
3.777057,7,6,0,5715
2.647267,8,6,0,6233
2.738502,9,6,0,6793
2.263146,10,6,0,7391
3.163471,11,6,0,8085
3.980370,12,6,0,8829
4.731877,12,4,0,8972
5.469680,11,4,0,8754
8.659975,12,4,0,9358
6.294787,13,4,0,9922
6.254592,12,5,0,9779
54.106378,13,5,0,10289
3.216643,16,4,0,11535
3.354640,15,5,0,11308
50.290907,16,5,0,11741
5.703780,16,6,0,11927
4.377989,16,7,0,12134
4.184053,16,8,0,12251
5.944125,18,7,0,13188
3.582323,21,6,0,14518
4.279516,19,8,0,13414
3.438868,22,6,0,14583
5.586659,21,8,0,14305
6.269952,22,8,0,14935
3.371163,23,8,0,16061
12.542577,24,8,0,16663
8.826955,23,10,0,17119
6.619446,21,13,0,15667
5.566543,22,13,0,16204
4.291573,24,12,0,16794
6.638699,24,13,0,17524
15.548172,23,15,0,16480
11.850974,24,15,0,17764
54.811942,23,17,0,16005
17.502535,25,16,0,16891
12.498932,26,16,0,17372
20.060765,23,19,0,15793
18.138888,22,21,0,15474
8.777100,21,23,0,15231
11.265502,20,25,0,15166
6.546420,20,26,0,15709
13.503937,17,30,0,14657
19.945153,18,30,0,15382
19.185759,17,32,0,14101
12.901630,17,33,0,14179
8.769003,18,33,0,14808
53.042398,16,36,0,14225
5.704844,13,40,0,12002
5.106404,14,40,0,12568
4.081123,15,40,0,13161
8.417538,16,40,0,13848
7.050964,17,40,0,14606
4.956060,17,41,0,14560
4.230504,17,42,0,14317
8.958292,17,43,0,13954
10.656066,18,43,0,14534
8.916782,17,43,0,13250
12.189271,17,35,0,13286
4.538427,17,36,0,13779
11.262906,18,36,0,14481
8.697365,18,27,0,14504
11.296518,20,36,0,15517
7.803118,18,28,0,14474
6.140477,19,28,0,15016
8.464651,20,28,0,15584
7.645151,15,31,0,13614
52.596692,14,30,0,11766
10.903794,14,31,0,11766
10.231874,14,32,0,11737
6.031424,15,32,0,12094
8.335917,15,32,0,11678
5.339811,16,32,0,11939
8.003316,16,33,0,12094
10.948158,16,31,0,11976
10.994364,16,32,0,11799
8.073875,16,33,0,11585
8.432426,13,31,0,9513
12.057587,15,30,0,10430
5.853773,16,30,0,10718
59.387105,16,31,0,10392
7.647510,18,30,0,11084
56.093640,15,26,0,9737
7.760662,14,27,0,9215
8.113571,12,28,0,8045
6.194101,13,28,0,8599
3.060782,13,29,0,8816
2.804098,14,29,0,9492
5.302394,15,29,0,10282
3.722799,16,29,0,10563
8.223286,16,30,0,10542
3.932507,17,30,0,11024
4.123411,18,30,0,11521
7.722389,16,32,0,10984
15.754592,14,32,0,10810
4.342438,14,27,0,11225
4.245453,14,28,0,11737
2.980686,19,30,0,13515
9.864358,21,32,0,14394
49.731027,21,30,0,14739
12.709273,17,29,0,13896
7.269471,21,35,0,15988
8.726287,20,34,0,15605
6.451242,21,34,0,16599
16.571330,19,31,0,16706
12.092979,20,31,0,17349
7.422644,17,32,0,16180
11.628692,17,33,0,15820
8.077966,17,34,0,15784
10.013771,18,34,0,16488
8.514603,19,34,0,17143
60.475311,19,33,0,17586
18.236828,20,33,0,17942
16.387532,18,36,0,16272
21.686665,20,35,0,17541
14.054661,17,39,0,13900
11.172932,16,41,0,13340
15.520457,17,41,0,13846
13.219472,18,41,0,14358
9.664544,17,38,0,14349
13.768782,17,39,0,13811
12.303274,18,39,0,14310
8.500195,14,37,0,11330
15.475686,14,38,0,11056
5.130025,15,38,0,11793
4.813022,15,39,0,12127
57.963875,16,39,0,12708
8.646292,17,39,0,13441
11.553934,14,42,0,11314
9.513145,16,41,0,12550
10.691543,16,42,0,13035
10.541858,17,42,0,13893
10.535396,17,43,0,13610
51.353581,18,43,0,14076
10.616807,16,38,0,12672
8.917596,12,42,0,10776
21.231987,11,34,0,10206
59.415489,7,32,0,7837
5.719786,7,27,0,7862
3.134885,7,28,0,8087
5.531594,7,22,0,7779
9.561498,8,22,0,8450
7.214977,9,22,0,9205
7.654232,10,22,0,9912
2.904797,10,20,0,9655
6.111547,11,20,0,10283
8.517769,11,12,0,10238
64.233460,11,13,0,10382
7.221165,12,13,0,10963
8.075693,13,13,0,11467
11.568668,13,6,0,11181
52.695754,13,7,0,11109
54.233125,14,7,0,11778
2.995520,14,8,0,12355
61.317030,16,7,0,13203
3.401490,15,8,0,12835
68.688349,14,9,0,11785
8.183558,13,11,0,10815
2.604107,9,14,0,8250
7.957492,11,13,0,9319
2.922390,11,14,0,9148
5.273052,11,14,0,8815
5.667032,12,14,0,9125
4.519186,12,15,0,8383
5.294834,11,17,0,7406
3.480837,14,15,0,9413
3.527843,12,18,0,7916
3.866529,12,19,0,8038
2.163776,12,20,0,8275
2.406957,14,19,0,9171
2.853434,12,22,0,8463
6.591393,11,22,0,7438
5.112618,9,22,0,6655
3.233898,11,23,0,7904
2.875532,12,23,0,8413
5.222366,13,23,0,8911
7.175528,14,23,0,9462
5.293300,14,22,0,9501
2.332969,15,22,0,10130
3.084998,15,23,0,10243
4.862352,12,24,0,8873
2.632735,14,26,0,10360
3.906961,13,21,0,9353
8.033811,15,24,0,10272
4.450434,14,22,0,9706
2.435243,12,20,0,9169
5.061198,12,21,0,9370
3.889728,11,23,0,8840
3.614109,12,23,0,9325
3.007563,13,23,0,9795
3.633097,11,25,0,8649
6.692966,13,24,0,9811
7.063808,13,25,0,9852
4.094388,12,27,0,9413
2.683810,13,27,0,9954
3.680658,12,27,0,9986
4.938759,12,22,0,9376
2.360283,11,28,0,8911
2.942958,9,20,0,8041
3.678810,9,30,0,8141
3.089313,10,33,0,8587
3.055839,11,28,0,8892
3.379107,12,28,0,9392
3.959604,12,29,0,9164
6.765560,11,23,0,8228
7.345724,12,23,0,8761
3.385482,12,18,0,8496
11.427286,15,22,0,10191
3.416206,16,22,0,10692
9.140537,15,18,0,9923
4.824624,15,17,0,9922
6.069224,16,17,0,10412
3.033394,15,19,0,9812
5.653714,16,19,0,10271
5.028883,18,18,0,11291
7.222464,16,21,0,10362
2.753130,15,23,0,10618
3.979342,14,23,0,9069
3.949750,15,23,0,9394
2.724472,14,25,0,9107
6.963747,15,25,0,9583
2.369115,13,28,0,8800
6.057018,16,26,0,10270
4.073586,16,27,0,10689
3.082561,14,26,0,9305
7.307240,14,27,0,9311
3.346472,16,26,0,10544
6.327147,15,28,0,9835
4.480842,12,32,0,8301
3.911182,12,33,0,8028
2.754796,11,35,0,7474
2.729962,10,37,0,7155
3.022820,10,38,0,7108
3.191346,10,37,0,6885
3.253192,10,38,0,6544
2.990641,10,26,0,6350
3.227745,11,26,0,6792
2.885523,11,27,0,6834
3.319175,10,24,0,6839
8.674857,10,25,0,6659
3.064570,10,26,0,6785
4.945992,11,26,0,7282
2.779952,12,26,0,7837
4.440967,13,26,0,8357
6.304567,14,26,0,8743
5.749415,14,24,0,8489
6.315775,15,24,0,9046
3.589631,13,27,0,8191
2.167927,12,14,0,8158
9.252283,9,17,0,7095
2.095302,9,18,0,7278
2.687054,10,18,0,7649
3.684102,11,18,0,7822
3.123163,11,19,0,7623
3.188649,12,19,0,7875
3.389316,13,19,0,8125
3.570982,14,19,0,8327
4.793881,11,21,0,6543
4.915540,11,22,0,6414
2.753872,6,17,0,4649
8.266902,6,16,0,4526
3.239916,7,16,0,5092
1.348678,8,16,0,5540
2.197432,7,16,0,5457
3.691675,8,16,0,6141
4.178011,8,16,0,6250
5.550716,7,17,0,6244
6.559201,8,17,0,6913
6.796145,8,17,0,7130
2.965585,9,17,0,7689
3.152988,10,17,0,8119
2.442672,10,13,0,8114
2.517753,10,11,0,7936
5.192896,10,11,0,7735
3.527445,11,11,0,8254
2.970681,10,10,0,7551
7.030120,10,11,0,7487
2.907358,10,9,0,6819
4.874881,11,9,0,7158
2.066656,12,9,0,7804
4.691378,12,9,0,7386
5.123223,14,9,0,8449
5.994913,13,10,0,7891
3.468448,14,10,0,8398
4.016256,12,13,0,7661
7.652251,13,13,0,8249
2.673664,11,14,0,7717
4.798009,13,13,0,8654
6.883008,12,15,0,8414
3.685427,12,16,0,8527
5.194080,13,16,0,9074
3.478675,14,16,0,9633
8.395182,14,17,0,9937
6.850711,14,18,0,10223
8.585854,15,18,0,10752
5.674111,16,18,0,11279
6.587780,13,20,0,10065
4.991405,14,20,0,10642
3.737287,15,20,0,11188
4.179607,16,20,0,11848
9.201015,17,20,0,12530
7.170147,16,21,0,12182
62.295090,18,21,0,13348
9.645494,18,21,0,13422
5.448296,17,21,0,13000
63.517616,16,20,0,12737
9.855925,17,20,0,13553
8.962568,16,22,0,13248
4.325087,16,23,0,13531
4.734714,16,24,0,13670
5.218243,16,25,0,13789
5.220402,16,26,0,13967
7.092136,17,26,0,14591
5.109740,15,25,0,13924
64.471719,14,24,0,12839
64.233364,15,24,0,13543
5.056555,16,24,0,14058
9.030146,16,24,0,14124
7.377977,16,25,0,14039
4.513572,14,21,0,12392
65.949199,15,21,0,12986
62.730432,16,21,0,13514
13.233302,17,21,0,14078
5.395520,17,22,0,13849
69.476655,18,22,0,14367
72.133140,19,22,0,15331
6.374857,19,21,0,14183
5.158810,20,21,0,14726
67.453771,20,22,0,14702
10.144582,19,24,0,14089
12.697806,20,24,0,14663
13.763519,19,26,0,14042
75.495037,18,28,0,13667
58.804151,16,31,0,12159
62.487639,18,30,0,13303
7.478005,18,31,0,13255
70.376158,18,32,0,13192
14.220415,19,32,0,13707
54.667512,15,32,0,11799
14.782593,15,33,0,11799
6.980044,13,29,0,11033
5.265545,15,33,0,12010
12.025838,15,29,0,12012
7.603900,16,29,0,12483
4.206266,13,30,0,10871
11.716561,15,29,0,11915
6.739281,15,30,0,12094
69.039810,16,30,0,12728
63.752327,14,31,0,12031
7.707058,13,30,0,11272
7.151689,13,28,0,11092
9.802775,13,29,0,10394
11.484962,14,29,0,10849
10.080544,12,24,0,9751
7.372734,10,23,0,8575
11.886469,10,22,0,8467
9.090697,10,23,0,8380
5.618542,12,22,0,9423
3.950846,12,25,0,9367
5.834860,13,25,0,9835
10.108805,12,27,0,10050
10.513483,14,24,0,10398
8.803886,14,25,0,10925
8.964784,14,19,0,10529
3.813975,15,19,0,11149
4.258566,16,19,0,11836
8.583245,14,21,0,10967
70.573547,14,17,0,11017
4.246387,15,17,0,11648
5.777390,14,18,0,11076
5.589314,14,19,0,11135
8.446947,14,20,0,11169
4.428895,13,22,0,10810
11.844701,11,23,0,9890
8.182536,11,24,0,9780
10.638570,7,24,0,6457
8.087308,9,27,0,7494
3.393991,8,25,0,6583
3.540292,8,26,0,6292
6.609344,9,26,0,6617
3.415621,10,26,0,7079
8.130460,10,18,0,7022
4.960947,12,26,0,8162
3.753930,12,18,0,8036
8.977171,13,18,0,8572
4.047135,12,17,0,8141
6.257340,12,16,0,8358
4.709119,14,17,0,9373
4.151139,14,16,0,9517
9.894887,15,16,0,9923
5.131483,17,17,0,10798
10.810551,17,16,0,10989
5.110329,18,16,0,11489
3.618880,18,17,0,11649
8.156777,17,19,0,11636
10.351485,18,19,0,12227
9.987993,19,19,0,12660
11.074346,18,21,0,12543
4.876897,17,23,0,12112
9.388695,17,24,0,11945
11.380387,18,24,0,12522
6.776964,19,24,0,13161
13.167369,16,28,0,11641
4.682468,16,29,0,11964
7.812553,16,30,0,12481
7.062797,13,33,0,10684
10.445682,13,33,0,10573
9.860287,10,36,0,8921
10.136324,8,27,0,7408
6.353987,9,27,0,7672
3.961721,10,27,0,8042
3.134464,10,23,0,7805
6.253968,8,23,0,6364
9.656703,7,13,0,5559
4.117743,7,13,0,5506
2.201625,9,13,0,6419
2.113493,9,13,0,6497
4.006105,10,13,0,7144
3.435603,10,14,0,7347
4.291463,11,14,0,7870
8.011146,12,14,0,8417
5.712555,11,13,0,8130
2.808886,10,12,0,7968
6.736285,13,13,0,9432
4.003860,13,14,0,9588
3.473439,13,12,0,9837
11.189613,13,13,0,10009
3.834224,14,13,0,10504
5.353614,15,13,0,10898
2.878309,15,14,0,10953
3.107922,16,14,0,11423
5.257219,15,16,0,11052
12.588633,11,21,0,9615
7.870739,8,22,0,7297
5.218235,7,24,0,6876
3.666288,8,24,0,7291
3.067391,8,24,0,7092
3.864860,9,24,0,7407
3.004481,9,25,0,7324
3.856107,10,25,0,7671
4.491091,11,25,0,8106
4.626762,12,25,0,8778
7.456815,11,25,0,7935
3.579837,12,25,0,8296
11.296417,12,26,0,8382
6.389001,13,26,0,8922
3.272827,13,26,0,8866
6.450985,11,29,0,8430
8.800093,12,29,0,8975
2.554860,11,31,0,9117
5.824368,11,32,0,9539
5.810717,11,33,0,9235
11.923559,11,28,0,9161
5.287536,12,28,0,9783
3.550705,11,30,0,9376
10.005515,8,22,0,7641
3.792080,6,19,0,6536
8.417692,7,19,0,6958
2.721456,6,20,0,6470
4.369117,6,21,0,6587
7.447936,7,21,0,7485
6.018042,8,21,0,8107
5.233187,8,22,0,7852
4.828418,8,23,0,7888
2.866670,7,25,0,7444
4.160274,7,15,0,7698
2.856017,5,8,0,6567
5.562175,5,8,0,6424
3.953668,5,7,0,6262
10.226452,6,7,0,6849
3.559989,7,7,0,7410
3.880872,8,7,0,7927
11.725027,8,7,0,7585
3.004286,9,7,0,8052
5.863206,10,7,0,8661
3.627901,11,7,0,9201
3.344573,11,6,0,9165
6.907066,12,6,0,9801
6.676820,13,6,0,10368
9.608813,14,6,0,10938
86.177766,15,6,0,11508
78.668325,16,6,0,12140
76.317620,16,4,0,12240
18.733114,15,5,0,11880
9.571144,17,5,0,13384
6.729787,14,8,0,11492
79.928797,15,8,0,12057
7.531094,14,10,0,12416
5.709865,13,11,0,11282
7.060828,14,11,0,11661
4.683827,12,14,0,10247
13.333071,12,15,0,10146
7.724487,9,19,0,7808
8.969922,10,19,0,8255
3.133634,9,20,0,7384
6.469936,8,22,0,6516
12.654213,9,22,0,7010
3.345377,10,22,0,7628
3.511063,11,22,0,8252
8.763809,11,23,0,8267
11.001024,12,23,0,8672
8.714300,13,23,0,9193
4.897139,12,25,0,8852
3.399025,13,25,0,9326
3.361664,11,28,0,8867
9.970958,13,27,0,9633
5.749192,8,21,0,7086
6.739559,6,21,0,5725
3.049983,6,22,0,5461
4.935974,6,23,0,5223
1.765186,6,24,0,5024
6.307604,6,17,0,4853
2.352217,6,17,0,4660
6.704740,8,17,0,5121
3.935096,7,16,0,4497
10.455584,7,14,0,4538
2.107498,6,11,0,4268
7.917104,7,10,0,4556
1.854983,8,11,0,5280
4.446207,9,10,0,5952
4.860314,10,10,0,6401
11.369142,10,11,0,6781
8.194422,11,11,0,7322
11.433315,11,11,0,7612
7.973861,11,11,0,7848
8.214792,10,13,0,7578
4.546537,10,13,0,7723
8.089371,11,13,0,8256
3.202443,12,13,0,8698
8.347289,13,13,0,9155
11.817002,13,14,0,9431
12.267149,14,14,0,10055
8.703009,12,15,0,9924
7.884788,14,14,0,10595
7.729582,13,16,0,9720
13.317157,14,16,0,10168
9.353768,13,18,0,9691
4.733150,14,18,0,10009
7.858522,11,19,0,8298
6.941288,9,22,0,7185
9.462160,7,24,0,6041
9.339910,8,24,0,6491
3.674074,8,25,0,6422
3.826438,9,25,0,6650
10.000360,10,25,0,6895
2.807556,13,24,0,8374
8.133578,13,24,0,8008
16.232773,13,25,0,8305
2.817634,13,26,0,8533
7.277199,17,24,0,10796
9.281440,15,26,0,9302
10.247698,16,26,0,9651
12.711246,13,30,0,8443
12.544632,17,27,0,10251
7.003230,17,28,0,10651
7.718407,19,27,0,11233
4.514410,15,27,0,9477
13.917474,15,27,0,10026
9.879676,17,26,0,10733
13.586826,17,27,0,11122
14.982437,13,30,0,9836
6.235119,13,31,0,10026
11.275298,14,31,0,10461
7.856072,14,32,0,10496
9.324227,14,33,0,10547
6.931970,17,31,0,12022
8.608058,17,32,0,12087
7.880928,16,34,0,12068
15.432962,18,33,0,12558
15.557347,17,35,0,12009
6.583958,18,35,0,12464
8.671090,21,33,0,13827
8.345863,20,35,0,13238
85.485619,22,34,0,14086
75.161395,21,36,0,13591
86.309027,20,38,0,12935
15.094381,21,38,0,13472
8.122129,15,38,0,10734
87.131113,18,36,0,12183
9.654997,15,38,0,9972
11.733102,16,38,0,10370
8.194306,13,42,0,9153
14.713769,10,45,0,7939
4.375191,12,45,0,9668
7.594488,6,23,0,6504
14.003655,7,23,0,6870
12.339916,6,22,0,6143
12.675882,6,21,0,5713
13.467238,6,11,0,5262
8.802168,6,8,0,5180
9.479036,7,8,0,5571
2.436096,7,8,0,6178
3.862831,8,8,0,6799
11.922757,9,8,0,7540
11.734216,9,7,0,7851
8.467805,10,7,0,8528
3.093746,10,5,0,8676
13.182654,12,7,0,9852
13.605530,12,5,0,9865
7.637044,13,5,0,10282
7.825638,13,5,0,10287
13.578436,14,5,0,10770
7.500689,15,5,0,11353
7.271931,16,5,0,11857
5.643169,17,5,0,12387
14.668431,16,7,0,12824
6.689230,15,8,0,11499
6.164450,16,8,0,11975
7.440447,17,8,0,12532
85.388244,16,9,0,11665
89.506836,16,10,0,11789
9.268534,15,11,0,11223
9.988609,16,11,0,11761
8.320738,13,15,0,10290
14.699465,13,15,0,10290
9.032981,14,15,0,10806
6.173778,15,15,0,11233
8.499205,14,17,0,10903
7.041249,14,18,0,10324
12.706171,14,19,0,10332
11.794932,14,20,0,10027
11.609403,13,22,0,9228
9.284408,13,23,0,8896
13.830836,16,21,0,10976
10.423515,14,23,0,9193
6.680601,15,23,0,9730
6.995495,15,24,0,9848
5.871128,16,24,0,10606
13.578777,16,25,0,10851
8.158135,18,24,0,12059
4.079260,18,25,0,12382
15.047104,17,27,0,11934
8.907052,17,28,0,12212
16.330896,16,30,0,12526
15.910687,14,33,0,11723
11.089348,15,33,0,12342
5.059022,15,34,0,12670
15.737666,16,34,0,13142
11.255088,15,36,0,12954
11.008725,14,38,0,12919
6.628523,13,40,0,11851
6.923300,16,38,0,13897
14.990672,16,39,0,13783
11.177765,14,42,0,12196
93.207669,10,47,0,8882
8.416659,10,48,0,8638
7.523649,10,49,0,8570
12.683365,10,50,0,8346
11.922939,11,50,0,8710
14.370561,11,44,0,8681
14.352797,10,45,0,7889
12.285375,9,33,0,6788
13.537840,10,35,0,7376
4.723410,7,39,0,6268
13.214984,7,40,0,6211
9.075640,8,38,0,6537
11.496516,7,37,0,6333
8.898810,6,39,0,5131
9.533144,6,40,0,4987
5.084645,6,41,0,4980
2.152209,8,39,0,5571
2.172085,9,38,0,5938
4.062705,10,38,0,6261
4.152475,11,37,0,6572
4.696257,12,37,0,6930
13.381127,13,37,0,7361
6.356616,14,37,0,7739
10.488114,15,37,0,8235
14.457770,16,37,0,8759
13.798678,17,37,0,9233
13.939373,18,37,0,9785
7.752621,18,38,0,10045
12.240496,18,39,0,10001
12.434844,20,38,0,10710
8.628402,20,39,0,10716
7.641617,21,39,0,11191
15.541908,20,41,0,10858
5.066865,23,39,0,12080
9.047319,23,40,0,12833
14.428469,22,41,0,12359
12.029823,21,43,0,12600
6.329125,16,23,0,10963
90.822330,16,24,0,10898
16.560475,17,24,0,11639
9.255930,14,28,0,10793
4.432021,14,29,0,11424
16.913210,14,30,0,11810
7.567152,15,30,0,12525
89.679104,16,30,0,13134
6.117781,17,30,0,13827
4.368042,12,36,0,12769
8.111284,11,34,0,11375
13.787292,12,34,0,12010
16.252418,-1643220128,622548720,0,1610612736
11.293461,1079583241,1087973723,0,1082861727
