#Stereo rect[ms], MP culling[ms], MP creation[ms], LBA[ms], KF culling[ms], Total[ms]
80.123733,0.081637,1.107451,0.035344,0.035344,81.400797
7.190634,0.118714,3.068286,0.002033,0.002033,10.382831
7.205975,0.512646,3.398170,0.666288,0.666288,25.755364
6.648336,0.425326,4.417695,0.276000,0.276000,23.818065
6.401397,0.357032,5.249290,0.540054,0.540054,27.907449
7.029653,0.395084,7.887324,1.047633,1.047633,41.098999
8.546282,0.527254,7.820117,0.652104,0.652104,38.233487
6.346569,0.319951,8.028844,0.998606,0.998606,42.305119
8.956019,0.325505,10.663891,1.636811,1.636811,61.556507
7.044042,0.445744,9.888777,1.855486,1.855486,47.190175
6.345791,0.449750,10.231540,1.392277,1.392277,47.618410
6.489926,0.505738,11.432486,1.274312,1.274312,54.630537
6.751474,0.506904,10.709107,1.864356,1.864356,57.261581
6.877301,0.528914,12.434921,2.223053,2.223053,68.031409
6.959375,0.447461,12.524731,2.253817,2.253817,72.953002
6.515532,0.502303,12.988443,2.618184,2.618184,76.249745
7.332073,0.535123,13.201083,2.595609,2.595609,78.624534
6.259912,0.607213,12.224666,4.200322,4.200322,101.255866
6.426236,0.606427,12.517245,4.160864,4.160864,99.922934
6.019854,0.635231,8.456350,0.700686,0.700686,38.641378
6.936563,0.784469,8.614769,0.879009,0.879009,39.751166
6.098797,0.757317,7.633428,0.427336,0.427336,30.627442
5.474789,0.646519,7.611067,0.644560,0.644560,31.850886
6.034450,0.702102,8.472019,0.618052,0.618052,35.410968
6.395060,0.589937,11.900791,0.841896,0.841896,43.054280
6.833654,0.715841,10.265064,0.947473,0.947473,37.790479
6.501440,0.691200,10.852299,0.729398,0.729398,40.800419
6.682086,0.873868,11.483901,0.878225,0.878225,44.436246
6.112008,0.735738,10.505141,1.344916,1.344916,44.953550
6.730534,0.734919,11.046830,1.125775,1.125775,48.293572
6.803637,0.655575,11.482311,1.295228,1.295228,51.070941
6.220648,0.642281,11.573203,1.167427,1.167427,51.593215
6.693629,0.578643,11.250789,1.806372,1.806372,53.357593
6.326734,0.629180,11.723699,1.105244,1.105244,52.893033
6.793205,0.568544,12.120306,1.827319,1.827319,62.567790
6.765796,0.557524,12.258382,1.541104,1.541104,61.881546
6.922505,0.550575,12.340328,2.890853,2.890853,71.735018
7.680468,0.615348,13.929239,3.352941,3.352941,92.255716
6.728919,0.615672,13.087986,3.580651,3.580651,84.309117
6.706978,0.609835,13.478102,4.621367,4.621367,91.779479
6.586232,0.603692,12.989631,3.027177,3.027177,82.408145
7.151717,0.581086,12.727957,2.337440,2.337440,80.944289
6.459132,0.748036,12.594431,2.253159,2.253159,77.522583
6.508805,0.671134,13.466415,4.466824,4.466824,100.638703
7.497372,0.758845,13.928445,2.595964,2.595964,96.464276
7.046001,0.747084,13.196783,3.708205,3.708205,91.520761
6.442987,0.773507,12.456898,1.936352,1.936352,77.651540
6.602883,0.717568,14.841236,6.137337,6.137337,106.056043
8.643794,1.027691,13.406596,2.117972,2.117972,76.833076
6.490680,0.872927,12.140955,1.903315,1.903315,54.118514
6.478713,0.822536,11.967622,1.450251,1.450251,51.709988
6.566292,0.989540,11.479612,1.119945,1.119945,43.853514
5.979304,0.919464,12.105857,0.967401,0.967401,46.493601
6.437830,0.902031,13.318583,1.331758,1.331758,49.642894
6.291075,0.900987,12.590771,1.242695,1.242695,47.853984
6.601726,0.967990,10.705313,1.292373,1.292373,44.148701
6.310343,0.960738,10.686524,1.031959,1.031959,41.663991
6.720626,0.866286,10.704125,1.211316,1.211316,42.934392
6.460128,0.989881,11.503237,1.021866,1.021866,43.075458
6.151899,0.869248,12.372505,1.205000,1.205000,45.988889
6.194113,0.846657,12.220979,1.243705,1.243705,46.313418
6.317165,0.850005,10.550989,1.686939,1.686939,45.901727
6.358203,0.868216,11.040368,1.196096,1.196096,42.498653
6.267614,0.736262,11.352566,1.450558,1.450558,48.794366
6.671450,0.817119,10.959333,0.993179,0.993179,40.813383
5.987086,0.770242,11.247369,0.790078,0.790078,42.769118
6.735809,0.777284,11.488458,1.277263,1.277263,45.904685
5.693757,0.942278,10.714926,1.091800,1.091800,42.032428
6.583466,0.725006,12.243988,3.023256,3.023256,58.150245
6.093007,0.718607,12.595006,1.430050,1.430050,49.174742
6.833729,0.819016,13.992145,2.724370,2.724370,64.448697
6.504397,0.615800,11.927619,0.955151,0.955151,48.160689
6.143584,0.794358,11.931793,1.534254,1.534254,50.594622
6.641133,0.724866,11.929818,1.007199,1.007199,49.074542
6.634060,0.723504,11.781983,1.945724,1.945724,58.174493
6.834613,0.803797,12.322126,1.825566,1.825566,60.688129
6.975868,0.720498,12.361535,1.929327,1.929327,61.600115
6.667949,0.811315,12.771171,1.584168,1.584168,58.321966
6.350361,0.724058,12.890419,1.226661,1.226661,56.102895
6.507971,0.868822,12.792534,1.214079,1.214079,54.360138
7.263253,0.743657,13.389723,2.201365,2.201365,67.022870
6.319808,0.630945,13.162513,1.768193,1.768193,57.995576
6.820279,0.635727,13.346941,1.990258,1.990258,59.608512
7.065251,0.845586,13.947655,2.480792,2.480792,72.660435
6.559910,0.675459,16.791659,3.272992,3.272992,77.253690
6.239118,0.832285,13.998241,1.682075,1.682075,72.292824
6.543580,0.642659,14.009102,1.854078,1.854078,64.451286
5.842747,0.803063,13.008621,2.574963,2.574963,65.647825
6.677970,0.839708,12.122004,1.805045,1.805045,57.851261
6.873542,0.818756,11.346054,1.356473,1.356473,55.411636
6.478576,0.857448,11.903826,1.028961,1.028961,53.224318
6.766002,1.082679,12.097642,1.559982,1.559982,54.612480
6.785528,1.030329,11.064546,1.219653,1.219653,53.098519
8.430235,0.914288,13.184534,2.070557,2.070557,65.428381
7.705917,1.205445,10.629160,2.028269,2.028269,54.075131
6.957392,1.100557,11.172529,1.202503,1.202503,48.429282
6.646416,0.999535,11.352493,1.052174,1.052174,48.516079
6.212896,0.974086,10.869693,1.518748,1.518748,48.734345
6.816682,0.933067,10.734865,1.729785,1.729785,52.009646
6.410419,1.117747,11.265587,1.627492,1.627492,51.335696
6.527780,0.981618,12.567263,1.864426,1.864426,55.370939
6.632097,0.984439,12.155471,1.673749,1.673749,51.366349
7.633546,0.927009,12.333125,2.981173,2.981173,60.536826
7.353668,1.080165,13.665208,1.785083,1.785083,59.246683
6.709054,1.120767,12.923153,1.512520,1.512520,58.385956
7.326142,0.795919,12.866273,1.553432,1.553432,56.540844
7.104453,0.807053,12.962627,1.364960,1.364960,56.479687
8.188397,0.691534,13.457888,1.339787,1.339787,53.927151
7.159857,0.752828,13.463525,1.812619,1.812619,54.505277
6.959078,0.779694,13.320432,1.713996,1.713996,54.391129
6.549643,0.842079,13.194312,1.420926,1.420926,52.597507
6.502021,0.844631,16.036014,1.739687,1.739687,55.932937
6.735334,0.958734,13.901120,1.627319,1.627319,57.156380
6.852360,0.942446,12.761594,1.746959,1.746959,62.087814
6.491132,1.015639,12.863264,1.310586,1.310586,60.775826
6.488539,0.874521,13.031979,1.836821,1.836821,59.208409
6.447315,0.850584,12.216433,1.514429,1.514429,48.172319
6.720519,0.830185,12.570294,1.172212,1.172212,51.763683
6.455489,0.822221,12.397134,1.724628,1.724628,52.670914
6.329768,0.895638,12.608839,1.508514,1.508514,56.817898
6.376921,0.831796,12.165424,1.696825,1.696825,59.267787
7.022504,0.808401,12.787119,1.310935,1.310935,62.767548
6.891625,0.838011,14.010117,2.655043,2.655043,70.600724
6.557985,0.664318,13.680071,2.217973,2.217973,63.253304
7.025584,0.861655,13.889660,2.933601,2.933601,76.623021
7.956102,0.689101,13.450290,2.545026,2.545026,69.846784
7.662135,0.772549,12.938295,2.163052,2.163052,75.308522
6.910579,0.928852,13.712120,2.549558,2.549558,68.776276
7.317343,0.937724,13.392089,1.797181,1.797181,73.901822
7.100779,0.885287,13.351311,2.312967,2.312967,79.633141
6.755075,1.042989,13.383499,2.724081,2.724081,75.949004
7.239311,0.909328,13.735206,1.758887,1.758887,73.346407
6.928218,0.875611,15.379904,3.534725,3.534725,83.271877
6.939959,0.893723,13.847023,2.644409,2.644409,79.959157
7.479470,0.803368,13.853938,2.727729,2.727729,73.276593
7.127703,0.702135,13.743211,3.329357,3.329357,89.109535
7.004298,0.736671,13.640628,5.478455,5.478455,85.253513
7.072840,0.769268,13.461692,2.978373,2.978373,77.251614
7.126573,0.950786,13.293786,5.038071,5.038071,93.068001
8.115710,0.914425,13.485933,2.475156,2.475156,74.345123
8.094208,1.164607,13.623735,1.972928,1.972928,68.182373
7.567926,0.948854,11.913063,2.036625,2.036625,56.097307
7.627497,1.077852,12.183136,2.032421,2.032421,60.171426
7.650140,1.072206,12.221284,0.816590,0.816590,43.930484
7.338450,1.240339,10.963484,1.029835,1.029835,44.181401
7.460460,1.179318,10.534109,0.788382,0.788382,42.589593
7.056057,1.296263,10.716534,1.176229,1.176229,46.195900
7.701612,1.393665,9.885884,0.779302,0.779302,40.715935
8.652529,1.262616,10.013554,0.973021,0.973021,41.992907
6.645604,0.991931,8.067993,1.297954,1.297954,38.269708
6.437105,1.574370,9.296791,1.164205,1.164205,40.729791
6.304618,1.093138,12.179433,1.249721,1.249721,49.883341
6.315519,1.029039,8.650622,0.813294,0.813294,34.144887
6.608141,0.961084,9.691480,0.914680,0.914680,37.220412
6.862971,0.898116,11.107018,0.684592,0.684592,41.872711
6.654131,0.964022,11.890594,1.415002,1.415002,44.816731
6.870652,0.814633,12.800529,1.418459,1.418459,47.840974
8.504874,1.150913,16.095311,1.442511,1.442511,59.774846
6.937204,0.666935,11.551690,1.318553,1.318553,46.552491
8.046151,0.869918,12.829240,2.152513,2.152513,57.201339
7.091202,0.880732,13.412543,2.461024,2.461024,61.896682
7.090070,0.838594,13.809592,2.019223,2.019223,62.083461
8.021106,0.812414,13.797895,1.631737,1.631737,64.854335
7.880768,0.737943,13.856508,1.996809,1.996809,68.910645
7.057221,0.810912,14.140837,2.124693,2.124693,70.889294
7.660733,0.709952,14.201548,1.877239,1.877239,71.235410
7.592168,0.789581,13.854348,1.635037,1.635037,66.140751
7.612290,0.846906,13.105391,1.348262,1.348262,60.692585
7.418425,0.751767,12.924854,1.541027,1.541027,66.377915
7.524971,0.886573,10.863642,1.503218,1.503218,50.405401
6.836359,0.798500,10.686023,1.173643,1.173643,50.602037
6.951317,1.012894,10.662097,0.907850,0.907850,45.668570
7.356140,1.116771,10.994745,1.442035,1.442035,49.171933
5.923511,0.962040,9.371068,1.705881,1.705881,58.638370
6.904645,1.223764,10.420457,1.638509,1.638509,48.953834
6.518095,1.101173,13.371178,1.475596,1.475596,57.707558
7.562270,1.021698,11.203191,1.675952,1.675952,49.004473
7.681539,1.120849,11.312568,1.340237,1.340237,53.329694
7.271436,0.949151,12.355509,1.758546,1.758546,60.708257
9.208196,1.259801,12.453808,1.664104,1.664104,59.215130
6.554566,1.093218,10.989153,1.583504,1.583504,61.357068
6.544168,0.997310,11.698512,3.377165,3.377165,65.397763
6.729373,1.011185,12.258067,1.258113,1.258113,53.014144
7.701634,1.033893,12.632892,1.964968,1.964968,58.614844
7.391974,1.050814,13.205228,1.704725,1.704725,58.483781
6.570680,0.873887,18.190801,1.008220,1.008220,59.744837
6.551698,0.842402,12.125757,1.847190,1.847190,59.558743
6.934700,0.913353,12.802326,1.657113,1.657113,53.241432
7.256015,0.825316,12.745376,1.328225,1.328225,56.948550
7.862338,0.755056,13.611624,1.671176,1.671176,61.877098
6.464417,0.754891,12.077678,2.084799,2.084799,70.306740
6.591586,0.693677,11.398715,1.128918,1.128918,52.850744
8.384426,0.892974,12.392763,1.995675,1.995675,59.612823
6.380317,0.715404,9.924134,2.601426,2.601426,55.854152
6.395651,0.834372,10.476869,2.196599,2.196599,53.991745
6.891589,1.212184,10.217433,1.590173,1.590173,51.873409
6.430416,0.887338,8.849343,1.480151,1.480151,47.063312
7.177334,0.963467,10.354017,1.250133,1.250133,51.112928
8.390675,0.927965,9.387626,1.366565,1.366565,51.026259
6.472186,1.025589,9.095048,1.851292,1.851292,69.081709
6.650015,1.006354,9.348213,1.942201,1.942201,56.848578
6.911161,0.931955,10.099357,1.510332,1.510332,56.563177
7.068725,1.261761,11.190624,1.808960,1.808960,62.361635
7.768567,1.011670,11.543577,2.104161,2.104161,61.745104
7.732986,1.297697,12.419506,2.618997,2.618997,76.187800
8.472483,0.895549,12.112996,3.381144,3.381144,73.491656
13.213445,0.864920,12.653665,3.516875,3.516875,84.180048
7.391762,0.966615,18.839717,2.405077,2.405077,108.753452
6.518946,0.941503,10.837401,3.431144,3.431144,89.685780
6.562461,1.115112,10.992979,5.756486,5.756486,83.965915
6.788643,1.018389,11.068224,3.273213,3.273213,81.959815
7.729948,1.206731,12.814520,2.485906,2.485906,80.624748
8.085483,1.390672,13.072226,2.323389,2.323389,84.127135
6.777817,1.105615,15.503661,4.447734,4.447734,91.454330
6.735221,1.118074,11.719460,2.596452,2.596452,77.901036
6.566682,1.357483,12.002860,3.848846,3.848846,80.929122
6.918292,1.104723,12.149501,2.984182,2.984182,76.166580
8.455056,1.158840,13.652768,1.636697,1.636697,66.375161
6.397584,1.786194,14.116975,2.317789,2.317789,67.920603
6.249058,1.387195,11.473444,1.641664,1.641664,61.845057
6.581311,1.043557,11.852108,1.880009,1.880009,56.094591
7.687655,1.469946,13.510946,2.081826,2.081826,61.520534
6.975055,1.007910,11.872178,2.069982,2.069982,68.142973
6.556514,1.024439,11.516055,1.954147,1.954147,56.384341
7.634680,1.098595,12.901223,1.898444,1.898444,59.421651
7.810521,1.110228,12.700527,2.040069,2.040069,64.211560
11.035937,0.922070,12.707479,1.846488,1.846488,69.251087
6.515799,1.005789,11.907557,2.044160,2.044160,72.894259
6.491670,1.162509,11.639921,2.776429,2.776429,75.953642
6.848166,1.166728,11.854665,2.470408,2.470408,65.116454
7.903853,1.072766,12.782634,2.270556,2.270556,69.334196
13.267877,1.011041,13.769049,2.287990,2.287990,76.056418
6.762247,1.255822,12.123375,2.080394,2.080394,66.881247
6.732202,1.305821,12.194198,2.069352,2.069352,62.482393
8.153791,1.268839,13.203199,2.134474,2.134474,71.771653
16.087700,0.997056,14.654894,2.126779,2.126779,80.294861
7.118648,1.001838,12.462424,4.931128,4.931128,91.251575
6.902426,1.147426,12.593060,5.860122,5.860122,77.938822
6.753151,0.971181,12.301557,13.595511,13.595511,91.637726
8.048133,1.156074,13.771064,3.573906,3.573906,84.556231
7.459698,1.507860,14.474505,2.800398,2.800398,74.233287
8.297941,1.195492,13.516855,1.945538,1.945538,73.713791
7.137269,1.363189,15.071603,2.528525,2.528525,75.287013
6.771249,1.096017,21.170236,2.214663,2.214663,105.328664
6.947441,1.045859,12.366265,4.264033,4.264033,75.157288
6.865061,0.969842,12.389135,5.610148,5.610148,101.507021
7.121175,1.283707,13.804420,6.953334,6.953334,90.209505
8.189539,1.718291,16.937998,4.766605,4.766605,101.283193
7.110256,1.214045,12.560067,2.279590,2.279590,89.521201
7.089091,1.352377,12.373279,3.332082,3.332082,75.286513
7.862066,1.134820,12.308041,1.835717,1.835717,70.441836
8.245386,1.419802,12.856744,2.051777,2.051777,70.911237
6.451670,1.323814,12.602881,5.467529,5.467529,87.007653
6.982753,1.408155,12.022417,2.322849,2.322849,66.954005
7.575072,1.351494,11.661618,1.468395,1.468395,52.932026
15.362386,1.071164,13.413037,5.384527,5.384527,86.644375
6.925931,1.105829,11.134070,1.027099,1.027099,48.992937
8.100684,1.220059,11.941081,1.559284,1.559284,53.271644
6.590650,1.088635,10.968716,1.380658,1.380658,63.148551
6.227092,1.538877,11.422106,1.601319,1.601319,49.778929
7.689025,1.193465,12.633944,2.194501,2.194501,55.409293
14.539664,0.999189,13.079697,1.736673,1.736673,61.283559
6.730539,0.997645,12.057409,2.182962,2.182962,63.797503
7.197687,1.052834,13.447031,2.150651,2.150651,61.225841
8.154045,1.006572,12.570634,2.281714,2.281714,66.495264
8.036029,1.903246,15.724009,2.546670,2.546670,73.004536
6.874777,1.160414,11.885773,2.658737,2.658737,81.106961
16.068809,0.888371,13.536551,1.868406,1.868406,79.827035
7.009474,0.976821,12.163792,2.220468,2.220468,67.189768
8.575040,0.808664,13.467475,3.298585,3.298585,89.899106
7.057055,0.788349,12.426963,6.047512,6.047512,89.951897
8.066392,0.943499,12.544662,2.552643,2.552643,66.067242
7.066759,0.987382,16.124892,3.602772,3.602772,76.430281
6.539571,1.057137,10.506638,2.512618,2.512618,57.026555
7.710556,0.967335,9.208416,1.364467,1.364467,43.285440
6.047038,0.698409,8.717885,1.791080,1.791080,43.130828
6.053561,0.852949,9.147963,1.534632,1.534632,45.442307
8.297401,0.925381,10.590720,1.765912,1.765912,52.487249
6.701701,0.894655,9.367706,2.487176,2.487176,51.903618
6.761074,1.100113,10.202351,1.637180,1.637180,54.562716
8.285726,0.950277,12.158114,2.124480,2.124480,60.159671
7.312864,0.954958,11.234196,4.276800,4.276800,93.962588
6.961056,0.882581,11.141175,18.123067,18.123067,81.404807
8.136048,1.105467,13.196816,2.787632,2.787632,77.271881
6.699211,0.926123,11.323694,3.251268,3.251268,80.536532
7.147068,0.862917,11.887629,4.109238,4.109238,95.684417
8.642331,0.773064,13.673159,4.982343,4.982343,96.724143
8.123393,0.967108,14.090079,4.889321,4.889321,98.341142
7.263465,0.750536,12.863998,3.481349,3.481349,128.199211
6.694863,0.713828,12.601703,4.300588,4.300588,109.975957
7.712195,0.658990,14.741869,3.898507,3.898507,136.689304
19.165303,0.693652,14.909974,2.702830,2.702830,131.864798
7.035288,0.787420,13.088466,3.501108,3.501108,130.918001
8.280339,0.909825,13.250285,5.756588,5.756588,145.190918
7.276657,1.362627,14.208553,5.182832,5.182832,150.216285
7.430070,0.981489,13.703149,6.843892,6.843892,126.740392
7.109217,0.942595,13.495435,4.182850,4.182850,124.401144
8.590674,1.127297,14.368922,18.464509,18.464509,124.475141
7.565335,0.996807,12.813752,2.937723,2.937723,123.457917
7.036666,1.098252,11.450935,2.899844,2.899844,72.857446
8.267506,0.911722,11.344385,2.324147,2.324147,62.773126
6.330074,1.056047,9.056244,15.377200,15.377200,62.381592
18.933203,1.344975,9.232694,1.452314,1.452314,59.679513
6.284726,1.120346,8.284927,1.607243,1.607243,42.819758
15.953772,1.058465,7.862199,1.534289,1.534289,57.499824
6.705701,1.132928,8.219826,1.302692,1.302692,42.844802
7.046390,1.531157,10.058357,1.495013,1.495013,49.192453
6.403375,1.208736,9.409137,1.786097,1.786097,52.076791
7.273197,1.196637,9.729810,1.892603,1.892603,52.375497
20.104047,1.185290,11.588016,3.146434,3.146434,93.948476
6.761466,1.135196,10.287127,2.014200,2.014200,55.508374
8.122844,1.293926,11.261368,2.339120,2.339120,63.341416
8.292975,1.163859,10.860060,2.563337,2.563337,67.448477
7.187156,1.905003,12.355406,1.867044,1.867044,73.977598
7.192504,1.164776,10.683206,5.458522,5.458522,86.293373
7.117678,1.100908,10.876447,20.014084,20.014084,94.068779
8.415461,1.353060,11.567634,1.905783,1.905783,63.984789
17.704907,1.044491,12.861462,5.022597,5.022597,89.400234
6.893325,1.203552,11.149922,3.384526,3.384526,79.473329
7.252889,1.395968,11.556630,2.666250,2.666250,67.188479
7.685095,1.411720,13.794956,2.681273,2.681273,71.358689
20.042637,1.161978,13.688468,5.062331,5.062331,101.650761
7.263834,1.102531,11.694494,2.287338,2.287338,71.672398
7.261309,1.123396,11.239168,2.834499,2.834499,63.777315
19.058503,1.039125,13.261670,6.077164,6.077164,92.754239
7.019658,1.161208,10.326732,2.051119,2.051119,52.509585
7.133489,1.272000,12.497913,1.870956,1.870956,58.879860
6.496967,1.495799,11.583512,2.332511,2.332511,69.249797
7.296475,1.577988,12.317262,2.060040,2.060040,54.475149
7.022349,1.134094,11.123586,2.273119,2.273119,71.114372
7.933168,1.663524,13.297338,1.921671,1.921671,59.532738
7.016130,1.206020,10.447416,1.970289,1.970289,50.252948
6.556607,1.209700,11.495113,1.991441,1.991441,55.206139
8.340399,1.413706,13.083116,2.777416,2.777416,61.983082
6.771849,1.067402,12.493187,2.632172,2.632172,68.843764
7.796637,1.370850,13.735967,1.979409,1.979409,67.983983
6.569247,1.171296,12.404513,3.166908,3.166908,72.386258
7.708822,1.536189,13.768661,1.716734,1.716734,70.170983
6.614570,1.193142,11.349513,2.565970,2.565970,80.587065
8.684779,1.504856,13.008466,2.565456,2.565456,83.815187
7.108721,1.063613,11.622527,4.041521,4.041521,106.470313
9.021131,1.389851,12.774718,7.429517,7.429517,99.156813
21.337078,0.985958,12.256753,4.157459,4.157459,129.837614
6.949933,1.155627,11.966095,4.789202,4.789202,114.105133
7.951367,1.108047,13.630751,5.416421,5.416421,147.948251
7.909825,0.980785,15.312452,8.128225,8.128225,152.812451
7.059965,1.174592,12.532918,4.971193,4.971193,135.375769
8.226118,1.552899,13.246704,6.750242,6.750242,158.052727
7.169532,1.303731,12.303466,3.355803,3.355803,131.094558
7.755753,1.271896,13.056194,3.992615,3.992615,159.011130
21.002693,1.202669,12.998239,18.297425,18.297425,161.443992
7.325193,1.287518,12.653614,3.503993,3.503993,142.161684
7.579676,1.240153,13.450117,6.018708,6.018708,155.994949
7.653836,1.125533,12.097221,3.613652,3.613652,130.821759
7.200259,1.224243,12.281418,5.666655,5.666655,146.903921
8.567888,1.022683,13.794324,5.933091,5.933091,154.289204
8.233248,1.174603,15.248581,8.868527,8.868527,157.063319
7.162275,1.129231,13.706215,5.464687,5.464687,141.681015
7.442999,0.963076,14.208219,3.892154,3.892154,141.920743
7.739270,1.478449,16.942576,5.971588,5.971588,157.020903
7.714491,1.017610,14.575839,4.564057,4.564057,155.458501
7.859764,0.872472,13.959676,7.236364,7.236364,139.982752
7.861155,0.916897,15.502071,3.748320,3.748320,150.634913
7.009042,0.951258,13.962811,4.672004,4.672004,118.698288
7.588394,0.983931,13.871432,9.022421,9.022421,132.423324
7.832042,1.132157,15.721599,5.583827,5.583827,146.229602
7.102129,0.800929,13.828198,4.923726,4.923726,116.631144
7.284439,0.843230,13.840962,22.423633,22.423633,114.425179
23.906351,0.685087,15.690609,3.956784,3.956784,139.709629
7.237152,1.006973,14.395025,6.960337,6.960337,122.890584
22.454938,1.239552,14.445717,3.850440,3.850440,133.030614
9.077776,1.100557,14.285529,21.395473,21.395473,128.207712
7.821743,0.908652,12.606745,6.686077,6.686077,114.735703
7.103703,1.200832,12.832550,5.709038,5.709038,89.590233
21.184892,1.361033,12.919118,4.353115,4.353115,97.236187
7.316014,1.112724,12.189431,3.258248,3.258248,66.551883
21.462536,0.941730,13.181798,4.878632,4.878632,92.495902
6.912131,1.243855,11.980551,3.452111,3.452111,68.034196
6.821851,1.043578,10.394010,3.100168,3.100168,68.510856
7.970801,1.377708,11.165399,2.032255,2.032255,57.104191
7.116697,1.035539,9.391402,2.030685,2.030685,61.480715
8.202209,1.380893,11.915331,1.738386,1.738386,57.062884
6.892245,1.026334,10.413386,20.602166,20.602166,70.963889
21.953149,0.904162,12.185380,2.722826,2.722826,79.471279
7.196519,1.149445,12.792100,2.121556,2.121556,60.339111
6.818902,0.898588,11.493812,3.464619,3.464619,65.573565
7.074555,1.163694,13.185739,2.514555,2.514555,67.508186
6.667752,0.902035,11.760853,27.347721,27.347721,92.269511
6.222803,0.980693,11.756636,3.333776,3.333776,70.672841
7.492147,1.018786,13.939518,4.957922,4.957922,78.923841
6.083227,0.876557,11.496176,5.402099,5.402099,75.556700
6.294173,0.890169,11.605243,1.559540,1.559540,66.640792
21.452688,0.753603,12.014168,1.880301,1.880301,80.940479
7.234480,1.405512,13.122364,1.899811,1.899811,60.061601
6.587438,1.161467,12.084326,2.016545,2.016545,57.020053
7.056660,0.908642,12.561052,6.696547,6.696547,89.397083
7.742553,1.223039,12.321325,2.225190,2.225190,63.550972
6.626070,1.044700,12.052021,2.486589,2.486589,65.510962
6.887772,1.101879,32.497115,2.330498,2.330498,103.727067
6.919859,1.022436,12.578932,25.830094,25.830094,87.766631
7.596604,1.052369,12.794652,2.553984,2.553984,66.662728
6.214851,0.947334,9.967999,2.360749,2.360749,52.697026
26.786673,0.787088,10.791454,5.799709,5.799709,89.026089
7.238358,0.846124,10.339271,1.589084,1.589084,52.458604
6.623769,0.829292,9.040338,2.650499,2.650499,66.216468
22.299195,0.854206,10.483119,2.865596,2.865596,72.588169
7.721534,0.920084,11.420685,2.090973,2.090973,55.100321
6.739911,0.958746,10.272101,2.672891,2.672891,68.611792
24.665261,1.207790,11.296634,2.872866,2.872866,89.702131
7.456032,1.563587,12.217006,3.948825,3.948825,75.147674
6.660532,1.046920,11.116250,2.589478,2.589478,62.854766
6.444541,24.107684,11.416588,3.140579,3.140579,108.721868
7.654275,1.045273,11.908128,2.113142,2.113142,64.624696
6.845390,0.950026,10.474286,2.190054,2.190054,68.291257
7.813083,1.110594,11.741090,2.013090,2.013090,72.667167
23.163471,1.009575,11.784531,2.511622,2.511622,109.286356
7.838990,0.930075,11.134539,18.421332,18.421332,114.308286
27.178842,1.075558,12.375584,2.909934,2.909934,134.633091
6.912860,1.197260,11.841915,4.586461,4.586461,115.757286
8.489903,1.345447,13.813202,27.732516,27.732516,140.645914
6.983193,1.147684,33.841467,3.153987,3.153987,142.524527
7.224147,1.048334,11.875461,4.517679,4.517679,127.683032
8.667279,1.234800,13.579346,5.776342,5.776342,154.370132
7.602202,1.257449,36.078781,25.375854,25.375854,181.819393
7.987264,1.092191,13.868815,3.702426,3.702426,141.162529
8.749404,1.269986,15.012604,6.060903,6.060903,167.895416
26.693168,1.044033,14.011396,5.910368,5.910368,191.654215
7.287101,1.029939,13.001773,3.569378,3.569378,148.142100
9.211061,1.097015,14.276295,3.691670,3.691670,155.685415
7.354210,1.059253,12.912290,5.654234,5.654234,149.440255
8.796220,1.240649,14.617813,8.432284,8.432284,177.108042
28.778575,1.214774,13.955781,10.406327,10.406327,199.853197
7.447109,1.007202,12.334079,6.099102,6.099102,151.615880
8.464873,1.354054,14.642045,5.683217,5.683217,168.715717
7.633033,1.094098,12.753848,5.116682,5.116682,155.993506
25.988762,1.087481,13.657378,6.671362,6.671362,205.911581
9.925650,1.766130,18.691620,8.727410,8.727410,172.872425
7.865525,1.114252,12.293790,3.389348,3.389348,139.173906
7.629152,1.159565,18.313516,3.530896,3.530896,171.413290
7.153148,1.153966,37.683534,38.890520,38.890520,195.785781
7.231948,1.016956,13.284573,7.011140,7.011140,127.591968
8.844112,1.557285,16.270769,6.272274,6.272274,163.064192
32.760485,1.046444,13.962666,2.826021,2.826021,146.031042
7.035622,1.222491,12.721208,7.760014,7.760014,130.875761
8.058389,1.267268,13.815509,29.039579,29.039579,142.566136
26.752976,1.048023,13.369951,3.071732,3.071732,137.862846
7.141006,1.035674,12.092855,6.472283,6.472283,103.805513
8.419045,1.508726,13.713026,4.967997,4.967997,100.851609
7.372476,1.169724,12.149301,4.170224,4.170224,142.267664
8.196577,1.224902,12.943080,6.607261,6.607261,124.644304
7.748513,1.446389,14.940508,6.319440,6.319440,107.958717
7.068116,1.359018,36.849034,30.276359,30.276359,180.425264
7.581763,1.315411,13.201048,5.729914,5.729914,113.817162
7.893767,1.594462,14.979897,5.073082,5.073082,111.183515
7.719441,1.208679,41.337750,4.101076,4.101076,146.835435
7.434711,1.118937,13.215548,5.814406,5.814406,123.519759
7.893341,1.198872,18.461560,3.584586,3.584586,160.255720
7.458367,1.036782,12.758975,5.087068,5.087068,133.558377
10.073020,1.446525,15.708876,2.588947,2.588947,102.263005
7.246048,1.135351,12.773682,3.420840,3.420840,110.262414
8.357513,1.087348,14.021904,25.396717,25.396717,152.784604
8.526051,1.132514,13.624672,6.724168,6.724168,98.898828
7.198105,1.075174,12.810620,6.058075,6.058075,124.218588
31.412094,1.326821,13.129357,4.635762,4.635762,143.440312
7.253325,1.677657,13.588532,6.096310,6.096310,139.357076
7.340264,1.104153,12.100943,4.442779,4.442779,129.558837
7.453654,1.172270,13.729075,6.514774,6.514774,107.375004
6.891852,1.143187,12.316452,7.715243,7.715243,125.300957
30.173404,1.057902,13.286846,4.382019,4.382019,141.671584
7.274188,0.975960,13.551625,3.586419,3.586419,120.473145
8.061631,0.935155,14.768003,3.511108,3.511108,160.859469
7.210955,0.951986,13.354857,4.929762,4.929762,110.725081
7.938309,1.316095,14.591238,7.465659,7.465659,99.764982
7.817211,1.021753,15.310843,7.579969,7.579969,130.306172
8.235964,1.119695,14.464604,6.531213,6.531213,164.980357
27.552243,1.016151,15.023430,4.629843,4.629843,134.167200
7.700663,1.007040,15.661787,5.056629,5.056629,152.256602
7.374467,0.953176,43.838095,3.866671,3.866671,139.842018
33.060346,1.203350,17.109084,4.541165,4.541165,147.270675
34.308629,0.968727,15.913126,3.771342,3.771342,136.270944
29.629170,0.910490,15.528155,4.358147,4.358147,141.948884
7.586949,1.068304,39.088283,5.066580,5.066580,153.020568
8.228688,1.152532,15.622806,6.724142,6.724142,154.758032
7.716473,0.952325,14.475604,6.061321,6.061321,148.330494
8.633008,1.709899,16.052269,31.063322,31.063322,148.450116
29.009936,1.156866,109.905456,5.584073,5.584073,232.889877
8.768815,1.138581,16.327974,5.447702,5.447702,116.307890
37.867418,1.150181,68.647161,77.838481,77.838481,290.890351
7.841866,0.931689,17.764120,7.096836,7.096836,319.509609
7.225490,0.974604,12.135771,7.350812,7.350812,89.161822
6.647463,0.883080,32.173739,3.262020,3.262020,80.782758
9.319267,1.840035,16.111180,5.756387,5.756387,87.290478
42.910923,1.925849,12.039431,5.478826,5.478826,136.622254
77.897436,2.144047,15.645756,7.731940,7.731940,210.567534
112.271392,1.916194,24.013549,7.367592,7.367592,310.872090
23.458529,1.379789,11.802229,66.798796,66.798796,180.121453
29.853438,1.745099,13.435149,6.974522,6.974522,180.030648
100.563253,1.648115,17.268222,5.358614,5.358614,185.433736
122.661838,2.108269,103.783543,4.267071,4.267071,299.881375
100.309816,1.250003,14.385546,5.152763,5.152763,182.717103
19.006879,1.960622,16.196426,48.400466,48.400466,161.858513
69.858373,1.745264,40.028140,2.970687,2.970687,195.029803
14.216504,1.331675,12.284838,9.639367,9.639367,97.003512
88.938391,1.587358,73.650856,4.375691,4.375691,232.876968
37.226337,1.545641,50.801952,2.687619,2.687619,202.152220
56.857260,33.024066,16.219319,3.752989,3.752989,202.734639
16.903803,1.551394,30.573471,5.465240,5.465240,223.209750
12.918332,1.019576,46.851893,4.252032,4.252032,137.232878
68.654343,1.530715,44.098944,5.216639,5.216639,209.220810
53.551288,37.779105,123.524448,3.018212,3.018212,285.856737
11.518245,1.171911,13.707186,22.892069,22.892069,157.648535
11.011575,4.422963,98.555557,4.378023,4.378023,345.749967
12.413900,1.002886,13.282109,41.615968,41.615968,273.229397
29.083746,1.010480,16.021749,73.147611,73.147611,226.671045
11.914584,0.920592,15.706682,22.510811,22.510811,224.065493
10.951637,0.727954,13.662625,6.320159,6.320159,173.956302
10.814795,0.945707,14.026727,8.536311,8.536311,159.684981
40.282554,0.876303,151.709563,37.591651,37.591651,358.489316
66.061143,1.159278,101.646650,43.368411,43.368411,330.237091
54.056573,12.298415,14.890296,34.763794,34.763794,392.810169
36.795676,1.063481,18.213173,26.785069,26.785069,323.221349
11.169467,0.813399,17.269747,7.321789,7.321789,347.547470
23.963278,1.091081,14.749397,6.991218,6.991218,330.819022
9.516350,1.027953,44.334618,14.614868,14.614868,243.883406
9.963497,0.976733,14.632277,7.809841,7.809841,405.745880
11.564441,1.389767,15.303184,30.283726,30.283726,355.828746
18.196596,1.906813,14.796913,6.144723,6.144723,240.174476
10.741203,1.468266,15.533919,28.701739,28.701739,151.983616
10.038897,1.162950,21.129658,36.704492,36.704492,344.871460
67.149465,25.589879,35.840898,2.613930,2.613930,203.141866
18.553392,5.600272,123.023679,8.995479,8.995479,287.721103
9.054796,1.226006,47.263563,6.625660,6.625660,169.483954
9.513188,1.111585,17.397591,42.616549,42.616549,370.987008
84.839371,1.089247,143.021461,5.922060,5.922060,366.723029
10.260896,1.681018,31.975705,7.257015,7.257015,188.939497
8.072370,1.189901,14.876953,3.709285,3.709285,125.545821
38.462723,1.496924,45.290131,129.657362,129.657362,342.664232
28.163123,9.863166,16.694780,6.856092,6.856092,138.142921
9.938530,1.756158,19.394296,4.459011,4.459011,143.802053
9.356621,123.628272,19.854553,6.357817,6.357817,242.419853
140.105175,1.782113,19.850838,5.386080,5.386080,232.387897
8.244502,1.082223,15.777052,4.294058,4.294058,96.742584
9.073748,1.117649,25.466375,27.156652,27.156652,260.967423
23.457352,4.524718,17.992850,39.280368,39.280368,156.344978
9.272282,1.426561,14.249599,110.919275,110.919275,220.166241
21.974911,2.017975,97.947404,5.365758,5.365758,267.879326
8.895250,1.182076,15.593230,5.448323,5.448323,114.520837
41.761108,1.292471,216.971801,3.803597,3.803597,345.759770
144.024180,1.496803,29.946081,8.692113,8.692113,426.966481
46.360835,21.302618,35.812123,2.690881,2.690881,308.223668
62.662205,1.833669,172.966085,4.541540,4.541540,333.954596
8.908115,1.106535,16.511439,5.522375,5.522375,99.422989
9.415797,1.180478,16.927896,6.315038,6.315038,114.399773
8.590151,1.092301,14.652482,6.373287,6.373287,119.132556
9.557209,1.004756,18.638226,4.976977,4.976977,110.217761
26.980404,1.208774,15.185732,63.757992,63.757992,192.061987
31.622904,1.049757,13.900151,3.061249,3.061249,140.523335
8.153094,1.279849,13.712193,6.639756,6.639756,107.954167
7.115234,1.117094,12.622212,3.092250,3.092250,72.121171
7.793798,32.496689,14.604979,3.870454,3.870454,154.305506
9.661866,1.648414,16.282574,6.230878,6.230878,166.942623
9.553269,1.390680,14.381506,38.996560,38.996560,146.781681
8.961836,1.210517,15.129921,5.742782,5.742782,111.736223
39.881423,1.687189,14.310687,3.630576,3.630576,131.397552
7.133698,1.244966,13.464072,3.180882,3.180882,72.249341
38.031934,1.571655,19.396741,4.273637,4.273637,147.041646
8.016677,0.994970,13.608912,7.041742,7.041742,83.523533
35.602237,1.492321,14.460218,3.784103,3.784103,144.942695
7.903936,1.155855,14.057745,3.978272,3.978272,90.489350
39.675313,0.915053,15.195038,5.120979,5.120979,150.486000
7.389804,1.010958,14.143617,28.184960,28.184960,136.558754
7.623203,1.043717,13.658049,3.549982,3.549982,121.179005
40.345995,1.033879,15.792374,38.246194,38.246194,203.829769
39.651528,1.177920,15.739093,2.566183,2.566183,134.572960
6.974255,30.134518,15.642045,4.465152,4.465152,137.384572
7.092179,0.879196,14.799502,9.268971,9.268971,120.894340
8.801233,0.861126,16.397865,34.819545,34.819545,145.204726
39.478507,0.897502,17.794593,45.788684,45.788684,213.465336
38.447225,0.687109,16.658096,3.539277,3.539277,160.346843
7.993911,0.658249,16.970571,4.905806,4.905806,112.790725
8.236032,1.198254,15.004549,2.877881,2.877881,74.877081
8.182004,1.117081,18.974905,4.753070,4.753070,143.879563
42.614091,0.869735,16.260191,4.268485,4.268485,139.165361
7.417408,1.000180,14.916611,4.896070,4.896070,76.940777
8.412106,1.044331,14.892058,3.381562,3.381562,77.951268
39.693304,1.067571,13.891322,3.771723,3.771723,123.255125
9.596683,1.139019,14.784356,44.191596,44.191596,142.821461
40.607139,1.038956,15.385396,3.281437,3.281437,132.940856
7.724143,0.792529,13.480139,2.642515,2.642515,66.988431
6.984663,0.941731,51.061390,2.613448,2.613448,125.693572
8.617469,0.954819,14.213092,3.350489,3.350489,68.823790
6.823764,1.011184,13.596084,6.532792,6.532792,106.741053
9.550003,1.054229,16.066699,6.728819,6.728819,91.661349
7.248605,0.837282,13.569294,5.041111,5.041111,111.068024
7.009929,36.023272,14.792030,2.561774,2.561774,127.364024
40.893537,0.923135,14.295662,3.512839,3.512839,142.257626
9.041971,0.800200,16.931672,2.569111,2.569111,97.201893
9.383857,1.057845,16.346314,6.192913,6.192913,109.723481
8.382500,1.317702,55.363052,2.990959,2.990959,167.085861
8.715461,0.864198,18.128189,4.874642,4.874642,110.931654
8.229528,0.732318,13.963810,7.452263,7.452263,126.659899
8.532291,0.828322,17.760881,39.505593,39.505593,155.168410
7.842695,0.762786,14.542123,4.904787,4.904787,136.671124
8.691359,0.816194,17.342355,6.629581,6.629581,174.620938
8.423528,0.793206,14.946597,3.731140,3.731140,146.019578
8.278221,0.713796,17.419217,6.899980,6.899980,174.509510
7.876905,0.916113,52.514042,39.902801,39.902801,224.558143
7.762754,0.826656,16.894561,7.059030,7.059030,177.553322
8.018639,0.846743,47.601573,9.143359,9.143359,238.886480
8.627416,0.914109,18.316201,8.480763,8.480763,186.872154
9.895103,1.100291,15.343213,11.465587,11.465587,193.486911
8.437689,0.972091,14.229126,4.164508,4.164508,175.523864
7.271658,1.093243,51.286872,13.345227,13.345227,251.334479
35.647066,1.046134,15.099843,9.580218,9.580218,224.353041
7.163739,1.037341,14.076536,7.504936,7.504936,166.284979
36.646509,0.936925,15.229446,8.956156,8.956156,220.935335
8.077950,1.083430,15.370586,6.717183,6.717183,171.863572
6.835744,1.025643,48.179855,41.367464,41.367464,214.448252
9.419527,1.513733,20.670318,4.508737,4.508737,174.016073
7.171863,0.951236,14.682449,9.373742,9.373742,148.375701
7.097516,1.299007,50.215941,4.361732,4.361732,145.560672
7.885162,1.110648,15.690079,7.938812,7.938812,102.575037
7.278930,0.999537,42.593553,2.831348,2.831348,121.207079
7.901086,1.060439,16.275932,7.871535,7.871535,90.292923
7.183713,1.244097,14.488573,4.644604,4.644604,120.712970
40.248697,1.068077,13.502291,4.093583,4.093583,141.643612
8.641644,1.248491,15.004388,8.804928,8.804928,90.583167
7.298166,1.106373,48.651460,2.717097,2.717097,121.764112
6.996917,1.213025,15.423908,3.211699,3.211699,65.431679
6.568971,1.208648,13.217933,42.840228,42.840228,104.731916
6.550526,1.160870,47.222787,3.516498,3.516498,121.249286
7.534175,0.989917,15.185554,3.273414,3.273414,65.822844
6.454208,1.086899,13.825667,2.790689,2.790689,59.459368
40.743694,1.076377,14.489047,4.887599,4.887599,103.010369
8.421407,1.652417,17.362438,3.750499,3.750499,68.241964
6.441701,1.063314,13.485647,3.446223,3.446223,56.837711
6.791068,1.066339,49.400065,5.333112,5.333112,107.001454
6.737145,0.888399,14.766740,1.999826,1.999826,56.894131
8.517036,1.276660,13.651813,7.192974,7.192974,106.166315
7.207425,1.140328,13.801375,4.423167,4.423167,109.611649
6.909218,1.119287,13.492105,43.785606,43.785606,108.484489
7.300931,1.141785,13.327165,45.357068,45.357068,108.225740
12.203984,2.449869,57.797649,3.758566,3.758566,154.584857
6.814025,1.774800,52.011201,3.676696,3.676696,131.184335
7.496557,1.439539,51.974903,2.194329,2.194329,128.810793
6.547255,1.193698,13.428667,2.918084,2.918084,64.547299
7.776883,1.159779,13.672118,6.135996,6.135996,121.886153
41.964169,1.087988,13.768043,3.590359,3.590359,119.743005
7.590730,1.138701,15.058624,2.506016,2.506016,65.681785
7.038553,0.974998,13.690494,5.886010,5.886010,116.213039
38.177294,0.870115,13.976961,1.628950,1.628950,110.046641
9.294668,0.899532,14.055404,3.791501,3.791501,72.554546
6.639453,1.029265,51.492620,4.433273,4.433273,124.323597
7.705786,0.993259,13.872070,3.031926,3.031926,66.293375
7.197121,0.991379,13.019143,45.657741,45.657741,112.512337
42.558535,0.959165,13.956992,5.048496,5.048496,138.499086
8.656182,1.385248,13.924698,8.687104,8.687104,92.284403
7.439078,1.058391,14.195802,3.891301,3.891301,142.171643
7.495550,1.158387,13.391272,4.072072,4.072072,93.663099
7.345024,1.074648,12.538782,4.082393,4.082393,114.579309
7.881886,1.201485,16.239933,3.678946,3.678946,119.099128
7.838409,1.124747,14.919296,6.580717,6.580717,119.584688
7.306792,1.260764,15.658694,4.388467,4.388467,186.140967
7.276307,1.110649,14.794524,4.830538,4.830538,97.181986
8.448181,1.364670,17.621143,40.698189,40.698189,160.495935
7.738964,1.286991,17.555255,39.926296,39.926296,169.313036
6.773456,38.970779,15.402886,4.797969,4.797969,148.638682
7.028345,0.829390,14.775965,3.540283,3.540283,113.831549
7.091124,0.827819,14.798493,6.887008,6.887008,139.474511
7.442972,0.776496,52.980899,2.889269,2.889269,148.555205
7.573997,0.991892,52.629686,3.335397,3.335397,151.427204
6.704964,0.949257,53.519344,2.540866,2.540866,133.343711
7.184505,0.975236,15.685840,3.276910,3.276910,117.230468
7.349968,0.823183,12.158850,48.756741,48.756741,117.413939
7.341447,1.150086,12.127059,48.380976,48.380976,120.442684
7.804148,1.394116,13.015954,6.839203,6.839203,123.658084
7.326220,1.043552,10.486716,4.368465,4.368465,61.295665
7.607176,0.993090,10.418208,5.319266,5.319266,62.696450
7.381158,0.960578,10.239436,55.214358,55.214358,123.002512
7.085144,0.967441,10.966027,4.425869,4.425869,65.843011
7.494670,1.118376,52.720512,4.659804,4.659804,134.495666
8.187894,0.878239,15.170106,2.472970,2.472970,70.198049
6.966109,1.045105,52.284505,4.642982,4.642982,131.226779
8.928040,0.907135,13.714002,5.436653,5.436653,94.001124
7.554991,0.832380,12.194621,3.507937,3.507937,125.329177
45.066370,0.832460,13.984842,3.009025,3.009025,139.683789
7.687537,1.120905,15.207455,6.165066,6.165066,86.273972
7.731805,0.869113,12.250464,3.424003,3.424003,111.758384
48.039381,1.034581,15.773020,3.905438,3.905438,150.728063
7.430875,0.919209,15.838646,7.902743,7.902743,99.916413
7.156438,0.989576,13.572056,3.444415,3.444415,126.043713
7.041506,0.844922,54.368340,4.669987,4.669987,158.716926
45.631248,1.074368,14.590261,2.765097,2.765097,142.757446
7.366383,0.818796,14.719192,11.112660,11.112660,106.371442
7.801497,0.777621,14.814014,4.652803,4.652803,146.345514
6.592188,0.987436,53.177660,3.281783,3.281783,151.415073
7.726112,0.928443,15.144787,4.163220,4.163220,111.069975
8.424454,0.809013,14.880964,10.359521,10.359521,145.636983
44.690465,0.811480,14.935849,5.213732,5.213732,159.965084
7.700962,0.807852,14.957118,6.597402,6.597402,118.283111
49.365357,1.000960,15.542377,5.719215,5.719215,164.637821
7.648092,0.902145,52.519427,48.521929,48.521929,223.838102
7.761044,1.112495,13.887095,8.973746,8.973746,132.146410
8.280709,1.399931,55.491700,6.618068,6.618068,172.376881
7.722371,0.992162,11.489090,47.026177,47.026177,114.390800
7.312378,1.112326,12.484315,4.135974,4.135974,74.652402
7.572248,1.213057,11.288349,3.661732,3.661732,65.441484
7.715262,1.184042,9.452692,1.358598,1.358598,54.735027
7.122611,1.005016,43.576411,3.296233,3.296233,96.268911
7.356359,1.153459,11.541166,3.712137,3.712137,64.120440
8.011309,0.974040,52.056109,7.236441,7.236441,135.634376
7.319420,0.920210,52.453282,2.761897,2.761897,125.214274
6.964836,0.952828,49.781524,4.338148,4.338148,124.524348
7.998262,1.254140,53.349301,3.659970,3.659970,129.975533
41.889098,0.914242,11.752389,2.964243,2.964243,122.693017
7.204165,1.097353,52.680049,2.601643,2.601643,139.729551
50.032482,1.235401,12.383412,4.076753,4.076753,155.210010
42.145515,1.433094,11.148556,5.067711,5.067711,130.130534
7.280814,1.128833,55.913427,3.616265,3.616265,137.326969
7.859858,1.198930,54.715940,4.492247,4.492247,146.162038
7.471473,1.213581,54.305345,3.892156,3.892156,149.170117
7.936707,1.270264,50.798721,3.219014,3.219014,143.735835
7.683082,1.252395,12.144595,48.148021,48.148021,136.671293
6.887052,1.189903,12.369971,10.160536,10.160536,137.784971
7.776288,1.317577,13.902761,9.683604,9.683604,150.837575
45.236834,1.301220,13.484421,4.315995,4.315995,161.535921
8.417593,1.248560,17.136091,4.640948,4.640948,175.894638
7.696096,1.103457,13.539335,4.515029,4.515029,138.740598
7.849985,1.135732,53.741386,6.966594,6.966594,175.306221
8.932344,1.274769,17.403361,7.495188,7.495188,182.148187
7.870215,1.186852,14.441581,5.420135,5.420135,160.073433
48.945802,1.261871,15.714337,5.271982,5.271982,246.954199
7.554128,1.143523,51.219935,49.527741,49.527741,238.605603
9.237785,1.268332,67.647842,13.878459,13.878459,283.872356
43.094760,1.315091,14.845778,49.583982,49.583982,229.826274
8.355780,1.372888,16.355076,4.911939,4.911939,111.686017
8.263059,1.284367,15.619135,44.512418,44.512418,170.211881
7.934447,1.250683,14.109660,6.056329,6.056329,109.294250
7.948806,1.748017,14.493493,7.477735,7.477735,95.787228
7.719084,1.202772,13.878802,5.562943,5.562943,84.452788
7.102369,1.396702,14.146688,5.181756,5.181756,78.143123
7.392670,1.283569,13.218413,2.196489,2.196489,68.412179
7.139111,1.166269,12.595625,50.587667,50.587667,126.746392
7.437756,1.123564,11.960319,4.255010,4.255010,126.109742
7.303135,1.400722,12.215955,5.821934,5.821934,79.237625
7.880206,1.348547,13.575790,5.728060,5.728060,91.616665
7.209198,1.523334,11.751052,2.240426,2.240426,60.599298
7.469864,1.463797,12.772119,2.585823,2.585823,64.382575
8.178896,1.527216,12.638710,2.713693,2.713693,64.902486
7.707794,1.475275,12.495253,2.030148,2.030148,66.331820
7.330184,1.619231,12.480294,2.845905,2.845905,68.258121
8.514281,1.606626,13.707480,2.776130,2.776130,66.682109
7.226279,1.571050,12.349260,2.856280,2.856280,66.394069
8.194381,1.341551,12.682195,3.848799,3.848799,68.886647
7.210373,1.551422,51.250677,3.841664,3.841664,129.244853
7.229985,1.559752,11.212850,3.087651,3.087651,64.775645
6.595166,1.504721,11.262265,2.773362,2.773362,65.581990
45.817547,1.363628,11.260464,3.961860,3.961860,128.146831
7.417938,1.426041,11.700550,3.128410,3.128410,70.331978
7.187051,1.212340,10.520258,3.173984,3.173984,64.576474
7.130287,1.442176,55.027862,3.337518,3.337518,134.663142
7.305880,1.451744,12.935178,3.759985,3.759985,75.344459
7.005780,1.423705,11.436178,3.078877,3.078877,64.984398
7.430349,1.555649,57.252380,2.916267,2.916267,135.163419
7.979878,1.623506,13.306343,6.891029,6.891029,85.332177
7.162443,1.391678,11.738727,3.038656,3.038656,67.320762
7.430772,46.511623,13.101723,3.981287,3.981287,154.207461
6.960490,1.584198,55.488468,6.733434,6.733434,158.147095
8.034461,2.023355,14.685177,5.133910,5.133910,82.381820
7.849624,1.880024,59.018394,2.975039,2.975039,133.068900
7.520997,1.452670,12.165846,3.813401,3.813401,68.840887
8.105631,1.352487,13.638053,8.100561,8.100561,146.137518
7.466244,1.624606,8.148869,1.406594,1.406594,41.657435
7.217160,1.345052,6.867060,1.692838,1.692838,43.585187
7.731452,1.655508,6.396932,2.329692,2.329692,42.472641
7.325323,1.262399,54.075610,4.208868,4.208868,109.083177
7.563345,1.072584,54.670154,3.777057,3.777057,127.177413
7.170456,1.109639,6.558804,2.647267,2.647267,45.869825
6.888177,0.984740,7.575591,2.738502,2.738502,50.530664
7.515078,1.025847,9.826390,2.263146,2.263146,53.115608
7.167912,1.029074,8.979356,3.163471,3.163471,56.038407
7.927688,1.007024,9.773472,3.980370,3.980370,60.830239
7.538975,1.123580,11.307671,4.731877,4.731877,70.429244
7.836471,1.165178,11.186968,5.469680,5.469680,76.930078
8.016250,1.388662,11.918955,8.659975,8.659975,87.380369
9.159230,1.355930,11.595104,6.294787,6.294787,78.529166
7.394131,1.371287,10.037035,6.254592,6.254592,76.141499
6.652723,1.304739,9.896105,54.106378,54.106378,131.999560
7.594821,2.180813,60.957297,3.216643,3.216643,156.643725
9.096081,1.998102,16.282190,3.354640,3.354640,110.894810
8.269391,1.352055,14.496256,50.290907,50.290907,174.749267
7.155146,1.370134,11.835748,5.703780,5.703780,93.675089
8.464244,1.289817,13.051048,4.377989,4.377989,97.272334
8.294411,1.381455,12.728838,4.184053,4.184053,116.470740
7.972050,1.542599,12.604684,5.944125,5.944125,104.159176
8.834748,1.437450,13.628195,3.582323,3.582323,112.314469
7.617825,1.343175,13.261000,4.279516,4.279516,113.078837
7.195094,1.242008,11.328846,3.438868,3.438868,162.108092
7.820019,1.373209,12.478406,5.586659,5.586659,157.156966
7.763735,1.436366,12.198009,6.269952,6.269952,152.960289
7.308401,1.417934,55.809735,3.371163,3.371163,164.459326
8.959923,1.496143,15.687272,12.542577,12.542577,199.540142
8.891422,1.034941,16.440417,8.826955,8.826955,205.366560
7.856729,1.097245,13.717847,6.619446,6.619446,189.238861
8.920695,1.219660,15.149820,5.566543,5.566543,187.702329
8.087485,1.207103,15.591938,4.291573,4.291573,180.360884
7.334943,1.319809,15.117472,6.638699,6.638699,192.611135
8.124661,1.154153,15.467412,15.548172,15.548172,202.730744
8.210691,1.008119,13.993516,11.850974,11.850974,175.458311
49.179476,1.275462,13.797054,54.811942,54.811942,234.324269
7.889582,1.044759,14.202371,17.502535,17.502535,203.813172
8.546081,1.254133,14.887679,12.498932,12.498932,204.628661
8.384428,1.284083,14.920089,20.060765,20.060765,215.833707
9.989930,1.301919,19.163382,18.138888,18.138888,217.733042
9.817941,1.243515,17.964739,8.777100,8.777100,205.789282
7.981725,1.157593,15.181976,11.265502,11.265502,197.173755
8.003018,1.172512,14.971619,6.546420,6.546420,195.552621
7.957692,1.201669,17.874866,13.503937,13.503937,200.498923
8.779531,1.234667,16.924633,19.945153,19.945153,230.356411
8.058895,1.327573,15.895471,19.185759,19.185759,214.335307
8.097471,1.505328,14.491619,12.901630,12.901630,177.188298
7.609969,1.337438,60.544953,8.769003,8.769003,182.325864
8.330886,1.325243,15.243050,53.042398,53.042398,178.540739
8.124053,1.168386,13.729618,5.704844,5.704844,166.748489
54.639496,1.013410,13.548695,5.106404,5.106404,168.886388
7.983639,1.112885,14.535648,4.081123,4.081123,116.664131
7.239516,1.022103,13.897306,8.417538,8.417538,155.662174
51.473611,1.358784,16.699892,7.050964,7.050964,175.924350
7.147377,1.109435,57.608189,4.956060,4.956060,164.609493
8.683640,1.420099,68.192219,4.230504,4.230504,187.110072
7.831610,1.168215,63.182699,8.958292,8.958292,191.688603
7.301099,1.241237,13.517129,10.656066,10.656066,168.274819
8.174115,1.364743,14.339456,8.916782,8.916782,163.451249
8.752802,1.215528,13.624267,12.189271,12.189271,179.541221
6.979161,1.350450,52.065934,4.538427,4.538427,158.894567
7.111000,1.226411,12.917450,11.262906,11.262906,176.777728
7.617835,1.072559,16.331890,8.697365,8.697365,166.066766
7.550187,1.210544,12.684322,11.296518,11.296518,171.128769
8.185811,1.133806,14.290588,7.803118,7.803118,178.362447
7.575991,1.097049,13.693338,6.140477,6.140477,174.989764
7.761589,1.396299,14.735158,8.464651,8.464651,174.068439
7.340366,1.094799,62.354075,7.645151,7.645151,181.267630
7.414162,1.153540,15.709451,52.596692,52.596692,182.840531
7.272227,1.144061,15.002822,10.903794,10.903794,171.926855
7.535374,1.064960,64.291797,10.231874,10.231874,171.128217
8.271065,1.200990,15.185609,6.031424,6.031424,107.412793
7.533043,1.239187,13.858679,8.335917,8.335917,161.065996
7.211555,1.210373,63.822581,5.339811,5.339811,166.678474
7.259663,1.200869,66.517271,8.003316,8.003316,181.219762
8.415181,1.577262,15.216514,10.948158,10.948158,167.897723
8.060291,1.119837,13.112059,10.994364,10.994364,164.978477
7.512233,1.544636,13.001938,8.073875,8.073875,152.321200
7.241291,1.330215,12.522764,8.432426,8.432426,141.330541
7.324836,1.414335,12.298552,12.057587,12.057587,173.074333
7.436383,1.385566,12.503357,5.853773,5.853773,82.405374
7.995223,1.341166,12.815158,59.387105,59.387105,142.638173
7.205388,1.497712,13.100421,7.647510,7.647510,154.883537
6.891752,1.224430,13.254045,56.093640,56.093640,136.082593
6.939844,1.344724,13.590764,7.760662,7.760662,93.478224
7.444399,1.330038,71.700881,8.113571,8.113571,183.082372
7.970026,1.093948,16.081919,6.194101,6.194101,85.066254
7.137409,1.138119,15.167682,3.060782,3.060782,69.442236
7.040995,1.138210,13.905491,2.804098,2.804098,64.372714
7.029042,0.907291,12.952666,5.302394,5.302394,73.725919
7.374957,0.974525,12.956659,3.722799,3.722799,70.577018
9.079701,1.211967,13.429164,8.223286,8.223286,83.753322
7.174341,1.263919,64.080797,3.932507,3.932507,172.214347
7.552147,1.506892,65.508895,4.123411,4.123411,158.676141
7.753959,1.246479,66.120353,7.722389,7.722389,171.247201
7.176994,1.043839,70.062710,15.754592,15.754592,206.264827
7.418815,1.926361,64.827573,4.342438,4.342438,156.543203
7.668315,0.948320,61.511566,4.245453,4.245453,158.160710
7.593092,1.222996,66.178433,2.980686,2.980686,176.561445
7.547336,1.325490,17.120815,9.864358,9.864358,160.005360
8.141722,1.126484,14.266992,49.731027,49.731027,181.981421
8.710901,1.316531,13.697545,12.709273,12.709273,187.735469
10.394752,1.047324,12.179872,7.269471,7.269471,184.353376
8.316609,1.253663,14.176464,8.726287,8.726287,200.301991
7.521985,1.241690,14.578649,6.451242,6.451242,188.813820
8.075921,1.112568,18.150958,16.571330,16.571330,214.608995
8.942686,0.927650,15.767902,12.092979,12.092979,211.155587
8.083674,1.303779,20.968121,7.422644,7.422644,209.095898
7.909009,1.188464,19.202773,11.628692,11.628692,215.907401
8.731921,1.319480,17.504356,8.077966,8.077966,201.015419
7.560676,1.092213,15.165783,10.013771,10.013771,214.723413
7.886747,1.300023,14.321404,8.514603,8.514603,190.982586
8.788292,1.142924,65.596669,60.475311,60.475311,260.362240
8.833532,1.684308,17.939846,18.236828,18.236828,220.038327
7.635994,1.783554,15.569558,16.387532,16.387532,208.899463
11.839224,2.389017,26.391978,21.686665,21.686665,240.358973
8.584388,1.308831,15.352113,14.054661,14.054661,191.937928
8.519155,1.358410,15.231380,11.172932,11.172932,200.338398
9.420403,1.534977,15.318408,15.520457,15.520457,205.472691
7.106648,1.523479,14.543996,13.219472,13.219472,170.904083
6.955214,1.310893,13.412807,9.664544,9.664544,170.587446
7.236613,1.193216,13.053987,13.768782,13.768782,188.550965
7.945371,1.327394,13.687112,12.303274,12.303274,188.205522
7.459549,1.383090,67.371134,8.500195,8.500195,196.071398
7.539756,1.249755,15.793157,15.475686,15.475686,200.239752
7.319129,1.101901,15.192039,5.130025,5.130025,149.746160
8.594543,1.748495,67.257876,4.813022,4.813022,171.394690
7.607149,0.964653,16.212369,57.963875,57.963875,181.941583
7.991039,1.169943,15.312935,8.646292,8.646292,163.868064
7.082977,1.092951,70.577811,11.553934,11.553934,209.225733
8.538094,1.133419,16.689594,9.513145,9.513145,211.717550
7.826560,0.972483,14.045682,10.691543,10.691543,169.425400
7.812430,1.134816,66.213512,10.541858,10.541858,203.722141
9.376137,1.302359,18.786594,10.535396,10.535396,217.708149
9.430771,1.526553,17.813981,51.353581,51.353581,191.631206
9.419058,1.453730,12.074720,10.616807,10.616807,164.866250
7.134480,1.381896,12.439224,8.917596,8.917596,180.154444
7.387424,1.476621,67.816327,21.231987,21.231987,216.597380
7.171487,1.236640,13.419529,59.415489,59.415489,153.470147
7.444998,1.127870,14.358561,5.719786,5.719786,98.828539
8.783225,1.182216,11.672766,3.134885,3.134885,62.624097
6.913209,1.049249,64.653751,5.531594,5.531594,144.748323
6.940989,0.850495,61.945591,9.561498,9.561498,159.070008
6.909740,1.070324,10.725136,7.214977,7.214977,144.637977
7.728726,1.225911,12.612603,7.654232,7.654232,82.325672
7.237542,0.993214,11.619732,2.904797,2.904797,68.323146
7.533023,0.990711,65.050665,6.111547,6.111547,156.434179
7.770995,0.923184,12.744218,8.517769,8.517769,89.795683
7.140417,0.981120,12.344195,64.233460,64.233460,143.708866
8.646201,1.183923,71.288708,7.221165,7.221165,169.848565
7.647953,1.314889,14.006849,8.075693,8.075693,108.942013
9.933124,1.360988,15.016889,11.568668,11.568668,192.307226
7.403470,1.225650,12.115696,52.695754,52.695754,154.001009
8.253278,1.716437,13.636028,54.233125,54.233125,165.396333
7.876025,1.265415,12.285429,2.995520,2.995520,79.774087
6.782894,1.431883,11.937773,61.317030,61.317030,145.117119
7.028371,1.091017,61.761182,3.401490,3.401490,160.332441
7.583180,1.526463,12.139977,68.688349,68.688349,197.063764
7.791789,1.490332,13.728314,8.183558,8.183558,177.620667
6.699095,1.216185,65.361243,2.604107,2.604107,162.264374
6.926274,1.401313,13.224381,7.957492,7.957492,94.639597
7.480548,1.286167,12.250766,2.922390,2.922390,63.146285
6.528660,1.368449,12.800745,5.273052,5.273052,146.083673
7.360334,1.417986,13.853269,5.667032,5.667032,76.578852
7.129047,1.401854,12.682924,4.519186,4.519186,66.367839
7.568310,1.230336,69.137110,5.294834,5.294834,147.478136
6.804053,1.329261,14.512900,3.480837,3.480837,70.554814
7.013417,1.136615,12.616051,3.527843,3.527843,58.950607
7.076541,1.174960,64.782866,3.866529,3.866529,147.139415
7.530070,1.166509,14.068151,2.163776,2.163776,68.197220
7.333799,1.149743,13.296636,2.406957,2.406957,66.842654
7.226481,1.142070,12.414659,2.853434,2.853434,68.415802
7.006488,1.364085,12.295644,6.591393,6.591393,79.306069
7.409185,1.362036,12.976084,5.112618,5.112618,80.388617
7.681598,1.603718,13.730486,3.233898,3.233898,63.964164
7.311288,1.248506,10.882410,2.875532,2.875532,53.930534
8.835540,1.772359,82.449773,5.222366,5.222366,159.199802
7.279634,1.167425,13.952316,7.175528,7.175528,77.223738
7.946802,1.063359,13.610586,5.293300,5.293300,77.150578
7.075516,1.220733,14.102054,2.332969,2.332969,158.558465
56.496496,1.375608,13.372072,3.084998,3.084998,143.524195
7.175453,1.139927,13.208622,4.862352,4.862352,82.579026
7.957667,1.147463,12.371588,2.632735,2.632735,75.378561
6.777969,1.261249,60.828483,3.906961,3.906961,138.588629
7.148550,1.372319,12.178021,8.033811,8.033811,88.150602
7.618100,1.353309,12.049043,4.450434,4.450434,71.395724
6.744790,1.264422,63.442031,2.435243,2.435243,148.237438
7.267647,1.321560,61.639236,5.061198,5.061198,147.236289
7.139899,1.254007,66.416930,3.889728,3.889728,146.712549
7.293718,1.232522,12.657875,3.614109,3.614109,75.050838
7.944094,1.190644,12.918376,3.007563,3.007563,66.952786
6.478512,1.161029,62.710454,3.633097,3.633097,136.645148
7.621404,1.186386,11.764007,6.692966,6.692966,80.577597
8.319806,1.532519,15.222977,7.063808,7.063808,85.055076
6.645737,1.125298,11.636810,4.094388,4.094388,139.786235
50.079601,1.369976,12.908558,2.683810,2.683810,133.851472
7.599189,1.315294,12.292375,3.680658,3.680658,75.801984
7.577741,1.584547,18.018931,4.938759,4.938759,100.511824
6.040747,1.222613,12.089096,2.360283,2.360283,67.873994
6.700357,1.129047,12.671265,2.942958,2.942958,141.057962
6.612661,1.339279,12.056833,3.678810,3.678810,69.226817
7.216351,1.232227,11.452310,3.089313,3.089313,59.532151
6.421477,1.271961,11.440621,3.055839,3.055839,57.980110
6.679257,1.164743,11.528362,3.379107,3.379107,135.710930
52.021107,1.122132,12.931181,3.959604,3.959604,131.181409
7.099840,1.177549,14.027150,6.765560,6.765560,77.004077
7.979114,1.158196,12.654665,7.345724,7.345724,85.033550
7.309297,1.166281,12.946437,3.385482,3.385482,63.137125
7.651062,1.255015,13.271658,11.427286,11.427286,91.860001
6.924618,1.373044,13.216532,3.416206,3.416206,69.386779
6.329540,1.330833,13.758364,9.140537,9.140537,86.829049
8.299340,1.621779,13.919769,4.824624,4.824624,93.090169
6.311489,0.961375,12.760204,6.069224,6.069224,105.681960
56.033802,0.899005,13.062802,3.033394,3.033394,142.525809
7.553808,0.931435,13.400515,5.653714,5.653714,100.033587
8.564073,1.307687,14.799380,5.028883,5.028883,85.562233
6.865490,1.128734,13.918646,7.222464,7.222464,79.225156
6.731782,1.094990,12.782490,2.753130,2.753130,156.441053
7.099358,1.213282,12.950004,3.979342,3.979342,90.349704
58.149615,0.982735,13.252964,3.949750,3.949750,151.976953
6.136865,1.197000,12.965829,2.724472,2.724472,151.578206
6.559123,1.332486,13.400257,6.963747,6.963747,106.298957
6.879652,1.125290,12.907243,2.369115,2.369115,66.085526
7.458765,1.239289,13.615010,6.057018,6.057018,74.688361
6.836316,1.101838,12.779475,4.073586,4.073586,155.005499
59.732950,1.349739,14.862087,3.082561,3.082561,149.770639
8.068772,1.023305,12.914157,7.307240,7.307240,94.651907
8.181421,1.033902,13.863549,3.346472,3.346472,71.006873
6.410041,1.096050,12.327566,6.327147,6.327147,99.652660
56.553147,1.223753,13.255247,4.480842,4.480842,147.042017
7.035358,1.238410,13.335520,3.911182,3.911182,80.248220
6.613547,1.723753,13.688598,2.754796,2.754796,63.519772
6.542627,0.971438,13.049243,2.729962,2.729962,137.704845
6.804401,1.167366,12.061986,3.022820,3.022820,65.619141
8.272379,1.164841,14.421469,3.191346,3.191346,64.166364
6.866347,1.737154,14.334013,3.253192,3.253192,65.993917
6.926079,1.188763,12.457145,2.990641,2.990641,62.598372
6.611942,1.314257,12.785747,3.227745,3.227745,58.871640
6.440865,1.152645,12.859669,2.885523,2.885523,58.993491
6.653116,0.954463,70.485589,3.319175,3.319175,131.065757
6.604085,0.972509,13.160296,8.674857,8.674857,104.226602
7.441705,0.966184,12.540486,3.064570,3.064570,55.943042
6.508936,1.069665,12.242538,4.945992,4.945992,60.047773
6.819920,0.932428,12.201181,2.779952,2.779952,59.581683
8.156074,0.916383,13.554037,4.440967,4.440967,62.875453
6.665892,0.874260,12.715854,6.304567,6.304567,145.584659
58.890061,1.094991,13.124495,5.749415,5.749415,138.877185
6.369562,1.007369,12.832431,6.315775,6.315775,104.236679
6.991302,0.958439,13.038001,3.589631,3.589631,64.633554
7.695147,1.342032,14.057214,2.167927,2.167927,70.204724
7.043384,1.053173,12.383066,9.252283,9.252283,107.534993
7.192537,1.139536,11.634061,2.095302,2.095302,62.866018
7.167329,1.229416,10.196271,2.687054,2.687054,53.877915
7.561094,1.244278,10.258903,3.684102,3.684102,55.966202
7.465029,1.332697,14.095573,3.123163,3.123163,63.766481
7.166476,1.383474,12.477242,3.188649,3.188649,66.814680
7.088549,1.227406,12.230078,3.389316,3.389316,66.645919
57.811793,1.090743,12.856822,3.570982,3.570982,131.161335
6.563138,1.204925,12.652361,4.793881,4.793881,108.576479
6.974529,1.236112,13.050837,4.915540,4.915540,68.133213
6.683103,1.497176,14.527762,2.753872,2.753872,56.869233
6.264880,1.118481,12.077424,8.266902,8.266902,106.319182
7.310320,1.088209,8.673874,3.239916,3.239916,49.425395
6.186870,1.281843,9.109927,1.348678,1.348678,41.235144
7.102478,1.336491,11.323292,2.197432,2.197432,48.592846
7.487636,1.131826,10.630584,3.691675,3.691675,55.820829
7.257532,0.922035,9.564252,4.178011,4.178011,55.520884
56.647736,0.937752,10.482721,5.550716,5.550716,125.222652
6.432067,0.957336,9.678255,6.559201,6.559201,96.733966
6.541085,0.893749,7.668000,6.796145,6.796145,105.635603
7.256234,1.074369,8.532219,2.965585,2.965585,52.587307
7.639035,1.510020,9.473769,3.152988,3.152988,60.970616
8.113596,1.058491,9.999067,2.442672,2.442672,61.230552
7.702981,1.407586,11.480349,2.517753,2.517753,66.700242
7.632091,1.304877,10.284164,5.192896,5.192896,70.106051
7.605681,1.179952,10.305672,3.527445,3.527445,66.548643
7.107167,1.309556,69.064408,2.970681,2.970681,146.947477
6.969256,1.175260,10.590159,7.030120,7.030120,107.938989
7.251374,1.343755,10.490365,2.907358,2.907358,58.600865
8.619036,1.822108,12.368305,4.874881,4.874881,67.254809
6.902117,1.576323,72.704118,2.066656,2.066656,136.469905
7.318740,1.212197,12.832513,4.691378,4.691378,63.895568
6.915594,1.524685,14.000237,5.123223,5.123223,70.596653
6.985639,1.229594,13.158285,5.994913,5.994913,65.139300
6.387945,1.195902,13.183129,3.468448,3.468448,151.871989
7.017314,1.054556,72.473127,4.016256,4.016256,144.385058
7.733817,1.062616,14.308262,7.652251,7.652251,84.353226
7.472119,1.159585,13.889685,2.673664,2.673664,72.292925
7.741748,1.062307,13.369463,4.798009,4.798009,76.850617
7.218645,1.187593,13.596077,6.883008,6.883008,81.515153
7.322997,1.195472,72.530087,3.685427,3.685427,151.357686
7.014314,1.143548,12.739590,5.194080,5.194080,107.834864
6.847384,1.194827,68.912588,3.478675,3.478675,145.291001
7.019899,1.241578,12.614514,8.395182,8.395182,78.640782
7.335447,1.237359,14.139059,6.850711,6.850711,80.634169
6.875401,1.112445,13.232396,8.585854,8.585854,77.414597
7.406366,1.020437,13.480244,5.674111,5.674111,160.399586
6.435745,1.138254,72.370289,6.587780,6.587780,173.977776
7.069488,0.977514,13.437440,4.991405,4.991405,91.307450
6.634006,1.059763,13.228854,3.737287,3.737287,158.198362
61.797174,0.840165,15.301338,4.179607,4.179607,156.289519
6.991283,0.973985,13.799930,9.201015,9.201015,104.679244
6.961110,0.969978,14.988782,7.170147,7.170147,103.233216
7.170467,0.948867,14.729387,62.295090,62.295090,167.101450
6.886503,0.852700,13.955216,9.645494,9.645494,118.697538
7.103665,0.966012,72.987485,5.448296,5.448296,184.074144
7.861692,0.916759,14.010677,63.517616,63.517616,190.381088
8.585541,0.912313,14.692414,9.855925,9.855925,184.230786
6.778230,1.117432,13.533587,8.962568,8.962568,175.171402
7.211443,1.027267,13.702939,4.325087,4.325087,183.671885
66.289593,1.004106,14.555711,4.734714,4.734714,178.840992
7.835856,1.111039,13.820013,5.218243,5.218243,130.679718
7.713994,1.023205,13.401592,5.220402,5.220402,189.200291
6.438398,1.113258,14.400207,7.092136,7.092136,195.815862
6.816754,1.289075,74.156256,5.109740,5.109740,185.838728
7.539284,1.411993,13.538738,64.471719,64.471719,196.818164
7.693695,1.612283,14.524718,64.233364,64.233364,179.362866
7.015484,1.208793,72.971629,5.056555,5.056555,177.979761
7.454893,1.195814,12.677655,9.030146,9.030146,126.482842
7.676617,1.539382,13.831185,7.377977,7.377977,186.243677
7.277487,1.138868,72.068248,4.513572,4.513572,184.135046
7.461533,1.396904,13.102696,65.949199,65.949199,196.682697
8.846455,1.121536,14.416303,62.730432,62.730432,172.769183
6.630481,1.293955,12.681955,13.233302,13.233302,129.521603
6.960898,1.225914,73.894263,5.395520,5.395520,186.651198
7.996935,1.227331,13.272703,69.476655,69.476655,199.741430
7.870877,1.608014,15.273147,72.133140,72.133140,188.593443
7.797875,1.244098,13.713279,6.374857,6.374857,188.870431
7.445351,1.687911,71.116960,5.158810,5.158810,198.889590
7.524417,1.188136,13.483852,67.453771,67.453771,198.942525
8.552191,1.345680,14.893908,10.144582,10.144582,201.433950
7.237152,0.934001,13.230787,12.697806,12.697806,150.860305
7.364460,1.135607,75.193399,13.763519,13.763519,200.710301
7.591129,1.226120,13.756181,75.495037,75.495037,208.932891
8.145318,1.055593,15.137155,58.804151,58.804151,185.880320
7.769102,1.275366,13.736094,62.487639,62.487639,176.371347
7.863260,1.136826,77.570261,7.478005,7.478005,176.231354
7.293153,1.335945,13.453743,70.376158,70.376158,199.444456
8.264186,1.434233,14.437032,14.220415,14.220415,206.963635
7.808480,1.291477,13.064605,54.667512,54.667512,168.041777
7.078290,1.121478,12.057068,14.782593,14.782593,203.039059
7.488734,1.767392,72.280551,6.980044,6.980044,171.526605
7.580066,1.279174,12.877537,5.265545,5.265545,110.677432
8.329581,1.348875,13.794058,12.025838,12.025838,96.300274
7.657857,1.347358,13.146985,7.603900,7.603900,116.193255
7.216266,63.717780,16.107719,4.206266,4.206266,174.666769
7.180261,1.487391,13.280075,11.716561,11.716561,123.863348
7.439071,1.326907,16.222514,6.739281,6.739281,105.898613
8.555747,1.267770,14.845048,69.039810,69.039810,175.442352
7.432383,1.178486,13.070859,63.752327,63.752327,163.456178
7.644406,1.161220,69.391902,7.707058,7.707058,178.993008
57.649020,1.119322,13.343768,7.151689,7.151689,165.318741
7.753079,1.321945,12.892499,9.802775,9.802775,108.515579
7.400989,1.414733,14.389010,11.484962,11.484962,101.083334
7.947521,1.170888,12.572179,10.080544,10.080544,89.723012
7.574876,1.382825,12.634194,7.372734,7.372734,181.019847
8.828371,1.322158,13.380276,11.886469,11.886469,86.727546
7.121253,1.418184,12.919563,9.090697,9.090697,82.639658
7.239825,1.169776,72.118267,5.618542,5.618542,149.883858
7.125580,1.414509,12.531465,3.950846,3.950846,156.148235
67.936313,1.292494,13.136720,5.834860,5.834860,156.589676
7.118658,1.406837,12.582618,10.108805,10.108805,88.535082
7.380363,1.386016,12.874469,10.513483,10.513483,89.568110
7.247049,1.215883,18.355398,8.803886,8.803886,103.808973
7.833546,1.320711,12.970456,8.964784,8.964784,86.403127
7.395484,1.228010,12.972322,3.813975,3.813975,164.691261
7.182852,1.332686,12.855823,4.258566,4.258566,98.522416
7.573638,1.087583,13.429230,8.583245,8.583245,98.926749
7.422609,1.463712,13.445340,70.573547,70.573547,165.802923
7.366905,1.196368,12.309096,4.246387,4.246387,176.103203
7.882908,1.151197,77.705994,5.777390,5.777390,176.244958
71.044507,1.327578,18.284429,5.589314,5.589314,182.099641
7.177759,1.398865,13.637291,8.446947,8.446947,103.202902
67.532455,1.190704,13.377855,4.428895,4.428895,170.464613
6.566231,1.488069,12.114143,11.844701,11.844701,121.416016
7.806199,1.281975,13.992786,8.182536,8.182536,98.281976
7.009435,1.640488,12.264739,10.638570,10.638570,91.224483
6.340906,1.584512,12.354789,8.087308,8.087308,181.810672
7.091516,1.621200,11.242911,3.393991,3.393991,59.696366
7.085438,1.469129,9.952679,3.540292,3.540292,66.328431
7.046159,1.366337,10.542924,6.609344,6.609344,140.268935
7.740503,1.779081,10.562359,3.415621,3.415621,55.443814
6.255681,1.523229,10.500725,8.130460,8.130460,117.811824
6.516690,1.452734,75.047391,4.960947,4.960947,146.897666
66.289037,1.240462,11.666559,3.753930,3.753930,141.751293
7.404052,1.498080,12.730547,8.977171,8.977171,78.921622
7.071508,1.369445,13.062001,4.047135,4.047135,72.943528
6.806358,1.383514,13.948783,6.257340,6.257340,76.549638
7.655789,1.309506,12.787492,4.709119,4.709119,70.240849
6.736052,1.313711,11.926701,4.151139,4.151139,154.292488
7.202742,1.336991,11.793654,9.894887,9.894887,89.165102
7.211221,1.376726,12.998788,5.131483,5.131483,86.141993
7.786345,1.164156,12.644345,10.810551,10.810551,87.207005
8.506730,1.308213,12.992107,5.110329,5.110329,135.461184
7.254561,1.376909,12.791846,3.618880,3.618880,177.812550
70.413981,1.170653,15.089067,8.156777,8.156777,178.732700
7.692436,1.422169,13.232077,10.351485,10.351485,119.013798
8.150074,1.291675,13.354342,9.987993,9.987993,104.383009
7.343610,1.171659,12.383747,11.074346,11.074346,191.943391
7.859917,1.179071,75.464003,4.876897,4.876897,192.035330
8.376071,1.500418,13.665879,9.388695,9.388695,135.647951
8.562245,1.202498,13.985451,11.380387,11.380387,122.765418
6.583734,1.497935,15.138688,6.776964,6.776964,110.192421
7.361381,1.595437,13.586390,13.167369,13.167369,127.353906
62.866974,1.461875,14.533807,4.682468,4.682468,181.177494
7.335000,1.463703,13.288739,7.812553,7.812553,113.349190
8.143153,1.452225,14.074081,7.062797,7.062797,109.941284
6.168421,1.236666,14.072402,10.445682,10.445682,126.909781
8.246339,1.398669,13.559159,9.860287,9.860287,98.566719
7.070773,1.710885,13.040989,10.136324,10.136324,106.579574
6.462160,1.589442,11.123656,6.353987,6.353987,119.235026
7.524822,1.609811,10.904830,3.961721,3.961721,62.104368
6.851161,1.610846,11.001118,3.134464,3.134464,69.399362
6.488813,1.436909,10.608772,6.253968,6.253968,113.528889
6.419705,1.333318,9.577633,9.656703,9.656703,118.917761
6.376842,2.341109,9.664009,4.117743,4.117743,63.729515
7.598595,1.831227,10.053044,2.201625,2.201625,55.814149
6.845354,1.475935,8.212969,2.113493,2.113493,53.501789
7.214616,1.290993,11.147640,4.006105,4.006105,69.724544
6.969092,1.792484,11.643139,3.435603,3.435603,58.079879
7.275076,1.278947,10.474180,4.291463,4.291463,60.424981
6.820162,1.280117,9.982365,8.011146,8.011146,121.684237
6.808252,1.280780,10.976608,5.712555,5.712555,109.199489
6.799201,1.289269,79.983535,2.808886,2.808886,157.585629
7.153664,1.293120,77.860371,6.736285,6.736285,157.462511
69.743932,1.341473,14.465529,4.003860,4.003860,151.826651
69.905862,1.261584,12.122797,3.473439,3.473439,159.312455
7.642992,1.395584,11.111035,11.189613,11.189613,92.510248
7.329963,1.392789,13.272794,3.834224,3.834224,84.365571
7.170792,1.551586,11.399599,5.353614,5.353614,112.838535
6.775834,1.407766,11.519075,2.878309,2.878309,169.763201
7.319850,1.418999,11.239203,3.107922,3.107922,173.378569
7.265844,1.462528,12.006768,5.257219,5.257219,186.764600
6.814992,1.412699,11.511635,12.588633,12.588633,123.269324
7.239716,1.494168,13.326089,7.870739,7.870739,103.489334
7.298827,1.788261,84.338472,5.218235,5.218235,164.251910
7.485047,1.733739,80.364113,3.666288,3.666288,151.072564
65.958068,1.369234,11.652818,3.067391,3.067391,138.767084
7.852791,1.521397,10.523890,3.864860,3.864860,68.032310
6.798085,1.645941,12.548496,3.004481,3.004481,66.507754
7.463962,1.888020,12.630738,3.856107,3.856107,68.173373
7.682982,1.707047,12.160516,4.491091,4.491091,65.827135
7.332121,1.593844,13.478997,4.626762,4.626762,72.126120
6.092794,1.238423,11.934705,7.456815,7.456815,119.051140
6.503356,1.379671,79.386656,3.579837,3.579837,160.266970
6.698287,1.163284,12.139831,11.296417,11.296417,121.456354
6.840063,1.322633,11.919078,6.389001,6.389001,77.628040
6.593312,1.255814,78.515949,3.272827,3.272827,152.798150
8.114628,1.357127,13.171720,6.450985,6.450985,76.001892
6.826150,1.166695,12.349129,8.800093,8.800093,88.063968
6.755619,1.043740,11.761415,2.554860,2.554860,157.952222
5.862897,1.201686,11.449392,5.824368,5.824368,160.620931
7.533241,1.277363,11.776125,5.810717,5.810717,77.294384
6.836660,1.629948,10.872779,11.923559,11.923559,91.800596
6.862817,2.271968,78.791050,5.287536,5.287536,158.698919
6.989852,1.463092,10.562431,3.550705,3.550705,163.472437
6.473767,1.501060,10.753459,10.005515,10.005515,121.291789
6.965621,1.603147,81.528855,3.792080,3.792080,162.591513
6.505630,1.556003,9.730247,8.417692,8.417692,115.741658
7.313477,1.267996,9.461490,2.721456,2.721456,57.270736
6.722341,1.350183,8.354584,4.369117,4.369117,63.910430
7.235973,1.180350,8.814764,7.447936,7.447936,111.135131
6.282731,1.414698,9.860022,6.018042,6.018042,59.975455
6.398259,1.176324,9.772488,5.233187,5.233187,68.396163
69.901028,1.074732,10.603726,4.828418,4.828418,157.431369
7.213616,1.204474,8.584902,2.866670,2.866670,72.034962
7.896085,1.023939,9.743061,4.160274,4.160274,67.256297
6.401516,1.173836,8.220609,2.856017,2.856017,65.327689
7.074430,1.312290,7.075851,5.562175,5.562175,70.219861
6.493260,1.154611,7.836166,3.953668,3.953668,59.138724
6.728213,1.235170,5.843577,10.226452,10.226452,123.293418
6.999735,1.257475,6.566214,3.559989,3.559989,56.559559
70.509659,1.247936,8.238998,3.880872,3.880872,141.970937
7.340187,1.343046,7.364207,11.725027,11.725027,128.460232
7.238371,1.790639,8.464405,3.004286,3.004286,70.526070
7.313013,1.290986,9.619438,5.863206,5.863206,70.002119
7.411668,1.846376,11.053067,3.627901,3.627901,68.812524
8.697018,1.219486,10.630853,3.344573,3.344573,70.798463
6.517914,1.440440,10.859863,6.907066,6.907066,123.982097
80.415571,1.231300,13.844275,6.676820,6.676820,183.720022
8.754698,1.377136,12.280463,9.608813,9.608813,125.747381
9.003990,2.008027,15.769090,86.177766,86.177766,206.465836
9.333742,1.778812,14.009357,78.668325,78.668325,194.622660
8.125085,1.239902,12.913398,76.317620,76.317620,185.014791
7.095159,1.483293,14.650122,18.733114,18.733114,216.912186
7.987045,1.464316,92.993962,9.571144,9.571144,219.321785
7.164777,1.298163,88.771544,6.729787,6.729787,196.689315
8.543577,1.600739,13.144822,79.928797,79.928797,219.220605
7.463780,1.385461,12.791333,7.531094,7.531094,117.968052
7.577969,1.406546,12.569832,5.709865,5.709865,118.662081
7.723841,1.514291,13.987744,7.060828,7.060828,231.434888
8.423873,1.711186,13.663567,4.683827,4.683827,120.034343
7.579161,1.662895,14.016486,13.333071,13.333071,364.737076
7.965465,2.051201,16.925971,7.724487,7.724487,192.792075
8.462158,1.644960,13.757926,8.969922,8.969922,120.499697
7.707993,1.967268,13.357763,3.133634,3.133634,75.719370
7.798361,1.769440,12.968941,6.469936,6.469936,78.319871
9.469733,2.497489,17.135815,12.654213,12.654213,105.318527
8.330284,1.445630,11.933501,3.345377,3.345377,65.303594
9.118645,1.693584,11.989221,3.511063,3.511063,66.993163
8.083826,1.488785,12.656589,8.763809,8.763809,83.521122
8.359489,1.833239,13.905800,11.001024,11.001024,130.835985
7.865694,1.536514,89.465576,8.714300,8.714300,185.508812
81.083897,2.293151,17.502569,4.897139,4.897139,166.904393
7.245103,1.547777,87.644155,3.399025,3.399025,167.275394
79.146728,1.539275,12.738355,3.361664,3.361664,163.789004
7.960983,1.478070,13.148016,9.970958,9.970958,87.070846
7.340245,1.631530,10.846784,5.749192,5.749192,91.148930
6.335197,1.826760,10.901544,6.739559,6.739559,173.107438
7.499830,1.732243,9.046676,3.049983,3.049983,66.690655
6.219727,1.563206,80.659836,4.935974,4.935974,157.414036
7.528762,1.793200,7.730450,1.765186,1.765186,57.240814
7.807174,1.710969,7.819462,6.307604,6.307604,116.918163
7.944089,1.635492,10.271892,2.352217,2.352217,67.094924
6.774560,1.481415,6.770878,6.704740,6.704740,123.353869
7.184807,1.943941,6.894647,3.935096,3.935096,56.398332
6.575570,1.725573,8.332771,10.455584,10.455584,113.879199
6.690016,1.866092,7.812106,2.107498,2.107498,55.220007
6.566208,1.327761,7.508243,7.917104,7.917104,113.339131
6.401676,1.519313,7.706321,1.854983,1.854983,52.471916
6.028449,1.386519,7.501125,4.446207,4.446207,120.437550
7.343090,1.199567,7.779299,4.860314,4.860314,58.208443
6.819839,1.295061,8.751443,11.369142,11.369142,127.911280
6.856402,1.516520,9.561692,8.194422,8.194422,128.036165
7.015400,1.153119,9.441785,11.433315,11.433315,121.147918
6.840554,1.211957,9.450877,7.973861,7.973861,115.298966
7.082330,1.270088,9.384016,8.214792,8.214792,118.054231
9.014198,1.608717,11.591175,4.546537,4.546537,160.758343
6.725586,1.554400,9.464824,8.089371,8.089371,122.561689
6.390008,1.479551,10.460302,3.202443,3.202443,155.615382
7.190151,1.251730,10.392781,8.347289,8.347289,120.457713
7.219909,1.306026,10.595364,11.817002,11.817002,119.495752
7.642613,1.208945,11.311846,12.267149,12.267149,91.223136
7.076279,1.456357,11.558410,8.703009,8.703009,133.077947
6.865896,1.447869,11.799504,7.884788,7.884788,126.065480
7.302769,1.424203,12.239025,7.729582,7.729582,175.706878
7.629351,83.682593,18.042069,13.317157,13.317157,232.830395
8.307567,1.505255,14.269720,9.353768,9.353768,100.286826
7.262527,1.885899,88.697852,4.733150,4.733150,174.609081
7.296989,1.592594,11.840317,7.858522,7.858522,94.344952
7.114707,1.579355,89.046277,6.941288,6.941288,188.079006
7.789929,1.544962,10.693518,9.462160,9.462160,88.436217
7.712654,2.049886,10.741592,9.339910,9.339910,80.016674
7.999471,1.546696,8.909558,3.674074,3.674074,63.220162
6.973216,1.706779,10.274422,3.826438,3.826438,63.793049
6.612489,1.581019,9.579104,10.000360,10.000360,120.128327
7.067565,1.582205,10.998355,2.807556,2.807556,68.854375
6.741157,1.609336,10.565716,8.133578,8.133578,125.050743
8.809647,1.835544,16.959343,16.232773,16.232773,108.575705
7.573812,1.552227,12.422248,2.817634,2.817634,166.381314
7.341400,1.427193,11.303438,7.277199,7.277199,80.245681
7.398754,1.564497,11.337091,9.281440,9.281440,126.196676
7.498847,1.677004,10.916113,10.247698,10.247698,113.088315
7.607371,1.598884,11.312450,12.711246,12.711246,126.708911
7.814207,1.463693,11.458930,12.544632,12.544632,105.256788
7.141016,1.527348,11.982758,7.003230,7.003230,176.872825
7.126570,1.320570,11.918011,7.718407,7.718407,101.766537
7.252588,1.263507,91.091286,4.514410,4.514410,185.829005
6.975515,1.275057,11.759568,13.917474,13.917474,218.630753
7.329621,1.158770,11.712581,9.879676,9.879676,135.493920
7.355119,1.161641,11.655682,13.586826,13.586826,127.211894
7.395003,1.097083,12.251334,14.982437,14.982437,132.222178
7.586038,1.265009,12.987097,6.235119,6.235119,183.397550
7.185967,1.145760,11.874776,11.275298,11.275298,191.904470
7.759225,1.208330,12.729552,7.856072,7.856072,131.455709
7.214118,1.424445,12.083598,9.324227,9.324227,128.726341
7.327537,1.379631,95.640093,6.931970,6.931970,184.567981
6.955740,1.552498,12.337091,8.608058,8.608058,187.407920
7.420345,1.245807,87.784135,7.880928,7.880928,196.954242
7.080102,1.557089,12.850559,15.432962,15.432962,204.927979
7.344899,1.526095,11.694764,15.557347,15.557347,206.773794
7.738707,1.396550,13.117367,6.583958,6.583958,143.512926
75.928961,1.599645,14.626748,8.671090,8.671090,192.550250
7.635539,1.403433,12.740272,8.345863,8.345863,135.155335
7.296429,1.510660,12.612156,85.485619,85.485619,222.762400
8.282983,1.317437,14.456920,75.161395,75.161395,216.395797
8.093132,1.512089,12.717168,86.309027,86.309027,225.091563
10.075892,1.821972,16.994994,15.094381,15.094381,240.409252
7.163814,1.537183,13.466791,8.122129,8.122129,217.892683
7.927696,1.383328,12.514652,87.131113,87.131113,220.797082
6.812533,1.650962,12.565816,9.654997,9.654997,129.169987
7.269514,1.484213,12.037689,11.733102,11.733102,138.528351
7.548879,1.516025,12.961540,8.194306,8.194306,96.918338
7.090709,1.365972,11.772304,14.713769,14.713769,140.225216
7.343746,1.685750,12.315446,4.375191,4.375191,84.468917
6.626250,1.634975,11.443407,7.594488,7.594488,126.393912
7.696612,1.369653,11.619261,14.003655,14.003655,96.513919
6.757542,1.490363,9.170551,12.339916,12.339916,132.098542
6.687638,1.439341,9.228504,12.675882,12.675882,128.003207
6.822769,1.273523,6.952075,13.467238,13.467238,131.928940
6.553776,1.209511,8.926584,8.802168,8.802168,128.584878
6.705898,1.269263,7.583560,9.479036,9.479036,129.140636
7.215373,1.274276,7.380635,2.436096,2.436096,59.522318
7.998428,1.246522,7.517703,3.862831,3.862831,61.596811
6.516732,1.086311,7.884589,11.922757,11.922757,127.084057
7.590899,1.085816,10.957593,11.734216,11.734216,84.585566
6.775765,1.280763,8.673813,8.467805,8.467805,128.262991
7.195982,1.148110,9.393808,3.093746,3.093746,74.840981
7.080104,1.203141,9.896350,13.182654,13.182654,89.540497
7.372826,1.191137,9.716886,13.605530,13.605530,90.938775
8.436807,1.353370,10.455491,7.637044,7.637044,98.387027
7.159436,1.448268,10.895688,7.825638,7.825638,99.292818
8.087358,1.528521,11.844675,13.578436,13.578436,111.746341
7.049772,1.480794,11.120156,7.500689,7.500689,104.065409
7.181566,1.481219,11.457443,7.271931,7.271931,111.607141
9.292022,1.597202,12.780718,5.643169,5.643169,123.756397
7.438205,1.471378,11.938734,14.668431,14.668431,127.939953
7.894212,1.338746,11.520842,6.689230,6.689230,135.820055
7.190432,1.364116,12.653155,6.164450,6.164450,132.552276
7.706470,1.577426,14.117980,7.440447,7.440447,114.831069
7.490134,1.594243,13.726810,85.388244,85.388244,207.383768
7.786312,1.731194,13.181638,89.506836,89.506836,213.361018
7.413284,1.459144,13.498590,9.268534,9.268534,126.595109
7.403819,1.370556,13.125991,9.988609,9.988609,126.082926
8.526088,1.517231,13.623581,8.320738,8.320738,121.880250
7.977013,1.413662,13.729184,14.699465,14.699465,130.028592
7.061720,1.543931,13.502639,9.032981,9.032981,105.645073
9.034670,1.794245,16.548792,6.173778,6.173778,115.784895
7.225160,1.425638,13.027606,8.499205,8.499205,111.775517
7.166706,1.564567,12.841116,7.041249,7.041249,116.800313
7.496727,1.442014,12.803404,12.706171,12.706171,114.250049
6.864268,1.555959,13.246364,11.794932,11.794932,105.961946
6.860007,1.419671,12.635742,11.609403,11.609403,105.369192
6.976147,1.294142,13.796718,9.284408,9.284408,116.641316
6.844824,1.512914,14.236929,13.830836,13.830836,95.713881
6.310594,1.177235,13.692787,10.423515,10.423515,88.083090
6.780010,1.314073,13.692932,6.680601,6.680601,110.812217
7.214779,1.584101,14.835325,6.995495,6.995495,103.140615
10.367175,1.809316,22.337860,5.871128,5.871128,127.441407
7.510106,1.109041,14.065968,13.578777,13.578777,104.002282
7.270333,1.115355,13.139650,8.158135,8.158135,107.918143
6.691642,1.125118,12.905410,4.079260,4.079260,183.495641
6.918437,1.142174,13.361879,15.047104,15.047104,209.071625
7.937373,0.960710,12.152677,8.907052,8.907052,148.305560
7.572555,1.110873,13.479643,16.330896,16.330896,210.839218
7.095144,1.261963,12.977495,15.910687,15.910687,138.088571
7.731346,1.103763,12.511990,11.089348,11.089348,144.389705
7.781450,1.068151,12.105340,5.059022,5.059022,192.917496
8.028623,1.229831,11.909954,15.737666,15.737666,211.089319
7.458344,1.275308,12.330721,11.255088,11.255088,137.467543
7.468311,1.326535,12.437970,11.008725,11.008725,223.520613
7.157506,1.377012,12.661074,6.628523,6.628523,150.043789
7.400518,1.406361,12.019028,6.923300,6.923300,154.018168
7.055863,1.456650,12.230468,14.990672,14.990672,143.047952
7.150087,1.321647,11.925565,11.177765,11.177765,234.799891
7.946777,1.500947,12.951597,93.207669,93.207669,232.685193
7.163718,1.441280,11.876332,8.416659,8.416659,144.858234
7.749694,1.500896,11.439526,7.523649,7.523649,92.806260
7.945430,1.818236,16.141409,12.683365,12.683365,104.737265
6.906432,1.583336,11.890078,11.922939,11.922939,110.102352
7.353408,1.607718,12.083005,14.370561,14.370561,92.952883
8.379477,1.418484,12.541245,14.352797,14.352797,93.330362
6.946394,1.561981,12.595608,12.285375,12.285375,91.182136
6.806399,1.411149,11.503579,13.537840,13.537840,132.556047
7.843366,1.488514,11.375812,4.723410,4.723410,72.207424
7.579217,1.596136,9.967391,13.214984,13.214984,140.864723
7.114548,1.443865,8.197493,9.075640,9.075640,75.093609
7.299826,2.059102,9.668633,11.496516,11.496516,136.702435
6.760294,1.549975,9.604655,8.898810,8.898810,74.300805
6.628993,1.416485,8.569784,9.533144,9.533144,134.620872
7.309732,1.567604,6.441594,5.084645,5.084645,65.123862
6.662959,1.641443,7.501904,2.152209,2.152209,58.705518
6.831302,1.564492,7.433551,2.172085,2.172085,61.224307
6.703390,1.448640,8.267422,4.062705,4.062705,63.390136
7.541974,1.739684,10.737486,4.152475,4.152475,68.740660
7.452207,1.553392,9.915113,4.696257,4.696257,69.569405
7.544822,1.264995,11.733146,13.381127,13.381127,93.325838
7.367630,1.208540,12.105438,6.356616,6.356616,76.564226
7.060907,1.208724,13.088241,10.488114,10.488114,84.638476
7.150615,1.097059,12.692298,14.457770,14.457770,91.888142
8.201500,0.949772,11.917588,13.798678,13.798678,92.109318
7.396015,1.081947,12.976457,13.939373,13.939373,96.662765
7.343780,0.984783,12.748030,7.752621,7.752621,105.445206
7.450208,1.230751,13.291972,12.240496,12.240496,107.101533
6.903517,1.169814,14.236472,12.434844,12.434844,109.854459
6.892616,1.136998,13.693087,8.628402,8.628402,145.406196
6.982383,1.070452,14.738932,7.641617,7.641617,122.510794
7.287138,0.888050,14.088809,15.541908,15.541908,137.625321
7.043691,0.870449,15.009161,5.066865,5.066865,128.961768
6.763184,0.840511,14.790315,9.047319,9.047319,145.851935
6.746878,0.887174,15.140386,14.428469,14.428469,144.574078
7.219369,0.689447,15.214417,12.029823,12.029823,229.799831
7.167254,1.025196,14.177728,6.329125,6.329125,139.216238
7.832422,0.902105,16.054205,90.822330,90.822330,230.995512
6.945547,0.979236,14.111977,16.560475,16.560475,146.876607
6.977517,0.944565,13.602877,9.255930,9.255930,113.824645
7.347180,0.973598,13.020472,4.432021,4.432021,131.452377
8.127250,0.692099,14.084278,16.913210,16.913210,110.303718
7.537853,0.830483,14.526306,7.567152,7.567152,123.418185
7.433570,0.946949,19.326260,89.679104,89.679104,236.592509
7.088218,1.166685,14.110580,6.117781,6.117781,135.768015
6.973158,1.019701,14.189755,4.368042,4.368042,137.729090
7.589922,0.947672,13.809236,8.111284,8.111284,257.226293
7.465233,0.911791,12.766137,13.787292,13.787292,128.800269
6.555798,0.826856,11.704511,16.252418,16.252418,144.131810
7.896985,1.011077,12.635354,11.293461,11.293461,121.447227
