#Stereo rect[ms], MP culling[ms], MP creation[ms], LBA[ms], KF culling[ms], Total[ms]
8.029857,0.069555,0.619516,0.006720,0.006720,8.732031
7.978909,0.332675,2.943022,0.001781,0.001781,11.260533
9.028088,0.455871,3.370546,0.741637,0.741637,29.585671
8.024732,0.449227,4.809462,0.994987,0.994987,34.861643
9.511299,0.494671,6.772131,0.711304,0.711304,39.730937
10.070190,0.445709,11.518313,1.114556,1.114556,61.237796
7.359762,0.434180,7.307620,1.676143,1.676143,47.304104
7.523092,0.492467,7.781392,1.599619,1.599619,57.016063
8.443943,0.596359,10.424416,1.421110,1.421110,67.294954
8.632027,0.558266,7.691971,2.507929,2.507929,80.317287
7.152442,0.920405,8.661021,1.221967,1.221967,60.286897
8.189707,0.669367,9.672943,1.439632,1.439632,61.185495
8.125120,0.914271,7.577558,0.713096,0.713096,40.085874
8.934303,0.709557,8.564509,1.795061,1.795061,65.946360
8.223715,0.796786,9.149058,1.279319,1.279319,51.205168
7.456697,0.955708,10.644165,2.259692,2.259692,67.371761
7.204118,0.952560,11.821524,1.919994,1.919994,61.966059
8.210958,0.885502,11.415808,1.297188,1.297188,60.764012
7.411752,0.703488,11.641627,9.834545,9.834545,101.004834
8.593333,1.044621,13.503963,7.857983,7.857983,114.830152
7.305363,0.772685,11.983421,2.440415,2.440415,105.285952
9.202231,1.339343,16.098199,3.881100,3.881100,106.855445
8.874540,1.182993,15.737406,4.423775,4.423775,103.171863
9.013531,1.222346,19.046702,3.886636,3.886636,104.076351
8.542711,1.085668,14.718178,2.827056,2.827056,121.763865
8.796582,1.011064,15.451118,2.888600,2.888600,117.223940
9.618830,1.116835,14.083203,5.807205,5.807205,124.737200
8.497083,0.835542,14.869979,3.705697,3.705697,135.673827
7.759213,1.001587,19.416647,3.493057,3.493057,146.532260
9.969244,1.112569,15.313149,3.989281,3.989281,138.123495
9.152619,0.971982,16.885142,5.996167,5.996167,145.265633
7.945146,1.180051,18.864949,2.677056,2.677056,157.032081
9.244288,1.116119,14.112341,3.984623,3.984623,128.168222
8.892463,1.572684,17.875283,2.239230,2.239230,146.367648
7.533862,0.891636,17.180425,5.018648,5.018648,102.744739
8.358638,1.026002,14.013354,4.322934,4.322934,86.772137
9.569557,1.248172,14.622659,1.047095,1.047095,60.054055
6.788241,0.837550,11.239526,1.384526,1.384526,47.173407
6.049547,0.940076,10.468469,2.070590,2.070590,48.851244
9.008356,1.074062,11.673078,1.197562,1.197562,50.905825
8.655158,1.008144,10.685462,1.166708,1.166708,51.299442
9.446607,1.163745,17.577586,1.293823,1.293823,59.675592
9.254515,1.159467,9.355358,4.188381,4.188381,68.185557
6.777092,0.882408,9.004629,2.504791,2.504791,66.166870
9.672617,1.011954,12.741701,2.656496,2.656496,76.853115
8.700266,0.999361,10.142427,2.069689,2.069689,53.740640
6.758918,0.918994,11.262682,4.260598,4.260598,85.711120
9.726714,1.202827,20.118713,5.013003,5.013003,114.228040
10.313889,1.304950,14.758010,2.144140,2.144140,77.275071
6.974327,1.211349,10.389403,2.583259,2.583259,65.969627
7.424714,1.059038,11.015336,3.415589,3.415589,74.259238
8.760648,1.303930,13.480449,4.642559,4.642559,107.168774
6.753849,1.007579,11.356762,2.476142,2.476142,89.467027
8.679878,1.047150,13.374830,4.091230,4.091230,100.930765
9.118607,1.116759,16.278194,2.349885,2.349885,122.474866
8.608772,1.298155,15.523073,2.407478,2.407478,133.065109
7.956643,0.933378,14.276627,2.476012,2.476012,111.360034
8.522844,1.194740,13.728696,2.526114,2.526114,119.862772
9.554492,1.775368,23.314411,2.700962,2.700962,174.456714
7.763397,1.328704,12.597618,7.342067,7.342067,111.187828
9.168763,1.310161,15.711928,2.771722,2.771722,105.818262
8.860589,1.362977,12.466887,4.405060,4.405060,127.055426
11.639566,1.433097,18.486471,3.612453,3.612453,151.705263
10.636403,1.314385,17.495893,8.445115,8.445115,100.052777
10.128640,1.253655,13.662734,4.863829,4.863829,123.786992
10.362058,1.236242,15.654454,1.927930,1.927930,81.069398
8.359723,1.287189,13.125237,10.705706,10.705706,102.740038
7.776909,1.150467,16.387233,3.565446,3.565446,82.827689
10.030761,1.245601,16.048195,2.577518,2.577518,81.552766
7.335661,0.943604,14.327868,1.954505,1.954505,93.086395
8.254970,1.079783,15.139658,2.855933,2.855933,87.933284
8.476272,1.131068,18.358032,2.202383,2.202383,79.624457
8.703740,0.790674,14.343816,3.663380,3.663380,84.010725
7.873377,0.842544,13.114326,1.702828,1.702828,126.478531
9.830487,1.140664,14.338670,3.862415,3.862415,108.787249
9.534441,1.228350,14.566518,1.817154,1.817154,132.513076
7.705985,1.322440,14.350535,10.648344,10.648344,118.979571
7.539453,1.110941,13.350425,4.710214,4.710214,87.827360
7.977964,0.986844,13.039006,4.253693,4.253693,95.414254
12.997554,1.116521,21.971564,4.026952,4.026952,147.942134
8.808255,0.989167,15.839411,6.803798,6.803798,102.195443
8.028934,1.025687,14.922622,2.384039,2.384039,126.698238
8.574585,0.883602,14.420807,2.781384,2.781384,121.204134
7.525904,0.989949,13.759430,4.220635,4.220635,144.423607
9.093855,1.020694,18.535390,6.106075,6.106075,187.707784
12.593373,1.312267,17.151981,3.078777,3.078777,161.135177
9.513782,1.270797,15.413133,6.598682,6.598682,125.246155
9.184660,1.120928,13.002160,5.418144,5.418144,150.573773
9.651676,1.386056,14.017849,3.502807,3.502807,91.712031
8.964449,1.124902,12.069054,6.702554,6.702554,125.802703
11.721976,2.187685,17.014434,5.079877,5.079877,140.555496
7.551622,1.048615,10.479510,2.127943,2.127943,79.877089
8.378263,0.854454,8.702079,2.326219,2.326219,58.674957
9.505253,1.064433,7.825382,2.163334,2.163334,64.439243
9.050289,1.118214,8.874377,0.847961,0.847961,45.319679
7.345204,0.944419,7.670236,0.764163,0.764163,40.362705
7.617258,0.826000,8.506832,1.191069,1.191069,47.367439
7.777951,0.797926,9.175233,1.827977,1.827977,57.851086
11.893697,1.487616,12.957933,4.061083,4.061083,93.614213
8.310737,0.973589,11.130498,4.901044,4.901044,84.054724
8.835826,0.916507,10.038317,1.869816,1.869816,75.358779
9.678718,0.969724,10.936857,3.135098,3.135098,77.048003
8.050744,1.064118,10.710333,12.452076,12.452076,85.917862
9.496726,1.129657,12.031904,4.253942,4.253942,105.586656
6.959344,1.049039,12.277872,3.960450,3.960450,114.115330
8.758360,1.151065,14.359828,2.720068,2.720068,123.941488
8.726564,0.936993,17.630292,2.169359,2.169359,123.782818
8.246600,0.965805,13.405790,4.308278,4.308278,120.283783
8.885266,0.951018,12.613695,2.187542,2.187542,78.427286
7.718178,0.873191,12.604630,3.181302,3.181302,73.531791
8.062417,0.905466,13.476921,7.896653,7.896653,88.751569
7.320941,0.831970,12.510769,3.813021,3.813021,120.141764
9.235309,1.022670,16.026027,2.586593,2.586593,95.927651
7.892484,1.334587,14.862196,2.070340,2.070340,81.626816
7.636626,0.969235,18.644200,2.123557,2.123557,127.234747
9.279300,0.871378,15.442314,16.613030,16.613030,138.265653
9.869160,0.980786,14.961301,13.261514,13.261514,111.130625
8.042503,0.895447,14.959217,2.944519,2.944519,124.019085
7.206202,0.852869,13.989471,10.881231,10.881231,100.579765
8.096416,0.850426,17.174823,2.850190,2.850190,123.805090
7.707297,0.865538,13.948804,2.556911,2.556911,118.743819
8.232357,0.828518,14.434311,8.140752,8.140752,116.425799
7.736611,0.868415,14.973948,6.932534,6.932534,114.454737
8.319878,0.753448,16.082674,2.841853,2.841853,118.239921
9.848682,1.028825,17.949885,12.547494,12.547494,103.493323
8.806287,0.905825,16.164909,12.309539,12.309539,97.049253
7.534101,1.553751,16.066488,6.152717,6.152717,118.919734
8.498086,1.029965,14.342470,3.439656,3.439656,89.294546
8.740499,1.146918,14.875766,2.660219,2.660219,149.933396
9.575987,1.171734,15.277410,4.443849,4.443849,150.422478
8.158548,1.475685,12.301038,2.425911,2.425911,126.040998
8.046586,1.112319,11.655458,2.454778,2.454778,75.593717
9.193432,1.401809,11.578444,1.379044,1.379044,70.271275
8.840413,1.368426,11.331662,1.980756,1.980756,73.948844
8.272169,1.321789,8.448664,1.715703,1.715703,43.956793
12.267852,1.730684,9.667201,1.136181,1.136181,58.001682
8.795237,1.435354,9.542822,1.233386,1.233386,48.059258
9.457647,2.203980,11.033075,1.307241,1.307241,64.744580
7.959857,1.291260,8.438949,2.849485,2.849485,77.075697
10.021500,1.224311,9.554644,1.762178,1.762178,57.204754
9.074934,1.154636,11.465247,2.142392,2.142392,69.177353
7.748477,1.261395,10.189717,3.706675,3.706675,102.633061
10.439668,1.446319,12.688343,2.909714,2.909714,102.724384
18.925614,1.626009,14.616293,14.136668,14.136668,148.727955
10.604845,1.588198,15.868548,10.579526,10.579526,110.639110
8.714174,1.310661,13.197797,2.135271,2.135271,134.729419
10.342105,1.398606,18.307138,6.206092,6.206092,128.727042
11.128135,1.426298,24.545658,3.364102,3.364102,169.103395
10.499322,1.075409,20.705425,3.348585,3.348585,154.537172
11.116114,1.334620,16.454388,3.313259,3.313259,167.161644
9.871868,1.259072,19.521930,13.731019,13.731019,174.917499
15.000633,0.971819,18.602469,5.138728,5.138728,174.939910
12.741301,1.322494,20.419198,5.214569,5.214569,181.310507
10.093227,1.621954,18.138445,4.742164,4.742164,187.758986
10.234270,1.706583,19.908972,4.885031,4.885031,180.168547
9.693080,1.683493,23.554406,4.114343,4.114343,189.152808
8.968405,1.066984,21.713000,4.469892,4.469892,159.397375
10.157363,1.645268,19.690580,4.437085,4.437085,164.839146
8.223410,0.926376,14.945603,4.196633,4.196633,154.635038
8.521774,1.131448,15.524919,4.810797,4.810797,154.384059
10.998661,1.550962,31.688514,1.849103,1.849103,141.247615
9.737064,1.177793,15.928810,5.879316,5.879316,141.181136
9.279886,1.292097,30.349797,6.074220,6.074220,170.840115
9.896569,2.078037,19.671027,4.846405,4.846405,129.981260
8.879295,1.386447,15.035643,19.573520,19.573520,106.912267
10.748134,1.475619,14.167848,24.373176,24.373176,118.865787
9.311600,1.417289,12.623531,3.411322,3.411322,81.887354
10.862070,1.868937,21.234201,4.287672,4.287672,123.773223
9.196553,1.541147,12.827582,2.342786,2.342786,71.853853
11.601524,1.387077,12.174923,2.308101,2.308101,68.223170
11.258636,2.184188,14.284465,1.597338,1.597338,73.445996
9.617700,1.386556,14.007101,1.776487,1.776487,76.172841
11.180135,1.593712,10.537307,2.447461,2.447461,61.887907
10.129281,1.972928,15.736081,4.099395,4.099395,127.735249
12.263286,1.838247,20.476954,1.925563,1.925563,79.803990
9.476437,1.482090,13.757475,17.232492,17.232492,108.011148
8.837520,1.277235,15.309578,18.326300,18.326300,103.851066
10.064535,1.665645,16.413027,16.110789,16.110789,106.553392
9.920865,1.460171,18.069238,4.406178,4.406178,83.900568
11.621384,1.416605,16.794304,14.242864,14.242864,114.649845
10.161773,2.398186,20.582779,8.649566,8.649566,125.857569
11.901240,1.766575,24.918259,3.128128,3.128128,156.064019
15.292392,1.757586,18.949953,6.524740,6.524740,148.309669
9.610415,1.677881,20.561269,3.008310,3.008310,155.900084
8.545056,1.170682,16.050518,2.891368,2.891368,129.876673
10.073838,1.198929,19.623564,5.133680,5.133680,132.236265
10.046808,1.645442,20.114250,23.453260,23.453260,124.755881
9.684515,1.131914,16.754322,2.712035,2.712035,153.356008
10.162197,1.361521,24.615637,2.552797,2.552797,153.639248
12.886174,2.336749,27.593506,2.703155,2.703155,161.015631
11.897495,1.518121,17.709509,5.255356,5.255356,141.538567
13.064804,1.831256,22.255645,1.980983,1.980983,137.767458
11.780947,1.944474,22.532182,3.216725,3.216725,122.818639
11.276144,2.435095,25.993008,2.776752,2.776752,179.663110
16.355608,2.197911,19.572392,5.205318,5.205318,138.005541
10.172317,1.517665,14.066539,2.072306,2.072306,69.453046
9.638778,2.112622,8.964074,2.053177,2.053177,48.609499
11.670233,1.673408,10.765677,3.254733,3.254733,66.280405
15.577831,3.053082,10.422861,1.313907,1.313907,77.835322
9.957254,1.578644,10.140821,18.624857,18.624857,112.734387
10.457168,2.156365,13.868186,2.091510,2.091510,68.290080
11.823911,1.919841,16.715012,2.206704,2.206704,80.048562
15.122241,2.371305,27.603623,14.798135,14.798135,117.000248
12.228264,1.662823,16.292935,3.472063,3.472063,85.082349
11.267448,2.343036,27.106662,1.741823,1.741823,85.267767
9.131779,1.484425,11.042161,1.654615,1.654615,63.451094
10.308123,1.442498,13.234666,4.703691,4.703691,73.731878
13.354176,2.644099,17.011657,3.749373,3.749373,87.999992
11.787570,1.822711,17.021849,2.702699,2.702699,66.274090
9.695322,1.424172,11.517954,1.499221,1.499221,55.744175
14.899273,2.730023,13.179941,3.017765,3.017765,90.402190
10.373934,1.608379,12.626789,1.717222,1.717222,55.784687
10.698535,1.356028,10.599210,1.279092,1.279092,77.284953
10.696752,1.830279,14.452604,3.894832,3.894832,76.009962
14.636287,2.276737,20.917141,3.066837,3.066837,83.571638
12.599120,1.673614,13.077241,5.240042,5.240042,94.468841
11.954872,1.473057,12.539028,7.367057,7.367057,94.813718
9.571405,1.780938,12.330459,5.994596,5.994596,101.047428
13.121244,2.143706,18.090082,19.575885,19.575885,124.293293
12.139130,1.646854,12.677486,2.749293,2.749293,62.816148
11.179890,1.468824,13.346756,3.095995,3.095995,81.859655
11.399168,1.685849,14.052546,2.320868,2.320868,74.958028
11.332271,2.411360,14.865847,2.386124,2.386124,82.356641
9.342834,1.172288,12.533473,1.999287,1.999287,60.769156
11.813515,1.784781,16.722241,2.765784,2.765784,90.132620
9.704057,1.767563,15.103168,2.040084,2.040084,63.064037
10.243834,1.840190,12.888986,3.928541,3.928541,68.126576
9.611393,1.910115,13.725700,6.313622,6.313622,88.930771
9.716020,2.039433,15.157124,2.567692,2.567692,69.639671
9.995373,1.296146,10.198955,1.452051,1.452051,72.949175
10.208856,1.583084,13.160236,3.135207,3.135207,62.704296
10.910371,1.483067,12.104684,2.115903,2.115903,61.010743
10.719942,1.337421,13.404575,0.868382,0.868382,66.173429
11.086862,1.471755,12.044464,1.391083,1.391083,52.527428
9.800644,1.393200,13.223517,1.061436,1.061436,53.650110
9.250282,1.027946,15.819380,3.402355,3.402355,64.684759
11.524185,1.303278,19.952831,4.097994,4.097994,87.876159
10.330491,1.348093,14.207787,1.507895,1.507895,61.448854
8.262393,1.000132,14.805081,6.515470,6.515470,87.715247
8.962432,1.100475,15.860797,1.653563,1.653563,78.141283
10.195091,0.893839,14.660304,2.201026,2.201026,75.099925
9.391009,1.319552,14.691407,2.988476,2.988476,90.529766
11.249242,1.757282,11.252325,1.434192,1.434192,59.095338
9.633687,1.281436,9.076497,2.536220,2.536220,56.211756
9.663632,2.033799,8.487204,0.772501,0.772501,41.225999
10.061104,1.493272,8.878393,0.661768,0.661768,41.837989
9.888861,1.155288,10.541217,0.837811,0.837811,46.530692
9.780775,1.069166,8.145790,0.885089,0.885089,42.507723
9.128584,1.007449,10.807343,1.216169,1.216169,63.398144
11.271133,1.440967,14.973124,1.594234,1.594234,68.850849
9.482266,1.191797,11.125363,1.491209,1.491209,65.335095
10.830424,1.073715,11.427588,1.727482,1.727482,61.876627
8.878883,0.981795,10.736703,1.774489,1.774489,52.605241
8.649275,1.004322,11.068912,1.628256,1.628256,60.347029
8.614677,1.025535,12.507447,5.477558,5.477558,91.611690
8.761441,1.219035,14.112720,3.973367,3.973367,90.569327
8.907596,1.238522,14.399681,2.973787,2.973787,80.201504
10.754636,1.408280,19.159410,2.789049,2.789049,105.106119
10.084899,1.215963,16.687937,11.968450,11.968450,131.178084
10.005792,1.356507,16.138605,3.915762,3.915762,97.559090
10.380633,1.336498,15.682116,2.061015,2.061015,81.268945
9.269789,1.373735,15.665223,6.655872,6.655872,92.926093
9.254306,1.295983,14.183688,3.732479,3.732479,97.892066
10.650516,1.291282,16.096933,2.619096,2.619096,105.395687
9.524903,1.112786,16.735411,2.946973,2.946973,138.557458
9.213978,1.320670,15.558692,2.924132,2.924132,141.977503
10.486751,1.203510,17.741676,5.173968,5.173968,97.808910
8.777118,1.006765,15.469987,6.742895,6.742895,144.464243
11.126405,1.619963,18.618481,8.448784,8.448784,147.513891
10.952306,1.569872,16.289201,4.292742,4.292742,141.265308
11.044561,0.971396,16.931201,3.825940,3.825940,163.111102
8.898771,0.902481,18.175106,3.996663,3.996663,161.976561
8.761028,0.797914,16.744964,8.466003,8.466003,165.218278
8.016491,0.840079,14.711405,9.337717,9.337717,167.250553
8.573738,1.245362,26.698067,7.891516,7.891516,196.232389
11.151134,1.125998,16.724652,8.752517,8.752517,174.163738
10.177431,0.980037,18.963240,5.671460,5.671460,172.585859
11.462001,1.038704,19.977485,7.169259,7.169259,176.445222
10.265623,0.953603,20.840700,3.697055,3.697055,160.317614
12.772681,1.097783,19.769948,4.364653,4.364653,185.392245
13.647023,1.117465,19.585677,5.324878,5.324878,204.146224
10.333864,0.782217,18.025586,8.452952,8.452952,192.816702
10.916664,1.022148,21.624154,5.883437,5.883437,222.216928
13.606410,1.365886,27.040299,6.789305,6.789305,199.342950
9.218266,0.915357,22.861720,5.769371,5.769371,210.163996
11.583431,1.158544,20.713261,11.869052,11.869052,195.456081
11.589724,1.371715,21.093843,5.861465,5.861465,216.378555
10.835668,0.946361,19.316814,5.249732,5.249732,230.562884
13.136024,1.505040,32.354268,8.159338,8.159338,383.468090
13.606390,1.274955,29.511784,17.727031,17.727031,359.130460
12.681653,0.849481,30.449190,16.836839,16.836839,408.810709
15.635380,1.383679,52.825359,24.233122,24.233122,459.340041
12.271957,1.134238,24.088399,5.905518,5.905518,188.589729
13.300835,1.160987,26.987235,7.811692,7.811692,340.641079
14.063956,1.161530,25.947532,10.434142,10.434142,349.305063
12.335457,1.250431,23.649745,7.622003,7.622003,348.593927
12.021006,1.427614,24.108579,6.610169,6.610169,307.766565
