#Image Rect[ms], Image Resize[ms], ORB ext[ms], Stereo match[ms], IMU preint[ms], Pose pred[ms], LM track[ms], KF dec[ms], Total[ms]
0.000000,0.000000,27.489299,0.000000,0.000000,8.583302,4.141223,0.073713,49.646945
0.000000,0.000000,22.850181,0.000000,0.000000,4.201888,3.529578,0.079022,45.286644
0.000000,0.000000,25.927416,0.000000,0.000000,3.533628,3.713080,0.080683,44.213830
0.000000,0.000000,23.692334,0.000000,0.000000,3.424273,2.724531,0.071173,39.969377
0.000000,0.000000,21.766196,0.000000,0.000000,3.847662,3.261052,0.093254,37.025444
0.000000,0.000000,26.909960,0.000000,0.000000,2.956146,3.064035,0.076026,43.800190
0.000000,0.000000,24.531916,0.000000,0.000000,3.160188,3.075151,0.086566,39.824437
0.000000,0.000000,24.818550,0.000000,0.000000,2.641743,2.756838,0.750463,41.739166
0.000000,0.000000,25.333194,0.000000,0.000000,4.525910,3.620542,0.532570,40.604139
0.000000,0.000000,24.462783,0.000000,0.000000,4.959081,5.052759,0.181222,43.677053
0.000000,0.000000,23.530837,0.000000,0.000000,4.061886,3.400238,0.091897,44.322392
0.000000,0.000000,23.523912,0.000000,0.000000,3.259292,3.206597,0.539593,40.460562
0.000000,0.000000,24.303079,0.000000,0.000000,4.443882,4.175236,0.104035,41.599946
0.000000,0.000000,24.479904,0.000000,0.000000,3.403495,3.594281,0.086284,44.021512
0.000000,0.000000,23.926761,0.000000,0.000000,3.216281,3.292285,0.079576,40.207224
0.000000,0.000000,25.142669,0.000000,0.000000,3.435607,3.821564,0.741876,42.417477
0.000000,0.000000,22.682291,0.000000,0.000000,4.197396,4.221515,0.127321,40.766075
0.000000,0.000000,24.560496,0.000000,0.000000,2.935584,3.270399,0.067167,43.477850
0.000000,0.000000,22.644880,0.000000,0.000000,2.556055,3.292676,0.065202,38.847015
0.000000,0.000000,22.201255,0.000000,0.000000,2.730465,3.749180,0.882680,37.706211
0.000000,0.000000,26.005873,0.000000,0.000000,3.898951,3.424274,0.058135,43.908024
0.000000,0.000000,22.718707,0.000000,0.000000,3.258136,3.460761,0.065495,39.805502
0.000000,0.000000,22.529367,0.000000,0.000000,2.435834,3.583012,0.129775,39.223311
0.000000,0.000000,23.062515,0.000000,0.000000,2.086591,2.770669,0.664482,38.849370
0.000000,0.000000,22.460923,0.000000,0.000000,3.756460,3.809123,0.059491,38.164513
0.000000,0.000000,23.294359,0.000000,0.000000,2.613430,3.634600,0.080379,41.066498
0.000000,0.000000,22.003033,0.000000,0.000000,1.948361,3.388524,0.650033,37.771390
0.000000,0.000000,23.188261,0.000000,0.000000,3.624406,4.343624,0.104903,40.306820
0.000000,0.000000,22.241586,0.000000,0.000000,2.212110,3.660004,0.072063,39.973384
0.000000,0.000000,22.655117,0.000000,0.000000,2.560452,5.307248,0.687085,38.194246
0.000000,0.000000,23.556730,0.000000,0.000000,3.003370,3.659775,0.070380,41.952326
0.000000,0.000000,22.559335,0.000000,0.000000,1.870219,3.187773,0.060392,39.089183
0.000000,0.000000,22.711406,0.000000,0.000000,1.852957,3.081448,0.852217,37.974566
0.000000,0.000000,23.338891,0.000000,0.000000,3.380979,3.514749,0.059568,40.168217
0.000000,0.000000,21.860047,0.000000,0.000000,2.933733,3.500679,0.080520,38.787372
0.000000,0.000000,25.169501,0.000000,0.000000,2.570764,3.482387,0.111580,42.738286
0.000000,0.000000,25.363384,0.000000,0.000000,2.048009,3.481355,0.122935,42.782645
0.000000,0.000000,22.619031,0.000000,0.000000,1.862435,2.844698,0.070163,37.744846
0.000000,0.000000,21.379261,0.000000,0.000000,1.660055,3.494219,0.777690,35.441230
0.000000,0.000000,22.945542,0.000000,0.000000,4.451936,5.886705,0.120232,38.616587
0.000000,0.000000,23.079776,0.000000,0.000000,2.910300,3.214706,0.058937,43.628902
0.000000,0.000000,21.882552,0.000000,0.000000,1.946982,2.991873,0.061869,37.280285
0.000000,0.000000,24.470413,0.000000,0.000000,1.608661,3.321368,1.197421,40.063864
0.000000,0.000000,22.358874,0.000000,0.000000,3.458015,3.859735,0.066657,38.209456
0.000000,0.000000,22.004845,0.000000,0.000000,2.126261,3.578213,0.068980,38.686193
0.000000,0.000000,23.858042,0.000000,0.000000,1.673179,3.448179,0.082561,39.422261
0.000000,0.000000,22.183548,0.000000,0.000000,1.313646,3.209137,0.859599,36.805921
0.000000,0.000000,22.432622,0.000000,0.000000,4.784341,4.385356,0.130686,37.538450
0.000000,0.000000,25.424734,0.000000,0.000000,2.326664,3.828849,0.112241,45.313220
0.000000,0.000000,23.492212,0.000000,0.000000,1.689670,3.093944,0.059047,39.775995
0.000000,0.000000,22.384615,0.000000,0.000000,1.783988,3.271289,1.547128,36.874858
0.000000,0.000000,25.675347,0.000000,0.000000,3.287899,3.797996,0.070467,42.553129
0.000000,0.000000,23.469035,0.000000,0.000000,2.078818,4.112226,0.128970,41.396626
0.000000,0.000000,21.615089,0.000000,0.000000,2.427072,5.215590,0.334228,37.523386
0.000000,0.000000,24.435859,0.000000,0.000000,1.458728,3.759120,0.928308,43.360669
0.000000,0.000000,22.431784,0.000000,0.000000,3.619966,4.607548,0.130165,38.425070
0.000000,0.000000,24.400653,0.000000,0.000000,1.835891,3.492960,0.076731,46.621167
0.000000,0.000000,23.901628,0.000000,0.000000,1.415868,3.672825,0.865169,39.857758
0.000000,0.000000,22.379132,0.000000,0.000000,3.270659,4.776763,0.126160,37.708380
0.000000,0.000000,22.793728,0.000000,0.000000,1.813647,3.750370,0.064029,44.929868
0.000000,0.000000,21.761343,0.000000,0.000000,1.422023,4.120179,0.859599,37.169548
0.000000,0.000000,24.100503,0.000000,0.000000,3.057977,5.449104,0.131011,41.033896
0.000000,0.000000,25.451157,0.000000,0.000000,1.993229,4.008616,0.089813,44.563565
0.000000,0.000000,24.135524,0.000000,0.000000,1.498038,3.979760,0.905977,40.478735
0.000000,0.000000,24.796239,0.000000,0.000000,2.940590,3.971217,0.061500,42.072607
0.000000,0.000000,22.160903,0.000000,0.000000,2.020044,4.181218,0.144463,39.182440
0.000000,0.000000,23.013120,0.000000,0.000000,1.443685,3.426890,0.677086,39.954844
0.000000,0.000000,23.105653,0.000000,0.000000,3.623103,5.025325,0.115434,40.626553
0.000000,0.000000,25.413063,0.000000,0.000000,1.993457,4.716957,0.188006,46.732866
0.000000,0.000000,24.376965,0.000000,0.000000,1.918962,4.051237,0.937698,42.649969
0.000000,0.000000,23.758230,0.000000,0.000000,3.638953,4.227357,0.074408,40.505907
0.000000,0.000000,24.332975,0.000000,0.000000,2.455245,4.550804,0.142487,45.008515
0.000000,0.000000,26.668867,0.000000,0.000000,1.539780,3.221633,0.681775,44.446076
0.000000,0.000000,23.153088,0.000000,0.000000,3.196306,4.388830,0.099529,38.102849
0.000000,0.000000,23.486686,0.000000,0.000000,2.069656,4.298930,0.130436,41.791307
0.000000,0.000000,24.975627,0.000000,0.000000,1.500035,3.822237,0.744362,41.441457
0.000000,0.000000,22.685862,0.000000,0.000000,3.557543,4.630813,0.088423,38.700706
0.000000,0.000000,24.724999,0.000000,0.000000,2.059549,3.837447,0.124932,45.293983
0.000000,0.000000,23.377875,0.000000,0.000000,1.441325,4.419184,1.307013,39.459084
0.000000,0.000000,26.514647,0.000000,0.000000,3.564079,5.256994,0.143756,43.952069
0.000000,0.000000,24.702555,0.000000,0.000000,2.047293,3.597776,0.060469,45.242963
0.000000,0.000000,24.159115,0.000000,0.000000,1.572326,4.123094,0.129004,39.877501
0.000000,0.000000,24.527322,0.000000,0.000000,1.295853,3.721254,0.914043,41.037750
0.000000,0.000000,23.424143,0.000000,0.000000,3.547382,4.083642,0.061153,39.525197
0.000000,0.000000,22.034646,0.000000,0.000000,2.333928,4.314878,0.115791,39.923097
0.000000,0.000000,22.920614,0.000000,0.000000,1.767900,4.923092,0.127288,39.825413
0.000000,0.000000,22.538610,0.000000,0.000000,1.507569,4.017518,0.894622,39.621654
0.000000,0.000000,22.493851,0.000000,0.000000,3.568458,4.646055,0.123467,38.596576
0.000000,0.000000,23.234603,0.000000,0.000000,2.436940,5.378660,0.149000,43.117351
0.000000,0.000000,24.638717,0.000000,0.000000,1.713684,4.119848,0.094340,46.823355
0.000000,0.000000,20.728664,0.000000,0.000000,1.432619,4.135849,0.905694,36.771238
0.000000,0.000000,23.063427,0.000000,0.000000,3.159948,4.417034,0.065278,41.873303
0.000000,0.000000,23.541064,0.000000,0.000000,2.352729,4.661037,0.095632,41.954909
0.000000,0.000000,26.944201,0.000000,0.000000,1.494532,4.587399,0.105630,44.777361
0.000000,0.000000,22.976666,0.000000,0.000000,1.362553,4.934231,0.811496,39.824068
0.000000,0.000000,22.915751,0.000000,0.000000,3.254342,5.371071,0.125530,44.268295
0.000000,0.000000,23.528830,0.000000,0.000000,2.286355,4.503383,0.140565,43.080949
0.000000,0.000000,23.027711,0.000000,0.000000,1.363497,3.931949,0.794799,39.823438
0.000000,0.000000,21.848237,0.000000,0.000000,2.972745,4.206892,0.064931,38.405941
0.000000,0.000000,24.250328,0.000000,0.000000,1.753688,4.959200,0.136679,42.489528
0.000000,0.000000,26.177466,0.000000,0.000000,1.248693,5.744446,0.856679,45.525284
0.000000,0.000000,26.408354,0.000000,0.000000,3.063752,5.988377,0.178279,44.643972
0.000000,0.000000,22.805486,0.000000,0.000000,1.333632,4.674108,1.730619,43.752243
0.000000,0.000000,23.242380,0.000000,0.000000,4.452837,5.434906,0.167000,42.388308
0.000000,0.000000,24.624408,0.000000,0.000000,1.620756,5.060574,0.187963,49.512751
0.000000,0.000000,26.802020,0.000000,0.000000,1.192720,3.976503,1.040419,46.645087
0.000000,0.000000,24.491269,0.000000,0.000000,2.970118,4.887995,0.116280,41.635759
0.000000,0.000000,23.681314,0.000000,0.000000,1.705889,3.729678,0.065061,42.138974
0.000000,0.000000,22.197889,0.000000,0.000000,1.443757,4.149821,0.137103,37.468247
0.000000,0.000000,22.295367,0.000000,0.000000,1.178986,3.789550,1.015428,37.770542
0.000000,0.000000,22.048704,0.000000,0.000000,5.369453,9.199214,0.190058,37.297010
0.000000,0.000000,24.240666,0.000000,0.000000,2.857170,5.505828,0.185412,52.632869
0.000000,0.000000,24.067512,0.000000,0.000000,1.803615,3.983767,0.081964,43.755510
0.000000,0.000000,22.755536,0.000000,0.000000,1.685067,3.857183,0.102200,38.711780
0.000000,0.000000,23.360267,0.000000,0.000000,1.798840,4.464931,1.023809,39.493650
0.000000,0.000000,23.865642,0.000000,0.000000,3.863371,6.222952,0.160888,41.407206
0.000000,0.000000,23.656292,0.000000,0.000000,2.890314,5.098105,0.131880,45.474411
0.000000,0.000000,22.391075,0.000000,0.000000,1.987725,3.897341,0.064767,40.306112
0.000000,0.000000,22.427029,0.000000,0.000000,1.772274,4.839435,0.146297,37.518333
0.000000,0.000000,22.007788,0.000000,0.000000,1.502380,4.607201,1.388662,38.938554
0.000000,0.000000,24.432559,0.000000,0.000000,7.233224,8.984914,0.253176,42.190289
0.000000,0.000000,23.612672,0.000000,0.000000,2.780906,5.570861,0.160682,52.100636
0.000000,0.000000,22.192024,0.000000,0.000000,2.400247,5.365947,0.165871,42.079472
0.000000,0.000000,23.322140,0.000000,0.000000,1.943801,4.080842,0.074386,41.163373
0.000000,0.000000,22.855195,0.000000,0.000000,1.641350,4.135339,0.141010,38.673090
0.000000,0.000000,26.156750,0.000000,0.000000,1.495487,3.631245,0.716418,41.471734
0.000000,0.000000,22.016755,0.000000,0.000000,3.733989,4.823954,0.074994,37.077162
0.000000,0.000000,24.510441,0.000000,0.000000,2.711949,5.725816,0.209350,43.662924
0.000000,0.000000,21.026069,0.000000,0.000000,2.207453,4.310188,0.227913,40.096307
0.000000,0.000000,22.697706,0.000000,0.000000,2.039574,4.656325,0.139458,39.480383
0.000000,0.000000,24.808844,0.000000,0.000000,1.695771,5.003796,1.140904,41.440470
0.000000,0.000000,24.327482,0.000000,0.000000,4.007063,5.742698,0.123836,43.472063
0.000000,0.000000,23.470868,0.000000,0.000000,2.741608,4.606441,0.083961,43.952241
0.000000,0.000000,23.378081,0.000000,0.000000,2.207182,4.021480,0.064160,41.085029
0.000000,0.000000,22.502806,0.000000,0.000000,1.845162,4.271812,0.148370,39.285299
0.000000,0.000000,23.573872,0.000000,0.000000,1.372530,4.352038,1.201329,41.071828
0.000000,0.000000,22.445475,0.000000,0.000000,3.484471,5.087346,0.093156,39.074876
0.000000,0.000000,21.676881,0.000000,0.000000,2.191918,3.594422,0.064583,39.684316
0.000000,0.000000,24.878074,0.000000,0.000000,2.224758,4.163099,0.144104,40.616532
0.000000,0.000000,23.647161,0.000000,0.000000,1.553545,3.175006,0.110223,39.875915
0.000000,0.000000,21.867679,0.000000,0.000000,1.286375,2.728883,0.667207,37.220224
0.000000,0.000000,25.727154,0.000000,0.000000,2.851395,3.820609,0.097032,41.515225
0.000000,0.000000,24.344602,0.000000,0.000000,1.872357,3.075575,0.064258,41.204294
0.000000,0.000000,22.068366,0.000000,0.000000,1.631221,3.148875,0.139643,36.980879
0.000000,0.000000,23.137977,0.000000,0.000000,1.306188,2.558974,0.661171,39.298913
0.000000,0.000000,22.064761,0.000000,0.000000,3.090969,3.928715,0.120558,35.967024
0.000000,0.000000,21.986489,0.000000,0.000000,1.956101,4.266015,0.122914,39.202379
0.000000,0.000000,24.023620,0.000000,0.000000,1.521617,3.345719,0.103654,40.404620
0.000000,0.000000,21.267921,0.000000,0.000000,1.471288,5.382687,0.957402,35.553820
0.000000,0.000000,23.491462,0.000000,0.000000,3.757513,3.284989,0.064996,41.072098
0.000000,0.000000,21.062480,0.000000,0.000000,2.355867,3.509917,0.071444,37.208314
0.000000,0.000000,22.662597,0.000000,0.000000,1.993349,2.977543,0.148327,38.866579
0.000000,0.000000,22.998257,0.000000,0.000000,1.467988,2.993491,0.112882,37.904052
0.000000,0.000000,24.267491,0.000000,0.000000,1.374821,2.962019,0.940250,39.419743
0.000000,0.000000,23.617904,0.000000,0.000000,3.412450,3.471694,0.061478,39.471232
0.000000,0.000000,21.340332,0.000000,0.000000,2.279592,3.804922,0.114401,37.552824
0.000000,0.000000,24.536945,0.000000,0.000000,1.639363,3.002231,0.070836,42.007148
0.000000,0.000000,22.945258,0.000000,0.000000,1.493608,4.126035,1.272838,37.263410
0.000000,0.000000,24.102881,0.000000,0.000000,3.494523,3.528351,0.059839,41.678002
0.000000,0.000000,22.087765,0.000000,0.000000,3.336740,5.397092,0.210457,38.658882
0.000000,0.000000,23.599557,0.000000,0.000000,2.125424,3.400987,0.237326,44.627633
0.000000,0.000000,26.382385,0.000000,0.000000,1.305145,3.060616,0.766899,43.030294
0.000000,0.000000,22.977697,0.000000,0.000000,3.380675,3.863730,0.146742,38.589100
0.000000,0.000000,24.041740,0.000000,0.000000,2.128203,3.796769,0.131847,42.504401
0.000000,0.000000,24.183237,0.000000,0.000000,1.419917,3.175734,0.726405,40.552090
0.000000,0.000000,22.108989,0.000000,0.000000,3.513620,4.335689,0.113859,36.935436
0.000000,0.000000,23.342962,0.000000,0.000000,2.005876,4.020981,0.162657,42.098045
0.000000,0.000000,22.952293,0.000000,0.000000,1.458880,3.110716,0.862227,39.550221
0.000000,0.000000,21.749759,0.000000,0.000000,3.818731,6.807609,0.114304,36.955508
0.000000,0.000000,22.991973,0.000000,0.000000,2.623287,5.061943,0.158141,44.423680
0.000000,0.000000,22.284414,0.000000,0.000000,1.344456,3.165778,0.826108,40.015665
0.000000,0.000000,22.784328,0.000000,0.000000,3.853014,5.957650,0.171440,37.945969
0.000000,0.000000,23.310968,0.000000,0.000000,2.094332,4.166366,0.132098,43.807442
0.000000,0.000000,23.062005,0.000000,0.000000,1.146017,3.378624,0.745599,39.898113
0.000000,0.000000,22.299535,0.000000,0.000000,3.099686,3.774807,0.064779,37.865288
0.000000,0.000000,24.172359,0.000000,0.000000,1.944724,4.376226,0.135191,41.877075
0.000000,0.000000,22.023725,0.000000,0.000000,1.776520,4.524195,1.232301,38.871551
0.000000,0.000000,23.976873,0.000000,0.000000,4.023325,4.748113,0.090692,42.182735
0.000000,0.000000,25.057591,0.000000,0.000000,2.209287,4.928422,0.181905,44.663817
0.000000,0.000000,24.245780,0.000000,0.000000,1.420384,8.113905,2.200516,42.923645
0.000000,0.000000,24.694985,0.000000,0.000000,4.613238,5.529396,0.263641,47.457957
0.000000,0.000000,24.459210,0.000000,0.000000,1.765587,3.503686,0.095914,47.041135
0.000000,0.000000,22.968848,0.000000,0.000000,1.225538,2.942077,0.888933,37.702887
0.000000,0.000000,23.187319,0.000000,0.000000,3.817537,4.528353,0.145635,38.176921
0.000000,0.000000,23.855935,0.000000,0.000000,1.659718,3.624852,0.087782,44.249068
0.000000,0.000000,22.186533,0.000000,0.000000,1.204770,3.087516,0.840113,37.380102
0.000000,0.000000,23.016029,0.000000,0.000000,3.335590,4.383076,0.143995,37.966804
0.000000,0.000000,21.650871,0.000000,0.000000,1.937353,4.211191,0.136852,39.091430
0.000000,0.000000,23.238146,0.000000,0.000000,1.167240,3.052115,0.952224,40.181657
0.000000,0.000000,22.742010,0.000000,0.000000,3.406199,3.886950,0.068622,37.409685
0.000000,0.000000,22.541573,0.000000,0.000000,2.000339,4.312045,0.113674,40.400125
0.000000,0.000000,23.233044,0.000000,0.000000,1.399170,3.439428,0.672960,40.059290
0.000000,0.000000,21.593279,0.000000,0.000000,3.427975,5.496708,0.145060,36.254354
0.000000,0.000000,22.387981,0.000000,0.000000,1.728405,5.725012,0.106064,42.562906
0.000000,0.000000,20.683101,0.000000,0.000000,1.755491,4.531479,1.238924,37.894823
0.000000,0.000000,25.346298,0.000000,0.000000,3.381424,4.371037,0.069566,44.009388
0.000000,0.000000,24.062084,0.000000,0.000000,1.802292,5.539558,0.148870,42.950861
0.000000,0.000000,25.320015,0.000000,0.000000,1.055564,4.601849,0.984912,43.936783
0.000000,0.000000,23.727107,0.000000,0.000000,2.856498,4.555581,0.124488,42.171748
0.000000,0.000000,22.885907,0.000000,0.000000,1.761701,5.143895,0.151030,41.418387
0.000000,0.000000,23.932233,0.000000,0.000000,1.199441,3.168927,0.784030,42.472990
0.000000,0.000000,22.310880,0.000000,0.000000,3.063177,4.094172,0.073800,37.029211
0.000000,0.000000,21.763221,0.000000,0.000000,1.647906,4.058359,0.097825,39.672233
0.000000,0.000000,23.198346,0.000000,0.000000,1.161801,3.768207,1.018250,39.015990
0.000000,0.000000,22.229643,0.000000,0.000000,3.143392,5.991412,0.082018,38.193932
0.000000,0.000000,22.451870,0.000000,0.000000,1.843490,4.842453,0.153647,41.333731
0.000000,0.000000,24.135960,0.000000,0.000000,1.491123,5.137012,0.173057,42.160024
0.000000,0.000000,24.447031,0.000000,0.000000,1.279732,4.271171,1.258573,41.554177
0.000000,0.000000,24.156737,0.000000,0.000000,3.859756,4.145587,0.074061,41.055521
0.000000,0.000000,23.591111,0.000000,0.000000,1.992132,4.236725,0.077024,41.985609
0.000000,0.000000,23.431146,0.000000,0.000000,1.376644,4.431689,0.140674,40.671181
0.000000,0.000000,22.027960,0.000000,0.000000,1.321538,5.111685,1.522779,38.669246
0.000000,0.000000,25.996547,0.000000,0.000000,3.934685,6.479948,0.176923,43.965257
0.000000,0.000000,25.381732,0.000000,0.000000,1.951183,4.462619,0.092863,47.935530
0.000000,0.000000,22.130115,0.000000,0.000000,1.559646,7.358177,0.131859,38.490358
0.000000,0.000000,25.191317,0.000000,0.000000,1.077872,4.237213,1.093505,44.562649
0.000000,0.000000,24.666250,0.000000,0.000000,3.701246,5.599278,0.119178,41.870329
0.000000,0.000000,25.393396,0.000000,0.000000,2.172106,5.723071,0.179614,47.374788
0.000000,0.000000,24.976850,0.000000,0.000000,1.573944,5.065482,0.177574,44.724254
0.000000,0.000000,23.893021,0.000000,0.000000,1.303777,3.980302,1.294224,42.258968
0.000000,0.000000,23.373772,0.000000,0.000000,2.931644,4.059487,0.065615,40.156786
0.000000,0.000000,22.736301,0.000000,0.000000,1.404545,3.686655,0.063357,39.688822
0.000000,0.000000,22.073608,0.000000,0.000000,1.136529,3.950547,0.887239,36.652535
0.000000,0.000000,22.979207,0.000000,0.000000,3.329228,5.295707,0.131228,39.063292
0.000000,0.000000,25.048982,0.000000,0.000000,2.165744,5.078738,0.213507,46.307111
0.000000,0.000000,26.053846,0.000000,0.000000,1.328899,4.922409,1.349330,47.618563
0.000000,0.000000,26.712228,0.000000,0.000000,3.960513,7.440053,0.169301,46.563542
0.000000,0.000000,26.654701,0.000000,0.000000,1.371553,4.664717,0.939739,51.302441
0.000000,0.000000,24.206448,0.000000,0.000000,3.207379,5.643658,0.219793,46.407920
0.000000,0.000000,24.911140,0.000000,0.000000,1.369859,4.313738,0.089933,46.401862
0.000000,0.000000,25.414975,0.000000,0.000000,1.092659,5.210964,1.400094,44.104943
0.000000,0.000000,25.192804,0.000000,0.000000,3.119216,4.567109,0.082202,43.242458
0.000000,0.000000,24.346937,0.000000,0.000000,1.845684,5.014621,0.141770,43.725466
0.000000,0.000000,24.656803,0.000000,0.000000,1.208287,4.195026,3.334145,42.674052
0.000000,0.000000,24.954023,0.000000,0.000000,4.818581,6.779089,0.171027,44.438964
0.000000,0.000000,25.649010,0.000000,0.000000,1.869958,4.439795,0.111797,51.460635
0.000000,0.000000,25.802755,0.000000,0.000000,1.369132,5.480859,1.270786,43.358569
0.000000,0.000000,25.521408,0.000000,0.000000,4.630168,6.436441,0.118376,45.962569
0.000000,0.000000,26.795719,0.000000,0.000000,1.763296,5.543249,0.147068,50.729517
0.000000,0.000000,25.392361,0.000000,0.000000,1.188932,4.834017,0.966402,43.576207
0.000000,0.000000,25.406897,0.000000,0.000000,2.854012,4.238603,0.063703,43.350421
0.000000,0.000000,24.825736,0.000000,0.000000,1.896794,9.014225,0.119895,42.044528
0.000000,0.000000,25.001855,0.000000,0.000000,1.264663,3.992538,1.326195,46.447218
0.000000,0.000000,25.127320,0.000000,0.000000,4.343831,5.282550,0.099681,42.045927
0.000000,0.000000,25.385369,0.000000,0.000000,1.652162,4.032087,0.055160,46.559420
0.000000,0.000000,24.175356,0.000000,0.000000,1.236828,3.790244,0.689538,40.381313
0.000000,0.000000,24.051759,0.000000,0.000000,3.289441,4.443544,0.111666,39.817112
0.000000,0.000000,23.422299,0.000000,0.000000,2.088199,3.838684,0.094981,42.056392
0.000000,0.000000,21.598263,0.000000,0.000000,1.611593,4.062419,0.952409,40.449499
0.000000,0.000000,23.804262,0.000000,0.000000,3.260280,3.933665,0.062998,40.479322
0.000000,0.000000,22.145369,0.000000,0.000000,1.714965,3.716944,0.689343,39.315327
0.000000,0.000000,22.844730,0.000000,0.000000,3.246949,4.029025,0.060012,38.748918
0.000000,0.000000,21.531898,0.000000,0.000000,1.841015,6.866970,0.771827,40.622763
0.000000,0.000000,22.289309,0.000000,0.000000,4.751706,4.435457,0.180809,41.744842
0.000000,0.000000,23.293590,0.000000,0.000000,2.738774,4.382142,0.784290,43.761651
0.000000,0.000000,22.195003,0.000000,0.000000,3.821597,4.954976,0.105109,40.760083
0.000000,0.000000,25.379800,0.000000,0.000000,2.329639,5.803448,0.163352,48.931323
0.000000,0.000000,24.174097,0.000000,0.000000,1.527642,4.430017,0.965913,47.299288
0.000000,0.000000,24.507586,0.000000,0.000000,5.246182,5.788967,0.127885,42.617186
0.000000,0.000000,23.485123,0.000000,0.000000,2.250313,4.281941,0.081725,46.533742
0.000000,0.000000,22.171542,0.000000,0.000000,2.584129,5.913323,0.271587,38.640043
0.000000,0.000000,26.831004,0.000000,0.000000,1.445450,3.809090,0.875395,47.805875
0.000000,0.000000,23.248025,0.000000,0.000000,3.451012,4.817940,0.105261,39.796959
0.000000,0.000000,29.213284,0.000000,0.000000,2.319977,3.935336,0.071661,50.600340
0.000000,0.000000,24.173923,0.000000,0.000000,1.698127,3.466439,0.941487,40.636779
0.000000,0.000000,23.378918,0.000000,0.000000,3.790386,6.664547,0.134475,45.594417
0.000000,0.000000,25.326182,0.000000,0.000000,2.642068,5.128838,0.160139,50.766008
0.000000,0.000000,24.549447,0.000000,0.000000,1.726986,3.859072,0.727469,43.310774
0.000000,0.000000,23.364995,0.000000,0.000000,3.919953,5.266385,0.140012,39.620330
0.000000,0.000000,25.573387,0.000000,0.000000,2.031084,4.014478,0.063812,49.565093
0.000000,0.000000,22.878840,0.000000,0.000000,1.636421,3.649409,0.726829,39.323973
0.000000,0.000000,23.867161,0.000000,0.000000,4.836102,7.972287,0.104643,40.897967
0.000000,0.000000,23.873838,0.000000,0.000000,2.503601,4.766841,0.154744,52.499154
0.000000,0.000000,23.763936,0.000000,0.000000,1.773034,5.326105,0.973165,41.895211
0.000000,0.000000,25.123064,0.000000,0.000000,3.788974,10.312163,0.132782,44.403227
0.000000,0.000000,24.077684,0.000000,0.000000,2.073000,3.819545,0.148295,49.065794
0.000000,0.000000,23.828469,0.000000,0.000000,1.820660,5.124333,0.905163,41.089338
0.000000,0.000000,25.482749,0.000000,0.000000,3.497216,4.382490,0.068632,43.752445
0.000000,0.000000,23.221080,0.000000,0.000000,2.295323,4.293122,0.085286,41.315931
0.000000,0.000000,25.143689,0.000000,0.000000,1.937721,4.738224,0.836813,46.348295
0.000000,0.000000,23.531338,0.000000,0.000000,3.472029,4.936858,0.101830,41.085919
0.000000,0.000000,24.620619,0.000000,0.000000,2.303106,3.939397,0.063443,43.858378
0.000000,0.000000,23.844288,0.000000,0.000000,1.945332,4.472324,0.778168,40.671932
0.000000,0.000000,21.888142,0.000000,0.000000,4.188523,5.314086,0.110451,40.056833
0.000000,0.000000,24.297771,0.000000,0.000000,3.030641,5.532892,0.140413,45.090618
0.000000,0.000000,24.066925,0.000000,0.000000,2.102225,4.120955,0.081030,43.284828
0.000000,0.000000,22.321780,0.000000,0.000000,2.011565,4.911532,0.870173,38.338015
0.000000,0.000000,23.907653,0.000000,0.000000,4.842747,5.308355,0.076058,41.860894
0.000000,0.000000,23.136684,0.000000,0.000000,2.896416,5.609688,0.124107,45.027410
0.000000,0.000000,23.076520,0.000000,0.000000,2.158644,5.083351,0.106597,42.023291
0.000000,0.000000,23.705328,0.000000,0.000000,2.619942,11.295913,0.230878,41.013084
0.000000,0.000000,24.361289,0.000000,0.000000,2.018405,5.285681,1.009946,50.061866
0.000000,0.000000,23.711277,0.000000,0.000000,11.104835,11.923668,0.213660,44.240916
0.000000,0.000000,27.500458,0.000000,0.000000,3.681976,5.825791,0.092299,66.455091
0.000000,0.000000,23.150754,0.000000,0.000000,4.061626,6.599269,0.145592,44.121325
0.000000,0.000000,25.988700,0.000000,0.000000,3.359148,6.871279,0.191720,50.160321
0.000000,0.000000,25.274940,0.000000,0.000000,3.527515,8.833504,0.202000,48.743747
0.000000,0.000000,25.314592,0.000000,0.000000,2.699768,6.697409,1.486682,49.462564
0.000000,0.000000,24.289573,0.000000,0.000000,5.680590,13.521637,0.189049,48.039477
0.000000,0.000000,23.747711,0.000000,0.000000,4.025996,8.327488,0.233157,57.044845
0.000000,0.000000,23.449188,0.000000,0.000000,3.255852,7.273391,0.156969,46.224690
0.000000,0.000000,24.924885,0.000000,0.000000,2.901588,7.463753,0.156600,46.202727
0.000000,0.000000,24.462311,0.000000,0.000000,2.485142,4.701888,0.074169,45.650314
0.000000,0.000000,22.436508,0.000000,0.000000,2.234116,6.227544,0.163135,39.579586
0.000000,0.000000,22.816125,0.000000,0.000000,2.140059,5.043954,0.967900,41.860156
0.000000,0.000000,23.497998,0.000000,0.000000,5.498099,6.452287,0.088706,42.004565
0.000000,0.000000,23.892108,0.000000,0.000000,3.533301,5.514545,0.112785,47.455014
0.000000,0.000000,22.650655,0.000000,0.000000,3.348042,7.362193,0.180972,41.894070
0.000000,0.000000,23.840834,0.000000,0.000000,2.875420,6.216991,0.189580,46.999918
0.000000,0.000000,23.859259,0.000000,0.000000,2.423240,4.836928,0.093482,44.463196
0.000000,0.000000,22.888524,0.000000,0.000000,2.040323,6.069674,0.152605,40.434420
0.000000,0.000000,23.159569,0.000000,0.000000,1.804951,5.096530,0.935722,41.879295
0.000000,0.000000,24.804892,0.000000,0.000000,6.585558,6.167260,0.107650,44.325462
0.000000,0.000000,25.647306,0.000000,0.000000,4.439358,6.508815,0.087446,50.187885
0.000000,0.000000,25.438616,0.000000,0.000000,3.472540,6.391309,0.173220,47.633804
0.000000,0.000000,24.117036,0.000000,0.000000,3.295650,12.654656,0.184000,44.980643
0.000000,0.000000,24.759838,0.000000,0.000000,2.964169,6.219879,0.157044,54.548075
0.000000,0.000000,25.999087,0.000000,0.000000,3.516691,5.963848,0.156556,46.182492
0.000000,0.000000,24.679960,0.000000,0.000000,2.067138,4.986482,0.922858,45.278872
0.000000,0.000000,23.698402,0.000000,0.000000,4.912780,5.137555,0.132846,43.128739
0.000000,0.000000,23.333082,0.000000,0.000000,3.349414,4.478121,0.070913,44.316496
0.000000,0.000000,23.042763,0.000000,0.000000,2.733097,4.845438,0.076633,41.464949
0.000000,0.000000,23.881448,0.000000,0.000000,3.100706,4.534389,0.171940,41.210743
0.000000,0.000000,24.715319,0.000000,0.000000,2.221328,5.443991,0.175934,43.828023
0.000000,0.000000,24.077396,0.000000,0.000000,2.041441,4.645914,1.565649,42.895603
0.000000,0.000000,23.090785,0.000000,0.000000,5.587759,6.822655,0.113664,42.181791
0.000000,0.000000,24.713332,0.000000,0.000000,3.714154,6.341348,0.192870,53.806425
0.000000,0.000000,23.907904,0.000000,0.000000,3.136163,10.517329,0.174545,45.491222
0.000000,0.000000,23.506586,0.000000,0.000000,2.475024,4.552464,0.171939,48.695737
0.000000,0.000000,22.799298,0.000000,0.000000,2.406392,5.821806,0.161583,40.474480
0.000000,0.000000,23.517387,0.000000,0.000000,2.412059,5.266223,0.163667,42.802816
0.000000,0.000000,25.979329,0.000000,0.000000,2.212317,6.846288,1.680616,45.800042
0.000000,0.000000,25.875512,0.000000,0.000000,4.354806,5.821926,0.147328,48.359429
0.000000,0.000000,28.132951,0.000000,0.000000,2.662162,4.228518,0.115184,53.512530
0.000000,0.000000,22.988390,0.000000,0.000000,2.222554,3.507279,0.121827,41.623059
0.000000,0.000000,22.068355,0.000000,0.000000,1.614285,3.402105,0.765205,39.086101
0.000000,0.000000,23.226964,0.000000,0.000000,3.466656,4.661840,0.067134,39.843760
0.000000,0.000000,24.724612,0.000000,0.000000,2.747112,3.952598,0.104555,44.194909
0.000000,0.000000,24.268545,0.000000,0.000000,2.028750,3.255754,0.138470,41.740586
0.000000,0.000000,24.179394,0.000000,0.000000,1.717614,3.414297,1.648134,40.354530
0.000000,0.000000,22.720265,0.000000,0.000000,3.555177,3.898230,0.068990,40.014419
0.000000,0.000000,21.835642,0.000000,0.000000,2.727006,4.313424,0.156025,40.086209
0.000000,0.000000,23.078485,0.000000,0.000000,2.671357,3.860136,0.157870,41.867029
0.000000,0.000000,24.212657,0.000000,0.000000,1.905642,3.182508,3.949167,42.092856
0.000000,0.000000,23.203656,0.000000,0.000000,4.541619,5.127915,0.133400,42.640322
0.000000,0.000000,24.631205,0.000000,0.000000,3.415361,4.352342,0.113990,46.879445
0.000000,0.000000,24.967407,0.000000,0.000000,2.687989,4.053659,0.122924,43.285599
0.000000,0.000000,23.017409,0.000000,0.000000,2.795128,3.985578,0.982284,39.971343
0.000000,0.000000,22.010828,0.000000,0.000000,4.001863,4.132865,0.121991,40.220902
0.000000,0.000000,23.523956,0.000000,0.000000,3.151133,4.434622,0.068861,44.974097
0.000000,0.000000,23.642428,0.000000,0.000000,2.612995,3.461130,0.137428,41.666918
0.000000,0.000000,26.944624,0.000000,0.000000,2.140461,3.032638,0.696530,43.844776
0.000000,0.000000,22.358246,0.000000,0.000000,4.505283,4.373859,0.066690,39.849461
0.000000,0.000000,24.012546,0.000000,0.000000,2.947407,3.536831,0.061229,46.890812
0.000000,0.000000,22.917771,0.000000,0.000000,2.248533,3.583272,0.081975,39.901786
0.000000,0.000000,21.919388,0.000000,0.000000,1.876581,3.906893,0.967586,37.511386
0.000000,0.000000,22.633036,0.000000,0.000000,5.668930,6.009466,0.134008,39.522463
0.000000,0.000000,22.962367,0.000000,0.000000,2.894299,3.663835,0.061609,44.883588
0.000000,0.000000,21.821443,0.000000,0.000000,2.389294,3.535147,0.082485,38.062171
0.000000,0.000000,22.749044,0.000000,0.000000,1.863043,3.094725,0.724266,39.029408
0.000000,0.000000,22.465026,0.000000,0.000000,4.292178,5.539851,0.149891,37.910956
0.000000,0.000000,22.376018,0.000000,0.000000,2.676623,4.772051,0.134204,42.184636
0.000000,0.000000,24.368483,0.000000,0.000000,2.406901,4.498912,0.204508,42.202200
0.000000,0.000000,25.880442,0.000000,0.000000,2.677971,4.670566,1.042199,44.875207
0.000000,0.000000,27.154552,0.000000,0.000000,3.474027,3.919726,0.093645,48.022047
0.000000,0.000000,22.649016,0.000000,0.000000,2.233562,3.802186,0.087262,40.074420
0.000000,0.000000,22.827701,0.000000,0.000000,1.923631,3.518472,0.791868,39.226143
0.000000,0.000000,22.714306,0.000000,0.000000,3.378916,4.094270,0.093786,39.016253
0.000000,0.000000,23.503155,0.000000,0.000000,2.315917,4.647032,0.152334,41.533593
0.000000,0.000000,23.204361,0.000000,0.000000,2.475067,3.404309,0.820788,40.708700
0.000000,0.000000,22.786195,0.000000,0.000000,3.870037,4.522273,0.129340,40.259191
0.000000,0.000000,23.593325,0.000000,0.000000,2.516147,10.147909,0.148545,42.880567
0.000000,0.000000,23.716131,0.000000,0.000000,2.269691,4.424590,0.980776,47.192308
0.000000,0.000000,27.099639,0.000000,0.000000,3.432317,6.298532,0.168639,46.660140
0.000000,0.000000,25.552793,0.000000,0.000000,1.736920,3.998682,0.738966,46.301577
0.000000,0.000000,23.585765,0.000000,0.000000,3.621258,6.016805,0.162114,43.840629
0.000000,0.000000,23.563266,0.000000,0.000000,1.872661,4.300646,1.049701,46.312918
0.000000,0.000000,22.404298,0.000000,0.000000,2.940003,4.478350,0.133216,40.354933
0.000000,0.000000,23.887202,0.000000,0.000000,1.791175,4.376182,0.146101,43.576243
0.000000,0.000000,23.728419,0.000000,0.000000,1.297742,3.206239,0.840634,40.365539
0.000000,0.000000,23.246593,0.000000,0.000000,3.055490,4.459915,0.089215,38.993007
0.000000,0.000000,24.602121,0.000000,0.000000,2.410256,3.423514,0.075755,43.132906
0.000000,0.000000,23.247819,0.000000,0.000000,1.697802,4.226433,0.902384,39.676175
0.000000,0.000000,24.334442,0.000000,0.000000,4.502204,4.288867,0.087490,41.396034
0.000000,0.000000,25.611358,0.000000,0.000000,3.253615,4.508183,0.093319,45.369770
0.000000,0.000000,23.254051,0.000000,0.000000,1.809077,3.451446,0.057104,41.474993
0.000000,0.000000,24.131747,0.000000,0.000000,1.443790,3.270377,0.741430,39.228989
0.000000,0.000000,23.553635,0.000000,0.000000,3.835801,4.617132,0.087598,38.608277
0.000000,0.000000,22.813277,0.000000,0.000000,2.216953,3.978968,0.078707,45.485573
0.000000,0.000000,22.945139,0.000000,0.000000,2.070644,9.160882,0.752656,39.193088
0.000000,0.000000,23.155118,0.000000,0.000000,3.021555,4.362547,0.119406,45.026921
0.000000,0.000000,24.703462,0.000000,0.000000,2.409442,5.357805,0.109756,43.915713
0.000000,0.000000,23.302501,0.000000,0.000000,2.106687,5.259426,0.802029,45.469376
0.000000,0.000000,23.751934,0.000000,0.000000,3.334080,4.666367,0.190536,42.352318
0.000000,0.000000,24.470034,0.000000,0.000000,2.938233,6.383448,0.239823,43.339554
0.000000,0.000000,23.947007,0.000000,0.000000,1.602163,5.450212,1.183058,43.808864
0.000000,0.000000,26.791093,0.000000,0.000000,3.678578,5.763195,0.150065,45.555324
0.000000,0.000000,27.474502,0.000000,0.000000,1.857940,6.059774,0.159932,47.852187
0.000000,0.000000,25.168376,0.000000,0.000000,1.562361,5.063173,0.811930,45.539906
0.000000,0.000000,24.883594,0.000000,0.000000,3.187132,4.062711,0.066971,42.608935
0.000000,0.000000,22.506105,0.000000,0.000000,1.686315,3.702484,0.061120,42.159329
0.000000,0.000000,22.456939,0.000000,0.000000,1.127029,3.523042,0.779275,37.801429
0.000000,0.000000,21.995227,0.000000,0.000000,3.293457,4.922908,0.090518,37.503797
0.000000,0.000000,24.997327,0.000000,0.000000,1.851242,5.375251,0.128309,44.543530
0.000000,0.000000,26.245284,0.000000,0.000000,1.516309,4.418847,1.050656,44.540090
0.000000,0.000000,23.571169,0.000000,0.000000,3.526147,5.519756,0.155981,40.949860
0.000000,0.000000,28.046240,0.000000,0.000000,1.984425,3.985416,0.064290,49.872210
0.000000,0.000000,23.157474,0.000000,0.000000,1.444755,4.756537,0.869434,39.235176
0.000000,0.000000,23.540066,0.000000,0.000000,3.015790,3.998183,0.076481,41.242985
0.000000,0.000000,22.381272,0.000000,0.000000,1.721380,4.011189,0.641272,39.466564
0.000000,0.000000,21.728764,0.000000,0.000000,3.412690,4.908252,0.094633,37.721821
0.000000,0.000000,25.651724,0.000000,0.000000,1.867786,6.053759,0.144593,46.788720
0.000000,0.000000,23.159211,0.000000,0.000000,1.242994,4.342094,0.775844,41.545155
0.000000,0.000000,22.615981,0.000000,0.000000,5.341619,7.278733,0.134160,39.063682
0.000000,0.000000,29.276001,0.000000,0.000000,2.675844,6.282628,0.966467,61.657095
0.000000,0.000000,25.445422,0.000000,0.000000,3.986122,6.158227,0.134692,47.530463
0.000000,0.000000,24.971621,0.000000,0.000000,1.895242,4.223427,0.764087,47.030204
0.000000,0.000000,23.465939,0.000000,0.000000,3.257502,5.275396,0.092678,40.651272
0.000000,0.000000,25.983271,0.000000,0.000000,2.006972,6.127440,0.913609,45.807011
0.000000,0.000000,24.162937,0.000000,0.000000,3.229233,6.100277,0.097618,44.838938
0.000000,0.000000,24.141300,0.000000,0.000000,1.928907,5.345711,0.977790,44.928566
0.000000,0.000000,23.502210,0.000000,0.000000,2.645433,5.506230,0.117822,44.337047
0.000000,0.000000,27.344912,0.000000,0.000000,1.573737,4.812978,0.721466,46.679041
0.000000,0.000000,23.336677,0.000000,0.000000,2.611855,5.294687,0.079542,40.637094
0.000000,0.000000,24.567241,0.000000,0.000000,2.321019,5.868912,0.710143,42.811392
0.000000,0.000000,24.183769,0.000000,0.000000,2.669902,5.782377,0.112024,43.265395
0.000000,0.000000,24.075405,0.000000,0.000000,1.476749,5.498968,0.594872,43.816606
0.000000,0.000000,23.284503,0.000000,0.000000,2.357529,4.977004,0.073789,40.535936
0.000000,0.000000,24.391595,0.000000,0.000000,1.799154,4.814129,0.133411,42.468479
0.000000,0.000000,26.604859,0.000000,0.000000,1.210278,4.474539,0.758974,45.436961
0.000000,0.000000,24.723130,0.000000,0.000000,3.288420,5.030275,0.104642,41.208972
0.000000,0.000000,26.255705,0.000000,0.000000,1.752516,5.099580,0.141889,46.801216
0.000000,0.000000,23.731405,0.000000,0.000000,1.732715,5.075415,0.703912,44.316725
0.000000,0.000000,24.506821,0.000000,0.000000,3.361829,6.458996,0.105511,42.194579
0.000000,0.000000,23.502861,0.000000,0.000000,1.824307,4.203310,0.062097,43.532434
0.000000,0.000000,22.864260,0.000000,0.000000,1.547520,5.596737,0.742841,39.100835
0.000000,0.000000,22.558433,0.000000,0.000000,3.274904,5.348523,0.077817,41.223173
0.000000,0.000000,22.676015,0.000000,0.000000,2.226126,5.544748,0.141227,42.107821
0.000000,0.000000,22.657397,0.000000,0.000000,1.523115,4.341888,0.716668,44.517281
0.000000,0.000000,22.026786,0.000000,0.000000,3.497910,5.300788,0.205594,39.112329
0.000000,0.000000,22.632462,0.000000,0.000000,2.087667,4.667941,0.139566,42.455562
0.000000,0.000000,23.836492,0.000000,0.000000,1.844532,5.970354,0.145646,41.925618
0.000000,0.000000,26.665271,0.000000,0.000000,1.574281,4.660961,0.844444,44.872776
0.000000,0.000000,23.706870,0.000000,0.000000,4.929867,6.326997,0.117441,41.514942
0.000000,0.000000,27.688045,0.000000,0.000000,2.809816,6.719425,0.155807,50.585542
0.000000,0.000000,26.890814,0.000000,0.000000,2.321779,5.207816,0.180309,48.345504
0.000000,0.000000,23.119380,0.000000,0.000000,2.305799,4.194744,0.090844,41.887395
0.000000,0.000000,22.510547,0.000000,0.000000,3.084280,7.385404,0.386593,38.748302
0.000000,0.000000,28.547576,0.000000,0.000000,1.447774,4.003415,2.011229,52.447604
0.000000,0.000000,23.005738,0.000000,0.000000,5.452677,8.008492,0.200220,41.282577
0.000000,0.000000,25.781879,0.000000,0.000000,2.911213,6.604609,0.175022,52.890897
0.000000,0.000000,23.854481,0.000000,0.000000,5.128285,7.473209,0.209599,45.026933
0.000000,0.000000,27.134595,0.000000,0.000000,2.190756,6.974949,0.182731,51.827322
0.000000,0.000000,23.470592,0.000000,0.000000,1.578829,4.895182,1.413023,43.589733
0.000000,0.000000,26.183762,0.000000,0.000000,4.659300,7.739792,0.338526,45.586904
0.000000,0.000000,25.006175,0.000000,0.000000,3.003847,6.804374,0.170832,49.164335
0.000000,0.000000,26.083223,0.000000,0.000000,2.390911,5.194269,0.217329,47.024330
0.000000,0.000000,24.684291,0.000000,0.000000,1.855975,5.480566,0.138372,42.862307
0.000000,0.000000,24.936283,0.000000,0.000000,1.887100,5.202812,0.179723,43.318199
0.000000,0.000000,22.793089,0.000000,0.000000,1.652977,4.020199,1.050254,40.433943
0.000000,0.000000,24.308713,0.000000,0.000000,5.330654,6.911349,0.162017,41.329518
0.000000,0.000000,23.330445,0.000000,0.000000,2.738437,5.853008,0.113131,47.606317
0.000000,0.000000,23.771497,0.000000,0.000000,2.482895,6.094154,0.157533,43.556158
0.000000,0.000000,24.274320,0.000000,0.000000,2.120550,5.396062,0.191632,43.619110
0.000000,0.000000,24.142494,0.000000,0.000000,1.700845,6.185118,0.155254,43.493629
0.000000,0.000000,22.831591,0.000000,0.000000,1.540485,4.050162,0.984228,40.686337
0.000000,0.000000,21.976913,0.000000,0.000000,3.876052,5.354135,0.124737,38.348979
0.000000,0.000000,24.174726,0.000000,0.000000,3.560821,5.257929,0.187062,44.054465
0.000000,0.000000,24.443762,0.000000,0.000000,2.314842,4.324214,0.172732,45.305674
0.000000,0.000000,23.598884,0.000000,0.000000,1.801814,3.435314,0.139816,40.840712
0.000000,0.000000,26.674484,0.000000,0.000000,1.520597,4.024422,1.145528,44.097244
0.000000,0.000000,26.890410,0.000000,0.000000,4.567772,5.533597,0.170670,46.685359
0.000000,0.000000,28.389348,0.000000,0.000000,2.222392,4.081340,0.147503,50.850530
0.000000,0.000000,24.915679,0.000000,0.000000,2.586668,3.855891,0.083006,42.275947
0.000000,0.000000,24.675281,0.000000,0.000000,1.529726,3.007452,0.065299,41.972528
0.000000,0.000000,24.042532,0.000000,0.000000,1.598392,2.622808,0.068209,38.537257
0.000000,0.000000,22.704470,0.000000,0.000000,1.408518,2.830779,1.262297,37.058121
0.000000,0.000000,24.694236,0.000000,0.000000,4.280496,3.834201,0.092679,40.283195
0.000000,0.000000,23.661893,0.000000,0.000000,2.305560,4.083316,0.120775,42.909054
0.000000,0.000000,22.983505,0.000000,0.000000,1.660750,3.272722,0.151736,39.507069
0.000000,0.000000,22.925163,0.000000,0.000000,1.496290,4.246994,1.114664,37.850064
0.000000,0.000000,25.091699,0.000000,0.000000,3.865890,4.265472,0.206592,42.751075
0.000000,0.000000,23.512133,0.000000,0.000000,2.128800,3.805790,0.111525,42.636815
0.000000,0.000000,22.540727,0.000000,0.000000,1.816774,5.513166,1.170377,39.506580
0.000000,0.000000,22.733943,0.000000,0.000000,3.885420,3.850952,0.066147,43.578080
0.000000,0.000000,22.204046,0.000000,0.000000,2.067724,4.063515,0.096207,39.911687
0.000000,0.000000,23.148875,0.000000,0.000000,1.584018,3.642470,1.085581,39.557201
0.000000,0.000000,25.418176,0.000000,0.000000,3.594096,5.406180,0.159596,42.851973
0.000000,0.000000,24.473585,0.000000,0.000000,1.801098,3.626817,0.140946,45.276441
0.000000,0.000000,22.452118,0.000000,0.000000,1.676924,4.407763,1.199429,38.346179
0.000000,0.000000,22.679500,0.000000,0.000000,3.606874,4.137412,0.145363,40.682950
0.000000,0.000000,23.279171,0.000000,0.000000,2.518644,4.385541,0.184087,41.765186
0.000000,0.000000,23.076357,0.000000,0.000000,1.664028,5.706253,0.893785,41.804183
0.000000,0.000000,25.024089,0.000000,0.000000,3.975135,5.422182,0.165284,44.209304
0.000000,0.000000,24.570387,0.000000,0.000000,1.928053,4.065068,0.169888,45.151637
0.000000,0.000000,21.911186,0.000000,0.000000,2.818745,4.500778,1.199961,38.496101
0.000000,0.000000,24.187764,0.000000,0.000000,4.279844,5.014491,0.161268,43.501299
0.000000,0.000000,23.376540,0.000000,0.000000,2.798082,4.598777,0.185846,43.455508
0.000000,0.000000,23.203460,0.000000,0.000000,1.647038,3.711147,0.184468,42.224576
0.000000,0.000000,23.669015,0.000000,0.000000,1.511651,3.246428,0.961517,40.356907
0.000000,0.000000,22.699113,0.000000,0.000000,3.640473,4.185071,0.089227,38.642541
0.000000,0.000000,23.464909,0.000000,0.000000,4.398174,7.188564,0.206397,42.249827
0.000000,0.000000,24.454706,0.000000,0.000000,1.596427,3.922374,0.162831,49.608427
0.000000,0.000000,23.659842,0.000000,0.000000,1.367015,3.530078,1.161736,40.364583
0.000000,0.000000,22.964364,0.000000,0.000000,3.433566,4.672305,0.118039,40.136597
0.000000,0.000000,24.316713,0.000000,0.000000,1.784260,4.871636,0.166338,44.647309
0.000000,0.000000,23.521557,0.000000,0.000000,2.547591,8.972932,0.271696,41.443205
0.000000,0.000000,28.845258,0.000000,0.000000,1.007721,3.192679,1.313364,57.838814
0.000000,0.000000,23.504263,0.000000,0.000000,4.026279,4.784699,0.106684,39.436817
0.000000,0.000000,23.860929,0.000000,0.000000,2.275238,3.660405,0.092071,44.345159
0.000000,0.000000,23.495827,0.000000,0.000000,2.153433,3.880047,0.267083,39.973805
0.000000,0.000000,24.295608,0.000000,0.000000,1.624718,5.076957,1.500838,43.544290
0.000000,0.000000,26.105803,0.000000,0.000000,4.610882,18.362104,0.203748,45.563725
0.000000,0.000000,26.323110,0.000000,0.000000,3.145868,8.200146,0.237055,64.744685
0.000000,0.000000,25.438641,0.000000,0.000000,1.902982,5.814923,1.495812,50.661287
0.000000,0.000000,25.396085,0.000000,0.000000,6.134756,6.899777,0.124032,46.355378
0.000000,0.000000,27.201438,0.000000,0.000000,3.092043,6.457726,0.200144,52.580359
0.000000,0.000000,26.877111,0.000000,0.000000,1.728958,5.285818,0.905086,48.354490
0.000000,0.000000,25.637621,0.000000,0.000000,3.822791,5.470307,0.121513,45.208520
0.000000,0.000000,25.712767,0.000000,0.000000,2.342405,5.105465,1.604363,48.796686
0.000000,0.000000,25.133800,0.000000,0.000000,3.955355,8.726484,0.122501,46.054097
0.000000,0.000000,23.960035,0.000000,0.000000,3.607873,5.661722,1.197561,48.550291
0.000000,0.000000,25.564333,0.000000,0.000000,3.817363,6.694878,0.273716,48.251138
0.000000,0.000000,26.454386,0.000000,0.000000,2.404286,6.365623,0.984824,52.235543
0.000000,0.000000,25.170931,0.000000,0.000000,4.797683,6.775203,0.190449,53.027189
0.000000,0.000000,26.231316,0.000000,0.000000,2.500644,6.376609,0.981688,52.316309
0.000000,0.000000,26.450887,0.000000,0.000000,4.544181,5.617234,0.168194,49.463735
0.000000,0.000000,27.494119,0.000000,0.000000,1.859557,4.259772,0.927015,50.393879
0.000000,0.000000,23.145662,0.000000,0.000000,3.913266,6.675674,0.179615,44.365511
0.000000,0.000000,29.030522,0.000000,0.000000,2.109954,5.225745,0.830429,51.744703
0.000000,0.000000,24.612854,0.000000,0.000000,4.026604,20.692270,0.191133,45.113044
0.000000,0.000000,26.193109,0.000000,0.000000,2.320349,5.112293,1.975610,63.543536
0.000000,0.000000,23.620441,0.000000,0.000000,5.216339,6.834074,0.239616,50.511006
0.000000,0.000000,29.242911,0.000000,0.000000,2.056955,4.466299,0.902893,53.759482
0.000000,0.000000,25.006240,0.000000,0.000000,5.149166,7.948323,0.214246,43.233008
0.000000,0.000000,25.925424,0.000000,0.000000,1.797559,4.999726,0.998536,52.358778
0.000000,0.000000,25.917699,0.000000,0.000000,4.719399,7.767312,0.190536,45.789815
0.000000,0.000000,26.432249,0.000000,0.000000,2.341939,5.681784,0.156491,53.505941
0.000000,0.000000,25.814849,0.000000,0.000000,1.657264,3.774558,0.839103,48.615145
0.000000,0.000000,25.537670,0.000000,0.000000,3.653425,5.058338,0.185412,43.585334
0.000000,0.000000,24.418510,0.000000,0.000000,1.899422,5.816780,0.347353,46.927808
0.000000,0.000000,25.478471,0.000000,0.000000,1.680247,4.631747,1.308588,46.673269
0.000000,0.000000,23.975711,0.000000,0.000000,3.604767,5.629751,0.656980,43.436432
0.000000,0.000000,24.197438,0.000000,0.000000,2.172920,5.728313,0.158782,46.463365
0.000000,0.000000,25.829102,0.000000,0.000000,1.974795,5.087791,0.154862,45.844291
0.000000,0.000000,24.335624,0.000000,0.000000,1.471461,3.865401,1.010923,42.897198
0.000000,0.000000,23.494231,0.000000,0.000000,3.606656,5.470014,0.242005,40.074833
0.000000,0.000000,26.829267,0.000000,0.000000,2.148026,5.361810,0.236240,49.179744
0.000000,0.000000,24.542403,0.000000,0.000000,1.606338,3.941937,0.794690,45.560307
0.000000,0.000000,23.505544,0.000000,0.000000,3.573219,5.695202,0.172688,42.521468
0.000000,0.000000,26.424475,0.000000,0.000000,2.047000,4.340076,0.166153,48.015279
0.000000,0.000000,24.321870,0.000000,0.000000,1.494151,5.169483,0.916561,41.403580
0.000000,0.000000,24.660604,0.000000,0.000000,3.915807,5.943221,0.201359,43.803935
0.000000,0.000000,26.940250,0.000000,0.000000,2.037576,4.825039,0.194726,53.149415
0.000000,0.000000,24.559859,0.000000,0.000000,2.039280,4.510755,1.423760,44.115326
0.000000,0.000000,25.693380,0.000000,0.000000,3.848824,5.252782,0.133954,44.806554
0.000000,0.000000,24.814783,0.000000,0.000000,1.750848,3.776055,0.110624,45.807912
0.000000,0.000000,23.719329,0.000000,0.000000,1.536359,4.012219,0.896423,40.255946
0.000000,0.000000,25.253554,0.000000,0.000000,5.627167,7.049180,0.218600,42.878330
0.000000,0.000000,28.037092,0.000000,0.000000,1.920613,3.705784,0.120980,55.215873
0.000000,0.000000,23.310306,0.000000,0.000000,1.490374,3.828165,0.905705,40.076494
0.000000,0.000000,24.129648,0.000000,0.000000,4.900772,6.166468,12.633747,42.121768
0.000000,0.000000,29.251466,0.000000,0.000000,2.729590,6.046322,0.335487,66.366769
0.000000,0.000000,28.317122,0.000000,0.000000,1.628029,6.612904,1.144953,54.596099
0.000000,0.000000,25.506697,0.000000,0.000000,5.182250,8.367222,0.140294,49.138198
0.000000,0.000000,25.942329,0.000000,0.000000,2.510524,5.017910,0.175609,53.014256
0.000000,0.000000,27.153420,0.000000,0.000000,2.144965,5.594523,1.765945,50.387897
0.000000,0.000000,25.035661,0.000000,0.000000,4.511981,6.775095,0.222117,47.278420
0.000000,0.000000,25.534511,0.000000,0.000000,2.600760,5.721713,0.217123,51.213356
0.000000,0.000000,24.734739,0.000000,0.000000,1.704749,5.495145,1.309325,44.382927
0.000000,0.000000,23.704337,0.000000,0.000000,6.442017,8.412731,0.166599,43.415286
0.000000,0.000000,29.520242,0.000000,0.000000,3.778161,7.102949,0.241701,58.349941
0.000000,0.000000,26.227825,0.000000,0.000000,1.711946,3.987121,1.134900,50.847513
0.000000,0.000000,25.230420,0.000000,0.000000,5.693074,7.641337,0.228760,42.228027
0.000000,0.000000,27.245883,0.000000,0.000000,2.198757,5.451179,1.437862,54.502205
0.000000,0.000000,26.107888,0.000000,0.000000,3.935826,5.703204,0.169866,48.409031
0.000000,0.000000,25.390634,0.000000,0.000000,2.570200,5.109341,2.198389,49.325319
0.000000,0.000000,25.966653,0.000000,0.000000,4.718346,5.210106,0.243416,48.777108
0.000000,0.000000,25.333207,0.000000,0.000000,1.860720,3.930474,0.135180,49.273244
0.000000,0.000000,23.432044,0.000000,0.000000,1.172593,6.406648,2.368862,40.607392
0.000000,0.000000,26.810441,0.000000,0.000000,4.176952,4.870614,0.134920,48.916196
0.000000,0.000000,25.085912,0.000000,0.000000,2.280624,5.069705,0.154418,45.873852
0.000000,0.000000,23.103084,0.000000,0.000000,1.483816,6.231311,0.225460,41.713012
0.000000,0.000000,25.477722,0.000000,0.000000,1.628376,6.264585,1.531658,44.975317
0.000000,0.000000,25.544498,0.000000,0.000000,4.632137,5.608298,0.243601,46.801715
0.000000,0.000000,24.482704,0.000000,0.000000,3.283946,5.469329,0.181059,47.532748
0.000000,0.000000,24.561422,0.000000,0.000000,1.713760,3.637792,1.882595,49.639325
0.000000,0.000000,26.497264,0.000000,0.000000,6.258191,7.500860,0.188788,46.712054
0.000000,0.000000,24.882134,0.000000,0.000000,1.887599,4.432787,1.478659,52.262794
0.000000,0.000000,27.233506,0.000000,0.000000,4.107056,5.989298,0.341534,47.662487
0.000000,0.000000,26.545172,0.000000,0.000000,1.843393,4.797530,1.407888,50.120459
0.000000,0.000000,25.952330,0.000000,0.000000,4.290397,5.080246,0.100984,46.412566
0.000000,0.000000,25.388414,0.000000,0.000000,2.561450,7.581879,1.630276,52.181157
0.000000,0.000000,25.699926,0.000000,0.000000,5.832587,8.300250,0.188386,49.081208
0.000000,0.000000,25.824684,0.000000,0.000000,3.090009,4.840869,1.040332,52.565739
0.000000,0.000000,27.472397,0.000000,0.000000,4.718835,5.868977,0.139479,47.927050
0.000000,0.000000,25.655155,0.000000,0.000000,2.056759,5.900166,1.190592,49.268619
0.000000,0.000000,26.307185,0.000000,0.000000,4.610088,5.865731,0.149022,49.155921
0.000000,0.000000,25.997915,0.000000,0.000000,2.342666,7.695792,2.079817,48.940697
0.000000,0.000000,25.357166,0.000000,0.000000,3.691639,7.048039,0.201967,50.747353
0.000000,0.000000,25.992455,0.000000,0.000000,1.715280,5.824998,1.003660,52.129265
0.000000,0.000000,25.420467,0.000000,0.000000,5.196992,5.949789,0.153201,46.540083
0.000000,0.000000,26.994465,0.000000,0.000000,2.057291,4.846817,1.120972,51.431281
0.000000,0.000000,24.540827,0.000000,0.000000,3.665269,6.360466,0.122913,44.523404
0.000000,0.000000,24.617168,0.000000,0.000000,1.832547,5.180567,1.277799,51.176511
0.000000,0.000000,25.961700,0.000000,0.000000,4.971684,5.798184,0.126887,46.567411
0.000000,0.000000,26.779221,0.000000,0.000000,2.662857,7.708961,1.518273,50.319518
0.000000,0.000000,27.255848,0.000000,0.000000,6.038332,7.822353,0.198168,51.921737
0.000000,0.000000,28.180328,0.000000,0.000000,2.855304,9.554692,1.964374,56.383507
0.000000,0.000000,28.862228,0.000000,0.000000,5.777058,10.299396,0.219044,57.609816
0.000000,0.000000,32.496244,0.000000,0.000000,2.497518,5.389798,1.150544,62.495766
0.000000,0.000000,26.246913,0.000000,0.000000,5.701260,6.669595,0.117126,49.069425
0.000000,0.000000,28.042645,0.000000,0.000000,1.728416,5.907712,1.001739,53.365538
0.000000,0.000000,26.914541,0.000000,0.000000,3.759065,6.613696,0.243839,47.505152
0.000000,0.000000,25.846266,0.000000,0.000000,2.268085,6.034099,1.965632,50.654178
0.000000,0.000000,26.087869,0.000000,0.000000,5.414104,8.471148,0.226698,48.747644
0.000000,0.000000,27.807058,0.000000,0.000000,2.773231,8.877014,0.268960,55.991792
0.000000,0.000000,26.364527,0.000000,0.000000,2.583585,6.355830,1.413946,51.305707
0.000000,0.000000,24.513004,0.000000,0.000000,3.279876,4.737953,0.141032,47.517720
0.000000,0.000000,23.873098,0.000000,0.000000,1.637397,4.144426,0.854921,44.233099
0.000000,0.000000,27.700189,0.000000,0.000000,2.683831,8.317751,0.313145,45.851077
0.000000,0.000000,24.933612,0.000000,0.000000,1.385764,5.805013,1.025807,50.689656
0.000000,0.000000,24.114692,0.000000,0.000000,3.404319,6.867832,0.164818,43.367498
0.000000,0.000000,24.454463,0.000000,0.000000,1.920764,6.935645,0.207515,48.849363
0.000000,0.000000,24.600764,0.000000,0.000000,2.101062,6.118657,1.696780,45.941519
0.000000,0.000000,26.186595,0.000000,0.000000,4.052615,8.101550,0.195128,49.989042
0.000000,0.000000,26.905185,0.000000,0.000000,3.042138,9.560702,0.162711,52.286582
0.000000,0.000000,26.453928,0.000000,0.000000,2.237163,5.632530,0.187974,52.000359
0.000000,0.000000,28.332037,0.000000,0.000000,1.780948,7.627083,1.536880,51.781867
0.000000,0.000000,25.886434,0.000000,0.000000,5.512668,7.147057,0.288002,50.435577
0.000000,0.000000,26.357938,0.000000,0.000000,3.277314,5.586749,0.203618,54.011403
0.000000,0.000000,24.955542,0.000000,0.000000,2.791274,6.895825,0.215494,46.745416
0.000000,0.000000,24.255615,0.000000,0.000000,2.020294,7.649513,0.312136,46.505343
0.000000,0.000000,26.300582,0.000000,0.000000,2.342558,7.039538,1.688932,49.592444
0.000000,0.000000,25.888398,0.000000,0.000000,6.624672,6.081779,0.150857,48.879991
0.000000,0.000000,26.685771,0.000000,0.000000,2.774620,5.514339,0.182524,54.724328
0.000000,0.000000,29.185688,0.000000,0.000000,2.789863,8.348404,0.231431,51.317075
0.000000,0.000000,26.546900,0.000000,0.000000,1.556975,5.473988,1.478909,51.167973
0.000000,0.000000,25.443710,0.000000,0.000000,5.117515,5.366196,0.201859,45.699362
0.000000,0.000000,25.350532,0.000000,0.000000,2.193307,9.982377,0.227598,49.939390
0.000000,0.000000,25.273323,0.000000,0.000000,1.902211,9.851342,0.343249,51.367239
0.000000,0.000000,27.039040,0.000000,0.000000,1.439448,8.038736,0.212140,53.041536
0.000000,0.000000,26.586947,0.000000,0.000000,1.475413,9.521252,0.254500,49.667292
0.000000,0.000000,24.822522,0.000000,0.000000,1.420286,7.845226,1.079121,50.172055
0.000000,0.000000,26.022157,0.000000,0.000000,8.763331,10.526976,0.323447,48.901476
0.000000,0.000000,30.061654,0.000000,0.000000,3.508636,7.373278,0.137102,72.107086
0.000000,0.000000,26.834837,0.000000,0.000000,5.052356,9.171574,0.184988,51.512362
0.000000,0.000000,25.966389,0.000000,0.000000,3.857367,9.561267,0.192816,55.652566
0.000000,0.000000,29.195817,0.000000,0.000000,2.872283,7.774856,0.199296,56.903466
0.000000,0.000000,24.146338,0.000000,0.000000,2.593562,5.656424,0.136060,47.521987
0.000000,0.000000,25.507934,0.000000,0.000000,3.521881,8.542006,0.189884,45.194237
0.000000,0.000000,27.162020,0.000000,0.000000,2.298677,7.306730,0.344281,53.944106
0.000000,0.000000,24.575187,0.000000,0.000000,2.007668,7.206006,0.182198,47.265417
0.000000,0.000000,26.159237,0.000000,0.000000,2.662908,8.980105,0.205268,51.429402
0.000000,0.000000,25.416270,0.000000,0.000000,2.745776,7.896207,0.283823,50.206633
0.000000,0.000000,25.925158,0.000000,0.000000,3.762691,10.093308,0.393350,49.398186
0.000000,0.000000,26.892739,0.000000,0.000000,2.329454,10.617549,0.245468,55.920619
0.000000,0.000000,26.781891,0.000000,0.000000,3.191420,10.226567,0.225602,54.243366
0.000000,0.000000,26.388100,0.000000,0.000000,2.649135,8.287223,0.576775,53.941278
0.000000,0.000000,26.828605,0.000000,0.000000,3.022890,7.438501,0.320527,53.886108
0.000000,0.000000,25.520714,0.000000,0.000000,2.674929,6.880681,0.195898,49.488695
0.000000,0.000000,27.298925,0.000000,0.000000,2.657180,9.961379,0.413091,49.584000
0.000000,0.000000,26.294718,0.000000,0.000000,4.555570,9.100576,0.262958,53.046097
0.000000,0.000000,25.728575,0.000000,0.000000,3.456114,5.816737,0.169952,53.623154
0.000000,0.000000,27.679964,0.000000,0.000000,3.166550,6.500000,0.253794,50.365468
0.000000,0.000000,28.267820,0.000000,0.000000,2.576551,6.030972,0.170050,51.301093
0.000000,0.000000,25.108678,0.000000,0.000000,4.378473,10.603162,0.178149,49.798213
0.000000,0.000000,27.389476,0.000000,0.000000,3.590546,7.336431,0.180125,55.711808
0.000000,0.000000,25.784169,0.000000,0.000000,2.529511,9.339194,0.265215,49.841681
0.000000,0.000000,25.648729,0.000000,0.000000,2.051125,5.528616,0.223256,51.247681
0.000000,0.000000,24.331695,0.000000,0.000000,2.276335,5.564657,0.217666,43.692518
0.000000,0.000000,24.263377,0.000000,0.000000,2.484285,8.850364,0.182221,47.614809
0.000000,0.000000,25.895143,0.000000,0.000000,4.156802,8.487019,0.514730,51.080985
0.000000,0.000000,27.023232,0.000000,0.000000,3.446942,6.933528,0.254783,55.213755
0.000000,0.000000,26.974881,0.000000,0.000000,3.248436,9.338271,0.311505,51.771435
0.000000,0.000000,26.758062,0.000000,0.000000,2.125956,12.639522,0.289870,55.202374
0.000000,0.000000,25.260219,0.000000,0.000000,2.196934,5.918318,0.181395,53.713412
0.000000,0.000000,25.662298,0.000000,0.000000,3.636576,6.665622,0.221639,46.353477
0.000000,0.000000,27.365983,0.000000,0.000000,3.479151,9.313627,0.207852,52.332320
0.000000,0.000000,27.764328,0.000000,0.000000,3.590200,8.646072,0.194966,55.016651
0.000000,0.000000,26.262458,0.000000,0.000000,4.162360,8.313799,0.260360,53.327793
0.000000,0.000000,27.296622,0.000000,0.000000,2.474525,5.276612,0.213257,53.936766
0.000000,0.000000,24.476831,0.000000,0.000000,5.007868,8.387761,0.193184,44.463792
0.000000,0.000000,24.979002,0.000000,0.000000,2.560679,6.175347,0.158684,53.087707
0.000000,0.000000,24.924059,0.000000,0.000000,2.272905,6.544694,0.173285,45.385023
0.000000,0.000000,24.578183,0.000000,0.000000,2.288245,6.576203,0.373481,45.586588
0.000000,0.000000,24.169793,0.000000,0.000000,3.517863,9.355542,0.239063,47.297297
0.000000,0.000000,25.338709,0.000000,0.000000,2.632861,5.594512,0.150770,52.640118
0.000000,0.000000,25.194399,0.000000,0.000000,2.806006,6.565202,0.160486,45.632824
0.000000,0.000000,26.007751,0.000000,0.000000,2.416163,7.751972,0.211456,48.764527
0.000000,0.000000,24.962468,0.000000,0.000000,3.744833,10.025768,0.231127,48.020218
0.000000,0.000000,32.231572,0.000000,0.000000,3.556295,9.356053,0.335845,58.951843
0.000000,0.000000,26.114110,0.000000,0.000000,2.407292,7.595167,0.512844,53.706258
0.000000,0.000000,23.734260,0.000000,0.000000,2.740023,7.636973,0.190623,47.684276
0.000000,0.000000,28.899684,0.000000,0.000000,2.912548,8.752343,0.197114,52.359132
0.000000,0.000000,26.660281,0.000000,0.000000,2.418171,6.384523,0.190742,52.539344
0.000000,0.000000,25.039244,0.000000,0.000000,2.930949,6.375426,0.154852,46.252732
0.000000,0.000000,26.665774,0.000000,0.000000,4.182118,10.093597,0.264510,49.403648
0.000000,0.000000,26.439455,0.000000,0.000000,2.230197,6.047278,0.173177,54.319704
0.000000,0.000000,23.884910,0.000000,0.000000,2.605157,8.503287,0.180592,43.777143
0.000000,0.000000,26.670528,0.000000,0.000000,2.518514,6.954078,0.181742,52.000108
0.000000,0.000000,26.071569,0.000000,0.000000,2.626211,5.534096,0.208601,47.843943
0.000000,0.000000,24.830714,0.000000,0.000000,3.141037,9.599979,0.231377,45.564369
0.000000,0.000000,23.980626,0.000000,0.000000,2.335046,6.932529,0.172612,50.968850
0.000000,0.000000,25.367966,0.000000,0.000000,3.384649,9.533785,0.175468,48.757870
0.000000,0.000000,26.758747,0.000000,0.000000,2.027480,7.164168,0.211249,52.788470
0.000000,0.000000,24.203452,0.000000,0.000000,2.601890,7.850220,0.322351,48.604787
0.000000,0.000000,26.198906,0.000000,0.000000,2.546382,9.874964,0.217916,50.238051
0.000000,0.000000,24.124940,0.000000,0.000000,2.418637,6.216698,0.229390,51.104878
0.000000,0.000000,25.054105,0.000000,0.000000,2.281894,6.871150,0.217437,45.540516
0.000000,0.000000,25.398939,0.000000,0.000000,2.614590,10.731806,0.191491,50.652048
0.000000,0.000000,28.321738,0.000000,0.000000,4.084789,10.099620,0.231485,55.115393
0.000000,0.000000,32.934672,0.000000,0.000000,2.221164,9.151850,0.244198,61.666383
0.000000,0.000000,28.831138,0.000000,0.000000,4.074241,9.024583,0.207602,54.905014
0.000000,0.000000,26.495776,0.000000,0.000000,2.616197,5.779641,0.172808,52.472220
0.000000,0.000000,26.093537,0.000000,0.000000,2.818916,6.435370,0.223343,47.787192
0.000000,0.000000,24.033835,0.000000,0.000000,3.422776,6.814068,0.172569,44.996437
0.000000,0.000000,27.642121,0.000000,0.000000,3.284164,8.205009,0.203835,50.969570
0.000000,0.000000,25.677612,0.000000,0.000000,3.265535,5.855688,0.159401,51.534392
0.000000,0.000000,24.330978,0.000000,0.000000,2.588405,8.584409,0.190319,45.324717
0.000000,0.000000,25.876643,0.000000,0.000000,2.779235,7.205377,0.190101,53.779027
0.000000,0.000000,24.240253,0.000000,0.000000,3.172541,5.971751,0.152181,46.486218
0.000000,0.000000,25.886595,0.000000,0.000000,2.188129,8.787778,0.187659,49.741545
0.000000,0.000000,24.336267,0.000000,0.000000,3.299740,7.425410,0.247064,47.665972
0.000000,0.000000,25.569554,0.000000,0.000000,2.306841,7.579295,0.380801,49.192983
0.000000,0.000000,25.833391,0.000000,0.000000,2.421341,6.821006,0.264585,50.350759
0.000000,0.000000,24.709701,0.000000,0.000000,2.899651,6.996754,0.366112,47.695317
0.000000,0.000000,23.674085,0.000000,0.000000,2.034732,4.709639,0.114369,46.371161
0.000000,0.000000,24.730285,0.000000,0.000000,3.198368,5.838232,0.188799,43.127975
0.000000,0.000000,25.480350,0.000000,0.000000,2.231933,7.501022,0.343857,50.833220
0.000000,0.000000,24.033988,0.000000,0.000000,2.307981,5.682548,0.153430,52.541118
0.000000,0.000000,24.064656,0.000000,0.000000,3.101751,6.770535,0.215820,49.097964
0.000000,0.000000,26.589292,0.000000,0.000000,2.141165,6.886822,0.225341,52.971154
0.000000,0.000000,23.634093,0.000000,0.000000,1.701448,6.420349,0.255716,45.873386
0.000000,0.000000,22.466448,0.000000,0.000000,1.842481,5.411554,0.299174,46.720737
0.000000,0.000000,25.558568,0.000000,0.000000,2.359407,6.289347,0.182937,46.055933
0.000000,0.000000,25.862278,0.000000,0.000000,2.030281,4.612672,0.118582,47.475602
0.000000,0.000000,24.828385,0.000000,0.000000,1.898759,4.660136,0.133444,44.914627
0.000000,0.000000,25.143752,0.000000,0.000000,3.045876,9.645107,3.886516,44.914376
0.000000,0.000000,27.686956,0.000000,0.000000,6.077784,7.958543,0.204465,60.150522
0.000000,0.000000,26.805340,0.000000,0.000000,4.432512,7.504510,0.158011,54.353747
0.000000,0.000000,30.377246,0.000000,0.000000,6.047940,8.610855,0.174696,56.036536
0.000000,0.000000,30.040011,0.000000,0.000000,4.972467,6.872017,0.194260,58.228653
0.000000,0.000000,27.938493,0.000000,0.000000,4.651092,6.594047,0.211542,55.578768
0.000000,0.000000,27.141340,0.000000,0.000000,3.361392,4.571517,0.184902,52.776486
0.000000,0.000000,25.461918,0.000000,0.000000,2.527525,5.413107,0.141130,45.781455
0.000000,0.000000,24.161271,0.000000,0.000000,2.131363,5.182342,0.264087,46.840319
0.000000,0.000000,25.933307,0.000000,0.000000,2.929179,5.316140,0.139067,44.871842
0.000000,0.000000,25.745152,0.000000,0.000000,1.819249,3.644544,0.099040,46.190682
0.000000,0.000000,24.342887,0.000000,0.000000,1.761808,3.712927,0.124400,42.741055
0.000000,0.000000,24.935013,0.000000,0.000000,1.910766,3.741381,0.199253,44.344087
0.000000,0.000000,32.017609,0.000000,0.000000,2.213999,3.900315,2.581285,50.266449
0.000000,0.000000,25.325748,0.000000,0.000000,6.294895,7.364680,0.204095,46.986128
0.000000,0.000000,24.208445,0.000000,0.000000,5.129155,5.771965,0.255369,51.171836
0.000000,0.000000,25.173652,0.000000,0.000000,3.368234,4.723015,0.141380,49.340031
0.000000,0.000000,24.621336,0.000000,0.000000,2.168904,3.673455,0.241332,44.283591
0.000000,0.000000,25.456791,0.000000,0.000000,1.673538,3.160317,1.575040,42.389566
0.000000,0.000000,27.733116,0.000000,0.000000,4.659669,7.729880,0.188191,45.729921
0.000000,0.000000,24.866392,0.000000,0.000000,2.373443,3.874651,0.177975,52.319365
0.000000,0.000000,24.411855,0.000000,0.000000,1.883930,2.818696,0.106878,45.792306
0.000000,0.000000,25.934472,0.000000,0.000000,2.938009,3.110977,1.392375,42.434607
0.000000,0.000000,26.906965,0.000000,0.000000,6.357398,6.453998,0.180223,52.309788
0.000000,0.000000,26.723496,0.000000,0.000000,3.855642,7.297600,0.224548,55.033801
0.000000,0.000000,24.760598,0.000000,0.000000,2.152966,3.946594,0.160801,49.086778
0.000000,0.000000,24.978547,0.000000,0.000000,1.851861,4.490378,2.811629,43.090982
0.000000,0.000000,25.421596,0.000000,0.000000,5.893750,4.675215,0.139208,48.456722
0.000000,0.000000,25.217035,0.000000,0.000000,3.156985,6.565256,0.193576,49.788922
0.000000,0.000000,25.521885,0.000000,0.000000,1.738523,3.747689,1.200644,47.799100
0.000000,0.000000,25.263434,0.000000,0.000000,4.215859,5.741004,0.153929,48.708890
0.000000,0.000000,29.833257,0.000000,0.000000,2.409453,5.561129,1.938981,56.251532
0.000000,0.000000,26.110482,0.000000,0.000000,4.191464,3.981899,0.087782,49.239839
0.000000,0.000000,25.647099,0.000000,0.000000,3.750631,5.852758,0.149652,45.288132
0.000000,0.000000,27.809699,0.000000,0.000000,1.954777,5.853528,2.220937,50.414140
0.000000,0.000000,25.337058,0.000000,0.000000,3.748850,5.063136,0.182502,47.456351
0.000000,0.000000,24.971414,0.000000,0.000000,2.927280,8.101018,0.195497,45.887736
0.000000,0.000000,26.155025,0.000000,0.000000,3.002393,6.113240,1.289013,50.582254
0.000000,0.000000,29.804358,0.000000,0.000000,5.120898,4.896647,0.141499,51.993279
0.000000,0.000000,25.765443,0.000000,0.000000,3.399183,6.829074,0.168552,48.982349
0.000000,0.000000,26.045509,0.000000,0.000000,2.014702,5.320731,1.620915,49.537385
0.000000,0.000000,24.357641,0.000000,0.000000,3.727181,6.241874,0.259820,46.522416
0.000000,0.000000,26.397074,0.000000,0.000000,3.118890,5.387127,0.213714,49.916720
0.000000,0.000000,26.242222,0.000000,0.000000,2.243756,4.838024,2.009199,48.063491
0.000000,0.000000,27.077403,0.000000,0.000000,4.383814,4.551249,0.085676,48.499237
0.000000,0.000000,25.553347,0.000000,0.000000,2.726637,5.754205,0.155764,46.134519
0.000000,0.000000,24.444165,0.000000,0.000000,1.486877,4.305357,1.522192,45.761406
0.000000,0.000000,26.385676,0.000000,0.000000,4.509550,6.037627,0.170691,45.679061
0.000000,0.000000,24.423559,0.000000,0.000000,2.278333,4.928662,0.177759,50.060120
0.000000,0.000000,27.790404,0.000000,0.000000,2.164376,4.330076,1.184491,47.734973
0.000000,0.000000,26.069381,0.000000,0.000000,3.144727,4.757515,0.165968,48.304997
0.000000,0.000000,23.698348,0.000000,0.000000,1.774728,3.556448,0.104056,43.503133
0.000000,0.000000,25.590627,0.000000,0.000000,2.337520,4.713093,1.763991,43.240382
0.000000,0.000000,27.274945,0.000000,0.000000,3.829913,4.902238,0.102406,52.780534
0.000000,0.000000,24.684549,0.000000,0.000000,2.116529,4.932071,0.190178,50.606809
0.000000,0.000000,25.524921,0.000000,0.000000,1.313690,4.699391,2.001414,44.832439
0.000000,0.000000,27.030334,0.000000,0.000000,3.603693,4.591026,0.119287,48.177408
0.000000,0.000000,25.794118,0.000000,0.000000,1.825361,3.606613,0.103882,49.277153
0.000000,0.000000,28.405078,0.000000,0.000000,2.557359,4.294816,1.985847,44.489682
0.000000,0.000000,26.527142,0.000000,0.000000,4.863062,5.225783,0.166566,51.562879
0.000000,0.000000,25.283267,0.000000,0.000000,3.619543,5.811113,0.236218,51.531819
0.000000,0.000000,25.470329,0.000000,0.000000,2.220630,3.970185,0.175457,50.603250
0.000000,0.000000,25.278307,0.000000,0.000000,1.619800,3.338716,1.478952,43.386518
0.000000,0.000000,24.841205,0.000000,0.000000,4.569390,4.433795,0.164036,48.039640
0.000000,0.000000,24.031783,0.000000,0.000000,2.756363,3.614723,0.096338,50.965379
0.000000,0.000000,25.615095,0.000000,0.000000,1.713803,3.842072,1.035501,49.864371
0.000000,0.000000,25.038516,0.000000,0.000000,4.216336,5.867153,0.236251,47.464624
0.000000,0.000000,24.591645,0.000000,0.000000,2.189092,3.947648,0.118592,47.371422
0.000000,0.000000,24.976147,0.000000,0.000000,1.376569,3.498519,1.074757,43.439614
0.000000,0.000000,25.031006,0.000000,0.000000,4.260466,5.862397,0.226785,45.740235
0.000000,0.000000,27.233126,0.000000,0.000000,2.548737,3.942761,0.097054,55.130050
0.000000,0.000000,25.178148,0.000000,0.000000,2.306938,4.650604,1.724952,45.810504
0.000000,0.000000,26.572454,0.000000,0.000000,3.793119,4.657052,0.118223,50.101698
0.000000,0.000000,25.969712,0.000000,0.000000,3.047956,5.486516,0.244850,47.377937
0.000000,0.000000,25.944297,0.000000,0.000000,2.361795,5.881571,1.949891,48.267857
0.000000,0.000000,27.235438,0.000000,0.000000,3.658169,5.219497,0.163200,50.480468
0.000000,0.000000,25.607800,0.000000,0.000000,2.707728,5.116082,2.091173,46.616284
0.000000,0.000000,26.833327,0.000000,0.000000,4.384607,7.485736,0.110808,53.141837
0.000000,0.000000,25.582031,0.000000,0.000000,3.209604,5.053378,1.219165,51.381387
0.000000,0.000000,29.813824,0.000000,0.000000,4.263214,8.124544,0.193662,56.705843
0.000000,0.000000,29.611717,0.000000,0.000000,2.291437,4.713917,0.190395,58.302038
0.000000,0.000000,26.656535,0.000000,0.000000,1.675438,3.708618,1.467119,47.445983
0.000000,0.000000,23.375073,0.000000,0.000000,4.098096,6.980550,0.226914,41.733745
0.000000,0.000000,28.801514,0.000000,0.000000,2.288635,7.159677,0.184174,53.543069
0.000000,0.000000,26.635557,0.000000,0.000000,1.253167,3.633070,1.088414,51.903468
0.000000,0.000000,25.061899,0.000000,0.000000,4.177103,6.772417,0.128830,42.301317
0.000000,0.000000,24.696611,0.000000,0.000000,2.213142,4.166931,0.122685,51.146754
0.000000,0.000000,25.344905,0.000000,0.000000,1.942607,4.577096,1.719257,48.336647
0.000000,0.000000,26.632391,0.000000,0.000000,5.056959,7.050884,0.246619,56.924785
0.000000,0.000000,29.346043,0.000000,0.000000,2.283228,4.593696,0.110515,58.582148
0.000000,0.000000,26.723225,0.000000,0.000000,2.360427,5.319483,1.629440,48.125092
0.000000,0.000000,26.594851,0.000000,0.000000,4.460819,6.005482,0.280686,55.200261
0.000000,0.000000,25.893538,0.000000,0.000000,1.863498,4.210409,0.107617,53.671370
0.000000,0.000000,23.937714,0.000000,0.000000,2.826448,4.899676,1.319552,41.642241
0.000000,0.000000,26.907280,0.000000,0.000000,6.268244,8.760551,0.204595,52.882734
0.000000,0.000000,27.343131,0.000000,0.000000,2.763700,6.405501,0.176390,62.564535
0.000000,0.000000,26.803828,0.000000,0.000000,2.189995,4.046047,1.131318,48.657082
0.000000,0.000000,26.391797,0.000000,0.000000,3.632331,4.355566,0.102818,49.247797
0.000000,0.000000,25.234991,0.000000,0.000000,2.109400,4.797975,0.168063,50.486818
0.000000,0.000000,23.587681,0.000000,0.000000,1.872970,4.024791,0.942844,43.487403
0.000000,0.000000,24.912344,0.000000,0.000000,4.524228,5.987276,0.279202,47.522257
0.000000,0.000000,23.063753,0.000000,0.000000,2.319358,4.349834,0.241310,54.935563
0.000000,0.000000,24.199322,0.000000,0.000000,1.808990,4.583296,1.097685,47.986368
0.000000,0.000000,24.359008,0.000000,0.000000,3.750826,5.403921,0.130664,50.266703
0.000000,0.000000,24.949289,0.000000,0.000000,2.069505,3.670197,0.110765,54.023912
0.000000,0.000000,21.337465,0.000000,0.000000,1.612820,3.945357,1.042265,44.543640
0.000000,0.000000,22.464592,0.000000,0.000000,4.287427,5.638533,0.151769,48.901367
0.000000,0.000000,24.555982,0.000000,0.000000,2.847194,4.373468,0.110363,50.282997
0.000000,0.000000,23.207195,0.000000,0.000000,2.122700,4.523880,0.170137,51.231994
0.000000,0.000000,22.805584,0.000000,0.000000,0.983381,3.897004,1.322993,46.218231
0.000000,0.000000,22.162857,0.000000,0.000000,4.177124,5.399415,0.183338,39.536331
0.000000,0.000000,22.510655,0.000000,0.000000,2.610075,4.564114,0.189700,54.460522
0.000000,0.000000,23.954229,0.000000,0.000000,1.404154,3.759217,0.083364,47.368537
0.000000,0.000000,22.833646,0.000000,0.000000,1.028401,3.572677,0.904402,45.946707
0.000000,0.000000,22.647886,0.000000,0.000000,4.484809,4.821587,0.140261,41.345989
0.000000,0.000000,24.123930,0.000000,0.000000,2.423892,4.986221,0.173471,54.569385
0.000000,0.000000,24.164347,0.000000,0.000000,1.835913,3.719854,0.176456,49.799114
0.000000,0.000000,22.514293,0.000000,0.000000,1.402037,3.264754,1.220110,48.663260
0.000000,0.000000,23.060897,0.000000,0.000000,3.746711,5.001311,0.202326,50.503894
0.000000,0.000000,22.324994,0.000000,0.000000,2.337954,4.527799,0.156350,50.671524
0.000000,0.000000,22.276011,0.000000,0.000000,1.617032,3.572883,0.149793,49.388395
0.000000,0.000000,22.555013,0.000000,0.000000,1.457816,3.919122,1.279992,45.339503
0.000000,0.000000,23.027982,0.000000,0.000000,3.346760,3.753269,0.069620,51.585622
0.000000,0.000000,22.083636,0.000000,0.000000,1.972526,3.689044,0.074712,46.712809
0.000000,0.000000,22.220401,0.000000,0.000000,2.006973,4.281018,0.138448,45.665947
0.000000,0.000000,22.570565,0.000000,0.000000,2.036784,3.962433,1.089066,48.018796
0.000000,0.000000,23.492972,0.000000,0.000000,4.074121,3.406839,0.079934,50.907125
0.000000,0.000000,22.580265,0.000000,0.000000,2.403830,3.541629,0.067265,50.577564
0.000000,0.000000,21.905262,0.000000,0.000000,2.543472,4.319796,0.157024,45.144765
0.000000,0.000000,22.923390,0.000000,0.000000,1.542287,3.067259,0.904511,50.973204
0.000000,0.000000,22.612192,0.000000,0.000000,3.705132,4.104854,0.104924,48.466373
0.000000,0.000000,23.364376,0.000000,0.000000,2.299600,3.582013,0.106640,54.799274
0.000000,0.000000,25.072636,0.000000,0.000000,2.055088,3.597483,1.142706,51.247854
0.000000,0.000000,22.510254,0.000000,0.000000,3.475688,5.188536,0.167575,52.306707
0.000000,0.000000,21.470920,0.000000,0.000000,1.791251,3.742597,0.139523,51.436089
0.000000,0.000000,23.317146,0.000000,0.000000,1.756120,4.347056,0.980829,47.097101
0.000000,0.000000,25.061869,0.000000,0.000000,3.450274,5.269674,0.166652,53.614676
0.000000,0.000000,25.208208,0.000000,0.000000,1.486010,4.073654,0.871812,56.999932
0.000000,0.000000,22.958243,0.000000,0.000000,2.860807,4.338773,0.140044,40.426299
0.000000,0.000000,23.736563,0.000000,0.000000,1.633739,4.008485,1.248553,47.030801
0.000000,0.000000,24.850249,0.000000,0.000000,3.609566,3.885680,0.127461,42.876398
0.000000,0.000000,24.156216,0.000000,0.000000,1.934748,3.988250,0.071368,47.549898
0.000000,0.000000,20.827195,0.000000,0.000000,2.377905,3.769433,1.063803,43.430017
0.000000,0.000000,22.403114,0.000000,0.000000,3.400270,4.816659,0.159379,51.516381
0.000000,0.000000,22.869819,0.000000,0.000000,2.311205,5.224622,0.300030,49.504198
0.000000,0.000000,22.513521,0.000000,0.000000,2.627205,4.091068,0.148382,42.123591
0.000000,0.000000,22.370990,0.000000,0.000000,2.472006,4.153491,0.975011,45.335898
0.000000,0.000000,22.754570,0.000000,0.000000,4.003850,5.893598,0.238042,52.128787
0.000000,0.000000,23.713634,0.000000,0.000000,3.005585,5.007097,0.133552,55.604389
0.000000,0.000000,24.299495,0.000000,0.000000,2.411103,4.107201,0.074690,45.818964
0.000000,0.000000,23.828167,0.000000,0.000000,2.665516,4.026354,0.704009,48.970923
0.000000,0.000000,24.426707,0.000000,0.000000,4.758496,4.805140,0.169681,51.489870
0.000000,0.000000,23.763137,0.000000,0.000000,4.420356,5.624432,0.364690,48.066628
0.000000,0.000000,24.972185,0.000000,0.000000,2.525267,4.193539,0.069816,53.800479
0.000000,0.000000,22.588731,0.000000,0.000000,2.346813,3.759783,0.070499,39.946101
0.000000,0.000000,24.027940,0.000000,0.000000,3.082848,3.873436,0.730911,49.231143
0.000000,0.000000,22.991114,0.000000,0.000000,4.592881,5.394097,0.132955,50.364871
0.000000,0.000000,26.525752,0.000000,0.000000,3.795043,5.512863,0.132705,54.653498
0.000000,0.000000,23.901042,0.000000,0.000000,2.301934,3.633047,0.133584,44.148184
0.000000,0.000000,22.978001,0.000000,0.000000,2.655616,4.573797,1.215073,39.885861
0.000000,0.000000,22.367332,0.000000,0.000000,4.031150,3.985123,0.114033,51.927386
0.000000,0.000000,23.660688,0.000000,0.000000,3.406915,5.001811,0.133585,46.084042
0.000000,0.000000,22.566424,0.000000,0.000000,2.377743,4.379939,0.148349,52.684111
0.000000,0.000000,23.439787,0.000000,0.000000,2.663780,4.749666,0.259017,50.090277
0.000000,0.000000,23.134860,0.000000,0.000000,2.066627,4.101429,0.964817,52.227380
0.000000,0.000000,23.717282,0.000000,0.000000,4.859356,4.610251,0.109256,52.526673
0.000000,0.000000,23.556715,0.000000,0.000000,2.696956,3.812326,0.143605,54.908194
0.000000,0.000000,23.243899,0.000000,0.000000,3.209376,4.716229,0.154277,49.411728
0.000000,0.000000,23.497608,0.000000,0.000000,2.675830,3.688989,0.108355,54.806028
0.000000,0.000000,22.819349,0.000000,0.000000,2.391465,3.954205,0.134930,47.317653
0.000000,0.000000,24.582406,0.000000,0.000000,2.686502,3.783286,0.146308,52.483163
0.000000,0.000000,24.245292,0.000000,0.000000,2.283099,3.394398,1.126627,54.063315
0.000000,0.000000,23.049141,0.000000,0.000000,4.529417,4.087692,0.156654,53.216940
0.000000,0.000000,24.199956,0.000000,0.000000,3.085063,4.093728,0.151410,55.453900
0.000000,0.000000,22.331138,0.000000,0.000000,1.915021,3.047175,0.074364,47.407867
0.000000,0.000000,22.046149,0.000000,0.000000,2.315591,3.259891,0.119786,45.015772
0.000000,0.000000,23.045761,0.000000,0.000000,1.864660,3.102466,1.081629,52.375503
0.000000,0.000000,21.385839,0.000000,0.000000,4.326461,4.131833,0.144495,44.966584
0.000000,0.000000,21.786421,0.000000,0.000000,2.314386,3.148310,0.079456,49.752715
0.000000,0.000000,21.550300,0.000000,0.000000,1.667599,2.940915,0.066331,44.085533
0.000000,0.000000,21.858310,0.000000,0.000000,2.083414,2.988171,0.084613,45.909623
0.000000,0.000000,23.118229,0.000000,0.000000,1.150934,19.507078,1.036945,50.669298
0.000000,0.000000,22.522347,0.000000,0.000000,3.680533,14.823341,0.072898,54.761626
0.000000,0.000000,21.999027,0.000000,0.000000,3.471758,3.333657,0.068849,50.847275
0.000000,0.000000,23.183171,0.000000,0.000000,3.263733,4.104073,0.145755,56.896560
0.000000,0.000000,22.500353,0.000000,0.000000,1.871043,3.130767,0.976878,53.404426
0.000000,0.000000,21.529141,0.000000,0.000000,4.347598,3.192397,0.068155,51.302797
0.000000,0.000000,21.665049,0.000000,0.000000,2.424499,3.391608,0.136929,52.818412
0.000000,0.000000,23.600296,0.000000,0.000000,2.101584,3.807148,0.905021,51.685650
0.000000,0.000000,22.676450,0.000000,0.000000,3.522781,3.481160,0.068948,52.970386
0.000000,0.000000,22.200833,0.000000,0.000000,2.242041,3.763452,0.080520,47.218330
0.000000,0.000000,22.040064,0.000000,0.000000,2.400844,4.209356,0.989895,47.155865
0.000000,0.000000,22.406491,0.000000,0.000000,3.619381,3.742141,0.087588,54.713480
0.000000,0.000000,21.268659,0.000000,0.000000,2.719004,4.284177,0.118017,48.828132
0.000000,0.000000,22.666701,0.000000,0.000000,2.225127,3.465320,1.395219,50.299760
0.000000,0.000000,22.900140,0.000000,0.000000,3.427151,3.660959,0.067981,55.129476
0.000000,0.000000,21.883828,0.000000,0.000000,2.771755,6.222919,0.162321,47.857322
0.000000,0.000000,25.378117,0.000000,0.000000,2.627144,4.225499,1.305732,53.932738
0.000000,0.000000,23.447821,0.000000,0.000000,4.095041,5.384370,0.121686,50.546374
0.000000,0.000000,23.533584,0.000000,0.000000,2.740836,3.975005,0.077838,52.191481
0.000000,0.000000,21.821594,0.000000,0.000000,2.501948,4.552073,1.112124,47.477487
0.000000,0.000000,23.303271,0.000000,0.000000,3.891761,4.498205,0.119787,55.134632
0.000000,0.000000,21.608119,0.000000,0.000000,3.124180,3.875747,0.086838,52.691763
0.000000,0.000000,22.434466,0.000000,0.000000,2.164572,4.198381,1.299544,49.143046
0.000000,0.000000,24.082024,0.000000,0.000000,4.141570,4.336688,0.099877,54.619986
0.000000,0.000000,21.552168,0.000000,0.000000,2.447645,4.076520,0.088130,53.056822
0.000000,0.000000,22.575574,0.000000,0.000000,2.365236,4.485472,1.070263,47.707723
0.000000,0.000000,22.816505,0.000000,0.000000,4.604292,5.180252,0.152420,47.028011
0.000000,0.000000,22.054230,0.000000,0.000000,2.497247,4.182053,0.127071,55.897578
0.000000,0.000000,22.047217,0.000000,0.000000,2.371566,3.968047,0.708732,51.006513
0.000000,0.000000,22.925327,0.000000,0.000000,4.322814,5.149237,0.167846,54.446233
0.000000,0.000000,22.171303,0.000000,0.000000,3.021088,4.924559,0.155807,58.315989
0.000000,0.000000,22.733434,0.000000,0.000000,1.913632,3.851256,0.717948,52.848971
0.000000,0.000000,21.874095,0.000000,0.000000,3.725119,4.047024,0.144539,48.274187
0.000000,0.000000,22.335274,0.000000,0.000000,3.044927,4.939800,0.171277,54.403525
0.000000,0.000000,23.095724,0.000000,0.000000,2.169381,3.713470,0.714865,57.113151
0.000000,0.000000,22.155019,0.000000,0.000000,3.734552,4.552747,0.141944,43.739603
0.000000,0.000000,22.780190,0.000000,0.000000,3.292860,5.280976,0.156654,51.790063
0.000000,0.000000,23.416816,0.000000,0.000000,1.863194,4.168874,0.787764,43.043800
0.000000,0.000000,22.705012,0.000000,0.000000,4.082046,5.271031,0.138263,40.023071
0.000000,0.000000,22.040432,0.000000,0.000000,2.260974,4.052419,0.078001,50.586261
0.000000,0.000000,23.028872,0.000000,0.000000,2.565206,4.612738,0.918505,48.012292
0.000000,0.000000,22.651361,0.000000,0.000000,3.817330,7.043078,0.147340,52.578212
0.000000,0.000000,25.632420,0.000000,0.000000,2.247469,6.195343,0.176303,49.712797
0.000000,0.000000,23.738685,0.000000,0.000000,2.104016,3.788724,1.072228,43.807301
0.000000,0.000000,24.033770,0.000000,0.000000,4.163131,5.294015,0.145711,52.449063
0.000000,0.000000,23.796846,0.000000,0.000000,2.551788,4.598560,0.128678,58.422357
0.000000,0.000000,22.780050,0.000000,0.000000,2.277735,3.829435,0.985595,49.380015
0.000000,0.000000,22.449056,0.000000,0.000000,3.787856,4.653024,0.094883,47.540410
0.000000,0.000000,22.075899,0.000000,0.000000,1.934530,4.070051,0.092505,53.084456
0.000000,0.000000,22.298949,0.000000,0.000000,2.233791,4.532695,0.984054,49.309991
0.000000,0.000000,22.005161,0.000000,0.000000,3.925056,5.108292,0.117605,46.576505
0.000000,0.000000,23.919054,0.000000,0.000000,2.711959,4.488870,0.083418,53.662172
0.000000,0.000000,23.877334,0.000000,0.000000,2.469503,4.499584,1.000122,51.197081
0.000000,0.000000,22.562535,0.000000,0.000000,4.266372,5.289672,0.138763,52.643769
0.000000,0.000000,22.646899,0.000000,0.000000,2.723554,4.735098,0.148643,58.523048
0.000000,0.000000,23.464725,0.000000,0.000000,2.365529,4.751208,1.078796,53.074822
0.000000,0.000000,22.217964,0.000000,0.000000,3.962075,5.733437,0.143887,54.722696
0.000000,0.000000,22.488746,0.000000,0.000000,3.140559,4.956736,0.151248,55.098969
0.000000,0.000000,22.399304,0.000000,0.000000,2.319282,3.880730,0.807306,55.449569
0.000000,0.000000,22.146724,0.000000,0.000000,4.267393,5.684824,0.150227,52.533275
0.000000,0.000000,23.032770,0.000000,0.000000,2.508863,5.508347,0.154114,55.566054
0.000000,0.000000,22.463149,0.000000,0.000000,2.337683,4.243640,0.761938,44.893468
0.000000,0.000000,22.638269,0.000000,0.000000,4.175355,5.209835,0.157446,47.084778
0.000000,0.000000,23.367877,0.000000,0.000000,2.718908,5.747322,0.186823,56.413028
0.000000,0.000000,22.986305,0.000000,0.000000,1.573922,4.165574,0.698288,49.542964
0.000000,0.000000,22.309296,0.000000,0.000000,3.525039,4.722232,0.168965,45.342336
0.000000,0.000000,22.214185,0.000000,0.000000,2.788766,4.787174,0.952159,45.739041
0.000000,0.000000,22.812248,0.000000,0.000000,3.464615,4.752760,0.068382,47.464492
0.000000,0.000000,21.677881,0.000000,0.000000,2.479855,4.480651,0.637950,50.220252
0.000000,0.000000,22.907076,0.000000,0.000000,4.217433,6.276428,0.122457,51.088931
0.000000,0.000000,23.285414,0.000000,0.000000,3.207954,6.050208,0.927190,54.185155
0.000000,0.000000,22.217409,0.000000,0.000000,4.510809,6.626973,0.174154,52.853129
0.000000,0.000000,22.652044,0.000000,0.000000,2.518677,5.814652,1.033960,51.543880
0.000000,0.000000,21.622189,0.000000,0.000000,4.133190,5.611817,0.183241,46.147025
0.000000,0.000000,23.081036,0.000000,0.000000,2.711362,6.086120,1.014289,51.403563
0.000000,0.000000,21.671682,0.000000,0.000000,4.277294,4.810775,0.090236,49.044971
0.000000,0.000000,21.684460,0.000000,0.000000,2.580187,4.896875,0.628027,54.695674
0.000000,0.000000,21.406716,0.000000,0.000000,4.681392,5.990370,0.162668,51.063224
0.000000,0.000000,23.057554,0.000000,0.000000,2.979530,5.113868,0.696073,60.118900
0.000000,0.000000,22.139626,0.000000,0.000000,4.425198,8.612506,0.144886,55.934209
0.000000,0.000000,24.532561,0.000000,0.000000,2.425086,5.369008,0.603155,50.023579
0.000000,0.000000,23.201756,0.000000,0.000000,4.287325,10.884097,0.320942,42.444010
0.000000,0.000000,24.539817,0.000000,0.000000,1.957035,5.402065,0.658739,52.511594
0.000000,0.000000,22.899424,0.000000,0.000000,4.680285,7.691011,0.169008,41.655995
0.000000,0.000000,24.885715,0.000000,0.000000,3.518940,7.223008,0.884992,50.846000
0.000000,0.000000,23.974267,0.000000,0.000000,4.589962,7.732910,0.192935,55.112647
0.000000,0.000000,22.733412,0.000000,0.000000,2.521402,5.736195,0.606185,57.900893
0.000000,0.000000,23.258468,0.000000,0.000000,4.206307,6.543566,0.147730,50.171588
0.000000,0.000000,23.976081,0.000000,0.000000,2.589698,6.845703,0.887652,54.129094
0.000000,0.000000,23.222698,0.000000,0.000000,4.145751,6.696072,0.141672,56.220059
0.000000,0.000000,22.900846,0.000000,0.000000,2.561266,5.601655,0.076178,55.779291
0.000000,0.000000,22.146709,0.000000,0.000000,2.851428,6.831991,0.865939,49.186417
0.000000,0.000000,22.551328,0.000000,0.000000,3.963867,5.661189,0.086512,54.212240
0.000000,0.000000,22.159426,0.000000,0.000000,2.980367,5.763281,0.087489,52.792541
0.000000,0.000000,24.161385,0.000000,0.000000,2.718701,7.087241,0.624065,52.537393
0.000000,0.000000,22.818459,0.000000,0.000000,7.323220,11.851453,0.250125,51.213950
0.000000,0.000000,22.830856,0.000000,0.000000,2.431850,5.882688,0.121350,68.891640
0.000000,0.000000,23.748742,0.000000,0.000000,2.750520,7.113383,0.818856,45.019563
0.000000,0.000000,23.955030,0.000000,0.000000,5.088322,8.520999,0.181569,58.453482
0.000000,0.000000,24.251402,0.000000,0.000000,3.030533,6.065190,0.098335,60.981659
0.000000,0.000000,22.327251,0.000000,0.000000,2.218712,6.141553,0.719132,57.581083
0.000000,0.000000,22.651313,0.000000,0.000000,5.125745,7.907096,0.599422,46.765999
0.000000,0.000000,24.184105,0.000000,0.000000,2.637432,5.959147,0.130654,61.248968
0.000000,0.000000,23.731535,0.000000,0.000000,3.219180,7.043198,0.157381,43.619212
0.000000,0.000000,23.434294,0.000000,0.000000,2.031040,5.966932,0.778895,54.343491
0.000000,0.000000,23.795685,0.000000,0.000000,4.603325,8.686891,0.147719,52.819986
0.000000,0.000000,33.912286,0.000000,0.000000,3.058899,7.895654,0.137395,59.538378
0.000000,0.000000,23.062928,0.000000,0.000000,4.625375,9.133003,0.238216,45.536390
0.000000,0.000000,22.705718,0.000000,0.000000,3.249881,7.338365,1.091834,59.358525
0.000000,0.000000,22.549270,0.000000,0.000000,5.199881,7.544490,0.178345,56.782190
0.000000,0.000000,22.666495,0.000000,0.000000,3.521430,7.307143,0.112675,59.745666
0.000000,0.000000,25.306815,0.000000,0.000000,3.375703,7.315338,0.162581,58.277106
0.000000,0.000000,24.770848,0.000000,0.000000,3.935534,10.932732,0.190992,54.419203
0.000000,0.000000,22.642773,0.000000,0.000000,2.136433,5.712376,0.854150,60.985413
0.000000,0.000000,22.202384,0.000000,0.000000,5.230049,7.383451,0.156437,48.211504
0.000000,0.000000,22.169609,0.000000,0.000000,3.445150,7.682200,0.126148,58.814267
0.000000,0.000000,24.434774,0.000000,0.000000,3.213197,7.834501,0.183490,56.454140
0.000000,0.000000,23.730666,0.000000,0.000000,3.106850,8.061763,0.201620,54.627900
0.000000,0.000000,24.446053,0.000000,0.000000,2.651524,6.939793,0.163808,58.718348
0.000000,0.000000,22.465689,0.000000,0.000000,2.067409,5.379662,0.777288,52.819376
0.000000,0.000000,22.202438,0.000000,0.000000,5.091895,7.224712,0.190481,51.536529
0.000000,0.000000,25.631325,0.000000,0.000000,3.922549,6.845974,0.095849,62.281896
0.000000,0.000000,23.704634,0.000000,0.000000,3.490713,7.740715,0.120721,54.513933
0.000000,0.000000,23.355641,0.000000,0.000000,2.664887,6.927569,0.143105,52.732517
0.000000,0.000000,21.801000,0.000000,0.000000,2.768161,6.092645,0.086957,51.985876
0.000000,0.000000,23.654098,0.000000,0.000000,2.762375,6.283290,0.191903,54.595922
0.000000,0.000000,21.992210,0.000000,0.000000,2.813931,5.225414,0.787612,56.247222
0.000000,0.000000,21.310260,0.000000,0.000000,4.673619,7.219849,0.126062,52.604991
0.000000,0.000000,23.114115,0.000000,0.000000,3.283415,6.391264,0.067145,58.878455
0.000000,0.000000,23.401585,0.000000,0.000000,3.271973,7.676447,0.114142,56.007920
0.000000,0.000000,21.793499,0.000000,0.000000,2.327577,5.598159,0.068904,56.100849
0.000000,0.000000,22.335557,0.000000,0.000000,2.749163,7.223040,0.149043,52.797991
0.000000,0.000000,22.472267,0.000000,0.000000,2.420960,5.769589,0.799598,53.947524
0.000000,0.000000,22.635663,0.000000,0.000000,5.505025,7.038779,0.168792,53.322570
0.000000,0.000000,28.226419,0.000000,0.000000,4.046608,8.372013,0.001010,65.754186
0.000000,0.000000,24.534184,0.000000,0.000000,1.617791,8.719069,0.000782,59.045118
0.000000,0.000000,23.786901,0.000000,0.000000,0.911926,10.419779,0.085622,54.809266
0.000000,0.000000,43.330978,0.000000,0.000000,2.427811,10.370764,0.203910,75.424957
0.000000,0.000000,38.153232,0.000000,0.000000,3.186980,10.198347,0.172254,64.064701
0.000000,0.000000,25.841858,0.000000,0.000000,2.780071,9.425858,0.138047,57.506414
0.000000,0.000000,24.651211,0.000000,0.000000,2.614884,9.756626,0.676522,58.086895
0.000000,0.000000,28.275077,0.000000,0.000000,4.454499,15.445006,0.221617,57.856598
0.000000,0.000000,24.821609,0.000000,0.000000,4.137119,11.858620,0.440857,58.208566
0.000000,0.000000,26.542253,0.000000,0.000000,4.947323,12.626874,0.194129,58.146549
0.000000,0.000000,26.778770,0.000000,0.000000,4.422781,11.217923,0.281380,60.595592
0.000000,0.000000,24.007357,0.000000,0.000000,4.716620,15.660046,1.116011,61.981974
0.000000,0.000000,27.476596,0.000000,0.000000,5.674890,10.834799,0.258322,63.543043
0.000000,0.000000,25.106681,0.000000,0.000000,3.101608,10.517290,0.190591,59.728241
0.000000,0.000000,30.770183,0.000000,0.000000,4.014770,14.281717,1.252407,56.155673
0.000000,0.000000,27.965687,0.000000,0.000000,6.285993,12.360661,0.236317,63.051194
0.000000,0.000000,25.793365,0.000000,0.000000,4.835256,14.299080,0.340014,66.309441
0.000000,0.000000,25.916257,0.000000,0.000000,3.470585,11.247734,0.862943,69.831359
0.000000,0.000000,27.674581,0.000000,0.000000,7.363084,15.334752,0.344368,61.124818
0.000000,0.000000,26.972808,0.000000,0.000000,4.399871,11.721212,0.214723,74.779485
0.000000,0.000000,26.417027,0.000000,0.000000,3.146726,10.251618,0.846377,65.024003
0.000000,0.000000,28.575497,0.000000,0.000000,5.022535,11.654181,0.001129,67.267021
0.000000,0.000000,27.129743,0.000000,0.000000,3.722201,10.734706,0.145613,66.292553
0.000000,0.000000,25.332510,0.000000,0.000000,2.954702,10.082544,1.074779,61.603693
0.000000,0.000000,24.612597,0.000000,0.000000,4.815139,10.998542,0.317499,59.221943
0.000000,0.000000,25.280283,0.000000,0.000000,3.166690,9.868711,0.180299,68.917991
0.000000,0.000000,24.594239,0.000000,0.000000,2.296571,7.929720,0.820670,55.951761
0.000000,0.000000,25.178386,0.000000,0.000000,4.846350,11.071092,0.326867,57.714302
0.000000,0.000000,24.044289,0.000000,0.000000,3.864275,10.952121,0.177520,65.101266
0.000000,0.000000,24.934211,0.000000,0.000000,2.551517,9.850343,0.836888,56.437367
0.000000,0.000000,22.493774,0.000000,0.000000,5.240711,10.222209,0.749941,60.970748
0.000000,0.000000,23.410563,0.000000,0.000000,3.756819,13.177921,0.207168,63.746901
0.000000,0.000000,25.042880,0.000000,0.000000,2.746546,9.480073,0.126572,61.285944
0.000000,0.000000,23.024942,0.000000,0.000000,2.884583,8.518501,0.988071,55.787172
0.000000,0.000000,21.476891,0.000000,0.000000,5.668616,9.240088,0.226003,53.214302
0.000000,0.000000,21.812768,0.000000,0.000000,3.121897,9.133751,0.166055,60.256348
0.000000,0.000000,23.204031,0.000000,0.000000,3.323930,8.203001,0.119342,50.367341
0.000000,0.000000,26.149314,0.000000,0.000000,4.013230,9.996022,0.136614,51.739941
0.000000,0.000000,24.696966,0.000000,0.000000,3.145923,8.234093,0.163276,62.158157
0.000000,0.000000,21.576083,0.000000,0.000000,3.034289,8.222476,0.092147,54.835068
0.000000,0.000000,22.842885,0.000000,0.000000,2.849224,8.196250,0.090084,54.348322
0.000000,0.000000,22.776945,0.000000,0.000000,3.595377,8.502685,0.097260,55.608959
0.000000,0.000000,23.042355,0.000000,0.000000,3.423601,9.814572,0.158586,58.426026
0.000000,0.000000,21.635487,0.000000,0.000000,2.929646,10.427184,0.169811,62.960014
0.000000,0.000000,24.071713,0.000000,0.000000,2.880588,8.634891,0.164547,61.544428
0.000000,0.000000,22.213349,0.000000,0.000000,2.343535,7.504508,0.135680,45.478679
0.000000,0.000000,22.388457,0.000000,0.000000,3.464973,8.593453,0.109788,44.565885
0.000000,0.000000,22.860787,0.000000,0.000000,0.000000,0.000000,0.000000,54.918607
