#LBA time[ms], KF opt[#], KF fixed[#], MP[#], Edges[#]
0.006291,3,1,0,3208
0.001242,4,1,0,3467
0.388159,5,1,0,4050
0.275895,6,1,0,4657
0.568689,7,1,0,5171
0.629801,8,1,0,5755
0.579288,9,1,0,6430
1.008492,10,1,0,7073
0.993846,11,1,0,7586
0.846978,12,1,0,8078
1.002231,13,1,0,8729
1.128833,14,1,0,9224
1.148089,15,1,0,9582
1.279139,16,1,0,10009
1.300298,17,1,0,10364
1.373702,18,1,0,10862
1.784343,19,1,0,11489
1.615012,20,1,0,12022
1.666462,21,1,0,12479
2.436090,22,1,0,13002
3.799514,23,1,0,13616
3.344779,24,1,0,14244
4.077477,25,1,0,14775
3.884033,22,4,0,13866
3.408864,22,5,0,13908
3.286019,23,5,0,14548
3.435639,23,6,0,15005
4.340460,22,8,0,14506
2.774138,20,11,0,12796
4.057076,20,12,0,12854
2.850079,17,16,0,11403
3.780370,17,17,0,11613
1.779185,18,17,0,12212
1.963574,17,19,0,12105
2.196015,17,20,0,12301
3.240658,17,21,0,12522
3.438775,14,25,0,11453
3.398345,11,29,0,10137
3.010482,11,30,0,10287
1.588771,10,32,0,9820
2.116399,10,33,0,9875
1.831878,11,33,0,10358
3.531046,11,34,0,10283
2.584554,12,34,0,10797
2.617399,12,28,0,10530
2.707969,11,20,0,9630
2.765040,11,21,0,8999
1.665506,11,19,0,8347
3.204723,12,19,0,8615
3.458542,13,19,0,8833
1.028878,13,18,0,8655
1.594221,14,18,0,9392
1.172667,12,12,0,7952
1.557971,11,13,0,7801
1.947086,10,14,0,6715
1.437370,10,14,0,6640
1.116159,10,14,0,6516
1.164644,11,14,0,6649
1.197708,9,17,0,5778
0.913968,7,20,0,4664
0.504316,6,19,0,4232
0.579169,7,19,0,4484
0.598224,6,20,0,4023
0.765393,7,20,0,4352
0.442788,7,20,0,4314
0.541129,7,19,0,4109
0.417782,5,17,0,3303
0.510403,6,17,0,3716
0.333997,6,16,0,3702
0.434111,6,17,0,3621
0.503692,6,18,0,3488
0.426213,6,19,0,3447
0.405031,6,20,0,3418
0.397568,7,20,0,3878
0.411394,7,10,0,4066
0.492682,8,10,0,4493
0.614106,9,10,0,4896
0.613135,8,12,0,4657
0.866434,9,12,0,4997
1.279923,10,12,0,5435
0.933363,10,12,0,5514
1.301796,11,12,0,5982
1.626884,12,12,0,6381
2.888001,13,12,0,6781
0.905901,13,12,0,7062
0.804765,14,12,0,7608
0.869541,15,12,0,8274
0.935679,15,13,0,8650
0.905952,15,14,0,8816
1.000314,16,14,0,9295
1.031625,17,14,0,10030
1.045663,16,11,0,10117
1.152223,17,11,0,10868
2.290699,14,14,0,9960
4.435771,14,15,0,10229
1.398780,15,15,0,10932
1.464482,15,16,0,11317
3.293127,16,16,0,11944
2.156434,16,16,0,12144
2.487890,17,16,0,12623
1.931077,18,16,0,12904
2.267971,19,16,0,13265
2.961727,16,18,0,12426
4.487544,14,21,0,12394
2.226998,10,23,0,9132
1.896237,11,23,0,10010
1.361486,10,21,0,8515
1.738823,10,22,0,8455
1.077449,9,21,0,7919
1.479194,10,20,0,8591
0.838978,11,20,0,9242
2.385023,11,21,0,9254
2.277204,9,21,0,8103
1.827980,7,21,0,6541
1.585411,6,15,0,5649
0.993187,4,13,0,4434
0.776379,4,14,0,4259
0.498953,5,14,0,4525
0.402318,5,12,0,4246
1.204287,5,7,0,4179
0.495608,5,4,0,4217
0.334448,4,6,0,3923
0.344105,5,6,0,4220
0.510884,6,6,0,4665
0.493942,6,7,0,4527
0.469458,7,7,0,4777
0.914451,8,7,0,5090
0.588919,9,7,0,5562
0.505935,10,7,0,6140
4.570918,10,8,0,6386
0.966486,10,9,0,6574
0.816634,10,9,0,6615
1.007010,11,9,0,7093
1.456688,12,9,0,7493
6.560749,12,7,0,7761
1.122464,12,8,0,8081
1.346816,12,9,0,8176
0.875638,13,9,0,8464
0.952265,11,12,0,7843
1.657998,10,12,0,6728
1.392095,11,12,0,7280
1.356717,11,13,0,7408
1.173894,11,14,0,7553
1.122767,11,13,0,7457
1.344955,12,13,0,7620
1.217700,13,13,0,7946
1.185127,13,14,0,7909
0.989579,14,14,0,8570
1.209585,15,14,0,9184
2.449248,16,14,0,9677
1.295411,15,16,0,9175
1.174878,14,18,0,8849
1.039658,14,19,0,9034
1.365787,15,19,0,9659
1.901063,16,19,0,9866
1.341035,13,21,0,8829
1.816748,12,23,0,8596
1.048754,13,23,0,8969
1.064373,12,23,0,8381
2.465121,14,22,0,9081
1.382828,14,23,0,8874
2.272555,14,24,0,9047
1.777637,14,25,0,9661
1.568870,14,26,0,9857
1.623262,13,28,0,9243
1.855564,14,28,0,9786
1.670536,15,28,0,10404
1.522662,16,28,0,10993
2.549739,16,29,0,11031
2.174488,16,30,0,11083
1.932483,15,24,0,10672
1.951289,16,24,0,11088
1.524286,15,26,0,10716
2.676298,16,26,0,11404
1.711999,15,28,0,11264
1.998030,16,28,0,11968
1.711389,13,32,0,10986
3.132348,14,32,0,11647
6.295305,13,34,0,11206
2.235133,14,34,0,11932
3.315401,13,36,0,11471
3.270017,14,36,0,12092
3.187968,14,37,0,12014
2.225432,12,26,0,10346
4.459604,12,27,0,10180
2.005209,12,25,0,10160
2.243463,11,22,0,9631
3.083549,11,19,0,9747
1.725385,12,19,0,10409
2.242483,12,20,0,10277
2.498717,13,20,0,10958
1.575007,11,17,0,9548
2.293229,12,17,0,9969
1.315538,12,16,0,9754
2.481407,11,17,0,9082
2.479424,11,18,0,9203
2.005676,12,18,0,9893
2.466435,13,18,0,10405
2.760480,12,18,0,9809
1.680663,13,18,0,10344
2.086724,12,17,0,9729
1.908533,13,17,0,10189
2.124018,14,17,0,10734
1.415083,13,14,0,10006
2.708622,14,14,0,10532
1.925557,14,15,0,10472
1.533542,15,15,0,10974
1.632893,16,15,0,11571
2.568414,17,15,0,12145
1.980284,18,15,0,12551
4.040070,19,15,0,12967
3.989994,20,15,0,13421
4.833398,21,15,0,14041
2.234074,20,12,0,13313
3.544429,22,15,0,14608
3.043563,22,12,0,14408
4.413142,23,12,0,14855
4.317347,24,12,0,15572
5.223156,23,14,0,15610
7.228790,22,15,0,15087
2.901226,18,16,0,12771
15.356734,13,20,0,10605
4.764772,10,23,0,10022
1.352832,5,29,0,6835
1.949906,5,29,0,6036
1.112925,5,23,0,5292
0.933541,6,23,0,5632
0.787910,6,17,0,5043
0.906482,6,16,0,4714
0.635533,7,16,0,5024
0.813755,7,5,0,4820
0.736547,6,6,0,4554
0.562442,7,6,0,5036
0.970748,8,6,0,5510
0.624983,9,6,0,6045
0.676633,8,6,0,5832
0.509932,9,6,0,6375
0.745966,10,6,0,6982
8.344975,9,8,0,6881
1.032638,10,8,0,7429
1.468778,10,9,0,7600
1.236201,8,10,0,6972
1.809272,8,11,0,6913
1.112096,9,11,0,7276
1.045750,11,10,0,8402
1.131012,11,11,0,8462
2.038219,10,11,0,7829
1.601618,11,11,0,8403
1.366481,12,11,0,9073
1.893695,12,12,0,9095
1.915657,11,11,0,8671
2.046808,12,11,0,9225
1.736356,11,11,0,8805
1.872174,11,12,0,8736
1.418862,12,12,0,9205
1.410507,10,15,0,8145
4.028643,11,15,0,8756
1.881313,11,16,0,8814
2.019087,12,16,0,9415
1.567837,13,16,0,9979
2.064944,12,17,0,9474
1.322489,14,17,0,10602
1.495059,13,16,0,10112
1.990914,11,18,0,9107
2.469317,11,19,0,9181
1.228772,11,20,0,9166
2.116433,12,20,0,9687
1.913223,11,20,0,9228
3.798444,12,20,0,9674
2.440980,9,24,0,7357
2.318343,10,24,0,7786
1.063297,11,24,0,8402
1.812000,11,22,0,8460
1.404374,12,22,0,9034
3.367225,11,21,0,8480
2.513331,13,22,0,9317
1.684585,13,21,0,9479
1.784257,14,21,0,9984
1.355447,12,22,0,8783
2.166435,12,22,0,9208
2.856463,11,24,0,8538
1.183676,12,24,0,9176
1.399529,13,24,0,9780
1.823120,11,27,0,8523
2.802254,12,27,0,8984
2.133458,12,28,0,9406
2.226487,11,30,0,8510
1.442278,9,25,0,7346
1.533525,10,25,0,7750
1.235173,11,25,0,8259
1.718071,10,27,0,7759
1.421430,11,27,0,8158
1.343271,9,30,0,7134
1.436351,8,23,0,6779
1.277234,7,20,0,5923
1.059276,8,20,0,6277
0.688494,9,20,0,6565
1.415581,8,19,0,5863
1.445209,9,19,0,6258
0.930629,9,15,0,6313
13.445130,10,15,0,6893
1.046022,10,15,0,7107
1.122378,10,16,0,7167
1.009101,11,16,0,7830
1.247950,11,17,0,7885
1.713567,11,18,0,8074
1.373943,11,17,0,8149
2.792187,11,18,0,8485
1.888362,12,18,0,9218
1.573022,12,19,0,9409
1.579333,12,19,0,9520
1.694639,13,19,0,9883
2.596602,14,19,0,10386
2.294044,12,22,0,9525
1.658062,12,23,0,9641
1.958446,11,20,0,9082
2.917386,10,18,0,8476
2.523777,10,19,0,8835
2.143625,10,18,0,8224
1.611786,9,19,0,7880
1.343552,10,19,0,8471
1.834434,9,20,0,7828
1.578083,8,20,0,6969
1.488028,7,20,0,6471
1.371942,8,20,0,7100
1.381904,9,20,0,7762
1.278456,9,21,0,7949
0.906642,10,21,0,8495
1.543595,9,22,0,7850
1.950377,9,20,0,7704
1.205047,11,22,0,8844
1.767186,9,15,0,7538
1.796193,10,15,0,7899
1.486448,10,16,0,7927
15.681642,9,18,0,7197
1.637928,9,19,0,6908
1.323635,9,20,0,6576
17.792167,9,21,0,6389
1.081355,8,23,0,5965
14.584467,7,24,0,5350
0.820620,6,18,0,4798
0.795463,6,19,0,4636
0.710134,6,14,0,4646
0.709553,6,14,0,4860
0.874811,7,14,0,5277
1.054173,6,12,0,4803
0.723438,5,9,0,4325
0.950835,6,9,0,4459
0.440546,7,9,0,4637
0.697048,8,9,0,5088
1.265169,8,10,0,5421
0.876052,9,10,0,6025
0.748487,8,11,0,5889
1.168895,8,12,0,5401
1.156772,9,12,0,5761
0.822750,9,13,0,5929
0.702069,10,13,0,6544
1.134329,9,15,0,6667
0.854191,8,14,0,6214
1.551961,9,14,0,6885
1.069715,10,14,0,7365
1.174195,10,15,0,7245
1.105056,10,16,0,7196
0.702941,9,15,0,6832
1.457038,8,16,0,6496
0.851781,8,13,0,6342
1.401514,9,13,0,6749
0.997946,9,14,0,6671
0.988477,11,13,0,7670
1.759106,10,13,0,7056
1.592373,12,14,0,7862
1.718731,13,14,0,8521
1.189346,13,13,0,8425
1.664785,13,11,0,8640
1.157782,14,11,0,9444
1.749287,15,11,0,10189
2.810516,16,11,0,10687
17.459626,16,12,0,10764
2.839130,15,14,0,10419
1.634889,13,17,0,9791
2.211907,11,20,0,9518
3.930379,11,21,0,9799
1.544216,12,21,0,10530
2.307773,9,25,0,9626
3.032356,7,19,0,8128
2.080257,7,17,0,7665
1.514645,8,17,0,7957
1.447558,9,17,0,8359
2.188661,9,18,0,8098
3.225338,10,18,0,8879
1.862729,11,18,0,9895
2.392645,12,18,0,10709
2.322473,12,15,0,10671
2.280406,11,11,0,9661
2.045674,12,11,0,10247
1.786004,12,12,0,10682
2.754662,11,8,0,9339
3.464286,12,8,0,9844
1.751068,12,9,0,9738
1.805051,10,12,0,8607
3.034561,10,13,0,8574
1.141459,8,15,0,7340
1.095632,9,15,0,7931
1.156980,10,15,0,8384
1.739508,10,16,0,8150
1.348096,11,16,0,8644
1.358056,11,17,0,8427
2.191236,11,18,0,8233
1.744718,10,20,0,7522
1.778383,10,21,0,7264
1.463979,11,21,0,7726
1.227418,10,22,0,7236
1.847684,11,22,0,7852
0.951069,12,22,0,8731
1.434124,15,21,0,10559
1.584122,14,22,0,10191
3.438591,14,23,0,10365
1.786480,12,25,0,9533
4.632569,11,27,0,9470
1.353391,6,33,0,7723
2.106233,6,34,0,7573
1.310480,6,35,0,6997
1.537694,6,15,0,6328
1.329225,6,14,0,5960
0.998081,7,14,0,6286
0.792178,8,14,0,6725
1.152850,9,14,0,7229
1.174942,10,14,0,7872
1.400271,10,7,0,7418
2.423722,8,6,0,6371
1.475542,8,6,0,6328
1.211600,9,6,0,6778
1.675347,9,7,0,6911
1.267966,9,7,0,7276
1.155688,9,8,0,7219
1.419233,10,8,0,7802
1.674833,9,10,0,7493
2.307168,10,10,0,7975
1.438661,11,10,0,8465
1.503156,12,10,0,8884
21.106626,13,10,0,9497
2.049674,12,12,0,9016
6.236511,13,12,0,9560
1.833711,13,13,0,10044
1.564494,12,14,0,9241
2.574463,15,13,0,11174
1.593941,14,14,0,10548
3.223280,14,15,0,10700
2.509842,15,15,0,11273
2.003628,15,16,0,11307
3.777725,16,16,0,11871
2.792747,17,16,0,12389
2.481780,17,17,0,12242
2.997999,18,17,0,12720
2.452176,17,17,0,12311
6.592295,19,16,0,13344
4.331478,20,16,0,14048
7.561609,18,15,0,13151
3.310772,17,17,0,13059
3.827945,17,18,0,13307
27.187223,17,19,0,13516
5.239440,15,22,0,12223
2.577369,16,22,0,12756
3.225382,16,23,0,12565
4.670313,13,27,0,10955
6.583439,10,30,0,9139
1.603104,10,31,0,9488
23.831600,9,32,0,7996
5.937805,10,32,0,8661
2.222882,10,33,0,8398
2.422164,11,33,0,8916
2.339457,9,31,0,7427
1.758152,8,29,0,6678
1.918140,7,25,0,5805
1.434195,8,25,0,6185
0.780367,9,25,0,6681
1.225129,8,25,0,6126
2.037086,10,26,0,7084
1.888945,10,24,0,6967
1.839732,10,25,0,7572
1.629616,9,26,0,6981
1.572778,11,26,0,8153
1.320099,11,26,0,8453
2.100246,12,26,0,9158
1.750595,14,26,0,10350
2.029292,15,26,0,10985
2.342095,16,26,0,11591
2.066634,16,26,0,11623
3.360375,17,26,0,12088
2.325035,18,26,0,12473
2.650099,16,24,0,11627
3.778752,16,25,0,11778
5.257286,14,28,0,11410
2.000374,13,30,0,11724
3.187801,10,26,0,8483
34.067805,11,26,0,8932
2.098051,10,28,0,8111
4.425434,12,27,0,9230
1.870777,12,28,0,9016
2.741677,13,28,0,9429
2.057345,13,29,0,9136
3.057143,14,29,0,9546
1.846952,13,31,0,8869
3.305781,12,23,0,8242
2.184331,13,23,0,8777
1.684410,15,24,0,9965
2.060802,16,24,0,10399
2.181918,16,23,0,10390
2.724549,16,20,0,10425
3.654975,18,23,0,11596
2.490664,19,23,0,12277
2.885480,16,23,0,10794
3.092467,21,23,0,13785
3.057751,18,23,0,12426
3.359084,18,23,0,12821
7.279760,15,25,0,11858
5.771631,14,21,0,11601
4.640036,14,22,0,11774
2.303903,13,24,0,11806
2.961142,14,24,0,12641
3.821700,12,25,0,12078
2.657580,10,28,0,11186
42.116451,9,30,0,10120
2.409115,8,18,0,9093
4.443061,9,18,0,9878
3.446454,10,18,0,10505
6.783287,11,18,0,11171
2.604590,12,18,0,11826
4.373632,13,18,0,12691
2.768597,14,18,0,13249
7.134983,14,17,0,12899
3.307890,16,18,0,14420
4.363366,13,22,0,14391
4.198462,11,12,0,10401
4.550034,12,13,0,11140
31.115526,11,14,0,10435
4.020914,12,14,0,11153
3.229422,12,15,0,11204
4.470415,12,16,0,10950
2.605951,14,15,0,12535
2.828166,14,16,0,12168
4.313745,15,16,0,12782
3.346046,15,17,0,12524
3.413326,16,17,0,13063
3.992102,15,19,0,12744
3.107401,14,21,0,11457
4.562734,14,22,0,11236
3.893816,13,20,0,10494
2.934963,12,22,0,9295
4.192769,13,22,0,9739
2.717878,10,17,0,8318
1.665435,10,18,0,8152
5.855150,9,19,0,7583
2.611650,10,19,0,8123
1.611932,8,22,0,7019
1.845766,9,22,0,7467
1.871565,10,22,0,7915
1.273299,11,22,0,8453
1.727141,11,22,0,8761
3.444033,11,23,0,8991
1.664233,11,24,0,9159
2.218175,12,24,0,9724
6.807829,11,15,0,9354
2.028434,12,15,0,10058
3.436871,13,15,0,10675
2.529486,14,15,0,11223
3.081967,15,15,0,11787
3.155166,15,14,0,12025
2.301823,15,15,0,12198
36.576801,16,15,0,13005
2.931487,15,14,0,12712
3.689357,17,15,0,13936
2.375944,17,14,0,14286
5.535399,16,15,0,13970
32.729678,16,16,0,14196
4.606673,16,13,0,14340
4.013528,15,15,0,13691
2.684797,16,15,0,14383
3.174553,14,15,0,13146
6.961901,15,15,0,13778
3.187499,15,16,0,13775
2.430602,15,17,0,13586
34.179133,15,16,0,13377
2.552357,11,19,0,10545
3.761114,10,20,0,9304
3.126429,11,20,0,9927
1.461443,11,20,0,9496
2.194664,12,20,0,10113
5.792212,11,18,0,9376
2.680610,12,18,0,9986
3.892683,13,18,0,10562
5.602365,12,18,0,9658
2.628994,11,18,0,9075
3.575896,12,18,0,9527
3.524949,11,17,0,8901
2.530479,11,14,0,8654
4.228235,10,14,0,7976
2.409137,11,14,0,8466
2.000966,10,16,0,7788
2.264781,9,18,0,7062
3.063438,10,18,0,7560
1.599539,10,19,0,7461
2.518457,11,19,0,8102
2.061883,11,20,0,8132
2.807620,12,20,0,8793
1.831262,12,21,0,9377
6.286555,12,22,0,9064
2.111158,11,22,0,8781
3.645613,10,24,0,8120
1.726664,11,24,0,8563
2.933041,11,25,0,8573
2.031005,12,25,0,8934
3.323036,13,25,0,9272
2.162197,11,23,0,8373
2.199618,12,23,0,9083
1.294147,12,24,0,9101
4.317577,12,25,0,9045
1.621305,11,27,0,8558
2.215491,11,22,0,8672
1.407513,12,22,0,9174
2.580115,11,24,0,8795
2.430936,12,24,0,9438
2.430075,12,25,0,9706
2.474417,11,24,0,9438
2.405248,10,18,0,9157
2.174625,11,18,0,9740
2.971127,11,18,0,9944
2.914629,10,17,0,8830
4.660855,11,17,0,9461
2.467605,11,16,0,9490
3.021825,10,17,0,8841
2.396290,10,18,0,8873
3.621781,10,19,0,8762
2.304143,10,20,0,8506
3.538122,10,21,0,8525
1.924418,11,21,0,9096
4.987993,11,22,0,9181
3.504357,9,25,0,7977
3.044259,10,25,0,8586
1.632270,10,26,0,8472
2.447879,9,28,0,7861
1.608374,10,28,0,8379
2.436057,10,29,0,8240
2.493106,10,30,0,8305
36.050335,11,30,0,8897
2.202130,12,30,0,9286
3.473264,13,30,0,9682
2.330596,11,19,0,8424
40.511368,12,19,0,8895
3.547878,12,20,0,8768
2.753509,13,20,0,9172
2.770031,12,21,0,8653
1.748141,12,22,0,8765
2.865511,13,22,0,9407
2.952645,14,22,0,10221
2.747359,14,23,0,10230
1.938621,16,22,0,11522
2.316525,15,24,0,11124
3.227055,15,25,0,11371
2.110386,15,26,0,11621
5.315560,15,27,0,11824
2.956635,15,28,0,11952
3.788176,15,29,0,12034
2.251200,15,19,0,11988
1.992406,16,19,0,12536
2.297288,17,19,0,13027
3.207016,17,20,0,13139
2.994080,15,23,0,12459
6.077449,18,21,0,13929
2.391128,17,23,0,13637
3.256151,17,24,0,13793
3.719237,15,27,0,12247
3.697986,16,27,0,12890
2.179545,13,28,0,10827
3.882771,14,28,0,11444
2.528522,13,29,0,10965
6.082103,14,29,0,11730
3.410187,14,30,0,11923
3.822115,15,30,0,12659
2.855338,15,31,0,12726
6.185709,16,31,0,13290
4.588070,15,33,0,12959
6.310254,14,34,0,12277
3.025689,13,28,0,11363
4.973136,13,29,0,11392
5.314119,14,29,0,11843
3.646428,13,31,0,11154
3.155664,15,30,0,12164
2.154568,16,30,0,12440
4.215730,15,32,0,11753
2.585490,15,15,0,11622
2.753047,15,16,0,11629
2.660399,16,16,0,12238
10.711381,17,16,0,12900
3.701878,17,17,0,13007
4.740212,17,17,0,13254
6.080671,18,17,0,13973
2.563736,18,17,0,13784
3.365207,18,18,0,13633
4.879748,18,19,0,13410
41.003131,18,19,0,13283
36.877595,15,18,0,11749
4.114287,16,18,0,12277
2.068080,16,19,0,11874
5.645012,16,20,0,12091
2.773257,17,20,0,13016
3.913465,14,22,0,12194
2.637398,13,24,0,10377
3.126743,14,24,0,11044
3.751907,14,25,0,10872
4.123335,14,25,0,10995
2.861321,14,26,0,11126
3.586524,15,26,0,11637
5.425417,16,26,0,12605
7.247920,16,27,0,12721
4.325502,15,25,0,12554
2.858416,14,27,0,12287
4.216987,12,27,0,11756
7.625234,10,29,0,11064
7.422177,7,32,0,9005
4.325895,4,16,0,4920
4.155552,3,9,0,3486
0.998514,4,9,0,3996
0.836508,5,9,0,4720
0.836098,5,6,0,5095
0.710309,6,6,0,5595
0.934322,7,6,0,5974
0.995978,8,6,0,6577
4.151329,9,6,0,7393
3.031358,10,6,0,8180
2.917322,10,3,0,8420
3.058529,11,3,0,9000
42.980633,12,3,0,9736
2.516246,12,3,0,10183
3.811509,13,3,0,10924
3.186184,13,4,0,11503
2.606798,12,6,0,10811
4.198549,12,7,0,10916
2.431994,12,8,0,10870
2.274364,12,9,0,10684
2.165676,13,9,0,11099
3.420423,13,10,0,11063
2.247622,13,11,0,11251
3.299271,12,13,0,10810
2.644160,13,13,0,11552
43.479459,13,13,0,11522
2.807021,13,14,0,11157
4.333128,13,15,0,11008
44.432289,15,14,0,12207
2.390757,15,15,0,11949
3.715169,15,16,0,12060
6.843808,14,18,0,11371
3.816099,13,20,0,11071
2.652801,14,20,0,11751
4.963066,15,20,0,12365
3.140052,12,23,0,10336
4.854502,13,23,0,10748
42.116790,12,24,0,9910
2.227438,12,22,0,9832
47.521604,13,22,0,10268
2.521965,11,23,0,9151
2.413698,10,23,0,8123
1.381247,11,23,0,8535
2.739300,10,25,0,7634
2.923212,9,23,0,7091
2.393470,8,25,0,6582
1.522187,9,25,0,6919
1.666874,7,27,0,6026
1.637076,8,27,0,6408
1.361510,8,19,0,6511
1.365077,7,15,0,6055
1.727299,8,15,0,6467
0.998316,8,14,0,6543
1.513319,7,16,0,6090
1.510128,6,13,0,5541
1.089636,7,13,0,5812
1.306350,6,13,0,5157
1.740637,8,14,0,6347
1.323773,10,13,0,6673
1.461054,11,13,0,6855
1.399317,11,13,0,6568
1.852280,13,13,0,7577
1.204997,14,13,0,8092
2.883676,11,15,0,7165
1.802205,12,15,0,7793
1.992809,12,15,0,7894
1.791786,13,13,0,8591
1.673841,10,14,0,7943
1.783109,7,16,0,7348
1.413946,6,18,0,6896
3.324820,5,19,0,6227
1.650568,6,19,0,6690
2.090186,6,12,0,6244
2.230010,7,12,0,6939
1.780574,7,9,0,6551
3.491356,8,9,0,7069
1.783729,9,9,0,7530
1.511073,10,9,0,8083
2.344412,11,9,0,8689
2.950350,12,9,0,9348
1.869873,12,8,0,9318
2.956062,11,5,0,8991
2.229695,11,6,0,9140
1.942592,12,6,0,9842
2.184510,12,6,0,10023
2.382816,12,7,0,10183
2.242560,12,8,0,10161
3.703980,13,8,0,10678
2.237761,13,8,0,10504
48.708060,12,10,0,9906
2.419957,13,10,0,10253
2.827328,12,12,0,9585
6.028883,10,15,0,8068
2.323267,10,15,0,7847
1.389864,10,15,0,7739
2.845174,9,16,0,7191
3.030467,9,17,0,7297
2.495857,10,17,0,7672
2.087728,8,18,0,6620
3.110270,9,18,0,7042
1.679899,8,14,0,6453
1.458716,8,13,0,6385
2.502070,9,13,0,6903
1.994460,10,13,0,7256
1.712622,8,15,0,6090
2.129949,9,15,0,6531
1.663969,10,15,0,6941
4.497080,11,15,0,7484
1.947629,12,15,0,7956
2.033320,13,15,0,8488
1.889591,14,15,0,9188
2.025836,14,12,0,9453
51.250632,10,17,0,7761
2.628205,11,17,0,8281
2.878174,12,17,0,8683
2.031435,12,16,0,8681
2.732213,11,18,0,8579
1.750099,14,16,0,9837
1.833609,14,17,0,9958
2.950300,14,18,0,10038
3.835809,15,18,0,10679
55.571796,15,19,0,11171
2.008903,15,20,0,10949
5.593884,16,20,0,11523
49.803398,16,21,0,11484
2.153059,15,23,0,10567
4.695131,14,22,0,10403
2.386244,10,27,0,8117
2.131918,10,28,0,8131
1.835133,10,29,0,8203
1.609582,12,28,0,9174
3.227790,11,30,0,8559
2.670277,10,32,0,7849
2.659697,13,30,0,9607
2.696928,12,32,0,8833
3.102783,11,28,0,8036
1.464045,11,29,0,7990
1.316393,12,29,0,8488
3.221019,12,30,0,8474
2.281001,13,30,0,8922
2.389878,15,29,0,9872
2.440504,13,32,0,8553
2.535493,14,32,0,8888
3.349503,12,35,0,7773
2.681760,9,34,0,6704
1.644579,9,35,0,6735
1.512399,9,36,0,7227
2.041961,9,37,0,6869
1.869144,7,28,0,5884
2.264280,7,28,0,6039
3.533452,8,28,0,6654
2.253840,8,29,0,6745
1.464985,9,29,0,7157
1.731364,9,30,0,7306
1.910836,9,31,0,7615
2.006770,10,31,0,8246
3.783961,10,32,0,8724
2.006409,10,32,0,8514
2.587107,10,26,0,8429
3.735970,11,26,0,8826
2.391844,10,15,0,8027
2.899063,8,18,0,7021
2.211850,9,18,0,7678
1.729550,9,18,0,7496
2.819782,8,20,0,6589
2.228925,8,21,0,6643
1.818961,8,22,0,6877
2.380655,9,22,0,7512
1.549322,9,22,0,7352
1.920685,10,22,0,7895
3.144812,11,22,0,8344
3.487941,10,14,0,7953
2.449576,11,14,0,8378
3.532375,12,14,0,8744
2.243787,12,15,0,9123
2.492307,10,16,0,7634
2.150591,12,15,0,8668
2.211676,11,16,0,8018
2.544446,9,19,0,6832
2.367702,10,19,0,7261
1.897379,9,21,0,6961
2.224022,9,22,0,7026
2.915552,9,23,0,7391
1.751872,10,23,0,7531
1.962934,11,23,0,7943
3.441314,11,24,0,7800
2.370102,12,24,0,8195
2.347544,11,24,0,7442
3.521989,10,26,0,6835
2.168988,10,27,0,7185
1.713368,9,24,0,6556
3.695912,9,25,0,6554
5.409150,9,15,0,6650
1.943808,10,15,0,7202
2.884884,7,19,0,5904
2.686145,9,18,0,6590
1.538947,8,17,0,5953
2.911676,9,17,0,6184
3.626740,7,20,0,5013
4.145430,6,22,0,4830
2.351903,7,22,0,5225
4.111927,5,22,0,4545
4.294463,6,22,0,5012
2.917011,6,23,0,5329
2.462081,7,23,0,5889
1.525512,8,23,0,6369
6.436922,9,23,0,6915
1.685955,9,24,0,6956
1.518365,9,25,0,6980
3.260947,10,25,0,7426
1.937393,10,26,0,7511
2.674500,9,28,0,7418
2.668779,10,28,0,7688
2.141203,9,30,0,6666
5.972018,10,30,0,6968
2.757298,11,30,0,7464
1.869976,13,29,0,8626
1.648293,13,30,0,8675
3.405504,13,31,0,9249
1.999604,13,25,0,8897
2.076931,16,30,0,10697
3.806570,16,31,0,11149
3.952519,15,15,0,10055
2.458699,12,14,0,8904
3.498112,13,14,0,9524
2.443209,14,14,0,10054
2.693507,14,15,0,10224
7.711558,15,15,0,10779
3.911240,16,15,0,11252
8.245745,16,16,0,11295
53.390202,14,19,0,10917
3.040386,13,21,0,10329
2.685032,9,26,0,7447
3.294708,12,24,0,9218
2.374914,9,28,0,7031
2.850636,11,27,0,8030
2.527924,14,25,0,9529
1.782581,15,25,0,9984
2.654374,16,25,0,10254
3.249353,17,25,0,10747
1.845900,16,27,0,10932
2.351444,18,26,0,11727
5.208082,16,22,0,9968
4.559505,17,22,0,10542
1.822075,16,24,0,9869
2.531999,16,25,0,10368
2.272444,16,26,0,10670
2.896153,17,26,0,11256
6.477374,15,23,0,9855
6.022316,14,25,0,9727
3.982747,13,27,0,9740
5.742873,11,30,0,9190
3.395486,10,32,0,8633
1.907348,11,32,0,9235
2.649714,12,32,0,9666
3.567484,12,33,0,9633
6.962492,13,33,0,10353
3.019526,13,34,0,10404
3.362095,12,33,0,9798
2.270275,13,33,0,10101
2.493919,12,33,0,9255
3.333351,11,20,0,8386
2.084142,12,20,0,8846
3.052689,11,18,0,8349
3.000250,11,19,0,8478
3.038774,12,19,0,8853
2.771404,11,16,0,8160
3.394602,11,17,0,7937
2.530715,11,18,0,7543
3.046218,10,17,0,6638
3.653837,9,18,0,5787
2.399145,9,18,0,5774
2.127467,10,17,0,6293
5.931159,11,17,0,6762
1.493568,12,17,0,7378
2.580420,13,17,0,7992
6.034246,13,16,0,8176
2.581753,14,16,0,8805
2.117097,14,14,0,9037
2.630637,15,14,0,9618
2.720428,16,14,0,10261
1.765818,17,14,0,10859
2.654753,17,15,0,11007
2.392884,18,15,0,11683
9.449319,18,14,0,11979
54.003092,19,14,0,12597
4.738248,20,14,0,13205
6.435764,19,14,0,13126
7.825587,20,14,0,13710
5.058564,20,15,0,14152
3.669483,14,21,0,11745
4.813521,14,21,0,11702
3.187680,15,21,0,12209
2.993282,15,21,0,12190
58.195257,13,21,0,10706
3.045411,14,21,0,11415
3.398189,12,22,0,10660
3.761327,12,23,0,10010
2.786924,13,23,0,10643
5.427469,13,24,0,10588
2.672977,12,26,0,9944
2.252785,12,27,0,9944
6.144696,13,31,0,10354
2.852399,14,31,0,10763
3.559557,15,27,0,11300
3.089441,16,27,0,12087
2.200766,16,28,0,12126
4.696577,15,29,0,11735
3.748318,16,29,0,12410
3.331013,17,29,0,13145
2.885303,18,29,0,13889
3.345640,16,22,0,12680
52.907913,14,20,0,11691
7.362912,15,20,0,12421
3.891587,15,19,0,12606
4.536725,13,22,0,11870
6.372408,13,23,0,11866
7.644049,8,20,0,9187
4.728168,6,20,0,6938
2.529755,5,15,0,5662
1.874177,6,15,0,6113
3.583882,6,16,0,5860
2.519857,6,9,0,5516
3.173021,7,9,0,6025
2.605319,8,9,0,6682
8.273968,9,9,0,7252
7.785231,10,9,0,7876
2.851187,11,9,0,8327
4.329887,12,9,0,8788
4.188258,13,9,0,9275
3.570279,14,9,0,9782
2.746016,14,10,0,10149
2.671415,13,5,0,9029
5.222116,13,6,0,9156
3.979147,15,12,0,11095
2.111210,15,6,0,10018
2.817801,16,6,0,10443
1.980074,15,8,0,10045
2.970667,16,8,0,10830
2.822831,16,9,0,10942
3.587183,11,14,0,8560
3.198964,8,18,0,7517
1.537094,9,18,0,8225
3.525154,9,19,0,8286
1.882182,6,23,0,6450
2.848484,6,23,0,6117
1.673180,6,11,0,5791
2.909268,7,11,0,6454
3.302807,8,11,0,7046
7.359497,9,11,0,7431
4.512202,10,11,0,7939
2.348886,11,11,0,8330
2.194338,12,11,0,8853
2.822981,13,11,0,9507
3.375458,13,12,0,9579
2.866243,14,12,0,10075
2.602392,13,10,0,9752
2.430038,12,7,0,9360
3.785594,11,9,0,8366
2.111341,12,9,0,8805
2.781489,13,9,0,9423
3.213384,13,9,0,9439
2.035696,11,12,0,8647
2.728959,12,12,0,9156
1.635053,11,14,0,9061
3.868552,11,15,0,8312
3.026441,14,13,0,9938
6.011281,13,15,0,9070
3.107616,15,14,0,10589
3.029171,15,15,0,9945
5.370277,14,17,0,9173
3.216249,14,18,0,9112
5.783905,16,17,0,10429
2.226587,15,19,0,10247
2.745739,12,23,0,8291
6.387382,14,22,0,10373
2.062642,15,22,0,10821
3.017742,15,23,0,9732
3.326259,16,23,0,10340
5.250302,14,26,0,10085
9.261890,15,26,0,10518
2.614543,15,26,0,10535
7.601182,14,28,0,10370
5.053070,13,30,0,10187
3.971291,13,31,0,10244
4.079790,13,31,0,10336
2.371475,12,33,0,9925
3.999094,12,31,0,9922
3.363018,13,31,0,10466
6.170660,14,31,0,10962
7.577133,14,28,0,10909
4.314050,14,29,0,11087
4.228546,15,29,0,11730
2.195839,15,26,0,11749
3.523846,16,26,0,12194
9.214513,15,26,0,11822
7.594143,14,22,0,11123
3.811316,15,22,0,11777
3.654411,16,22,0,12408
6.363456,16,15,0,12263
5.789947,15,17,0,11617
4.249003,15,16,0,11654
5.978860,16,16,0,12280
10.348296,15,18,0,11849
4.148037,14,20,0,11543
4.261680,15,20,0,12201
7.985141,16,20,0,12909
4.049397,16,18,0,12925
3.795441,18,20,0,14036
6.669492,16,20,0,12852
3.185252,18,19,0,13918
7.378207,16,22,0,13042
4.775184,18,21,0,13537
4.646232,18,22,0,14102
5.550319,16,25,0,13291
58.870223,16,22,0,12401
5.637325,15,24,0,11796
4.379762,15,25,0,12314
7.021683,14,26,0,11632
6.181206,13,24,0,10218
7.457967,13,25,0,9896
8.112077,13,26,0,9748
7.772831,11,27,0,8790
5.755387,10,29,0,7884
3.113396,10,30,0,7798
6.590786,11,30,0,8373
2.881185,9,27,0,7132
2.752139,9,28,0,7423
3.328728,10,28,0,8028
3.586579,11,28,0,8364
4.125810,9,25,0,7345
2.531561,8,22,0,6700
2.493576,9,22,0,7056
2.126976,10,22,0,7443
6.050007,11,22,0,7968
2.470242,10,24,0,7327
2.946215,10,25,0,7244
3.985160,12,24,0,8345
3.215736,13,24,0,8877
2.908679,11,20,0,7952
4.559235,10,22,0,7793
2.072582,11,22,0,8400
4.140516,12,22,0,8967
6.597391,9,22,0,7620
3.322698,12,20,0,9161
2.661870,11,22,0,8507
3.059269,10,24,0,7953
4.313337,12,23,0,8730
7.510747,10,26,0,7821
3.053401,11,26,0,8523
4.673087,11,27,0,8346
5.093091,12,27,0,8683
3.414721,11,29,0,8068
3.251202,13,28,0,9042
2.365215,12,30,0,8502
6.482375,12,29,0,8188
2.485379,12,23,0,7941
2.844616,12,24,0,8009
3.273997,12,25,0,8128
3.453060,10,27,0,7088
7.951996,11,27,0,7888
2.838828,10,17,0,8004
2.692924,12,16,0,8628
2.550052,11,18,0,8583
3.872462,9,20,0,8350
2.494079,7,23,0,7073
7.299999,6,25,0,6387
4.621392,6,24,0,6133
7.213205,6,17,0,5775
2.218649,7,17,0,6004
4.192915,6,15,0,4720
2.536741,7,15,0,4774
7.305584,8,15,0,4840
5.809712,9,15,0,5131
1.710860,9,9,0,4949
5.705997,10,9,0,5489
3.714629,11,9,0,6284
3.209427,10,10,0,6296
1.766961,11,10,0,7091
2.034260,12,10,0,7734
1.959112,13,10,0,8275
1.653533,11,13,0,7871
2.790065,12,13,0,8574
2.042826,13,13,0,9266
2.210215,13,14,0,9605
2.608355,11,15,0,9066
2.324528,10,17,0,8406
2.399823,10,18,0,8113
2.989481,12,17,0,9201
2.137567,11,18,0,8392
2.317835,12,18,0,9011
2.442405,10,21,0,8068
6.499525,7,21,0,6216
2.492892,8,21,0,6652
1.734817,9,21,0,6984
4.768795,10,21,0,7299
2.335677,11,21,0,7717
2.712634,12,21,0,8344
2.320769,11,23,0,8591
2.229941,13,22,0,9755
2.714208,13,23,0,9892
6.488541,13,24,0,9633
5.310198,14,24,0,10298
2.903494,14,22,0,10400
3.739777,15,22,0,10865
6.162949,16,22,0,11474
3.601070,16,23,0,11518
7.862583,17,23,0,11978
3.811879,18,23,0,12629
4.782676,18,24,0,13130
6.183499,18,22,0,12749
9.192527,18,23,0,12884
4.926421,19,23,0,13308
4.865132,19,24,0,13315
5.772799,18,26,0,13045
3.374099,17,28,0,12247
5.544512,18,28,0,12624
8.138149,18,29,0,12602
68.764729,18,30,0,12692
71.585806,20,29,0,13736
8.039232,21,29,0,14213
8.970220,18,31,0,12572
69.774953,17,33,0,12039
71.891110,18,33,0,12744
68.067547,16,36,0,11809
5.720455,17,36,0,12529
5.644892,18,36,0,13238
8.118971,17,38,0,13123
67.897267,19,37,0,14145
2.435032,15,39,0,12177
4.791443,16,39,0,12829
3.601082,15,33,0,12434
73.741195,15,34,0,12419
3.113078,14,31,0,12042
4.173244,14,27,0,11915
4.304776,12,30,0,11064
6.839779,10,27,0,9080
4.594810,10,28,0,8946
8.132100,7,23,0,6753
4.123930,6,19,0,5933
2.770599,6,20,0,5681
2.144425,6,18,0,5357
2.083233,6,19,0,4913
2.215346,7,19,0,5277
1.698520,8,19,0,5677
3.137232,8,18,0,5570
7.218282,9,12,0,5889
6.471589,9,12,0,5835
2.124261,10,12,0,6373
2.441589,12,12,0,7274
1.707748,13,12,0,7616
4.212422,14,12,0,8065
3.701075,14,12,0,8006
2.471705,14,9,0,7948
2.214563,15,9,0,8509
3.491057,14,10,0,8512
7.187636,13,12,0,8480
2.729839,13,11,0,8838
3.148121,13,12,0,9053
2.106102,13,13,0,9179
2.747309,13,14,0,9328
3.192323,13,15,0,9213
2.485757,15,14,0,10164
4.110667,15,15,0,10088
4.069588,15,16,0,10461
8.680519,14,17,0,9770
3.992660,13,19,0,9292
4.074325,14,19,0,9867
3.303182,15,19,0,10411
3.575495,15,20,0,10997
3.097483,13,23,0,10131
7.784428,12,24,0,9098
2.470493,13,24,0,9684
4.214618,14,24,0,10300
7.598620,12,27,0,9787
4.129539,12,26,0,9796
7.188242,13,26,0,10173
3.684341,12,27,0,9494
7.077261,12,28,0,10067
5.076512,10,30,0,8136
3.398530,10,26,0,8038
1.958904,10,27,0,8048
6.787763,10,28,0,8250
3.208178,10,29,0,8391
3.031054,11,29,0,9083
3.011044,12,29,0,9708
4.410695,13,29,0,10258
5.000378,10,27,0,8814
5.667966,10,29,0,8633
4.549159,12,28,0,9741
3.347725,12,29,0,9370
3.608713,13,17,0,9759
3.118094,14,17,0,10310
5.075283,11,21,0,8819
5.240983,12,21,0,9508
6.931113,12,22,0,10139
8.285218,10,23,0,8263
5.078031,11,23,0,8844
4.522334,10,24,0,8325
6.616580,11,24,0,8842
2.445333,12,24,0,9426
3.478694,14,23,0,10340
4.573035,15,23,0,10733
3.789881,16,23,0,11231
3.190419,16,24,0,11910
2.638793,14,21,0,10745
5.877630,15,21,0,11476
3.696986,16,21,0,12125
7.178453,15,18,0,11385
75.748458,17,22,0,12927
2.408522,12,21,0,9440
9.962488,12,22,0,9337
5.205811,11,24,0,8800
4.186411,10,26,0,8299
3.783958,11,26,0,8848
3.059192,9,28,0,7422
3.201086,8,30,0,6491
3.040655,8,30,0,6475
6.247771,8,19,0,6619
3.066189,8,16,0,6938
3.018208,8,15,0,7253
4.150720,9,15,0,7931
2.038428,10,15,0,8698
4.318461,11,15,0,9295
3.826568,12,15,0,9954
5.130675,13,15,0,10629
3.903483,14,15,0,11214
4.693813,14,14,0,11427
7.405292,15,14,0,12241
2.642762,16,14,0,12709
75.395425,13,9,0,11586
5.212692,13,10,0,11557
2.767766,13,9,0,11687
9.082681,13,10,0,12026
2.926845,10,14,0,9666
4.280800,11,14,0,10346
4.899749,9,16,0,9442
3.610942,10,16,0,10168
3.919781,9,18,0,9814
4.155820,9,19,0,9859
3.104718,9,19,0,9802
5.074486,9,17,0,9642
4.047847,10,17,0,10165
9.410319,10,17,0,10029
9.441855,11,17,0,10730
3.911215,12,17,0,11454
9.883846,12,18,0,11475
6.158227,12,19,0,11401
6.738247,13,19,0,12029
6.645423,14,19,0,12777
2.757405,15,19,0,13277
6.519208,16,19,0,13742
4.107661,17,19,0,14213
6.641456,18,19,0,14695
5.273377,18,20,0,15189
13.548567,20,19,0,15885
13.184847,18,21,0,15048
6.983859,16,9,0,13394
78.236107,17,9,0,14419
10.647059,17,10,0,14269
68.901009,18,10,0,14991
8.406559,13,15,0,11726
83.874366,9,20,0,9957
11.019495,5,24,0,7123
5.605447,5,25,0,6769
6.582612,6,25,0,7813
5.426114,6,18,0,7013
1.928594,7,18,0,7561
2.770636,8,18,0,8333
3.953467,8,14,0,7913
3.535745,9,14,0,8570
5.940148,10,14,0,9355
6.065945,10,9,0,9405
6.374014,11,9,0,10126
7.707817,12,9,0,10772
5.413635,13,9,0,11462
10.638721,13,4,0,11512
4.623902,15,9,0,12568
5.787563,15,4,0,12649
7.547889,13,6,0,11593
77.393618,14,6,0,12098
2.811810,13,8,0,11253
4.314002,13,9,0,11294
3.273312,12,10,0,10352
4.411766,13,10,0,10952
5.453643,13,11,0,10608
10.784568,11,14,0,8986
3.023175,12,14,0,9571
2.645637,12,15,0,9983
8.334686,12,16,0,9380
13.671854,11,18,0,9001
7.704385,11,19,0,9084
9.449760,12,19,0,9687
10.620759,11,21,0,9507
8.796388,10,23,0,9263
5.259347,10,24,0,9425
8.860936,12,23,0,10661
3.662102,10,17,0,9995
10.254968,11,17,0,10747
3.906972,12,17,0,11300
3.079783,11,17,0,10393
4.463196,11,18,0,10421
8.290021,12,18,0,10992
4.482966,12,13,0,10942
4.140610,11,12,0,10202
4.140810,12,12,0,10833
4.117424,13,12,0,11453
4.177101,14,12,0,12107
2.460764,15,12,0,12764
2.828119,15,12,0,12716
10.263847,16,12,0,13315
5.946029,15,12,0,12510
7.319356,13,12,0,11216
5.112326,14,12,0,11933
4.538791,14,13,0,11692
10.007974,13,13,0,10984
7.538472,10,15,0,9374
5.172142,11,15,0,9757
2.855258,10,16,0,9047
8.131777,10,17,0,8968
4.569896,9,19,0,7825
4.864011,10,19,0,8336
8.648569,10,20,0,8103
3.910083,10,20,0,8130
3.381369,11,20,0,8705
6.842176,12,20,0,9306
8.465681,13,20,0,9948
10.582165,14,20,0,10481
9.265110,14,20,0,10470
7.189552,13,21,0,9920
5.688764,14,21,0,10507
5.773660,13,23,0,9829
7.155594,14,23,0,10421
4.206631,15,23,0,10879
3.450734,13,26,0,10755
6.209669,15,25,0,11605
10.351551,14,26,0,10909
10.121690,14,27,0,10980
6.710132,15,27,0,11398
8.891478,15,28,0,11319
8.731352,14,30,0,10663
5.144204,15,30,0,11327
8.527608,16,30,0,11916
10.320929,16,31,0,11770
8.838432,17,31,0,12199
8.820144,17,30,0,12164
6.364461,18,30,0,12798
8.221038,16,33,0,11967
89.508308,14,35,0,11234
6.414852,17,34,0,13126
6.603541,16,35,0,12756
81.530972,16,36,0,13078
5.490550,17,36,0,13802
5.794337,18,36,0,14522
9.894845,17,38,0,14165
12.497011,18,38,0,14871
81.543162,18,39,0,14784
4.833676,19,39,0,15318
87.635446,18,41,0,14876
86.285117,18,42,0,15030
80.613489,18,43,0,15197
91.504084,17,45,0,14764
14.271603,19,44,0,15796
9.704839,20,44,0,16373
5.185097,20,45,0,16462
14.007605,15,26,0,13352
3.974320,12,30,0,10981
8.136349,15,28,0,12678
5.587717,10,28,0,8872
6.235338,11,28,0,9431
5.011104,12,28,0,9901
11.695213,12,29,0,9389
10.629278,13,29,0,9601
9.878382,14,29,0,9768
4.989370,14,30,0,9998
7.873157,14,31,0,9296
10.117227,11,25,0,7232
9.379367,12,25,0,7757
3.963162,13,25,0,8388
3.113552,13,26,0,8596
4.937555,11,29,0,8058
3.738117,12,29,0,8810
4.432350,13,29,0,9328
6.873333,14,29,0,9833
8.459358,14,30,0,10127
7.569723,15,30,0,10658
4.945648,15,31,0,11115
11.966567,16,31,0,11785
11.604758,14,34,0,12033
5.890126,17,32,0,12793
9.801141,15,35,0,12117
7.292456,16,35,0,12817
9.207832,17,35,0,13353
4.837365,18,35,0,14111
90.156631,18,36,0,14324
12.984797,19,36,0,14962
8.558411,20,36,0,15412
80.989669,20,37,0,14993
9.945396,21,37,0,15343
92.631901,21,38,0,15315
6.399392,22,38,0,15848
10.461605,23,38,0,16320
8.391862,24,38,0,16821
13.122834,25,38,0,17562
12.585109,26,38,0,18301
13.890167,27,38,0,18499
96.540418,26,37,0,18181
8.748454,27,37,0,18866
90.292406,27,38,0,19138
14.469389,29,37,0,19642
90.665282,28,27,0,19080
14.370492,26,30,0,18560
15.043300,23,34,0,15330
91.027569,26,32,0,17024
93.690735,24,35,0,15857
7.520875,24,36,0,16311
96.626148,27,34,0,17278
85.581803,23,38,0,14934
91.976506,22,40,0,13634
93.291438,21,42,0,13339
8.210610,23,41,0,14728
7.285196,20,45,0,13924
87.479655,24,42,0,15228
91.694720,18,35,0,12636
91.240489,17,37,0,12436
9.085641,16,38,0,12312
9.088526,14,39,0,11479
10.485495,14,40,0,11488
4.016337,15,40,0,12138
7.983759,13,43,0,11493
5.061938,11,41,0,9954
11.003759,12,41,0,10482
10.200603,11,43,0,10112
10.207816,12,43,0,10611
9.533563,13,43,0,11165
10.358768,14,43,0,11842
10.812979,15,43,0,12664
10.201127,14,28,0,11718
9.949063,15,28,0,12254
8.088900,14,29,0,11468
11.056604,13,31,0,10785
11.075600,13,20,0,10639
10.725841,14,20,0,11185
8.326179,15,20,0,11779
8.037587,15,18,0,11654
8.317786,16,18,0,12224
5.603678,17,18,0,12891
4.252330,18,18,0,13371
9.553030,19,18,0,13952
93.841463,20,18,0,14556
8.909525,20,18,0,14335
89.739441,20,17,0,14151
10.570226,20,18,0,14512
7.308415,15,16,0,10625
7.606118,15,17,0,10915
10.188017,12,19,0,8498
11.593082,8,21,0,6333
7.037159,8,22,0,6170
7.098569,10,21,0,6951
2.813681,10,22,0,6891
7.864574,12,21,0,7820
7.479638,13,21,0,8365
7.171393,12,21,0,7755
8.968632,13,22,0,8238
9.409660,14,21,0,8633
3.298785,14,22,0,8418
3.693156,13,24,0,7739
9.692101,15,23,0,8865
5.565302,14,26,0,8798
11.623474,15,25,0,9300
6.578043,12,28,0,8285
11.134968,13,28,0,8806
5.765351,13,29,0,8860
5.665862,10,33,0,7601
6.078418,10,34,0,7280
1.814505,9,35,0,6747
11.056228,8,37,0,6127
3.286250,7,32,0,5366
10.642508,7,33,0,5308
3.731757,6,35,0,4800
7.975202,6,36,0,4738
6.695986,6,37,0,4744
8.082659,5,17,0,4451
7.070041,6,17,0,4966
7.784142,7,17,0,5476
3.255796,7,16,0,5621
7.826014,8,16,0,5908
6.659944,7,11,0,5469
9.654615,6,13,0,4918
9.172671,8,12,0,6158
9.793643,8,13,0,5623
9.585939,7,15,0,5127
10.965427,7,13,0,5339
15.977721,8,13,0,5866
13.835252,8,14,0,5941
4.613087,8,15,0,6035
7.526742,9,15,0,6444
8.619452,9,16,0,6560
8.737793,6,16,0,5026
6.329442,7,16,0,5640
10.545947,9,16,0,6900
11.992885,9,16,0,6900
100.131892,10,16,0,7416
6.011627,11,16,0,7985
9.572495,11,16,0,8106
10.050969,13,16,0,9276
7.508537,12,17,0,9018
7.352292,14,16,0,10020
6.678647,14,17,0,10100
5.443904,14,16,0,10252
10.680212,16,17,0,11184
5.806421,16,16,0,11302
5.747787,17,16,0,11730
96.579630,15,19,0,11254
9.091330,15,20,0,10799
10.373010,16,20,0,11201
7.577104,16,15,0,10914
99.940716,12,20,0,8612
6.195997,12,20,0,8536
10.574597,13,20,0,9025
9.438047,13,21,0,8934
10.418368,12,24,0,8775
9.895747,9,26,0,6851
8.295757,10,26,0,7520
9.758782,9,21,0,7293
7.879552,10,21,0,7656
10.448876,11,21,0,8096
13.942828,11,22,0,8191
11.861399,12,22,0,8693
11.953779,10,25,0,7741
12.236498,11,25,0,8248
6.681791,11,26,0,8115
10.326805,12,26,0,8591
10.946302,12,23,0,8631
12.137020,12,24,0,8842
8.317324,7,19,0,6963
10.498101,6,19,0,6189
2.555592,6,20,0,6079
2.449866,6,19,0,6039
11.034791,7,19,0,6685
4.310875,7,20,0,6414
13.396754,8,20,0,7065
6.007169,9,20,0,7668
2.934530,10,20,0,8279
5.749774,11,20,0,8767
11.738167,10,6,0,8017
8.299112,11,6,0,8592
8.328498,12,6,0,9040
10.643429,13,6,0,9616
9.214322,14,6,0,10303
5.701299,15,6,0,11005
6.716737,16,6,0,11639
5.042407,17,6,0,12195
8.949485,18,6,0,12979
6.342280,18,7,0,13477
96.658281,19,7,0,14284
90.574599,15,9,0,12938
13.587735,13,11,0,11895
14.562578,13,12,0,12022
11.458798,15,11,0,12921
12.146507,15,12,0,12982
5.991518,16,12,0,13448
7.898629,17,12,0,14009
14.899480,16,14,0,14356
5.280821,19,12,0,15260
8.152643,20,12,0,15901
10.542228,15,16,0,13289
13.027551,16,16,0,13726
6.635366,15,18,0,13134
10.749403,16,18,0,13743
10.240443,17,18,0,14332
5.884756,17,19,0,13238
7.000384,19,18,0,15610
9.921986,18,20,0,13606
7.390207,19,20,0,14194
24.113460,20,20,0,14618
110.099574,17,24,0,12964
103.238134,16,26,0,12576
17.701578,16,27,0,12946
10.835641,16,28,0,12674
96.690347,15,30,0,11761
7.775048,14,32,0,11288
12.774963,11,36,0,9673
10.065751,6,41,0,6673
15.424497,5,42,0,6029
9.166466,5,29,0,5583
9.190191,5,19,0,4896
3.679236,34,41,0,24249
8.553460,35,39,0,25102
13.916313,37,29,0,25579
12.787017,38,21,0,26036
20.142740,35,18,0,24135
13.327191,36,20,0,24311
10.321356,36,21,0,24051
20.582509,33,24,0,22881
14.887601,31,27,0,22780
112.179438,32,28,0,22513
13.231195,31,30,0,22544
21.256182,32,36,0,22862
19.399298,31,37,0,21644
13.712608,29,40,0,21285
14.427575,29,40,0,20574
13.588646,28,42,0,20543
29.110879,26,39,0,20251
17.823802,19,41,0,15372
21.812526,14,47,0,13789
110.916045,12,50,0,13146
13.256670,9,52,0,11698
13.636486,7,52,0,7747
11.477416,7,52,0,6999
8.950881,7,42,0,6369
11.625215,7,41,0,5849
11.002562,5,37,0,4757
14.417676,6,37,0,5123
9.656423,7,37,0,5343
3.791785,6,29,0,4775
8.468637,6,30,0,4860
10.587288,6,17,0,4907
15.172807,7,17,0,5310
8.620631,6,17,0,5138
9.693063,7,17,0,5413
10.521045,7,16,0,5512
10.592944,9,17,0,6369
12.093389,8,12,0,6132
10.374991,8,11,0,5866
9.134646,8,12,0,5835
6.882488,7,14,0,5561
11.401318,7,15,0,5713
9.437024,7,16,0,5601
8.969491,8,16,0,5953
8.320740,9,16,0,6507
9.483392,9,13,0,6672
8.376411,9,14,0,6694
9.242237,10,14,0,7159
10.776403,9,16,0,6716
10.451562,8,16,0,6128
12.373370,9,16,0,6648
7.246062,9,17,0,6608
12.096123,9,17,0,6632
13.370879,8,19,0,6250
10.396798,8,20,0,6062
5.152112,8,21,0,5813
7.431995,6,19,0,4661
4.793420,6,20,0,4559
4.567766,6,21,0,4443
7.974316,7,21,0,4652
8.629750,8,21,0,5254
7.873221,8,22,0,5671
11.454321,7,20,0,5816
9.399302,7,21,0,6046
5.014504,7,22,0,6219
14.054474,7,23,0,6333
12.241005,7,12,0,6537
11.231308,7,12,0,6578
14.737192,8,12,0,7351
9.577087,33,40,0,25089
8.890893,32,34,0,24452
12.601079,37,32,0,26979
11.768317,36,35,0,26228
16.142671,35,32,0,26092
13.712772,37,32,0,27356
12.220746,39,34,0,28104
13.026127,36,37,0,27612
93.250949,38,37,0,28442
17.787096,35,42,0,26472
10.287738,37,41,0,27590
16.423013,36,43,0,26536
17.713186,37,43,0,27356
12.795777,39,39,0,27250
11.299942,38,51,0,26309
12.469577,39,40,0,27104
12.536897,35,45,0,23681
18.762439,36,45,0,24259
16.589856,36,47,0,24043
18.878217,34,60,0,22564
16.358492,31,59,0,20752
13.320030,26,68,0,17736
11.723314,29,66,0,19117
20.362946,26,70,0,18121
19.406808,27,67,0,18009
12.710255,25,56,0,16586
9.546286,29,46,0,17581
20.470789,29,48,0,17229
112.726304,30,34,0,17794
17.257058,27,34,0,16503
20.070729,30,33,0,18153
17.263965,28,36,0,17416
20.415068,26,32,0,16635
22.715651,25,34,0,16188
110.230985,25,35,0,16472
22.722350,28,36,0,18355
95.159160,29,52,0,18737
19.380349,30,52,0,18955
9.235727,29,38,0,18663
22.103141,28,39,0,18810
21.494766,25,32,0,16823
22.271080,24,31,0,16487
20.168413,19,37,0,15965
19.466885,14,37,0,13113
17.955166,16,36,0,14902
14.875554,14,38,0,12539
16.072767,15,38,0,13045
10.207420,15,39,0,13445
13.296666,14,40,0,12884
20.786162,13,40,0,12419
106.931640,10,36,0,8049
15.964390,11,36,0,8577
11.580578,11,37,0,8383
13.364895,11,37,0,8172
14.424826,9,40,0,7320
13.377228,9,41,0,7379
14.108736,9,42,0,6697
9.221708,8,43,0,6251
10.425949,7,45,0,6165
11.357402,6,28,0,5790
15.853143,5,15,0,5563
15.784686,5,15,0,5638
11.133250,5,16,0,5528
4.833725,6,16,0,6034
5.573273,5,11,0,5431
3.310888,6,11,0,6032
3.301326,6,12,0,6142
9.881345,7,12,0,6716
4.866074,7,7,0,6623
13.669087,7,7,0,6649
8.459898,7,7,0,6550
4.120123,7,8,0,6538
3.157201,8,8,0,6929
5.005385,8,9,0,6799
7.100879,8,10,0,6698
14.721110,2062198400,0,2062757776,780103500
10.140496,32606,0,32606,1077959194
