#Stereo rect[ms], MP culling[ms], MP creation[ms], LBA[ms], KF culling[ms], Total[ms]
7.415843,0.036850,0.316522,0.009288,0.009288,7.785867
10.110583,0.114388,4.316043,0.002875,0.002875,14.548989
9.574200,0.299881,5.267444,0.154043,0.154043,27.580822
6.850747,0.235949,5.786577,0.253933,0.253933,26.322006
5.522219,0.187918,6.564181,0.238203,0.238203,23.417835
6.163810,0.217634,8.447065,0.420710,0.420710,32.559562
6.195480,0.250377,8.285167,0.321511,0.321511,30.004649
6.223343,0.303698,10.905413,0.636782,0.636782,41.515404
8.121304,0.430820,20.199240,0.709700,0.709700,59.752519
6.261906,0.406213,12.043429,0.939859,0.939859,50.764826
7.203398,0.367089,18.755452,1.286368,1.286368,79.967018
8.946399,0.541731,19.685642,0.985155,0.985155,73.542967
9.369084,0.391776,17.632815,1.154607,1.154607,78.137872
6.582390,0.375575,15.609194,1.114421,1.114421,69.657102
6.437491,0.321792,14.076117,1.086688,1.086688,57.697318
7.089561,0.313427,18.050761,2.504296,2.504296,81.120012
7.358393,0.356719,17.361319,1.821867,1.821867,80.561609
6.376454,0.306353,15.739152,1.480768,1.480768,74.358905
6.556377,0.263812,15.582905,2.610298,2.610298,83.013289
6.307514,0.301944,17.043694,1.464757,1.464757,81.425263
6.423504,0.340638,18.920526,2.005566,2.005566,90.920872
7.294401,0.419008,18.429656,2.056253,2.056253,87.834113
6.752810,0.483521,17.487078,1.868466,1.868466,79.550525
7.096275,0.453162,18.362157,2.309024,2.309024,90.411999
8.705827,0.720401,19.707484,2.730556,2.730556,118.097500
6.342270,0.427133,16.070792,3.347151,3.347151,70.757154
5.954111,0.377118,16.075301,2.401149,2.401149,79.290991
6.749164,0.439376,16.450465,4.012185,4.012185,86.490452
6.516295,0.295953,16.093796,2.638942,2.638942,85.840127
7.766349,0.339957,17.668688,3.298016,3.298016,104.448881
6.192394,0.268491,16.733123,5.323871,5.323871,102.527720
6.476875,0.294270,18.703613,2.720707,2.720707,110.061056
6.364932,0.269243,19.683658,6.841680,6.841680,125.101118
6.603266,0.341279,16.432592,3.330448,3.330448,89.394288
6.745827,0.377469,16.833785,4.212947,4.212947,107.152872
8.080016,0.432623,18.510796,3.773501,3.773501,131.882853
6.542150,0.405361,14.742355,3.305040,3.305040,86.540848
5.653138,0.425049,12.981013,1.408510,1.408510,58.690148
5.463367,0.487037,11.748457,1.475378,1.475378,56.169821
5.083905,0.465455,5.271632,0.446530,0.446530,23.124666
5.182176,0.405571,6.496664,0.345488,0.345488,21.691683
5.648309,0.373731,8.155159,0.306904,0.306904,25.921419
5.493194,0.385734,9.437700,0.375705,0.375705,27.902439
5.676603,0.320150,10.540278,0.408748,0.408748,29.405319
5.246584,0.314749,11.720083,0.394420,0.394420,31.756683
5.292912,0.248924,12.173166,0.446629,0.446629,33.864083
5.323851,0.289972,12.621799,0.840289,0.840289,38.084224
5.784368,0.334016,12.937009,0.963243,0.963243,42.732741
6.688904,0.377048,15.805202,3.108932,3.108932,49.528037
5.911069,0.345848,12.453789,0.917026,0.917026,41.866983
6.076273,0.425460,16.345736,1.653226,1.653226,76.644655
5.361914,0.405211,12.685751,1.393081,1.393081,52.818164
5.639772,0.448604,12.924936,1.528188,1.528188,60.683882
5.324723,0.390253,16.267537,1.572522,1.572522,63.029336
5.938440,0.377369,15.022848,1.149087,1.149087,60.288980
6.711502,0.371427,16.425718,1.112327,1.112327,59.501111
5.374127,0.305612,13.887147,1.036011,1.036011,56.743143
6.299919,0.359133,16.166315,1.269636,1.269636,60.467911
6.353842,0.329647,14.663916,1.067001,1.067001,56.728485
5.624193,0.364193,14.790677,1.466490,1.466490,55.246475
5.671243,0.380364,14.709382,1.499013,1.499013,57.695205
5.419854,0.297296,14.128056,1.244358,1.244358,46.803888
5.551645,0.302486,12.003963,1.585828,1.585828,37.033295
5.901180,0.414118,6.520098,0.653403,0.653403,22.514104
5.853019,0.463752,6.487276,0.574383,0.574383,20.173270
6.275783,0.721663,5.268797,0.297215,0.297215,19.094557
6.190841,0.528556,6.150634,0.336050,0.336050,23.272357
5.486320,0.544436,5.822470,0.341339,0.341339,22.053657
5.058737,0.418516,6.450586,0.369543,0.369543,22.362136
5.645894,0.458863,8.195987,0.446580,0.446580,27.190484
5.195848,0.376877,8.980229,0.395182,0.395182,27.793311
6.018233,0.378019,10.306754,0.559685,0.559685,35.790009
5.684468,0.466798,11.653807,0.743424,0.743424,41.811618
5.848169,0.490173,11.886490,1.426474,1.426474,51.729021
6.496452,0.458513,13.827393,0.710542,0.710542,46.642270
5.883166,0.409409,13.009377,0.925631,0.925631,48.803123
5.905529,0.415490,13.393158,0.964075,0.964075,56.260965
6.126379,0.479061,16.554504,1.309983,1.309983,84.224981
9.484841,0.791036,20.286964,1.752756,1.752756,96.915196
8.331214,0.653454,20.442903,2.437118,2.437118,132.135775
12.956550,0.824769,29.595100,4.284674,4.284674,170.381951
8.217818,0.597136,23.512078,2.582755,2.582755,137.583926
8.634491,0.459334,29.748813,2.542920,2.542920,147.697118
7.132883,0.385544,19.888718,2.889327,2.889327,138.009962
6.784280,0.376046,15.600358,2.210672,2.210672,100.960799
6.329636,0.520280,15.359028,2.897919,2.897919,117.666480
5.544862,0.429848,15.953510,2.520837,2.520837,91.566482
6.092354,0.511303,14.624651,2.085008,2.085008,85.157796
5.213501,0.484702,13.760637,1.771651,1.771651,53.941932
5.382623,0.447281,13.916984,2.068176,2.068176,58.549730
5.303733,0.536852,13.306362,1.725534,1.725534,51.137776
6.348666,0.505392,13.587507,2.109354,2.109354,56.285075
5.836768,0.477158,13.275543,1.852535,1.852535,48.578776
6.934586,0.627434,15.949663,2.264730,2.264730,61.934953
5.689437,0.540208,12.457096,1.469837,1.469837,43.798158
5.376231,0.639878,13.681776,1.873104,1.873104,47.719150
5.394686,0.602016,15.048487,1.927268,1.927268,49.352458
5.174978,0.522404,15.012995,1.549269,1.549269,48.111722
5.443368,0.491596,16.266265,2.367666,2.367666,52.616349
5.608474,0.437472,15.317630,1.755330,1.755330,52.820558
5.514043,0.410852,15.359629,1.713030,1.713030,59.213363
6.290150,0.406093,15.146013,2.054099,2.054099,63.095230
5.762526,0.519719,13.819729,2.219815,2.219815,61.106265
6.578022,0.723718,15.754571,2.860132,2.860132,68.440066
6.710801,0.535469,14.348024,2.628442,2.628442,69.443743
7.510052,0.852482,20.201574,1.918460,1.918460,79.395199
6.115307,0.607396,15.512581,2.240494,2.240494,65.494857
6.581345,0.457060,16.872137,2.884500,2.884500,82.406551
6.800131,0.521903,17.469945,1.712960,1.712960,65.764761
6.083788,0.252851,18.123920,2.505959,2.505959,71.590467
7.007125,0.302686,16.802094,2.892295,2.892295,92.752739
6.431339,0.362490,18.335542,5.922160,5.922160,135.047656
6.661407,0.312354,19.330510,5.865613,5.865613,112.990155
6.191502,0.378541,17.294040,3.785299,3.785299,117.365407
5.939553,0.392186,10.928587,0.981378,0.981378,52.535675
5.273225,0.388950,7.246049,1.457052,1.457052,31.013719
5.738831,0.447291,7.889714,1.192920,1.192920,33.719398
5.659840,0.499421,8.019992,0.674493,0.674493,32.005506
5.755352,0.431221,7.747133,3.375774,3.375774,31.635683
5.966454,0.511593,9.322421,4.359416,4.359416,37.259484
5.769770,0.372589,8.952877,0.533125,0.533125,31.931516
5.879408,0.553303,11.331474,1.567423,1.567423,44.602558
6.688007,0.768583,13.631771,0.978462,0.978462,51.383322
6.261876,0.663773,13.269132,1.084364,1.084364,48.053075
8.858358,0.841531,20.758303,1.616175,1.616175,69.697886
5.676242,0.524738,13.516392,0.845669,0.845669,44.892520
6.016059,0.509750,15.622329,1.195325,1.195325,52.202522
6.933745,0.476767,14.405634,1.445200,1.445200,60.392367
8.000969,0.471236,18.720005,9.624856,9.624856,98.324875
7.463312,0.470058,16.788940,1.376529,1.376529,62.441940
6.922616,0.340017,16.315559,2.394246,2.394246,80.245760
7.069874,0.313837,15.939323,1.631916,1.631916,70.657522
7.873503,0.460066,19.318704,1.379365,1.379365,88.359138
5.994939,0.377017,14.937877,1.546994,1.546994,91.605526
9.016190,0.624820,19.564711,1.580288,1.580288,99.107505
7.148794,0.385383,15.738761,3.840709,3.840709,96.312242
6.824227,0.404089,26.243712,5.027765,5.027765,104.822424
6.960649,0.503659,19.014910,2.923253,2.923253,103.940582
7.850780,0.444015,26.412594,2.522089,2.522089,128.838370
7.971690,0.482779,33.483419,2.473757,2.473757,99.832311
7.105501,0.327453,22.814777,1.795026,1.795026,127.748505
6.531980,0.234126,22.975172,1.775198,1.775198,114.711235
6.910350,0.227233,22.856926,2.003553,2.003553,108.613632
8.299404,4.689900,24.405308,4.951313,4.951313,130.302647
9.378318,0.244305,19.916080,1.861682,1.861682,99.944165
8.963207,0.190272,26.267752,1.928179,1.928179,114.615699
10.507736,0.236230,30.239395,2.431307,2.431307,202.244061
6.883319,0.210380,17.677982,5.886101,5.886101,180.793772
7.892072,0.364233,18.837779,4.284249,4.284249,200.527504
8.025527,0.487768,18.931647,2.768638,2.768638,166.096206
8.230723,0.395363,17.678762,2.863940,2.863940,163.883692
7.098799,0.488349,21.319531,3.320960,3.320960,124.947205
6.506161,0.366598,19.285140,4.210292,4.210292,134.070077
6.225998,0.340869,15.605427,3.530188,3.530188,129.995953
6.358180,0.383890,15.090668,4.453565,4.453565,110.302546
5.909265,0.368421,10.281335,1.689575,1.689575,43.684942
5.608243,0.363772,8.822489,1.207638,1.207638,42.818835
5.621057,0.456419,10.513757,1.406977,1.406977,41.610245
5.784628,0.373480,11.305655,1.124350,1.124350,43.810581
5.640805,0.413867,12.483647,1.070086,1.070086,49.264781
5.833622,0.322033,13.369001,0.820170,0.820170,45.234251
5.670020,0.391916,14.012005,1.879166,1.879166,56.465925
6.837352,0.356368,14.881680,1.354948,1.354948,56.706734
5.638020,4.153814,15.337768,1.843268,1.843268,64.906999
5.980250,0.393970,19.934111,1.151421,1.151421,74.214911
5.822841,0.390744,14.763836,1.937938,1.937938,73.410691
5.884242,0.389060,14.222175,2.648611,2.648611,69.075716
5.541585,0.454034,13.463742,1.598903,1.598903,58.781601
5.792353,0.394471,13.894892,1.396698,1.396698,67.480787
5.472935,0.419348,14.795947,1.697350,1.697350,56.340707
5.856325,0.458843,14.727015,1.707840,1.707840,61.685227
8.021348,0.414258,17.092187,1.616807,1.616807,66.767011
9.404833,0.369232,16.305675,1.915716,1.915716,73.947302
6.163139,0.421823,23.289499,1.776991,1.776991,83.854706
6.085511,0.484311,15.370701,2.221828,2.221828,87.832155
5.940534,0.437693,14.437455,2.492192,2.492192,61.080947
5.468026,0.416823,15.350032,3.672719,3.672719,70.694172
5.607591,0.369073,16.033992,2.373507,2.373507,77.449647
6.099798,0.343022,16.133923,2.668919,2.668919,94.355098
6.512724,0.435228,15.676673,4.480512,4.480512,89.205334
6.761507,0.388299,16.451948,2.135354,2.135354,77.069233
10.612044,0.334547,17.722416,3.972359,3.972359,98.858358
5.699627,0.398087,20.683110,2.391411,2.391411,80.905955
5.925646,0.368972,15.552938,2.849162,2.849162,68.607230
5.943260,0.368702,14.695736,3.139084,3.139084,71.063534
6.792045,0.429127,15.890710,2.863108,2.863108,80.853895
5.852617,0.357290,14.345460,3.825520,3.825520,85.003732
6.375888,0.448944,15.182673,3.275273,3.275273,74.315938
6.964165,0.430008,19.216650,10.732139,10.732139,97.491595
7.154044,0.426442,17.645469,3.515080,3.515080,86.554043
7.066385,0.372892,20.448513,12.522487,12.522487,130.028962
7.795789,0.461218,32.016261,7.200573,7.200573,160.991495
7.326938,0.413717,19.330085,12.535154,12.535154,163.001136
7.913650,0.477989,20.262741,3.907336,3.907336,147.049777
7.772521,0.458082,17.446981,7.584774,7.584774,167.530772
10.731540,0.614850,22.730070,4.805695,4.805695,174.310096
7.700294,0.594231,19.937852,7.120150,7.120150,159.748994
7.094371,0.476166,17.967011,4.010823,4.010823,148.282863
7.423356,0.585394,18.549260,4.672903,4.672903,162.010947
8.951778,0.422714,22.179518,1.804774,1.804774,147.945033
8.120984,0.317554,19.844795,4.548606,4.548606,115.408523
7.939339,0.410431,20.426932,5.472634,5.472634,124.809629
11.700210,0.557531,25.044920,2.840656,2.840656,82.960338
13.144676,0.293889,22.917412,2.608664,2.608664,108.331848
8.338999,0.257369,32.071503,1.983755,1.983755,118.566232
10.591997,0.334857,44.023241,3.485934,3.485934,128.765366
9.419686,0.371246,36.091593,3.181926,3.181926,92.570232
8.431455,0.242702,23.958543,6.425638,6.425638,119.677297
10.199209,0.298929,26.508506,6.825548,6.825548,219.491033
10.176666,0.351249,24.894464,12.394718,12.394718,226.378440
10.239666,0.639286,29.428683,6.810891,6.810891,234.623840
9.805151,0.418436,22.716300,4.730643,4.730643,199.048472
9.566300,0.450637,34.353184,15.743029,15.743029,275.673994
10.045911,0.553203,22.260391,8.230973,8.230973,223.343618
7.323466,0.506084,30.061356,5.835956,5.835956,211.935313
7.638229,0.533465,15.998275,5.143187,5.143187,180.491910
9.013333,0.676056,12.638952,2.672235,2.672235,75.414094
8.114482,0.784352,22.595947,3.729157,3.729157,85.482123
8.337781,0.911304,10.012263,1.039828,1.039828,48.135206
7.083981,0.940350,20.543023,1.685658,1.685658,58.767044
12.239445,1.583390,30.944762,3.458030,3.458030,137.470086
12.119358,1.146522,30.865771,1.974995,1.974995,131.907975
8.941295,0.597367,18.941306,1.340211,1.340211,62.554141
12.909529,0.706655,19.307484,0.980666,0.980666,66.988995
7.539888,0.497317,18.420384,2.652789,2.652789,77.191676
8.463315,0.682358,18.383554,1.509313,1.509313,63.827603
7.101631,0.602971,19.603800,2.452518,2.452518,66.829591
8.539110,0.908289,34.414151,3.253211,3.253211,95.406570
6.559092,0.538675,15.895930,3.290912,3.290912,67.215661
6.484480,0.529668,16.703116,4.690235,4.690235,97.301111
7.046569,0.532945,16.280111,2.144301,2.144301,70.371297
9.621630,0.410822,18.510997,4.037904,4.037904,118.507230
7.057130,0.572189,18.947868,2.418693,2.418693,124.482050
7.101167,0.770236,14.202287,4.512170,4.512170,85.575273
9.624155,0.851971,20.528907,4.103025,4.103025,102.748128
6.470463,0.540549,23.876978,4.535641,4.535641,127.734109
11.116235,0.877219,20.272078,6.159356,6.159356,147.162356
9.488587,1.391939,21.191327,4.374735,4.374735,123.036329
6.341688,0.668172,15.722510,17.001555,17.001555,161.482503
8.224963,0.621793,21.138917,4.562552,4.562552,122.875714
8.923061,0.702497,18.499134,5.536055,5.536055,104.701678
8.107358,0.680535,26.068329,2.126376,2.126376,109.637010
8.300767,0.576517,18.530173,3.011782,3.011782,137.163113
7.100152,0.482558,17.802809,6.387621,6.387621,97.748923
6.819046,0.395623,16.877308,2.782164,2.782164,77.527324
6.538423,0.460055,22.861816,2.511028,2.511028,129.983469
7.139276,0.475124,17.240078,2.899838,2.899838,112.998316
7.262485,0.548954,16.837232,8.535568,8.535568,115.447472
11.077180,0.547281,19.911782,9.482800,9.482800,139.220021
6.774132,0.528225,15.382914,3.335297,3.335297,134.134409
7.233605,0.616032,17.403213,3.255625,3.255625,126.170978
9.666856,0.393920,16.359522,4.945391,4.945391,121.233728
6.084629,0.465255,25.092882,3.105079,3.105079,127.508710
6.393316,0.408838,15.967126,3.193257,3.193257,125.625315
5.842729,0.375935,15.522410,2.278677,2.278677,131.690939
6.783529,0.352541,17.065746,1.862855,1.862855,111.729121
6.816730,0.309488,16.499980,3.405090,3.405090,145.138567
7.679328,0.426291,19.374420,6.613315,6.613315,143.144469
6.459693,0.375535,23.095666,4.332861,4.332861,163.658955
9.855850,0.664645,21.127686,11.040820,11.040820,180.447147
6.761356,0.476998,17.717497,5.553288,5.553288,178.932428
8.080076,0.708348,19.189729,4.632456,4.632456,143.243413
6.427491,0.481256,14.614161,6.350104,6.350104,142.650845
6.232440,0.625360,14.477972,4.158644,4.158644,148.511037
6.346939,0.488790,21.194183,8.211501,8.211501,187.883384
6.837261,0.590243,15.758288,13.813288,13.813288,177.698751
6.443862,0.610963,17.126602,4.659527,4.659527,114.497138
6.519456,0.451499,17.758505,18.004613,18.004613,102.560683
6.180776,0.323015,19.337179,9.343931,9.343931,139.699292
6.556557,0.377308,17.620432,5.651785,5.651785,125.512711
6.126509,0.329357,13.112122,5.464820,5.464820,85.033479
7.188640,0.484963,19.535977,7.780286,7.780286,123.631842
7.647614,0.460897,19.805420,13.206382,13.206382,116.656609
6.244634,0.364323,24.564236,7.047391,7.047391,126.137220
6.428573,0.474513,16.349283,8.089073,8.089073,95.003337
6.761718,0.524638,16.651678,10.989814,10.989814,140.616845
11.599972,1.084434,47.005642,7.289392,7.289392,128.130901
8.617241,0.662771,19.780502,6.426871,6.426871,69.875115
15.881382,0.509570,20.276316,5.576903,5.576903,81.388853
8.579477,0.655217,22.081025,11.629842,11.629842,101.956729
8.438198,0.546661,24.236732,9.715439,9.715439,94.328478
8.874258,0.563201,21.857455,10.512282,10.512282,109.551955
7.708970,0.653133,34.933900,11.462322,11.462322,107.415743
6.772338,0.529287,13.875325,1.601588,1.601588,45.579017
23.723853,0.820442,19.067910,1.103130,1.103130,78.092171
7.840520,0.651370,10.170665,1.355740,1.355740,40.042270
5.628261,0.490724,7.078530,0.554585,0.554585,33.799351
5.851769,0.529638,8.599194,0.560416,0.560416,27.775580
5.757686,0.468191,6.853513,0.485434,0.485434,23.946520
5.555812,0.435760,7.597928,0.683792,0.683792,31.112055
5.514785,0.515150,10.035037,1.301927,1.301927,38.126926
6.847782,0.642102,11.474315,0.647733,0.647733,34.762113
5.963238,0.445377,13.024872,1.047704,1.047704,54.591132
6.195410,0.504941,17.147582,11.741821,11.741821,58.912387
6.632712,0.431170,17.577460,0.768438,0.768438,49.061033
7.017003,0.361839,18.373775,0.837583,0.837583,49.066454
8.228883,0.365115,18.173755,1.094854,1.094854,54.312921
7.539207,0.561799,16.926892,1.469757,1.469757,57.716905
6.940712,0.431541,17.295223,1.409382,1.409382,81.242719
7.220230,0.567540,16.643082,1.516115,1.516115,62.190990
6.854993,0.486997,14.843497,1.206677,1.206677,55.952025
5.659069,0.476707,25.701701,1.315955,1.315955,76.634676
6.511772,0.457952,26.654513,1.526886,1.526886,75.015375
6.763761,0.440799,16.896224,1.694064,1.694064,77.022173
6.586144,0.460937,16.317492,2.211970,2.211970,69.006500
14.548198,0.498910,17.560427,1.715024,1.715024,74.923132
6.599159,0.536430,16.262458,3.617625,3.617625,69.972889
8.214263,0.570606,18.645722,2.900339,2.900339,109.385281
7.486718,0.581606,17.486978,3.449394,3.449394,77.757964
5.595539,0.380233,14.836123,1.899936,1.899936,84.424961
5.924995,0.367920,15.815928,2.049360,2.049360,70.915523
6.248000,0.516473,15.872025,2.597573,2.597573,62.013673
8.451892,0.638766,17.216092,2.481973,2.481973,64.419569
6.033833,0.496334,14.985919,12.860960,12.860960,60.205216
5.849091,0.552110,14.904834,2.009554,2.009554,46.349974
5.915568,12.022409,18.687372,1.844971,1.844971,64.678264
6.037309,0.527775,14.772592,3.625179,3.625179,62.914727
6.403125,0.510953,28.785609,1.910386,1.910386,62.904217
5.784953,0.627313,17.222745,2.149050,2.149050,59.393950
5.448789,0.555778,13.390702,3.650727,3.650727,64.986079
6.135205,0.434948,17.062009,1.871231,1.871231,44.935532
6.003625,0.346449,12.050542,2.281722,2.281722,39.733463
5.690709,0.489562,13.778140,2.191220,2.191220,37.534909
6.222642,0.312023,17.102557,1.754098,1.754098,46.386494
6.296702,0.328065,16.991418,1.833319,1.833319,50.657986
14.600324,0.299520,25.376693,1.869468,1.869468,63.057058
6.864262,0.298859,29.604347,2.387905,2.387905,64.949008
5.616538,0.308838,16.703306,2.279508,2.279508,62.129037
5.508052,0.276225,19.150594,2.189337,2.189337,83.390172
7.232013,0.337903,21.317377,1.888424,1.888424,57.781408
6.356637,0.386285,16.760075,2.381983,2.381983,58.706850
5.430264,0.378570,25.953710,2.049229,2.049229,67.399992
5.612581,0.298218,17.108557,2.172925,2.172925,54.755921
5.472664,0.302957,15.256994,2.332308,2.332308,53.386414
6.504919,0.366497,19.542289,2.495580,2.495580,66.878781
7.115231,0.329507,15.825827,3.313225,3.313225,66.097745
5.809515,0.308498,28.476725,3.221802,3.221802,86.650470
6.457338,0.381436,20.732774,4.273042,4.273042,113.977129
6.204658,0.396665,16.491052,3.124786,3.124786,56.043952
7.419510,0.624822,20.181516,3.006211,3.006211,69.736222
7.713479,0.564624,29.014294,2.890801,2.890801,66.780864
7.515913,0.440488,19.350183,3.981667,3.981667,72.340023
6.284931,0.392917,15.890410,14.768674,14.768674,102.856427
7.321994,0.543144,17.421082,3.796464,3.796464,101.341705
7.628647,0.444907,43.667269,3.484952,3.484952,93.700964
6.610380,0.408848,16.616111,2.737159,2.737159,54.989917
7.383672,0.628325,18.764264,2.938502,2.938502,69.596001
5.936141,0.480815,15.927349,4.016423,4.016423,70.605256
6.970645,0.512596,16.948533,2.535846,2.535846,72.099280
6.651939,0.456499,15.140893,2.752078,2.752078,53.601554
5.673737,0.530650,13.732183,2.818032,2.818032,61.728290
6.238346,0.652251,15.314083,3.114697,3.114697,57.012519
5.300998,0.513086,10.385314,1.314051,1.314051,44.683002
6.197894,0.667711,10.187637,0.900895,0.900895,45.673045
5.908413,0.518126,7.940692,1.474466,1.474466,34.728669
5.688345,0.601008,9.521569,0.786817,0.786817,37.816639
5.240687,0.644677,7.115871,0.648423,0.648423,29.011563
6.407889,0.745398,10.210010,1.122847,1.122847,35.702507
5.684087,0.570235,10.017243,0.721412,0.721412,34.604192
6.249024,0.582158,10.577469,1.213349,1.213349,38.490921
5.942539,0.562450,12.251585,0.806976,0.806976,40.967882
6.176013,0.551860,14.205363,0.819670,0.819670,47.496736
6.667629,0.531682,16.339157,0.758454,0.758454,52.400132
5.889518,0.522564,13.720200,1.356542,1.356542,55.768498
5.945384,0.649546,15.630164,1.135821,1.135821,52.555052
6.179790,0.545248,27.781207,1.671881,1.671881,71.797060
6.125557,0.515200,14.004831,1.441142,1.441142,49.021758
5.673427,0.510060,22.087593,1.604764,1.604764,51.065388
5.046142,0.421222,10.645278,1.336513,1.336513,35.449009
6.060754,0.664474,13.508417,1.694465,1.694465,44.246502
7.040838,0.520060,16.480863,2.341446,2.341446,52.933663
6.404368,0.425429,14.539489,1.829391,1.829391,56.842101
7.331425,0.520220,15.063886,1.633037,1.633037,45.491113
6.181914,0.542522,15.987976,1.753216,1.753216,50.936532
6.960425,0.593640,31.597510,2.347186,2.347186,74.514434
6.117071,0.482478,15.554925,1.770709,1.770709,48.452460
5.642508,0.646290,12.771142,2.003623,2.003623,44.713369
14.123303,0.526311,9.390805,1.236153,1.236153,43.199799
5.319673,0.580044,9.763580,0.689832,0.689832,30.312274
5.715547,0.456859,8.755261,0.758263,0.758263,28.131805
6.947756,0.479803,10.017343,1.074385,1.074385,37.072374
5.979028,0.431992,9.478568,1.102218,1.102218,35.161783
6.037530,0.565396,10.696666,1.001666,1.001666,39.764563
6.255414,0.492257,11.549379,1.515394,1.515394,46.970155
5.780551,0.452190,11.541915,1.465679,1.465679,54.420773
5.413602,0.515702,11.472241,2.040653,2.040653,60.161448
5.685940,0.729188,10.913890,1.837687,1.837687,47.415672
5.165991,0.463532,8.203020,1.091016,1.091016,31.823380
6.333433,0.489080,9.603806,1.541223,1.541223,32.968519
5.170329,0.450076,8.644240,1.176849,1.176849,27.571168
5.903454,0.527053,9.570513,1.159337,1.159337,30.334727
5.547677,0.494110,10.419008,1.258896,1.258896,35.678306
5.531877,0.521382,12.242227,1.132305,1.132305,39.583267
5.370570,0.577920,11.928279,0.726102,0.726102,44.098098
6.503236,0.787919,13.836625,0.609911,0.609911,43.146322
7.212469,0.699631,15.078575,0.908378,0.908378,46.216043
6.179740,0.611834,35.227418,1.070718,1.070718,71.248406
6.865095,0.775415,17.954798,0.989213,0.989213,56.184219
6.367056,0.503448,16.536459,0.918318,0.918318,49.488657
5.804436,0.460066,17.718648,1.784897,1.784897,72.404436
6.444624,0.468081,17.746101,1.233758,1.233758,65.049189
5.842398,0.493640,13.807435,2.038730,2.038730,56.714268
8.678886,0.584232,21.490226,1.841053,1.841053,85.243319
6.919798,0.544947,32.739153,1.598963,1.598963,89.136827
5.500858,0.467340,15.972235,1.358004,1.358004,72.604166
5.912752,0.481426,13.658492,2.094807,2.094807,91.584465
5.647136,0.575095,13.941651,1.741835,1.741835,77.852894
6.539014,0.685955,14.424410,2.450924,2.450924,72.416870
5.841727,0.471908,15.074156,4.563745,4.563745,95.176171
8.639270,0.544557,17.050567,2.927551,2.927551,98.442963
17.882039,0.394371,19.638417,2.066713,2.066713,125.866610
5.985410,0.446289,15.594888,4.809472,4.809472,115.826148
7.702438,0.576147,17.810984,2.526578,2.526578,137.207557
7.411854,0.484883,17.123426,2.693766,2.693766,123.335057
6.695611,0.539387,16.410649,2.687665,2.687665,134.607999
7.575075,0.713999,18.207819,19.119774,19.119774,130.228080
6.191001,0.464344,13.791044,1.837486,1.837486,54.633027
5.666133,0.453964,14.086016,2.590821,2.590821,57.576258
6.063178,0.441070,14.051830,1.890027,1.890027,57.562902
7.078214,0.552331,11.317658,17.087227,17.087227,64.342629
7.505583,0.571698,10.580695,1.202278,1.202278,42.486602
6.750859,0.557281,12.118371,19.408956,19.408956,69.789913
23.495061,0.515631,11.707179,1.533889,1.533889,67.489964
6.665375,0.591495,12.458379,1.087890,1.087890,43.682689
7.005551,0.643605,14.137404,1.461501,1.461501,54.080275
6.367577,0.544236,13.017773,1.635913,1.635913,46.936260
6.824667,0.565226,14.148264,1.198240,1.198240,52.722360
5.380289,0.491375,12.411670,1.053464,1.053464,41.353396
7.573888,0.788360,16.218985,2.553229,2.553229,67.974891
7.018807,0.690794,17.867943,3.452010,3.452010,70.919560
6.543122,0.572299,16.868811,2.482174,2.482174,67.286742
7.177729,0.590484,14.929591,3.903488,3.903488,84.624941
7.123997,0.873863,12.660032,2.212481,2.212481,54.042693
7.154806,0.580945,14.466270,3.048161,3.048161,55.612010
8.396799,0.723847,24.200039,2.038800,2.038800,94.864593
25.758556,1.088832,24.884448,2.669871,2.669871,95.956155
7.823508,1.158615,16.192725,1.704804,1.704804,52.036135
6.315498,0.556940,14.810765,1.762063,1.762063,49.617863
6.799409,0.529999,15.824774,2.204445,2.204445,50.954336
7.984444,0.649196,18.152999,7.676181,7.676181,89.934300
6.634506,0.540378,14.967664,2.317740,2.317740,48.768026
7.042211,0.596275,16.240526,3.265995,3.265995,61.069646
6.149092,0.642483,13.246228,1.850612,1.850612,49.332420
8.200846,0.657672,21.654834,2.135133,2.135133,74.338371
10.676898,0.879043,18.140331,2.269929,2.269929,77.150537
6.751508,0.628436,16.737081,3.540768,3.540768,83.294385
7.458513,0.684443,35.786228,2.872927,2.872927,88.847617
9.085821,0.774203,24.832376,2.870292,2.870292,70.434858
6.476534,0.561078,14.434689,2.766765,2.766765,49.721480
6.711958,0.553693,17.236251,2.772126,2.772126,58.612454
10.306794,0.827625,25.987739,3.512434,3.512434,78.834908
6.148461,0.490062,24.073720,5.260310,5.260310,85.324644
7.717667,0.696966,15.178755,2.748320,2.748320,49.763260
6.231929,0.548684,16.898959,3.905132,3.905132,93.539336
7.422528,0.805482,16.825439,2.766144,2.766144,62.149804
6.000810,0.553333,15.508422,2.953841,2.953841,79.847861
7.463042,0.688330,19.657763,3.735178,3.735178,75.480684
9.852329,0.773543,22.930767,25.383000,25.383000,105.100272
6.288658,0.596345,15.378785,4.823299,4.823299,68.721698
7.877611,0.705473,20.442151,17.903430,17.903430,131.420394
6.202763,0.599351,15.875020,3.013104,3.013104,68.827419
7.616564,0.809761,19.690491,3.999932,3.999932,73.495252
6.077015,0.487628,15.892173,4.541402,4.541402,101.483521
10.761973,0.878953,19.746096,3.855978,3.855978,70.282150
11.860791,0.607136,20.470024,4.874255,4.874255,114.198440
7.606476,0.644346,35.459720,6.792962,6.792962,106.899340
8.734702,0.810092,22.574729,4.076076,4.076076,126.140135
6.610820,0.467049,16.180291,10.491345,10.491345,92.016187
9.193295,1.015462,28.577153,3.384130,3.384130,94.439529
7.722817,0.786156,13.733315,1.659738,1.659738,56.504970
7.183169,0.617315,11.730594,1.616396,1.616396,45.450452
8.230885,0.769484,9.169861,1.002538,1.002538,35.723914
6.084319,0.558262,6.929627,0.585905,0.585905,26.483929
28.800765,0.740319,25.956819,6.601152,6.601152,244.500395
10.130156,0.483179,29.203244,9.070622,9.070622,298.587441
11.333928,0.501675,25.666002,10.513046,10.513046,345.861917
8.388123,0.535008,21.443938,6.170723,6.170723,179.858682
10.603338,0.593629,27.799844,3.327713,3.327713,235.192311
7.944783,0.613908,40.564735,12.145853,12.145853,239.351972
9.061694,0.459855,25.037436,4.531383,4.531383,247.211314
12.132488,0.962722,25.039651,28.969706,28.969706,218.775016
9.427230,0.612205,25.293708,4.379103,4.379103,197.721610
7.344556,0.563523,21.733639,6.743653,6.743653,180.905213
7.489172,0.492107,20.731502,6.190831,6.190831,161.273975
7.182824,0.519318,19.473498,4.128557,4.128557,184.218443
6.300640,0.435990,17.601165,5.050371,5.050371,147.204882
8.169695,1.079741,23.371440,12.055993,12.055993,164.691888
7.669304,0.739448,18.873596,8.120363,8.120363,153.606754
6.442661,0.529998,17.590746,9.117099,9.117099,123.199439
7.614200,0.689837,19.851648,8.331034,8.331034,163.793174
7.370182,0.465676,37.184386,3.574889,3.574889,183.297783
8.585097,0.594311,19.924877,3.682398,3.682398,145.581973
8.379336,0.693810,22.981575,6.870615,6.870615,182.246777
22.782556,0.627394,19.899989,5.518692,5.518692,132.042768
8.547941,0.650698,18.763437,5.879599,5.879599,119.978945
9.901522,0.657972,42.444092,3.215479,3.215479,130.884914
15.209607,0.995574,23.954846,5.596430,5.596430,112.886216
10.280745,1.178893,18.753117,4.097354,4.097354,77.826922
9.040925,0.654996,16.906573,17.859797,17.859797,83.816593
26.504975,0.759466,19.283857,3.116491,3.116491,102.218402
9.460163,0.682378,17.398169,2.410147,2.410147,76.941370
10.050190,0.843885,40.995505,3.199579,3.199579,105.753272
7.705879,0.520050,16.381484,2.617101,2.617101,65.087517
8.429041,0.688155,18.637321,3.727503,3.727503,93.326802
9.040054,0.548664,25.021115,2.500158,2.500158,130.333866
7.510743,0.557090,17.199120,2.755564,2.755564,78.018320
8.127807,0.628997,17.203779,7.566008,7.566008,110.308237
9.193456,0.610582,17.993441,6.726523,6.726523,100.663446
8.567083,0.610222,16.191011,2.938903,2.938903,110.470737
7.065416,0.589822,16.203185,3.894160,3.894160,115.253594
27.147642,0.629618,18.625655,2.410588,2.410588,130.928738
9.380702,0.555607,16.268569,4.430201,4.430201,124.098670
7.237593,0.651714,20.323123,2.127579,2.127579,116.486007
8.134039,0.803659,18.451142,3.573470,3.573470,159.307523
6.884000,0.605382,16.353982,6.612183,6.612183,151.873896
8.045851,0.635009,20.985555,3.922765,3.922765,162.599934
7.907038,0.662921,17.360197,3.302144,3.302144,134.905136
8.034400,0.774163,17.389262,7.394332,7.394332,152.972909
9.382796,0.981658,19.710148,3.125177,3.125177,166.798108
7.495083,0.929118,16.366436,5.591120,5.591120,139.730478
8.420044,1.051260,18.586500,3.945799,3.945799,143.731311
7.719416,0.732283,16.698332,30.294819,30.294819,151.787633
6.931992,0.637753,17.177369,2.780170,2.780170,70.599320
6.849374,0.586055,17.529964,4.853696,4.853696,85.714349
6.659062,0.603779,16.385502,2.723283,2.723283,63.532122
6.336188,0.559885,32.582315,3.676496,3.676496,84.795546
7.807458,0.559785,17.679715,3.133734,3.133734,59.503886
6.313675,0.616543,32.791132,3.880735,3.880735,75.354530
7.883622,0.668482,14.683293,3.437391,3.437391,54.401025
6.902165,0.686977,14.579425,3.185271,3.185271,49.492695
6.476158,0.747272,13.233302,3.609088,3.609088,78.221078
6.525417,0.638405,12.828794,2.713854,2.713854,42.575701
7.076997,0.695574,13.910441,2.997695,2.997695,51.896178
5.872405,0.589792,6.631450,19.608370,19.608370,45.383169
6.100499,0.546751,8.904736,0.813528,0.813528,30.121412
6.427121,0.571006,9.538201,0.728516,0.728516,30.289731
6.778299,0.618778,9.409326,1.018989,1.018989,35.250322
6.248992,0.871799,11.213596,1.297610,1.297610,36.039900
6.790907,0.687288,12.723843,1.345360,1.345360,43.066038
7.141667,0.688500,13.925455,1.086889,1.086889,40.924500
5.920166,0.497246,29.682857,0.901646,0.901646,56.976657
6.185761,0.514479,15.421758,0.969295,0.969295,42.144261
6.179349,0.532804,16.475073,1.231824,1.231824,46.515139
6.612934,0.429528,15.785940,1.421035,1.421035,56.318785
6.690002,0.482558,16.471746,1.155218,1.155218,45.987405
5.442838,0.381416,37.503108,1.537045,1.537045,75.084977
6.697683,0.385444,15.680520,1.239138,1.239138,47.592346
21.559173,0.572339,23.147219,1.505034,1.505034,91.420113
6.113745,0.872721,16.221569,2.863364,2.863364,81.917304
7.351821,0.860537,21.357734,1.866772,1.866772,77.287759
18.347506,0.476817,17.125159,3.225033,3.225033,102.448256
7.272941,0.667620,24.986550,3.799771,3.799771,145.339170
6.277245,0.537703,16.468771,1.653407,1.653407,74.128426
6.718615,0.616504,17.370336,1.693512,1.693512,65.131886
6.959444,0.659685,19.251446,1.929642,1.929642,63.867641
6.645075,0.651841,18.959309,3.097915,3.097915,80.342171
6.216931,0.522224,15.846947,2.764240,2.764240,82.533893
7.063456,0.723998,16.765845,1.766872,1.766872,71.147198
6.299017,0.712967,14.958846,2.684779,2.684779,82.879319
7.074082,0.746861,38.242361,2.347858,2.347858,92.811421
5.762075,0.489472,14.441352,1.861062,1.861062,54.440942
6.541948,0.596957,17.847032,2.194977,2.194977,71.904554
7.083350,0.571708,18.949501,2.605147,2.605147,85.311358
7.130048,0.485414,18.122307,3.077176,3.077176,71.898202
8.543128,0.496094,21.044993,2.941789,2.941789,89.113719
6.304187,0.425039,16.541899,2.415707,2.415707,61.331063
6.731981,0.465416,17.894403,2.036095,2.036095,72.153479
6.090240,0.495843,14.469887,2.360181,2.360181,65.689217
5.590469,0.482809,12.476963,1.202538,1.202538,41.048806
5.835715,0.447732,13.661107,2.040583,2.040583,45.427799
5.350222,0.590073,11.891930,1.982183,1.982183,41.460900
5.940404,0.535860,11.255119,1.943819,1.943819,45.229983
6.270757,0.530319,14.024749,2.335244,2.335244,54.250683
6.980197,0.593650,12.349571,2.408143,2.408143,37.896851
6.796634,0.602045,12.871254,3.271014,3.271014,53.871337
5.527870,0.348673,10.373371,2.306710,2.306710,34.810324
5.311839,0.396334,11.177501,2.325426,2.325426,33.703007
5.673998,0.433615,14.327921,2.668408,2.668408,41.864102
6.010648,0.550648,12.199476,1.707208,1.707208,37.891808
21.920155,0.857602,10.659725,2.788928,2.788928,59.610039
6.024581,0.614399,6.752014,1.537806,1.537806,29.580883
36.506873,0.732113,11.177918,0.957662,0.957662,70.096545
7.260657,0.846170,9.163288,1.248445,1.248445,47.806075
8.269758,0.801675,16.354928,1.959371,1.959371,68.827547
6.556056,0.809951,8.256923,0.755928,0.755928,34.583693
7.486074,0.826352,9.554087,0.847403,0.847403,47.717660
6.276770,0.717555,9.800931,1.057322,1.057322,53.338619
6.161295,0.621422,11.187160,0.718317,0.718317,43.198808
5.974400,0.507726,11.666060,0.563752,0.563752,40.888081
6.436288,0.576608,12.682044,1.065948,1.065948,44.065778
6.020136,0.509610,13.948824,2.370902,2.370902,86.019776
8.405395,0.837454,20.028638,1.550861,1.550861,73.224610
6.172620,0.616914,15.898786,1.386338,1.386338,66.034207
7.145108,0.651970,16.063048,3.290752,3.290752,111.718020
27.615492,0.546260,15.229151,1.700056,1.700056,86.837001
8.965053,0.699732,24.545847,2.447127,2.447127,123.792751
34.305894,0.820061,39.423846,6.847138,6.847138,235.213141
8.449870,0.617916,19.236697,29.490325,29.490325,115.041319
7.836533,1.091414,43.816156,2.162154,2.162154,131.792777
7.589874,0.588790,16.930048,2.111578,2.111578,115.361704
6.736049,0.526282,15.580449,3.173149,3.173149,93.011813
7.690846,0.623246,19.808926,2.554411,2.554411,115.793125
8.200492,0.743655,18.063579,1.854289,1.854289,80.109730
6.602004,0.690915,18.848603,3.897978,3.897978,94.837250
6.390391,0.555958,38.722109,3.172618,3.172618,104.514122
7.282980,0.547031,16.209006,2.529093,2.529093,77.573914
27.117555,0.464203,17.447262,3.344024,3.344024,113.242050
6.617422,0.431021,14.339538,27.590876,27.590876,87.875697
6.339995,0.471667,35.316868,2.278216,2.278216,100.831814
6.083141,0.475144,15.950865,2.131256,2.131256,58.088397
6.214767,0.611113,16.608967,2.680751,2.680751,72.269876
6.297444,0.530770,16.691224,2.730596,2.730596,61.878075
8.615946,0.542202,16.206150,26.947882,26.947882,105.526828
6.333783,0.607366,14.339438,2.957869,2.957869,67.173136
6.500761,0.602727,20.527894,2.422650,2.422650,60.133424
7.140679,0.617004,15.811770,3.142681,3.142681,55.116237
6.580773,0.579723,15.509815,2.953581,2.953581,51.551593
27.733687,0.541000,13.822524,3.562389,3.562389,77.652964
6.131248,0.559495,13.719148,3.259954,3.259954,43.263020
6.202624,0.653273,13.153060,2.457557,2.457557,40.671639
6.261787,0.630479,14.511866,24.978284,24.978284,65.640334
6.380632,0.515621,17.106073,3.041408,3.041408,49.741157
6.535207,0.499059,13.508898,2.830907,2.830907,46.576195
6.369842,0.423536,17.934880,3.307774,3.307774,54.832807
9.792794,0.806555,24.896618,34.160518,34.160518,107.965207
8.389690,0.544176,22.007741,3.739496,3.739496,84.908626
9.937840,1.127996,25.927731,4.298131,4.298131,104.758115
9.380483,0.531692,21.527697,4.823990,4.823990,93.893712
10.301454,0.660477,53.097830,2.418973,2.418973,145.285870
28.561805,0.595944,24.605816,2.474529,2.474529,126.087668
8.894905,0.833947,27.109444,32.038731,32.038731,146.475183
9.021869,0.826252,20.130860,6.210839,6.210839,108.623557
9.154220,0.964366,21.568695,27.183801,27.183801,141.204844
9.290914,0.830009,18.929302,23.037666,23.037666,141.026692
8.423122,0.763382,15.602572,5.506689,5.506689,85.200660
6.954284,0.621823,12.113522,3.916333,3.916333,88.076480
7.457632,0.695663,32.825858,5.745063,5.745063,91.018198
7.261604,0.687904,12.290278,4.516315,4.516315,67.986368
6.641790,0.682348,10.222874,2.083966,2.083966,45.278275
6.078271,0.577178,11.219280,1.111566,1.111566,51.342028
27.035428,0.459785,13.061747,1.308470,1.308470,84.076788
6.910215,0.608338,15.439120,1.437706,1.437706,68.321521
7.356920,0.595193,21.277932,33.614608,33.614608,105.431767
5.895068,0.510912,13.537572,2.750550,2.750550,66.279485
8.864349,1.425102,18.785970,3.043231,3.043231,83.572759
6.411300,0.768383,14.672812,3.105740,3.105740,127.826053
6.158229,0.551199,15.923282,2.009374,2.009374,99.351022
7.252411,0.666959,16.672959,2.842590,2.842590,113.493834
7.196074,0.689853,16.656727,9.071514,9.071514,104.530362
7.823207,0.896416,17.106003,2.685180,2.685180,159.078106
7.041480,0.592057,18.944702,5.036161,5.036161,167.503558
11.127452,0.999763,23.670980,6.793488,6.793488,172.686894
7.029016,0.585134,17.443716,7.643205,7.643205,157.092318
8.083813,0.671749,18.798734,3.110669,3.110669,143.461568
8.058666,0.738345,44.268303,8.038537,8.038537,207.830769
7.456133,0.681076,18.176150,4.944560,4.944560,146.812700
8.252519,0.710803,17.522475,6.290511,6.290511,160.747859
6.865014,0.537533,16.744234,23.963884,23.963884,194.557353
7.496278,0.763794,17.787930,2.707373,2.707373,153.245610
7.876188,0.735610,17.942054,3.161867,3.161867,135.999277
7.011533,0.686286,17.139537,2.682375,2.682375,146.818016
30.092897,0.806324,16.176184,10.464394,10.464394,201.502671
7.040398,0.611393,18.653392,6.563641,6.563641,176.233697
6.401252,0.595363,18.079365,2.857698,2.857698,156.854866
7.473161,0.639577,17.251420,5.640684,5.640684,164.349628
6.685402,0.558834,17.027112,10.448133,10.448133,217.862213
7.116898,0.526441,19.046777,5.849272,5.849272,152.508329
6.904800,0.389340,18.144189,23.692096,23.692096,120.254214
8.051299,0.452050,18.672479,3.291674,3.291674,79.266507
7.020109,0.311112,17.196245,2.448138,2.448138,113.968432
8.239420,0.340207,20.718718,7.383210,7.383210,126.481214
7.227825,0.376216,18.699755,2.025455,2.025455,86.080231
23.154433,0.368702,21.073182,4.895676,4.895676,128.852387
8.204944,0.353242,50.161423,3.374040,3.374040,89.689069
7.759526,0.291084,18.663737,2.941518,2.941518,131.512749
8.195747,0.358442,19.578588,27.149095,27.149095,118.146414
10.430950,0.582138,29.456226,2.862467,2.862467,204.227065
8.008119,0.318927,19.936920,4.591558,4.591558,259.440687
9.154371,0.546690,21.281359,26.055189,26.055189,293.788968
8.973457,0.531762,27.816264,35.730411,35.730411,291.835109
7.601977,0.525881,18.477743,5.830425,5.830425,269.615941
7.488030,0.500983,17.045428,5.388484,5.388484,255.097823
7.778818,0.569634,16.049201,4.686448,4.686448,199.094042
7.201274,0.664665,17.437664,25.751736,25.751736,220.235219
7.655117,0.660126,17.143384,9.063297,9.063297,239.446457
25.528868,0.631081,18.642089,4.934540,4.934540,265.733382
8.090005,0.556459,20.331151,6.382085,6.382085,203.326020
7.080124,0.476907,18.531406,5.261132,5.261132,211.391128
29.307272,0.466397,19.845266,13.474873,13.474873,253.938927
7.055828,0.534627,19.535486,10.142121,10.142121,210.529560
7.123275,0.434507,18.768587,30.600983,30.600983,240.181015
7.791968,0.469985,44.859157,5.147997,5.147997,248.252265
6.770634,0.402537,18.019691,11.863497,11.863497,239.998418
9.256685,0.779945,21.816116,5.335484,5.335484,236.454254
7.031822,0.466067,17.391917,44.555255,44.555255,252.528279
6.256537,0.418185,17.234117,7.515332,7.515332,136.920611
6.298687,0.464203,17.980638,30.699512,30.699512,150.495584
7.123018,0.457020,18.510966,5.346194,5.346194,95.703046
5.682945,0.424037,40.376937,5.435564,5.435564,103.718207
6.893212,0.401364,16.627412,3.945308,3.945308,59.817668
25.399576,0.447000,17.323737,4.094692,4.094692,84.035450
6.712944,0.409911,17.471618,4.705595,4.705595,74.531183
6.869042,0.448744,19.564081,5.099985,5.099985,76.627774
8.001377,0.513817,16.253812,4.892700,4.892700,63.273390
7.700387,0.582459,17.255727,4.802779,4.802779,65.727133
8.692915,0.704401,16.544133,3.218104,3.218104,57.941686
6.290602,0.551349,14.876069,1.688783,1.688783,47.176878
8.402172,0.730320,18.796119,2.795971,2.795971,73.928068
6.420138,0.605682,12.920628,1.963737,1.963737,48.283734
6.339314,0.495643,14.648907,2.830035,2.830035,84.633488
6.361586,0.499581,39.128121,2.067003,2.067003,75.788446
6.728328,0.451238,17.795075,3.069150,3.069150,60.824553
6.165643,0.486787,15.069547,1.118198,1.118198,48.990960
6.235176,0.498358,16.719578,2.717230,2.717230,63.932574
6.460909,0.521252,18.714634,1.912259,1.912259,95.566273
7.491271,0.727063,18.553027,4.578213,4.578213,86.472177
8.509373,0.769655,18.125613,3.213996,3.213996,78.500046
6.908973,0.702206,18.206377,2.891142,2.891142,84.819377
6.898888,0.564915,16.588959,2.640495,2.640495,82.716195
6.360317,0.482328,17.522415,1.633048,1.633048,64.081140
6.721391,0.473180,18.001618,3.298918,3.298918,79.395390
26.070843,0.507786,21.956283,3.100891,3.100891,110.649657
6.615533,0.488921,16.923014,2.875452,2.875452,69.129758
32.384738,0.572840,20.600393,3.567499,3.567499,108.202369
7.598300,0.558082,22.085228,3.020929,3.020929,70.306173
7.412586,0.612646,58.026414,3.214948,3.214948,133.963463
7.370160,0.477309,19.568283,4.748527,4.748527,113.267659
8.140075,0.739004,21.569738,5.333990,5.333990,90.450710
7.664759,0.512876,21.112066,6.624006,6.624006,150.821557
8.434520,0.572109,19.919667,7.785496,7.785496,104.822517
6.800011,0.568832,46.703573,2.907393,2.907393,127.257211
7.093579,0.575104,24.974801,2.816230,2.816230,109.214109
8.120057,0.722625,18.801159,3.800953,3.800953,83.116616
7.098769,0.735048,18.973317,4.798041,4.798041,74.612222
7.117644,0.481627,26.844324,7.647684,7.647684,102.346075
8.386780,0.613247,18.991501,5.128980,5.128980,103.419627
7.022043,0.816484,18.946766,2.997525,2.997525,70.396345
8.419025,1.046251,21.144087,2.470371,2.470371,101.524506
7.725525,1.505846,15.955684,2.430806,2.430806,63.928440
8.191228,1.255369,13.068870,3.211421,3.211421,93.415676
6.936660,0.934519,12.150332,2.623042,2.623042,56.747250
7.884766,0.842323,11.653092,3.900743,3.900743,58.781984
9.538727,0.960408,26.723014,0.000000,0.000000,37.223431
7.932205,0.577108,25.230414,8.288193,8.288193,183.028704
8.747738,0.553283,28.879808,6.585542,6.585542,185.694909
9.478677,0.623687,80.534768,12.991723,12.991723,375.835076
12.558062,1.826639,41.793300,6.957811,6.957811,385.243484
8.006817,0.657942,30.766910,11.027636,11.027636,371.669734
9.740540,0.869965,27.498069,15.546505,15.546505,332.495053
9.386284,0.782188,25.773538,19.031633,19.031633,331.266260
8.818973,0.636281,28.466516,28.277057,28.277057,330.169725
8.536335,0.622514,25.953504,42.181959,42.181959,337.943648
9.320006,0.803048,27.712361,53.095270,53.095270,341.989741
11.594444,0.934028,32.124202,9.550605,9.550605,267.778734
38.985927,0.798119,32.996420,10.370055,10.370055,265.114178
14.571008,0.713508,30.947166,3.542181,3.542181,194.304235
7.947154,0.474122,23.297415,4.038635,4.038635,327.211750
9.017581,0.622905,23.054657,8.187320,8.187320,89.311123
9.484477,0.688320,23.009958,5.415546,5.415546,245.939221
8.547315,0.643254,20.899352,5.982745,5.982745,236.220689
8.210104,0.566348,20.275835,6.201392,6.201392,231.038928
9.283898,0.905092,19.823835,5.678476,5.678476,272.240636
8.372793,0.721553,21.183182,6.132190,6.132190,257.354297
9.124244,0.789662,23.270955,44.478373,44.478373,304.758577
7.904202,0.780585,27.630501,41.768632,41.768632,288.524399
11.010794,0.943816,36.514157,37.452021,37.452021,318.582573
7.826489,0.822234,24.250740,6.870925,6.870925,170.574158
6.831874,0.609760,18.908222,9.155744,9.155744,171.617362
7.759817,0.749306,21.497480,12.543100,12.543100,194.175778
7.699041,0.675465,20.315211,12.354966,12.354966,179.723846
6.989130,0.716894,20.783011,21.666651,21.666651,194.585387
7.318707,0.789072,17.695705,7.040428,7.040428,167.921275
7.344456,0.767972,17.496335,8.176390,8.176390,166.002713
7.893983,0.778481,18.903503,10.041909,10.041909,112.622842
8.537096,0.609129,19.339724,7.678913,7.678913,155.249962
10.291654,0.614639,20.889857,8.683064,8.683064,164.200967
9.139803,0.622625,22.971615,10.828887,10.828887,172.281041
8.957820,0.634548,23.725009,6.750576,6.750576,165.379111
8.899195,0.521382,21.168834,8.182852,8.182852,164.895196
9.069930,0.487808,18.823652,9.649283,9.649283,169.118022
9.400619,0.682970,19.670072,12.140989,12.140989,156.511422
7.869716,0.774754,16.541779,8.923642,8.923642,103.554735
7.717867,0.638525,19.234213,37.724850,37.724850,152.494488
8.252915,0.819039,20.168851,10.101513,10.101513,200.260747
9.123252,0.704691,19.554913,14.143365,14.143365,149.877207
7.779385,0.548794,18.127086,12.816159,12.816159,104.014631
8.630074,0.475635,21.147774,2.872898,2.872898,96.994712
8.423825,0.388770,51.708140,3.998269,3.998269,114.414706
9.030295,0.376216,23.384210,8.641054,8.641054,122.239052
8.682342,0.374643,20.886067,16.787290,16.787290,185.666604
9.666175,0.471667,21.636424,11.941505,11.941505,194.512228
9.328161,0.396565,20.380985,12.626368,12.626368,188.453047
8.626406,0.424488,17.412446,7.423387,7.423387,158.360179
10.396083,0.597067,21.092258,9.819547,9.819547,170.492207
9.726520,0.712115,20.001022,10.711133,10.711133,186.760887
8.337687,0.580495,19.797404,10.066887,10.066887,170.677931
7.545079,0.498468,17.679494,7.574675,7.574675,164.842206
29.892455,0.550738,18.292621,16.755305,16.755305,246.152519
9.522963,0.735990,20.789823,12.011799,12.011799,218.908655
9.109185,0.676237,19.583738,11.992822,11.992822,198.858789
9.365523,0.745518,19.272326,36.815800,36.815800,258.524173
7.920432,0.558072,17.753986,7.902379,7.902379,187.439549
7.702708,0.635219,17.513158,9.472536,9.472536,175.214002
7.879795,0.522214,16.076904,11.134799,11.134799,156.692997
9.215357,0.608262,20.924068,9.435776,9.435776,182.521263
8.607199,0.556239,19.844364,35.462525,35.462525,251.789928
7.873947,0.546861,49.404232,30.540558,30.540558,221.196821
6.670143,0.551079,16.827092,10.975346,10.975346,131.881762
8.249299,0.517294,15.866584,12.358112,12.358112,120.408698
7.594292,0.626733,17.611555,11.710846,11.710846,143.920849
7.102527,0.485734,15.503904,35.727269,35.727269,101.509143
7.307005,0.659265,17.727175,16.629306,16.629306,117.684554
9.409978,0.724909,20.341039,12.813198,12.813198,173.985706
8.830847,0.696476,18.759559,9.925819,9.925819,168.555825
8.326796,0.734017,18.124951,5.407450,5.407450,82.065752
8.413405,0.746371,17.604932,17.994657,17.994657,136.055338
8.072151,0.752031,20.749116,6.285602,6.285602,92.624474
7.407627,0.908038,10.919359,2.105657,2.105657,49.642740
6.406557,0.576467,9.980172,2.594558,2.594558,49.316144
5.844822,0.566629,7.312325,1.109962,1.109962,33.818787
6.151596,0.600272,7.378371,0.662861,0.662861,29.725688
5.714615,0.582639,7.696146,0.769264,0.769264,30.030468
6.504348,0.777109,11.061180,2.377054,2.377054,47.105423
6.319175,0.499090,11.209061,1.145170,1.145170,41.474095
6.839185,0.745048,13.306282,1.164015,1.164015,46.398276
27.731906,0.769164,10.815011,0.951590,0.951590,65.036226
5.486982,0.548734,36.209537,3.690343,3.690343,78.612009
6.567558,0.627475,13.871237,1.008549,1.008549,46.840137
6.278367,0.569063,15.155361,1.932147,1.932147,53.856699
6.598367,0.730249,13.084961,1.495877,1.495877,77.134177
6.359312,0.629979,43.583680,2.653841,2.653841,93.760047
5.964014,0.575114,13.078499,1.326414,1.326414,54.663219
6.889792,0.630840,14.352603,3.728846,3.728846,64.071158
6.444754,0.680785,14.403310,38.128939,38.128939,112.589959
7.395354,0.781697,47.129043,2.100086,2.100086,124.309111
6.718385,0.687358,16.961979,35.922912,35.922912,132.086772
6.257378,0.594331,18.316837,4.150528,4.150528,120.000667
7.001748,0.703108,15.621388,2.164128,2.164128,72.021181
7.153112,0.864656,17.191424,1.922909,1.922909,83.659864
6.521941,0.742804,49.627541,3.254444,3.254444,106.767309
6.456817,0.663242,14.047984,1.902681,1.902681,78.499611
6.244949,0.657411,41.635257,2.143739,2.143739,82.063522
6.161976,0.555878,15.363176,2.384528,2.384528,60.253793
6.422722,0.660738,16.426554,2.081021,2.081021,56.204732
5.935325,0.628205,14.879606,2.795950,2.795950,51.420493
5.937349,0.580344,13.978792,2.483366,2.483366,57.095473
5.425525,0.571498,12.329863,2.353048,2.353048,45.937910
5.806299,0.623356,11.876612,1.587871,1.587871,39.082734
5.676372,0.568823,13.376766,1.664578,1.664578,43.055896
6.244611,0.477609,13.361807,1.714453,1.714453,44.923768
6.516300,0.533986,14.098410,2.543811,2.543811,47.311463
6.075231,0.623226,14.061339,3.077937,3.077937,61.033678
5.546104,0.697287,12.638121,1.925154,1.925154,59.504487
5.586251,0.651079,12.571494,1.833078,1.833078,72.117380
7.844887,0.817947,15.950213,1.613571,1.613571,50.959665
6.899160,0.662921,16.001972,1.227005,1.227005,50.880627
6.251246,0.586105,14.452253,1.304302,1.304302,52.687534
5.986111,0.501434,16.054192,1.396428,1.396428,77.124849
5.804376,0.505532,45.776142,1.821476,1.821476,98.803594
7.635300,0.913138,17.520441,2.486021,2.486021,124.604529
6.887176,0.604070,13.990373,3.270504,3.270504,83.649121
6.916152,0.807116,15.516448,2.316238,2.316238,69.828875
6.094748,0.708108,11.515093,3.414668,3.414668,54.881019
6.340847,0.782629,8.939311,1.449839,1.449839,39.072746
6.348606,0.776718,8.188176,0.955749,0.955749,33.436548
5.413472,0.624328,7.664755,1.078623,1.078623,29.069178
5.907436,0.648434,6.209336,0.812236,0.812236,27.446745
5.934614,0.742743,7.297367,0.855778,0.855778,31.476049
5.626177,0.589221,8.650933,1.172993,1.172993,33.794812
8.499144,1.002568,16.871208,1.191097,1.191097,58.163247
6.317773,0.969374,46.436480,1.045319,1.045319,92.582775
6.208876,0.817506,12.582114,1.565329,1.565329,47.062080
8.380809,0.858794,24.356601,3.606684,3.606684,83.575140
7.407006,0.724899,16.351277,1.756964,1.756964,64.656812
7.119057,0.800874,18.271491,1.657414,1.657414,92.469305
7.320711,0.694752,15.042877,1.950131,1.950131,84.938007
6.081868,0.640299,13.765014,2.367535,2.367535,69.057922
7.473182,0.625961,20.536922,2.919666,2.919666,74.313259
7.970858,0.564966,18.442776,1.298621,1.298621,65.370691
6.093456,0.458372,18.244229,1.166830,1.166830,57.318949
6.408705,0.617004,14.533368,1.649339,1.649339,89.516580
6.199177,0.646210,15.483355,1.994566,1.994566,63.417324
7.713048,1.010734,18.539460,2.048749,2.048749,91.350711
7.195042,0.849547,18.180211,2.381141,2.381141,84.106370
5.678326,0.750248,13.239334,2.585180,2.585180,70.291465
5.905949,0.812917,16.613145,5.655563,5.655563,114.148536
5.731818,0.764555,15.933221,4.323748,4.323748,97.752854
6.673720,0.743696,16.598787,5.658308,5.658308,101.920425
6.743312,0.595173,19.705930,42.504055,42.504055,160.519299
8.383805,0.867180,23.653212,4.208814,4.208814,140.519800
7.061639,0.618507,20.431591,3.211051,3.211051,120.153012
7.871683,0.772931,20.030227,4.327997,4.327997,95.753582
6.003284,0.487798,18.463487,5.900809,5.900809,102.751807
36.765034,0.507156,17.138384,2.850224,2.850224,125.964932
6.553501,0.582699,20.329858,2.729364,2.729364,82.371193
7.564906,0.567349,16.604128,1.057954,1.057954,57.594823
6.075311,0.524478,10.059989,2.264549,2.264549,49.444443
6.615900,0.556068,8.721537,2.205677,2.205677,44.523899
5.899477,0.579062,9.792717,1.847034,1.847034,46.960160
6.194368,0.491044,8.268295,2.129442,2.129442,55.840935
5.898645,0.579643,6.911863,1.234018,1.234018,50.934378
6.393918,0.600072,8.732407,1.091507,1.091507,36.899991
5.669369,0.636622,7.430560,1.471731,1.471731,35.517380
5.873056,0.567951,9.748332,1.492891,1.492891,39.688608
5.599907,0.512756,42.954413,2.099154,2.099154,77.113378
6.344654,0.607987,11.758807,1.990218,1.990218,50.392578
6.686304,0.749656,11.840593,1.611948,1.611948,65.789027
5.554099,0.546530,10.351139,1.426494,1.426494,38.501488
6.343131,0.826924,13.580373,2.872536,2.872536,70.433595
6.203265,0.801956,42.886388,1.606587,1.606587,77.831995
6.039623,0.598109,16.901729,1.970600,1.970600,71.840067
6.088615,0.793630,43.568602,1.607950,1.607950,81.872081
5.365901,0.675436,11.494764,2.089907,2.089907,64.697720
6.221930,0.727635,16.606612,1.717809,1.717809,51.493742
6.880708,0.699381,20.122132,2.163627,2.163627,93.289323
6.352007,0.605092,14.388702,2.391601,2.391601,71.683443
5.744773,0.574042,42.126372,1.997691,1.997691,81.703512
6.134243,0.584282,16.482281,1.708241,1.708241,64.891674
5.573196,1.061230,45.765080,2.037848,2.037848,99.960816
5.895439,0.701395,14.699814,2.503233,2.503233,91.863116
6.799470,0.671418,17.414800,3.961098,3.961098,77.284583
6.865575,0.635349,16.050194,3.047028,3.047028,68.222788
6.467107,0.525921,16.274961,2.457166,2.457166,122.735997
6.126699,0.413156,47.248174,6.029057,6.029057,150.702497
7.518296,0.663913,18.520585,4.093360,4.093360,107.862318
7.399476,0.736501,17.646121,1.963898,1.963898,80.228810
6.310238,0.622796,17.613182,2.500418,2.500418,99.090234
7.212340,0.659705,17.125841,2.334733,2.334733,133.327537
7.856371,0.886417,15.247726,2.438591,2.438591,86.937543
6.656398,0.653233,15.838650,2.146895,2.146895,76.051286
5.859951,0.693039,8.369648,0.735940,0.735940,35.473125
6.233412,0.720451,7.354325,1.594614,1.594614,35.776492
6.401683,0.738936,9.420437,1.954309,1.954309,42.525336
6.632682,0.716163,7.610012,0.862862,0.862862,36.358220
5.106358,0.510671,6.259142,1.058715,1.058715,51.954931
5.565721,0.636231,7.219369,0.911755,0.911755,31.999264
5.770741,0.643234,8.631436,0.895544,0.895544,34.272220
8.567808,0.964235,12.446235,2.445123,2.445123,54.171753
5.881743,0.668072,11.954279,1.613811,1.613811,50.649547
5.618141,0.614710,10.348543,1.067111,1.067111,74.688042
34.870088,0.721012,12.783267,1.336553,1.336553,88.385368
5.887885,0.766349,12.388505,1.765600,1.765600,74.507388
7.171066,0.808068,49.964262,2.455694,2.455694,111.406697
6.374811,0.611554,16.778194,2.347738,2.347738,73.151312
6.183026,0.837203,14.474996,1.914042,1.914042,56.068018
5.558107,0.535539,13.485644,1.085616,1.085616,52.826169
6.135666,0.550427,14.604082,3.192205,3.192205,70.746711
6.755600,0.880074,17.854558,1.870529,1.870529,68.031749
5.910898,0.655538,15.490618,1.726716,1.726716,93.466467
6.459623,0.573982,16.941991,2.639313,2.639313,91.449078
8.297601,0.719439,65.987190,3.711373,3.711373,153.982760
7.186977,0.763453,19.797154,2.744373,2.744373,113.949817
6.041056,0.903009,15.143278,2.227559,2.227559,87.182820
6.337440,0.767260,16.248070,2.878728,2.878728,81.271339
6.328162,0.709621,15.160270,4.166900,4.166900,70.494612
6.781471,0.739807,47.700545,2.890851,2.890851,127.700379
7.800920,0.919110,56.518880,4.264706,4.264706,168.602472
7.306795,0.817025,55.221767,2.981133,2.981133,172.028101
6.219355,0.728797,51.481766,2.642058,2.642058,142.968550
7.496535,0.755097,20.891961,4.323077,4.323077,99.964917
6.379680,0.586536,17.710754,5.293634,5.293634,101.544549
6.735838,0.568642,14.467222,3.177517,3.177517,79.995722
7.944970,0.837784,15.206919,4.077600,4.077600,75.152967
7.215345,0.710231,16.203125,3.544666,3.544666,68.385742
5.873508,0.703208,15.002700,3.608437,3.608437,86.372618
6.823628,0.568492,16.576274,3.358211,3.358211,60.674777
7.548425,0.613557,13.946581,3.203647,3.203647,58.488314
6.748422,0.541831,16.556477,3.107483,3.107483,78.625004
6.247819,0.506194,14.533557,3.121520,3.121520,73.791055
5.585078,0.592828,11.708261,2.322490,2.322490,41.935824
6.536048,0.591565,13.081575,2.724985,2.724985,49.131607
7.630343,0.801455,10.188769,2.180049,2.180049,44.832769
5.844245,0.698289,9.692305,2.326588,2.326588,37.381120
7.010361,0.720711,10.586176,2.071402,2.071402,38.901450
7.588851,0.752903,11.961503,2.179417,2.179417,44.884916
5.949322,0.680545,11.105303,4.140078,4.140078,73.922966
6.367197,0.616823,10.701766,2.659681,2.659681,67.297768
6.100990,0.817977,11.766411,1.769187,1.769187,39.170562
6.419817,0.810136,12.873935,4.309641,4.309641,57.041144
5.454781,0.748614,9.853241,1.268434,1.268434,36.423515
5.899517,1.168564,7.833307,1.050409,1.050409,35.063807
5.425595,0.763363,6.052438,1.040420,1.040420,25.934764
6.390471,0.563653,6.643883,0.971017,0.971017,29.184108
6.814863,0.590955,23.502806,15.131375,15.131375,185.783120
8.684467,0.745458,26.671165,7.867913,7.867913,228.568658
8.472473,0.523486,22.331046,4.420623,4.420623,183.406203
9.616680,0.589372,27.254465,10.766679,10.766679,238.379056
10.647084,0.686336,30.455858,6.336458,6.336458,253.530382
49.786955,0.742362,30.488460,10.141780,10.141780,325.550479
10.641038,0.793450,76.857613,9.515538,9.515538,328.845320
8.749841,0.615191,27.347823,14.835662,14.835662,344.420428
8.898494,0.628025,67.623057,13.658773,13.658773,357.604443
9.609687,0.599301,25.198553,7.170245,7.170245,277.170994
13.123437,0.688030,37.003337,50.706105,50.706105,334.231327
10.673842,0.625350,27.603664,10.313532,10.313532,331.208160
9.491853,0.470205,24.652925,8.734892,8.734892,253.458383
9.446857,0.526542,71.782773,9.144271,9.144271,302.566506
10.220881,0.530910,23.529196,32.989289,32.989289,250.941263
7.792178,0.585144,21.034488,9.189648,9.189648,230.898110
7.811676,0.594621,19.111840,10.465185,10.465185,198.037827
8.693955,0.585283,20.943516,7.119398,7.119398,195.746086
8.086248,0.492317,22.354641,12.311543,12.311543,218.294766
9.471514,0.423496,58.170569,5.455081,5.455081,301.009422
14.397553,0.608578,37.705284,27.375114,27.375114,267.031517
15.707321,0.471107,36.314437,22.902153,22.902153,459.912978
9.570383,0.686556,71.972454,42.307822,42.307822,459.229286
11.369086,0.584993,28.693464,9.398676,9.398676,383.571819
11.965034,0.919630,41.293011,21.335635,21.335635,418.759174
11.677442,1.224200,42.030484,55.893241,55.893241,529.536206
13.274231,1.245580,108.700838,36.131187,36.131187,520.598892
13.795002,1.073743,33.512975,16.032850,16.032850,481.688755
13.279956,0.852321,37.722757,20.077919,20.077919,513.023580
12.637017,0.785124,81.493543,24.947155,24.947155,363.102585
15.324663,1.120583,106.367414,26.959344,26.959344,563.516103
15.669630,0.908919,40.229207,10.293910,10.293910,191.865952
12.854652,0.544416,37.248865,22.816099,22.816099,182.422822
13.548993,0.624369,1.412367,0.000000,0.000000,15.586671
15.189135,0.333665,90.254054,7.388390,7.388390,379.982539
15.280338,0.334387,70.101583,0.000000,0.000000,85.720346
15.297682,0.357069,40.807667,26.830569,26.830569,571.224533
8.681251,0.428646,20.657922,3.924448,3.924448,235.037488
8.928299,0.257259,61.552481,14.235133,14.235133,290.765146
7.994303,0.396245,23.044072,13.276034,13.276034,237.869657
8.144659,0.440578,25.488088,54.729105,54.729105,343.942638
9.664051,0.873572,24.415563,20.335113,20.335113,322.126904
9.327511,0.554926,22.205276,7.958315,7.958315,390.751983
9.471605,0.680926,28.181730,3.756339,3.756339,388.732350
9.384669,0.447682,26.546969,12.451044,12.451044,384.040281
11.060007,0.539246,23.856629,8.026605,8.026605,477.104282
40.719168,0.454455,24.964507,3.028874,3.028874,427.428197
12.084081,0.600573,30.887970,2.746596,2.746596,424.351969
38.132376,0.820381,28.090277,2.543030,2.543030,336.572359
10.480704,0.595654,68.457064,3.015989,3.015989,348.497572
14.794446,0.682579,83.449855,6.681324,6.681324,189.481978
12.782695,45.643510,38.006593,3.033102,3.033102,363.218095
53.667614,0.748635,40.632367,31.834911,31.834911,248.582602
17.146718,0.745568,38.816960,24.744088,24.744088,484.484604
10.297276,0.432944,30.340207,14.883714,14.883714,396.293619
13.128347,0.573652,29.534524,49.293796,49.293796,325.293058
12.538511,0.552822,35.928772,13.934337,13.934337,297.731224
52.181673,0.686737,57.466652,7.509370,7.509370,296.692542
14.455108,0.520952,31.699167,19.961687,19.961687,221.203371
15.200951,0.359995,77.917855,0.000000,0.000000,93.479652
17.764710,0.489011,35.111136,13.380343,13.380343,284.465293
39.959633,0.392738,52.038519,18.100515,18.100515,487.849470
15.624334,0.545227,90.637885,13.215148,13.215148,548.239874
13.611452,0.468793,34.337153,37.386576,37.386576,456.957130
11.433287,1.089934,63.861319,18.687517,18.687517,453.846491
8.768286,0.551770,23.392576,75.335540,75.335540,363.211458
44.030851,0.615992,24.476054,53.863943,53.863943,389.382777
7.888662,0.754255,19.997024,11.282200,11.282200,191.307599
7.960579,0.769484,21.074335,11.494063,11.494063,187.573894
7.547633,0.701806,55.341414,19.032148,19.032148,258.635805
8.478054,0.693379,62.925678,9.214866,9.214866,292.263178
8.371381,0.569865,20.331701,7.629840,7.629840,276.759946
7.678141,0.467781,21.093641,12.851115,12.851115,233.135037
10.870211,0.736621,32.191872,3.539015,3.539015,443.334482
9.492023,0.561529,26.142233,49.659211,49.659211,438.750399
8.595647,0.618988,24.500014,16.703551,16.703551,406.964555
15.382823,1.040230,34.329749,18.365139,18.365139,455.857969
13.347420,0.874734,72.808295,5.151143,5.151143,480.199312
11.947786,0.871188,29.919327,15.802959,15.802959,395.282740
12.517208,0.706154,32.961385,10.628155,10.628155,402.152446
10.137913,0.450197,28.384966,5.454179,5.454179,211.755552
10.445508,0.483991,28.953278,14.474325,14.474325,346.315761
11.590296,0.462009,29.360433,27.658224,27.658224,443.057551
9.817343,0.667530,29.852509,15.526467,15.526467,334.055560
9.812623,0.494671,25.808855,22.528532,22.528532,279.201121
10.672500,0.804160,72.190729,52.190449,52.190449,440.996919
9.933616,0.496375,28.669298,29.038416,29.038416,177.580144
10.573872,0.427905,34.307226,24.165757,24.165757,282.687736
12.295804,0.801225,26.760896,19.989520,19.989520,213.698153
10.024441,0.498629,63.568090,11.665941,11.665941,307.169259
8.059998,0.780606,19.557698,26.355244,26.355244,199.231639
8.613150,0.525490,21.302229,17.242573,17.242573,188.125664
8.313801,0.597247,22.500017,19.299156,19.299156,199.008464
9.900260,0.670656,29.422659,7.295794,7.295794,178.057023
9.035535,0.577499,21.967785,19.226459,19.226459,178.812480
8.054147,40.013641,19.530341,25.554881,25.554881,267.866251
8.335222,0.488680,19.543712,18.582362,18.582362,277.608340
9.337552,0.753804,20.551941,13.381636,13.381636,202.635569
9.497113,0.725280,20.084551,15.581732,15.581732,231.014752
10.877980,0.976168,28.399825,16.785232,16.785232,200.072979
9.739967,0.891627,21.416536,15.995545,15.995545,190.842206
7.271017,0.616423,51.696047,7.428336,7.428336,135.044310
6.996615,38.604320,16.744990,7.310402,7.310402,141.155019
40.332052,0.518216,17.276067,5.617290,5.617290,127.896267
7.759136,0.610001,18.316466,5.959451,5.959451,94.519201
8.030807,0.607957,18.510505,5.314454,5.314454,81.849224
6.265684,0.499711,16.888769,11.741695,11.741695,133.616233
36.246928,0.550237,15.548990,7.567631,7.567631,150.190403
7.198624,0.505742,17.602848,6.486734,6.486734,81.606753
8.297350,0.518507,19.022219,8.707333,8.707333,107.936404
6.847080,0.543855,19.053839,4.923880,4.923880,80.607085
6.747130,0.522584,14.653867,48.418721,48.418721,110.660557
7.203271,0.630379,19.840447,8.459018,8.459018,98.617312
6.542070,0.523626,15.843971,10.570395,10.570395,120.305902
6.827273,0.370875,18.115869,8.116910,8.116910,109.827108
8.218755,0.620462,17.818298,8.260561,8.260561,117.165902
6.685909,0.409707,18.277716,11.144031,11.144031,125.037463
6.833076,0.368031,56.602117,3.489857,3.489857,128.872158
6.884411,0.296511,14.674422,4.123563,4.123563,112.619156
9.459728,0.374484,18.061221,6.463302,6.463302,164.168394
7.680532,0.331565,17.462850,12.474830,12.474830,153.983562
7.694370,0.394330,17.619235,9.220682,9.220682,149.554133
7.399274,0.485306,57.026640,5.857256,5.857256,172.619166
7.119583,0.654725,18.077472,5.431780,5.431780,169.472366
7.394730,0.632384,15.571403,4.625479,4.625479,111.245072
6.473099,0.662098,16.248525,3.434457,3.434457,178.073829
7.130950,0.891386,15.866236,3.974471,3.974471,108.295226
6.828898,0.817592,7.907407,2.866330,2.866330,52.666065
5.828454,0.712711,48.620674,1.702807,1.702807,74.350669
5.689209,0.599013,7.165833,2.287683,2.287683,67.089966
6.438547,0.484033,7.911384,0.782618,0.782618,31.967062
7.108969,0.544323,9.887760,1.541703,1.541703,36.896104
8.075373,0.622245,11.630820,2.121450,2.121450,46.080180
7.274214,0.595346,14.091328,1.612942,1.612942,46.472898
45.736222,0.829964,11.531138,2.259883,2.259883,86.042749
6.566179,0.540186,56.769111,4.577891,4.577891,106.286893
6.930715,0.680221,13.784947,2.993752,2.993752,60.468330
7.811963,0.778681,17.529155,3.276788,3.276788,64.564773
42.377304,0.502467,15.129803,6.821716,6.821716,104.693145
49.509908,0.653552,14.633657,4.398223,4.398223,103.327483
5.434245,0.583644,52.186811,2.914938,2.914938,100.229632
5.943794,0.532522,14.117937,2.233775,2.233775,59.778823
8.328625,0.797064,21.529665,6.706486,6.706486,122.459599
5.694573,0.521542,12.867195,2.545875,2.545875,53.201576
6.110809,0.609492,14.636864,2.521401,2.521401,60.354092
8.521628,0.738037,19.939047,2.571422,2.571422,71.068681
6.828107,0.631723,17.648017,58.122020,58.122020,127.541320
6.986606,0.633396,17.065114,2.917122,2.917122,77.837207
6.907663,0.601156,21.286396,7.450092,7.450092,117.619529
8.880830,0.686452,18.419746,2.826687,2.826687,68.739177
6.492085,0.557818,18.755718,51.926335,51.926335,116.345975
6.732713,0.490094,13.593250,2.357842,2.357842,55.847510
47.400880,0.460560,15.219824,3.540811,3.540811,104.416270
5.937563,0.549252,12.993922,2.943220,2.943220,49.515458
6.313960,0.594294,18.450942,3.104043,3.104043,68.458138
5.975832,0.500213,11.339298,3.260598,3.260598,52.992100
5.628389,0.641575,12.377341,6.523931,6.523931,93.126035
6.903896,0.927803,14.497368,4.500414,4.500414,76.685176
48.496714,0.578736,12.562470,2.029873,2.029873,93.667299
5.957469,0.513957,13.864936,2.893408,2.893408,62.445788
6.428930,0.611295,15.197346,3.205569,3.205569,51.061268
5.461223,0.429474,14.264815,3.369097,3.369097,79.401071
6.229475,0.529696,13.699354,2.205553,2.205553,49.440530
5.519220,0.501835,13.274549,2.627224,2.627224,41.696703
7.555905,0.519808,13.641038,2.423311,2.423311,49.161351
6.171339,0.499612,13.857582,2.308020,2.308020,46.755813
57.042155,0.698614,18.343681,4.120687,4.120687,141.439947
6.331661,0.569669,20.209476,4.131577,4.131577,69.770716
7.143153,0.540846,18.448318,3.117598,3.117598,56.997137
6.832105,0.612618,28.720398,3.402077,3.402077,111.038999
6.542897,0.528945,19.733347,2.786594,2.786594,66.309282
5.960765,0.449159,15.338735,5.362755,5.362755,59.687906
7.594215,0.618889,72.214039,2.664231,2.664231,129.268201
8.023578,0.697202,20.656346,6.234455,6.234455,102.790214
10.045338,0.738137,23.299738,2.253171,2.253171,78.673625
6.449917,0.632855,15.981287,3.531603,3.531603,54.564268
7.470974,0.608991,17.856108,3.575824,3.575824,88.465754
6.825332,0.511934,17.821624,2.339618,2.339618,78.361345
8.689253,0.788209,19.764979,2.761158,2.761158,73.251893
6.730731,0.494883,18.354066,4.104768,4.104768,122.840155
8.768455,0.503959,23.674630,6.000978,6.000978,107.738579
6.906175,0.444420,17.255181,2.008194,2.008194,69.766359
6.522489,0.460020,16.846024,2.323409,2.323409,81.275702
7.037673,0.569529,17.908207,4.268367,4.268367,78.769677
6.758040,0.729451,17.428457,2.721084,2.721084,83.244544
6.378757,0.562417,16.969769,47.571671,47.571671,110.079251
6.200522,0.590978,55.982467,2.670282,2.670282,114.313877
7.293702,0.543752,17.428177,3.420600,3.420600,81.136362
5.764928,0.574277,15.968264,2.763883,2.763883,72.037768
6.302178,0.619259,17.017237,2.463054,2.463054,87.653397
7.271497,0.909950,16.898995,2.268088,2.268088,61.736788
6.803422,0.649595,14.180431,2.370645,2.370645,49.813241
5.669754,0.497357,11.744968,2.744798,2.744798,75.257742
6.406258,0.655867,14.381207,4.148057,4.148057,56.759454
6.823208,0.481248,19.657924,7.787483,7.787483,81.659557
7.022242,0.497178,21.194918,10.873180,10.873180,106.845724
9.852696,0.444481,23.484856,4.121831,4.121831,83.681702
6.341520,0.398768,16.910782,50.888202,50.888202,114.051940
6.580188,0.465059,61.865319,3.756824,3.756824,136.270399
6.693541,0.527393,17.382292,2.768831,2.768831,74.177481
5.927094,0.415187,16.763704,3.453902,3.453902,61.902046
7.374764,0.467453,18.689988,6.569747,6.569747,102.468847
6.991224,0.506735,21.044875,7.024616,7.024616,111.043556
8.851684,0.685230,24.101823,9.130258,9.130258,102.778908
7.482461,0.566975,20.375614,49.355605,49.355605,135.146224
6.443737,0.553540,17.808540,4.650675,4.650675,97.125870
7.769297,0.526120,19.721662,4.839289,4.839289,81.409519
6.335779,0.517154,19.335571,2.594494,2.594494,75.519474
6.605843,0.594044,17.535292,8.275248,8.275248,85.762168
6.113174,0.510090,15.932919,2.446003,2.446003,60.787583
5.908109,0.529747,17.133017,7.384062,7.384062,71.556540
6.384358,0.432389,17.374689,8.020934,8.020934,93.252833
6.915681,0.452756,17.959586,3.368796,3.368796,65.534627
6.099928,0.404548,16.256920,4.686241,4.686241,76.779589
6.386712,0.357772,17.592517,5.655639,5.655639,100.705810
6.965277,0.403917,18.872572,3.147191,3.147191,76.771274
42.266312,0.278809,16.117655,3.690994,3.690994,124.660314
6.304382,0.353344,18.741222,7.129517,7.129517,120.468361
6.741318,0.473264,63.771817,59.212128,59.212128,248.055078
6.940422,0.434814,21.182920,4.095582,4.095582,100.906291
7.856162,0.676585,19.670898,54.011486,54.011486,163.536937
6.679526,0.584176,17.832905,5.952851,5.952851,92.202288
6.455909,0.830705,17.883207,6.830491,6.830491,156.133741
6.671492,0.695218,17.766584,6.624857,6.624857,107.212602
6.253599,0.464167,59.988445,5.668531,5.668531,132.748781
6.290226,0.555724,13.945483,2.667647,2.667647,80.876043
5.958491,0.609142,16.948931,4.701628,4.701628,93.651801
6.885412,0.609071,17.159666,3.662572,3.662572,87.481624
6.460131,0.572865,59.598874,3.373805,3.373805,116.613769
5.921234,0.635359,15.765322,4.977731,4.977731,86.099167
5.517968,0.519457,16.142882,2.527652,2.527652,56.024723
6.290917,0.496706,17.161390,1.753960,1.753960,55.931664
7.203091,0.675212,18.082059,4.636219,4.636219,119.154368
6.521198,0.487249,63.623346,1.907250,1.907250,122.132833
6.121067,0.352182,16.106616,1.946030,1.946030,62.035939
6.855678,0.484214,20.900601,3.598425,3.598425,105.514944
6.204641,0.551847,16.530147,3.636444,3.636444,75.909642
6.660832,0.445734,17.263957,7.040034,7.040034,91.130982
9.416501,1.034418,22.915487,2.988812,2.988812,170.758328
7.470189,0.486929,18.814626,5.878044,5.878044,109.003810
7.027195,0.729821,17.001268,10.844182,10.844182,191.353075
7.615163,0.920720,20.535726,50.297758,50.297758,173.922899
7.050102,0.677125,19.013619,12.413255,12.413255,181.719452
7.858127,0.666576,19.659127,8.747439,8.747439,143.802537
6.867659,0.604694,62.962610,3.090107,3.090107,179.680323
7.531190,0.597340,19.053361,7.172826,7.172826,185.104049
8.047432,0.716868,20.148399,2.735651,2.735651,178.190336
7.864609,0.657549,19.527958,51.606864,51.606864,155.831433
7.126231,0.410730,19.099696,4.674800,4.674800,181.288259
7.222828,0.484243,17.570366,48.009810,48.009810,171.039760
6.451640,0.525128,16.623599,5.411873,5.411873,200.981305
7.872303,0.732707,61.580900,57.753086,57.753086,248.831365
6.554057,0.635420,16.949313,5.438312,5.438312,147.020639
6.967641,0.713863,18.072342,5.137814,5.137814,122.254204
6.282162,0.554020,63.173175,4.982049,4.982049,160.001902
6.362368,0.563548,17.844566,44.290294,44.290294,179.248907
6.469794,0.604583,18.023944,3.775969,3.775969,161.448732
7.978867,0.739379,20.571666,5.048571,5.048571,188.977730
6.951873,0.525238,66.229301,3.582967,3.582967,272.443583
8.047352,0.647241,20.288880,6.851791,6.851791,193.357882
8.558097,0.746302,20.436154,4.275340,4.275340,171.247799
6.537588,0.534786,17.900828,8.288995,8.288995,212.496415
11.545825,0.668289,24.170097,9.436747,9.436747,193.201242
9.454209,0.863315,29.996156,6.712326,6.712326,126.382556
9.543621,0.880737,22.466378,13.085224,13.085224,213.154415
9.383703,0.710496,22.666453,8.024285,8.024285,173.306614
7.736024,0.574168,21.954134,5.040897,5.040897,166.410184
6.652548,0.492729,72.160341,6.000226,6.000226,163.957699
9.269552,0.576581,24.330148,2.238103,2.238103,99.515278
6.273496,0.432269,17.648869,4.163957,4.163957,105.096391
7.000856,0.465118,19.871905,7.774173,7.774173,102.908292
7.799076,0.421469,20.361743,6.754845,6.754845,155.686858
7.178516,0.528635,17.941823,6.271432,6.271432,122.334907
8.303779,0.538342,64.423306,5.355911,5.355911,172.348427
6.442294,0.468124,17.232189,3.594598,3.594598,117.002092
7.446376,0.676955,21.196682,53.725008,53.725008,153.893278
6.549338,0.573366,17.081574,12.310289,12.310289,180.569114
8.553830,0.731755,81.002604,8.361936,8.361936,213.863343
52.453266,0.677436,34.320776,7.421720,7.421720,263.519752
6.754954,0.477972,20.758027,9.601788,9.601788,207.622497
9.165682,0.617036,28.100107,7.880117,7.880117,172.376258
7.672419,0.567866,19.906388,9.699225,9.699225,144.254763
7.450352,0.504701,20.720604,8.756887,8.756887,137.587909
7.562508,0.519517,21.365530,10.078561,10.078561,127.774265
7.643215,0.750369,71.823487,7.240499,7.240499,165.553751
8.226799,0.679941,24.520986,70.774844,70.774844,197.484626
7.289439,0.760868,81.111622,11.502685,11.502685,183.174869
8.293291,0.745360,79.319121,10.566318,10.566318,172.001946
8.337541,0.829553,20.238634,8.140172,8.140172,104.089464
8.233301,0.562366,18.152658,6.616863,6.616863,78.304291
9.695478,0.713893,19.331208,4.557515,4.557515,73.658364
6.175568,0.500303,15.370481,60.309520,60.309520,124.047196
7.863055,0.570972,19.863869,5.546520,5.546520,84.303786
6.955590,0.587352,17.481844,4.119907,4.119907,98.509774
7.070529,0.686302,17.221119,3.636726,3.636726,83.615460
7.613018,0.631913,19.416234,3.103543,3.103543,80.154965
7.577545,0.590287,18.202830,53.980918,53.980918,129.565318
7.132432,0.558790,18.073163,6.841562,6.841562,96.346047
6.845408,0.492218,18.072302,6.395288,6.395288,118.000133
6.975315,0.484444,17.961259,3.897501,3.897501,86.436948
7.577083,0.567175,17.954277,3.011884,3.011884,70.315535
6.106872,0.592972,15.725110,2.768821,2.768821,54.985688
6.016462,0.660215,16.294697,6.822083,6.822083,113.968448
6.779649,0.597330,15.196565,3.267681,3.267681,83.959719
6.519660,0.669511,12.433143,2.357561,2.357561,40.689780
46.669545,0.628056,12.524871,3.380568,3.380568,87.451679
7.755121,0.753836,16.508167,4.703462,4.703462,102.067818
6.254258,0.453408,13.830072,2.802994,2.802994,43.511692
7.429565,0.586350,16.986336,3.726929,3.726929,62.813058
52.388033,0.945896,16.039701,1.673443,1.673443,116.686178
5.786056,0.400681,11.819033,1.470233,1.470233,36.269832
6.059315,0.556455,14.951668,2.112304,2.112304,62.916647
5.761772,0.461071,10.795226,1.716522,1.716522,40.575488
6.938198,0.567575,13.004085,2.601326,2.601326,49.325130
5.786899,0.428572,8.816775,2.212586,2.212586,79.201438
5.738409,0.471480,10.222339,2.696610,2.696610,39.684922
5.929171,0.455552,53.938166,1.284453,1.284453,84.443926
6.009955,0.452505,11.048598,1.382773,1.382773,78.159426
6.350346,0.495975,13.250194,1.896460,1.896460,92.084202
7.491427,0.742765,15.861529,2.076969,2.076969,58.192307
8.282782,0.730673,17.883657,1.679224,1.679224,70.376737
6.517621,0.614551,16.253864,3.260548,3.260548,75.812744
50.274373,0.786305,14.017704,3.752316,3.752316,126.143129
6.499929,0.612337,14.427362,1.630685,1.630685,79.098691
6.599440,0.549332,15.362498,4.178333,4.178333,88.365957
8.099290,0.681624,19.848703,4.255444,4.255444,120.939349
6.729061,0.593593,14.672639,3.537274,3.537274,97.479679
6.539992,0.736484,62.838394,2.058959,2.058959,152.908248
6.350788,0.706854,14.611227,4.068525,4.068525,113.849004
6.914489,0.819759,13.983721,1.814741,1.814741,66.851725
7.105453,0.748693,13.574460,5.190685,5.190685,91.181374
6.563498,0.665666,9.780399,2.315245,2.315245,59.175942
6.488623,0.502152,10.994801,2.141877,2.141877,58.079104
7.821571,0.650483,24.861506,12.928373,12.928373,317.452580
61.273686,0.706420,21.987939,8.361449,8.361449,383.671724
9.870210,0.804608,31.005700,13.480162,13.480162,355.474689
10.450472,0.779440,29.621675,61.162175,61.162175,427.499849
11.313075,1.009375,42.822118,69.657846,69.657846,402.412354
10.919369,0.705497,31.801614,23.564933,23.564933,487.679828
9.935849,0.693396,28.713295,63.009161,63.009161,428.637622
9.994760,0.803522,26.785860,21.804598,21.804598,390.514107
67.002606,0.880938,28.865299,6.545232,6.545232,443.261925
69.956128,0.799344,31.184555,80.400864,80.400864,294.625343
14.595320,0.758547,1.360701,0.000000,0.000000,16.715545
12.553722,0.635191,49.863737,88.088661,88.088661,209.247374
15.909224,0.811141,47.136410,74.546384,74.546384,456.868065
8.435058,0.609806,26.029342,15.753857,15.753857,349.541359
9.212205,0.741182,82.507549,0.000000,0.000000,92.462108
8.610382,0.853968,23.634588,12.660681,12.660681,239.510778
9.297544,0.834519,24.283084,16.966965,16.966965,268.379426
