#Image Rect[ms], Image Resize[ms], ORB ext[ms], Stereo match[ms], IMU preint[ms], Pose pred[ms], LM track[ms], KF dec[ms], Total[ms]
0.000000,0.000000,52.078637,3.983278,0.000000,18.053863,2.139716,0.043573,59.732676
0.000000,0.000000,22.785007,3.760106,0.000000,1.487079,1.217473,0.037439,48.625793
0.000000,0.000000,13.057189,3.025336,0.000000,0.882942,0.937235,0.337552,20.035664
0.000000,0.000000,11.307177,2.943244,0.000000,1.526588,1.538862,0.306023,17.061058
0.000000,0.000000,10.709622,2.715232,0.000000,1.490838,1.496520,0.057456,17.562354
0.000000,0.000000,9.934991,2.675854,0.000000,1.060642,1.261960,0.292974,16.406832
0.000000,0.000000,12.591594,3.010196,0.000000,1.326501,1.566391,0.044276,19.131032
0.000000,0.000000,9.990161,3.121142,0.000000,0.957872,1.219599,0.294354,16.834236
0.000000,0.000000,10.126093,2.669646,0.000000,1.481839,1.681988,0.039238,16.083165
0.000000,0.000000,10.143171,2.602125,0.000000,1.011298,1.215043,0.248537,16.803695
0.000000,0.000000,10.263783,2.810400,0.000000,1.237796,1.566432,0.053255,16.329958
0.000000,0.000000,11.236934,2.598325,0.000000,0.866328,1.333904,0.048103,17.665627
0.000000,0.000000,10.386772,2.668307,0.000000,0.739893,1.052759,0.299784,16.121586
0.000000,0.000000,10.165505,2.354720,0.000000,1.220311,1.271438,0.030674,15.296346
0.000000,0.000000,10.667527,2.441892,0.000000,0.926657,1.241288,0.033002,16.260077
0.000000,0.000000,9.238506,2.508845,0.000000,0.726032,1.127695,0.032489,14.771240
0.000000,0.000000,9.100133,2.554712,0.000000,0.666096,1.012177,0.363288,14.210018
0.000000,0.000000,9.455259,2.606471,0.000000,1.628617,1.804959,0.039918,14.790161
0.000000,0.000000,10.392643,3.922511,0.000000,1.023618,1.724671,0.037588,18.667596
0.000000,0.000000,9.904528,3.546427,0.000000,0.948138,1.613215,0.052567,17.150203
0.000000,0.000000,10.062274,2.539620,0.000000,0.757379,1.303975,0.081322,16.085530
0.000000,0.000000,9.683911,2.639754,0.000000,0.621102,1.148984,0.360246,15.228549
0.000000,0.000000,10.501418,2.720147,0.000000,1.304147,1.811298,0.036966,16.137773
0.000000,0.000000,10.960806,2.657649,0.000000,0.997039,1.647726,0.066348,17.624752
0.000000,0.000000,10.851930,2.626225,0.000000,0.700993,1.443408,0.058050,17.133551
0.000000,0.000000,11.067616,2.879907,0.000000,0.561016,1.121175,0.341028,17.069673
0.000000,0.000000,9.497102,2.957882,0.000000,1.121356,1.231930,0.044800,15.208639
0.000000,0.000000,10.255323,2.440144,0.000000,0.784947,1.176300,0.031440,15.812374
0.000000,0.000000,10.635274,2.430656,0.000000,0.679414,1.698283,0.424892,15.732635
0.000000,0.000000,10.091199,2.541643,0.000000,1.085336,1.623884,0.030944,16.308564
0.000000,0.000000,11.787597,4.033597,0.000000,0.792899,1.199188,0.036502,19.437377
0.000000,0.000000,11.491035,2.792572,0.000000,0.631179,1.281108,0.324471,17.264617
0.000000,0.000000,12.567959,2.951761,0.000000,1.261177,1.549055,0.030844,18.675344
0.000000,0.000000,12.171131,2.778975,0.000000,0.916424,1.270618,0.031711,18.756929
0.000000,0.000000,10.950366,2.798546,0.000000,0.638956,1.272927,0.261755,16.658532
0.000000,0.000000,12.451739,3.055151,0.000000,1.184210,1.702919,0.034868,18.405276
0.000000,0.000000,12.072086,2.530413,0.000000,0.943737,1.500581,0.049755,18.674908
0.000000,0.000000,12.062221,2.732065,0.000000,0.719896,1.323651,0.300556,18.180466
0.000000,0.000000,10.795769,3.028788,0.000000,1.227343,1.753784,0.038438,17.040746
0.000000,0.000000,12.151043,2.739525,0.000000,0.884110,1.412165,0.036006,18.915073
0.000000,0.000000,11.239026,2.801492,0.000000,0.752505,1.456615,0.274671,17.265484
0.000000,0.000000,13.997964,2.770345,0.000000,1.105846,1.672217,0.029650,20.046433
0.000000,0.000000,11.997508,2.648716,0.000000,0.873113,1.517580,0.030447,18.241097
0.000000,0.000000,10.466798,2.451992,0.000000,0.777484,1.310291,0.300497,16.201615
0.000000,0.000000,10.482114,2.587168,0.000000,1.194878,1.781779,0.029469,16.235251
0.000000,0.000000,11.580172,2.743318,0.000000,0.872953,1.641962,0.049383,18.171405
0.000000,0.000000,11.158906,2.765142,0.000000,0.710042,1.387035,0.031053,17.287703
0.000000,0.000000,12.105312,2.726441,0.000000,0.668619,1.368065,0.261974,17.866983
0.000000,0.000000,11.688423,2.626565,0.000000,1.153375,1.805425,0.033501,17.446410
0.000000,0.000000,12.768036,2.769419,0.000000,0.994457,1.834699,0.039959,19.373498
0.000000,0.000000,11.504477,3.016704,0.000000,0.948221,1.603349,0.037538,18.330717
0.000000,0.000000,13.369753,2.748229,0.000000,0.756327,1.402626,0.029848,19.491186
0.000000,0.000000,9.955173,2.598759,0.000000,0.637086,1.362585,0.257433,15.461693
0.000000,0.000000,10.195042,2.649734,0.000000,1.231952,1.738999,0.047133,15.867349
0.000000,0.000000,10.144071,2.793085,0.000000,0.887187,1.523905,0.030867,16.753826
0.000000,0.000000,10.159286,2.670177,0.000000,0.854913,1.750088,0.044368,16.099203
0.000000,0.000000,11.837788,3.125880,0.000000,1.087321,1.730640,0.046931,18.527859
0.000000,0.000000,12.719542,3.326828,0.000000,0.772165,1.665453,0.320711,19.990923
0.000000,0.000000,12.023830,3.941049,0.000000,1.233875,2.076099,0.039543,19.717940
0.000000,0.000000,10.817398,3.204698,0.000000,0.991997,1.949356,0.042812,18.424871
0.000000,0.000000,9.208768,3.049576,0.000000,1.134841,1.914130,0.047111,16.113729
0.000000,0.000000,10.745038,3.793672,0.000000,0.787652,1.515803,0.239750,18.548808
0.000000,0.000000,9.591482,2.999236,0.000000,1.177291,2.166946,0.033025,15.920192
0.000000,0.000000,10.123935,2.734886,0.000000,1.094734,2.187913,0.047545,17.417167
0.000000,0.000000,10.536346,3.109804,0.000000,0.853610,2.866471,0.281523,18.060652
0.000000,0.000000,9.603569,2.778344,0.000000,1.655199,2.478566,0.042981,17.207152
0.000000,0.000000,9.466354,4.383428,0.000000,2.096877,2.298591,0.038772,19.190849
0.000000,0.000000,12.325137,3.350963,0.000000,0.947542,1.977946,0.225752,21.411888
0.000000,0.000000,11.713806,3.604623,0.000000,1.171839,2.383593,0.244553,19.288166
0.000000,0.000000,11.929893,3.044247,0.000000,1.440340,2.876553,0.049803,19.716641
0.000000,0.000000,11.298585,3.103738,0.000000,1.204840,2.128070,0.357176,20.168982
0.000000,0.000000,11.889923,3.229188,0.000000,1.462451,2.610555,0.035351,19.752651
0.000000,0.000000,15.674139,3.917970,0.000000,1.581190,2.911925,0.061357,24.789988
0.000000,0.000000,13.615250,3.429609,0.000000,1.580605,2.953311,0.047098,22.912900
0.000000,0.000000,12.492415,3.315210,0.000000,1.463335,2.404005,0.045066,21.496588
0.000000,0.000000,9.893887,3.096739,0.000000,1.323525,2.314430,0.042381,18.020182
0.000000,0.000000,11.553029,3.542987,0.000000,1.381701,2.483681,0.047337,19.964365
0.000000,0.000000,10.671757,3.428571,0.000000,1.221483,2.275359,0.306751,19.103713
0.000000,0.000000,8.933506,3.309036,0.000000,1.671768,2.628064,0.058429,17.087515
0.000000,0.000000,10.008114,3.305514,0.000000,1.854010,3.256220,0.071833,18.821912
0.000000,0.000000,8.677916,3.227737,0.000000,2.126135,2.387595,0.049931,18.106115
0.000000,0.000000,9.195085,3.188909,0.000000,1.449407,2.324230,0.038516,17.892040
0.000000,0.000000,8.882251,3.097698,0.000000,1.467846,2.265982,0.043956,16.673384
0.000000,0.000000,8.711283,3.003074,0.000000,1.435282,2.033173,0.039974,16.505767
0.000000,0.000000,9.310740,3.038434,0.000000,1.192017,1.872843,0.293969,16.724549
0.000000,0.000000,9.119127,3.098163,0.000000,1.917229,2.898031,0.064846,16.448760
0.000000,0.000000,8.954590,3.012985,0.000000,1.605514,2.354326,0.039207,17.943165
0.000000,0.000000,8.861425,3.092200,0.000000,1.378541,2.225481,0.039085,16.876481
0.000000,0.000000,9.384843,2.994705,0.000000,1.490155,2.172900,0.039379,17.150978
0.000000,0.000000,8.874499,2.989385,0.000000,1.288085,2.019010,0.039732,16.374395
0.000000,0.000000,8.680914,2.957164,0.000000,1.126000,1.921025,0.038591,15.901022
0.000000,0.000000,10.248296,2.980128,0.000000,1.124688,1.894950,0.264070,17.135654
0.000000,0.000000,9.138034,2.934694,0.000000,1.646433,2.639144,0.040090,16.165209
0.000000,0.000000,8.163376,3.041227,0.000000,1.545953,2.673832,0.050043,16.560050
0.000000,0.000000,9.659153,3.524650,0.000000,1.142729,2.442090,0.040493,18.763886
0.000000,0.000000,11.203286,3.104607,0.000000,1.206048,1.901567,0.051436,18.846078
0.000000,0.000000,11.259442,3.176435,0.000000,0.951026,1.458779,0.273537,18.667050
0.000000,0.000000,7.730795,2.879134,0.000000,1.307911,2.121599,0.053173,14.188185
0.000000,0.000000,7.776012,3.185996,0.000000,1.365870,1.755092,0.034395,15.371508
0.000000,0.000000,9.794949,3.304739,0.000000,1.063186,1.471893,0.033648,17.167486
0.000000,0.000000,9.146840,3.308606,0.000000,0.937346,1.487652,0.311598,15.906569
0.000000,0.000000,8.153040,3.224025,0.000000,1.455878,2.093014,0.037185,14.955140
0.000000,0.000000,9.087530,3.264911,0.000000,1.530642,1.754319,0.045101,16.807259
0.000000,0.000000,9.518345,3.347209,0.000000,1.084611,1.552410,0.061224,17.128295
0.000000,0.000000,9.622411,3.372114,0.000000,0.852736,1.269235,0.332042,16.546032
0.000000,0.000000,8.322898,3.273451,0.000000,1.503584,1.943365,0.035348,14.833180
0.000000,0.000000,8.774656,3.262375,0.000000,1.278665,1.605194,0.035096,16.328797
0.000000,0.000000,8.505694,3.129980,0.000000,1.130399,1.560527,0.036569,15.694609
0.000000,0.000000,10.500248,3.213387,0.000000,0.894172,1.344817,0.275138,17.263870
0.000000,0.000000,8.334933,3.335342,0.000000,1.450385,1.851356,0.033490,14.966585
0.000000,0.000000,8.420887,3.142810,0.000000,1.296724,1.666870,0.033412,15.878839
0.000000,0.000000,7.869191,2.901506,0.000000,1.039880,1.868877,0.042439,14.578032
0.000000,0.000000,7.907772,2.938402,0.000000,0.954052,1.443983,0.275515,14.626599
0.000000,0.000000,8.215626,3.364471,0.000000,1.268128,2.289277,0.047922,15.117682
0.000000,0.000000,8.253818,3.459975,0.000000,1.345393,1.946686,0.051183,16.434497
0.000000,0.000000,9.772800,3.998316,0.000000,0.941421,1.982512,0.049386,18.083951
0.000000,0.000000,8.789235,3.175850,0.000000,0.887541,1.738692,0.343752,16.217406
0.000000,0.000000,8.531676,3.624015,0.000000,1.623392,2.130458,0.043297,16.076498
0.000000,0.000000,8.174139,3.219116,0.000000,1.379421,2.113090,0.035734,16.139556
0.000000,0.000000,8.179803,2.990745,0.000000,1.182983,1.800841,0.041523,15.639438
0.000000,0.000000,7.906227,3.111463,0.000000,0.970520,1.745443,0.036707,14.950656
0.000000,0.000000,7.885587,3.066830,0.000000,0.887576,1.533557,0.318350,14.572355
0.000000,0.000000,7.612193,3.219401,0.000000,1.459194,2.049767,0.036454,14.344099
0.000000,0.000000,8.336593,3.095761,0.000000,1.276945,2.002882,0.037020,15.996811
0.000000,0.000000,7.896563,3.195549,0.000000,1.102361,2.015595,0.042109,15.262525
0.000000,0.000000,7.254510,2.881581,0.000000,0.904782,1.824279,0.036606,14.163587
0.000000,0.000000,7.918748,2.845552,0.000000,0.826483,1.406271,0.335688,14.531578
0.000000,0.000000,7.537871,2.903676,0.000000,1.656641,2.288262,0.036251,13.794302
0.000000,0.000000,8.013679,2.870807,0.000000,1.213223,1.930370,0.039638,15.757651
0.000000,0.000000,7.391443,3.053998,0.000000,1.110045,1.856538,0.036194,14.529573
0.000000,0.000000,8.215313,3.088383,0.000000,0.979832,2.035153,0.309191,15.354574
0.000000,0.000000,7.523901,3.063174,0.000000,1.419408,2.342194,0.035325,14.850327
0.000000,0.000000,6.924746,2.884794,0.000000,1.198883,2.171809,0.041475,14.558466
0.000000,0.000000,6.851550,2.814032,0.000000,0.954244,1.604448,0.265291,14.079698
0.000000,0.000000,7.316339,2.774968,0.000000,1.654863,2.057245,0.032444,13.833900
0.000000,0.000000,6.904876,3.606351,0.000000,1.096451,1.843399,0.037691,15.183200
0.000000,0.000000,7.153101,2.959326,0.000000,1.034954,1.998634,0.060841,13.997197
0.000000,0.000000,10.412018,3.548568,0.000000,0.888358,2.025249,0.411366,18.160184
0.000000,0.000000,8.572929,3.128389,0.000000,2.047913,3.014332,0.072164,16.041782
0.000000,0.000000,8.939924,6.000093,0.000000,1.278736,1.940314,0.041576,21.320150
0.000000,0.000000,7.782977,3.066003,0.000000,1.126941,1.885130,0.060700,15.069602
0.000000,0.000000,7.925054,3.470134,0.000000,0.959667,2.025928,0.070428,15.395614
0.000000,0.000000,8.298188,3.329736,0.000000,1.080506,1.607376,0.346824,15.692766
0.000000,0.000000,8.088431,3.461064,0.000000,1.653569,2.545185,0.039986,15.627817
0.000000,0.000000,7.926886,3.133192,0.000000,1.282994,2.252157,0.040451,16.386850
0.000000,0.000000,7.957698,3.131495,0.000000,1.097469,2.360164,0.060371,15.689420
0.000000,0.000000,7.352787,3.126966,0.000000,0.911792,2.228404,0.048710,14.889635
0.000000,0.000000,7.915942,3.350544,0.000000,0.797120,1.853931,0.373712,15.425360
0.000000,0.000000,8.105128,2.876235,0.000000,1.497102,2.491302,0.041263,14.869490
0.000000,0.000000,8.080476,3.150694,0.000000,1.128682,2.285603,0.045298,16.463144
0.000000,0.000000,8.032595,3.666714,0.000000,1.116390,1.934448,0.043144,16.197778
0.000000,0.000000,8.201553,2.986102,0.000000,0.801174,1.839435,0.349947,15.240122
0.000000,0.000000,7.894877,2.860404,0.000000,1.460488,2.117678,0.035424,14.632042
0.000000,0.000000,8.301030,2.892738,0.000000,1.119383,1.847068,0.035394,15.781205
0.000000,0.000000,8.090068,3.033487,0.000000,0.897883,1.696464,0.037110,15.212642
0.000000,0.000000,8.532046,3.079816,0.000000,0.835454,1.714863,0.388099,15.238075
0.000000,0.000000,8.958840,3.172812,0.000000,1.500942,2.201159,0.045716,16.140142
0.000000,0.000000,8.206269,2.987765,0.000000,0.997149,1.800283,0.033633,15.978302
0.000000,0.000000,8.695626,3.351036,0.000000,0.773672,1.623970,0.033976,15.857114
0.000000,0.000000,8.592341,2.910638,0.000000,0.699238,1.696348,0.043571,14.744693
0.000000,0.000000,7.444493,3.007397,0.000000,0.671430,1.519850,0.438994,13.678838
0.000000,0.000000,9.701925,3.297102,0.000000,1.623912,2.215924,0.035993,16.465352
0.000000,0.000000,8.584858,3.297790,0.000000,1.082895,2.016856,0.041682,16.663567
0.000000,0.000000,9.200967,3.008494,0.000000,0.936932,1.969232,0.044952,16.231281
0.000000,0.000000,8.650658,2.862564,0.000000,0.871070,1.818643,0.040920,15.366373
0.000000,0.000000,8.397341,2.930064,0.000000,0.757424,1.575680,0.041883,14.865286
0.000000,0.000000,8.349452,2.966531,0.000000,0.730111,1.644633,0.405816,14.486069
0.000000,0.000000,8.766640,2.892681,0.000000,1.553073,2.010670,0.044114,15.226182
0.000000,0.000000,8.990046,2.877641,0.000000,1.035182,2.029631,0.036565,16.370568
0.000000,0.000000,8.828509,2.771003,0.000000,0.919019,1.818319,0.047093,15.634897
0.000000,0.000000,9.979451,3.786576,0.000000,0.702791,1.790924,0.043220,17.457315
0.000000,0.000000,9.203059,3.017652,0.000000,0.710911,1.654699,0.383189,15.670678
0.000000,0.000000,8.710997,2.893883,0.000000,1.767531,2.556368,0.041185,15.180879
0.000000,0.000000,8.376987,2.818400,0.000000,1.094797,2.183511,0.040763,16.535594
0.000000,0.000000,10.070781,3.004993,0.000000,0.929815,1.924418,0.035298,17.383511
0.000000,0.000000,9.070813,2.823431,0.000000,0.781933,1.783214,0.044826,15.607902
0.000000,0.000000,8.900050,2.719459,0.000000,0.641567,1.583099,0.037883,15.134591
0.000000,0.000000,9.026008,2.964851,0.000000,0.638057,1.508321,0.366438,15.113465
0.000000,0.000000,9.401410,2.747657,0.000000,2.291981,2.377943,0.037922,15.464054
0.000000,0.000000,8.565311,2.752410,0.000000,1.276982,2.137195,0.034854,16.874774
0.000000,0.000000,8.710559,2.715840,0.000000,1.041027,1.883981,0.034292,15.737912
0.000000,0.000000,9.020158,2.810018,0.000000,0.877799,1.770086,0.045733,15.939416
0.000000,0.000000,9.711473,3.024916,0.000000,0.712914,1.666832,0.036550,16.284097
0.000000,0.000000,9.981052,3.041994,0.000000,0.661545,1.739102,0.413597,16.255487
0.000000,0.000000,9.948257,3.086609,0.000000,1.634635,2.334046,0.049152,16.762057
0.000000,0.000000,8.820068,2.797221,0.000000,1.072946,2.049507,0.034731,16.695575
0.000000,0.000000,9.199498,2.770334,0.000000,0.874250,2.013115,0.035502,16.085783
0.000000,0.000000,9.444430,3.381392,0.000000,0.883280,1.778204,0.036421,16.665059
0.000000,0.000000,9.849490,2.761580,0.000000,0.689945,1.606265,0.369954,16.136222
0.000000,0.000000,9.688434,2.692493,0.000000,1.438251,2.154548,0.033158,15.898066
0.000000,0.000000,8.329948,2.531743,0.000000,1.033528,1.948650,0.032850,15.340741
0.000000,0.000000,9.140068,2.569392,0.000000,0.815928,1.842064,0.032955,15.640215
0.000000,0.000000,9.728438,2.562398,0.000000,0.680229,1.725585,0.340561,15.837559
0.000000,0.000000,8.954500,2.510392,0.000000,1.417870,2.120165,0.031865,15.031628
0.000000,0.000000,8.257213,2.512584,0.000000,1.040793,1.931002,0.032409,15.275326
0.000000,0.000000,8.712726,2.615981,0.000000,0.941372,1.868215,0.033024,15.397398
0.000000,0.000000,9.315391,2.704950,0.000000,0.894196,1.754870,0.042119,15.681649
0.000000,0.000000,9.598025,2.816302,0.000000,0.791730,1.524035,0.387202,16.013720
0.000000,0.000000,8.940149,2.878592,0.000000,1.618110,2.451007,0.049130,15.384903
0.000000,0.000000,9.522783,2.790070,0.000000,1.259728,2.086694,0.037219,17.315052
0.000000,0.000000,9.003918,2.829680,0.000000,1.103180,2.076697,0.038297,16.579713
0.000000,0.000000,9.114401,2.955435,0.000000,1.016984,2.120571,0.048476,16.239134
0.000000,0.000000,8.891098,3.078338,0.000000,0.836888,1.857777,0.039093,16.065360
0.000000,0.000000,10.197570,3.078295,0.000000,0.797794,1.585908,0.385965,16.923601
0.000000,0.000000,12.038308,3.851309,0.000000,1.817551,2.274267,0.038873,19.514502
0.000000,0.000000,10.227893,2.966842,0.000000,1.259161,2.315599,0.059535,18.262894
0.000000,0.000000,10.376736,3.248640,0.000000,1.127022,2.002606,0.039167,18.358169
0.000000,0.000000,9.606658,3.121925,0.000000,0.936959,1.835259,0.040240,16.784179
0.000000,0.000000,9.777833,3.200134,0.000000,0.770398,1.885853,0.039435,16.709890
0.000000,0.000000,10.660568,3.362369,0.000000,0.725751,1.801312,0.040070,17.656477
0.000000,0.000000,9.780034,3.189335,0.000000,0.652087,1.541109,0.412582,16.481806
0.000000,0.000000,9.736227,3.294806,0.000000,1.667687,2.242007,0.036154,16.588913
0.000000,0.000000,9.705992,3.102856,0.000000,1.115422,1.864810,0.035985,17.744296
0.000000,0.000000,9.486736,2.791730,0.000000,0.902913,1.636865,0.035067,16.565723
0.000000,0.000000,9.088264,2.820291,0.000000,0.725272,1.364634,0.281767,15.353239
0.000000,0.000000,9.120762,2.855527,0.000000,1.372835,1.729841,0.032367,15.346084
0.000000,0.000000,8.517324,2.697787,0.000000,1.005565,1.608624,0.036403,15.324968
0.000000,0.000000,8.290373,2.886094,0.000000,0.792627,1.400548,0.252889,14.787183
0.000000,0.000000,8.590811,2.724103,0.000000,1.224684,1.850817,0.030406,14.699736
0.000000,0.000000,8.525555,2.708620,0.000000,1.126069,1.766277,0.236791,15.301603
0.000000,0.000000,8.260664,3.388637,0.000000,1.298544,1.847254,0.032054,15.729576
0.000000,0.000000,8.194590,3.197934,0.000000,1.073512,1.615683,0.032013,15.489451
0.000000,0.000000,8.120501,2.650433,0.000000,0.907006,1.471269,0.213852,14.367674
0.000000,0.000000,8.570016,2.757165,0.000000,1.115947,1.610203,0.028400,14.860043
0.000000,0.000000,8.554433,2.893274,0.000000,1.036707,1.656891,0.029029,15.118686
0.000000,0.000000,8.436542,2.908756,0.000000,0.829862,1.567728,0.028480,14.885569
0.000000,0.000000,8.233354,2.992336,0.000000,0.860599,1.560670,0.270921,14.570306
0.000000,0.000000,8.304626,2.982157,0.000000,1.417316,1.857207,0.032131,14.757695
0.000000,0.000000,8.189763,2.910093,0.000000,1.092174,1.647365,0.032111,15.265718
0.000000,0.000000,8.191682,2.905224,0.000000,0.917821,1.628849,0.032441,14.998620
0.000000,0.000000,9.140206,2.899255,0.000000,0.818008,1.574154,0.286653,15.442990
0.000000,0.000000,8.245579,3.026670,0.000000,1.469622,2.042997,0.033920,14.775891
0.000000,0.000000,8.992256,2.916780,0.000000,1.177821,1.870594,0.034040,16.360451
0.000000,0.000000,8.153782,2.994149,0.000000,0.967528,1.732521,0.034021,15.113399
0.000000,0.000000,8.296032,3.008878,0.000000,0.947454,1.624340,0.327292,14.853790
0.000000,0.000000,8.344172,3.006285,0.000000,1.705519,2.308925,0.038520,15.067471
0.000000,0.000000,9.353649,3.554548,0.000000,1.249635,2.257149,0.043345,18.007077
0.000000,0.000000,8.343805,2.942649,0.000000,1.175788,2.066400,0.037018,15.729778
0.000000,0.000000,8.759735,3.091554,0.000000,0.898281,1.937788,0.037419,16.029328
0.000000,0.000000,9.150881,3.701685,0.000000,0.874856,1.756730,0.316869,16.600670
0.000000,0.000000,8.650814,2.979546,0.000000,1.706388,2.373539,0.040232,15.475104
0.000000,0.000000,8.941594,3.147921,0.000000,1.257523,2.349644,0.037018,17.230513
0.000000,0.000000,8.689414,3.743598,0.000000,1.187040,2.033547,0.038190,16.986280
0.000000,0.000000,8.458056,3.462636,0.000000,1.049898,2.153421,0.049621,16.115558
0.000000,0.000000,10.408824,3.303793,0.000000,1.000036,1.853861,0.038540,17.927575
0.000000,0.000000,9.938635,3.153189,0.000000,0.834887,1.836106,0.398187,16.882631
0.000000,0.000000,8.980836,3.484868,0.000000,1.801771,2.538186,0.044737,16.417004
0.000000,0.000000,9.184081,3.163556,0.000000,1.414238,2.496975,0.049457,17.983886
0.000000,0.000000,9.971324,3.286784,0.000000,1.191344,2.162056,0.038955,18.252088
0.000000,0.000000,8.901445,3.139684,0.000000,1.009517,2.001307,0.039105,16.390056
0.000000,0.000000,8.990199,3.063028,0.000000,0.960465,1.912303,0.039797,16.047591
0.000000,0.000000,8.625324,3.006831,0.000000,0.775718,2.007881,0.362729,15.413370
0.000000,0.000000,9.373844,2.968712,0.000000,1.649630,2.216114,0.037622,16.373329
0.000000,0.000000,8.825531,3.033553,0.000000,1.266356,2.310629,0.041069,16.750570
0.000000,0.000000,9.284419,3.017878,0.000000,1.053162,2.116765,0.035613,16.854678
0.000000,0.000000,9.007577,2.923124,0.000000,0.929860,2.069405,0.043197,16.087608
0.000000,0.000000,8.283500,3.606933,0.000000,0.779443,1.822382,0.301537,15.890494
0.000000,0.000000,8.579258,2.872874,0.000000,1.357316,2.234680,0.031981,15.250061
0.000000,0.000000,8.580131,2.885895,0.000000,1.097141,1.962627,0.032653,16.245921
0.000000,0.000000,8.381952,2.923755,0.000000,0.938768,1.828210,0.032633,15.427676
0.000000,0.000000,8.342940,3.095378,0.000000,0.791130,1.714239,0.284282,15.433705
0.000000,0.000000,8.617718,2.803196,0.000000,1.673128,2.700918,0.045866,15.140233
0.000000,0.000000,9.400284,3.020121,0.000000,1.174266,1.913069,0.032774,17.881340
0.000000,0.000000,8.579710,2.737816,0.000000,0.932540,1.867519,0.255573,15.322371
0.000000,0.000000,8.420018,2.670073,0.000000,1.351383,2.219140,0.033907,15.047668
0.000000,0.000000,8.135255,2.790481,0.000000,1.090899,2.185395,0.033716,15.564979
0.000000,0.000000,8.863731,2.803894,0.000000,0.989751,1.872912,0.034328,16.028272
0.000000,0.000000,8.640741,3.604869,0.000000,0.834141,1.804494,0.265041,16.054086
0.000000,0.000000,8.914034,3.173720,0.000000,1.320247,2.089075,0.031256,16.000760
0.000000,0.000000,8.084530,2.726210,0.000000,0.970322,1.834506,0.031487,15.327840
0.000000,0.000000,8.536517,2.724884,0.000000,0.830758,1.610953,0.031959,14.985576
0.000000,0.000000,8.036286,2.635293,0.000000,0.650037,1.634518,0.318066,14.116102
0.000000,0.000000,7.585924,2.660986,0.000000,1.365819,2.076270,0.033400,13.685611
0.000000,0.000000,7.902901,3.115813,0.000000,1.073315,1.916433,0.033441,15.403841
0.000000,0.000000,8.450180,2.614937,0.000000,0.962683,1.776652,0.033551,14.996576
0.000000,0.000000,8.631185,3.560573,0.000000,0.770088,1.520784,0.327292,15.892308
0.000000,0.000000,9.010983,2.765905,0.000000,1.489814,2.111500,0.034285,15.253806
0.000000,0.000000,9.586697,3.451082,0.000000,1.107861,1.997208,0.034497,17.911052
0.000000,0.000000,9.400423,2.749090,0.000000,0.888031,1.889093,0.034296,16.302705
0.000000,0.000000,9.739947,2.677261,0.000000,0.733970,1.610934,0.347163,16.137395
0.000000,0.000000,8.972616,2.648453,0.000000,1.358005,2.351236,0.036608,15.241977
0.000000,0.000000,9.226077,2.867097,0.000000,1.083967,2.151579,0.039810,16.898636
0.000000,0.000000,9.388084,2.926366,0.000000,0.770277,1.756135,0.034902,16.578399
0.000000,0.000000,9.154041,2.793270,0.000000,0.754455,1.626020,0.368779,15.525564
0.000000,0.000000,9.486067,2.933644,0.000000,1.541994,2.129088,0.036511,16.049069
0.000000,0.000000,9.084696,2.841966,0.000000,1.168869,1.948621,0.036029,16.583972
0.000000,0.000000,9.801254,2.830033,0.000000,0.814977,1.641913,0.036220,16.762397
0.000000,0.000000,9.117626,2.749882,0.000000,0.617773,1.510118,0.338423,15.275061
0.000000,0.000000,8.685040,2.707894,0.000000,1.434963,1.966827,0.035828,14.687794
0.000000,0.000000,8.190675,3.027547,0.000000,1.043532,1.755591,0.035425,15.565807
0.000000,0.000000,9.075231,3.008783,0.000000,0.820262,1.441083,0.034963,15.768029
0.000000,0.000000,7.833233,3.051416,0.000000,0.744580,1.644653,0.369548,14.042010
0.000000,0.000000,8.276912,2.980696,0.000000,1.714236,2.189759,0.038466,14.821111
0.000000,0.000000,7.837939,3.249935,0.000000,1.342917,2.077836,0.038787,15.984281
0.000000,0.000000,9.222988,2.847797,0.000000,0.858789,1.904641,0.037197,16.476471
0.000000,0.000000,8.678665,3.512559,0.000000,0.814718,1.495511,0.037741,15.882965
0.000000,0.000000,9.159594,2.984389,0.000000,0.729715,1.682101,0.423552,15.460883
0.000000,0.000000,9.173634,3.123456,0.000000,1.875596,2.380939,0.040579,15.983094
0.000000,0.000000,9.059384,4.274167,0.000000,1.115557,2.187570,0.041374,18.778506
0.000000,0.000000,9.558122,3.711396,0.000000,0.955973,1.803167,0.039794,17.853777
0.000000,0.000000,11.236721,3.287106,0.000000,0.776527,1.533057,0.039845,18.262353
0.000000,0.000000,9.854038,3.121076,0.000000,0.665190,1.513945,0.433143,16.200826
0.000000,0.000000,9.948037,3.047796,0.000000,1.909449,2.414708,0.041455,16.520796
0.000000,0.000000,8.801187,2.975430,0.000000,1.087569,1.926950,0.038042,17.146093
0.000000,0.000000,8.940004,3.001841,0.000000,0.904227,1.563426,0.036581,15.869723
0.000000,0.000000,9.522776,2.815639,0.000000,0.749017,1.497461,0.036471,15.811321
0.000000,0.000000,8.783301,3.526648,0.000000,0.600777,1.426120,0.409862,15.421737
0.000000,0.000000,9.518093,2.880214,0.000000,1.548543,2.068927,0.036380,15.638913
0.000000,0.000000,8.633482,2.815508,0.000000,1.088125,1.876383,0.036598,16.004864
0.000000,0.000000,9.039948,3.074783,0.000000,0.961608,1.676749,0.035722,16.194935
0.000000,0.000000,8.857409,3.065002,0.000000,0.739127,1.452324,0.035299,15.405237
0.000000,0.000000,8.552846,2.882688,0.000000,0.647264,1.346862,0.337382,14.521088
0.000000,0.000000,9.589997,3.043183,0.000000,1.524362,2.148547,0.034493,15.699041
0.000000,0.000000,8.611646,3.628906,0.000000,0.959704,1.744526,0.032609,16.911819
0.000000,0.000000,8.096611,3.202360,0.000000,0.870903,1.596521,0.033949,14.970833
0.000000,0.000000,9.281873,3.406396,0.000000,0.681575,1.619691,0.430968,16.119869
0.000000,0.000000,9.348376,3.352460,0.000000,1.572686,2.059706,0.038039,16.273350
0.000000,0.000000,9.700044,3.036838,0.000000,1.078502,2.080635,0.060537,17.417042
0.000000,0.000000,9.537989,3.476012,0.000000,1.080649,1.947508,0.039787,17.250906
0.000000,0.000000,11.204358,3.317590,0.000000,0.844940,1.705974,0.041873,18.551643
0.000000,0.000000,10.926968,3.263624,0.000000,0.709717,1.555090,0.408784,17.790441
0.000000,0.000000,10.181646,3.356269,0.000000,1.809241,2.341478,0.041037,17.173660
0.000000,0.000000,11.592161,3.495749,0.000000,1.294599,2.192156,0.040009,20.395345
0.000000,0.000000,10.644629,3.319152,0.000000,1.110458,2.201407,0.041319,18.406009
0.000000,0.000000,11.972478,3.445696,0.000000,0.887005,1.960639,0.048131,19.876064
0.000000,0.000000,13.055345,3.516344,0.000000,0.731474,1.706024,0.366871,20.581622
0.000000,0.000000,11.501965,3.246290,0.000000,1.570565,2.439581,0.036846,18.576616
0.000000,0.000000,14.335289,3.232236,0.000000,1.137855,1.979193,0.035193,22.716454
0.000000,0.000000,12.011272,2.962846,0.000000,0.777040,1.660566,0.374063,19.223488
0.000000,0.000000,10.275390,3.087407,0.000000,1.343522,2.358094,0.040093,17.171225
0.000000,0.000000,11.324187,2.764721,0.000000,0.941474,1.848419,0.034287,18.903863
0.000000,0.000000,10.540279,3.166581,0.000000,0.725847,1.679721,0.260408,17.379544
0.000000,0.000000,11.048497,3.015570,0.000000,1.350377,2.284038,0.031332,17.573699
0.000000,0.000000,9.682463,3.048405,0.000000,1.005297,1.704197,0.253754,17.325881
0.000000,0.000000,10.312439,3.177898,0.000000,1.368695,2.214468,0.034356,17.380946
0.000000,0.000000,10.082213,3.063507,0.000000,0.917371,2.249456,0.266848,17.763981
0.000000,0.000000,10.172039,2.977385,0.000000,1.493452,2.392914,0.045338,17.506188
0.000000,0.000000,9.838554,3.169590,0.000000,1.317069,2.227936,0.042848,18.055930
0.000000,0.000000,9.747158,3.420538,0.000000,1.114407,2.317806,0.243241,17.835135
0.000000,0.000000,10.505777,3.003461,0.000000,1.328979,2.048327,0.032048,18.159605
0.000000,0.000000,11.292829,3.276784,0.000000,1.209652,2.207868,0.225564,19.052936
0.000000,0.000000,8.267845,3.776340,0.000000,1.326851,2.566483,0.032683,16.535654
0.000000,0.000000,9.724894,4.130254,0.000000,1.164465,2.480687,0.040045,18.740132
0.000000,0.000000,11.382984,3.473847,0.000000,1.156398,2.153837,0.297696,19.602020
0.000000,0.000000,8.513266,4.361122,0.000000,1.840002,2.764443,0.046440,17.504585
0.000000,0.000000,8.580700,3.497302,0.000000,2.043697,3.660376,0.045451,17.758675
0.000000,0.000000,8.104320,2.923895,0.000000,1.508539,2.384612,0.049275,17.500341
0.000000,0.000000,8.675061,3.985126,0.000000,1.162207,3.744117,0.538759,17.779747
0.000000,0.000000,10.737278,5.404365,0.000000,1.830672,4.137545,0.077286,22.880586
0.000000,0.000000,8.567556,2.990723,0.000000,1.352297,3.844173,0.097544,18.761258
0.000000,0.000000,8.667192,3.023934,0.000000,1.147420,3.740162,0.069220,18.163710
0.000000,0.000000,9.123798,3.714421,0.000000,1.017814,3.777425,0.088978,19.041974
0.000000,0.000000,9.058650,2.929598,0.000000,0.822247,2.727095,0.508557,17.879882
0.000000,0.000000,8.542339,2.877582,0.000000,2.204239,3.936612,0.063564,16.573607
0.000000,0.000000,8.939762,2.839625,0.000000,1.252415,4.001297,0.097738,19.007820
0.000000,0.000000,8.602561,2.799873,0.000000,1.420458,3.525415,0.079894,17.739478
0.000000,0.000000,8.992735,2.890274,0.000000,1.066456,3.206910,0.075655,17.859027
0.000000,0.000000,9.137155,2.740213,0.000000,0.821618,1.636897,0.334120,17.174287
0.000000,0.000000,10.213938,3.525537,0.000000,1.884168,2.754725,0.041198,17.411970
0.000000,0.000000,9.172299,2.836396,0.000000,1.373356,2.447362,0.037413,17.670868
0.000000,0.000000,9.143803,3.205501,0.000000,0.969385,2.014365,0.037656,17.234832
0.000000,0.000000,9.972439,3.895838,0.000000,0.849211,2.077020,0.402376,17.876557
0.000000,0.000000,13.288478,4.063198,0.000000,1.793945,2.196472,0.038168,21.638526
0.000000,0.000000,8.536347,4.042274,0.000000,1.323884,2.644870,0.061386,17.789389
0.000000,0.000000,8.695339,3.346403,0.000000,1.073968,1.847416,0.035443,17.200027
0.000000,0.000000,9.771467,5.048759,0.000000,0.854640,1.973217,0.035099,18.852686
0.000000,0.000000,13.878689,3.462473,0.000000,0.736571,2.135459,0.428137,21.165581
0.000000,0.000000,9.449294,4.350738,0.000000,1.425870,2.617866,0.034766,18.008394
0.000000,0.000000,9.433596,3.547400,0.000000,0.899370,2.666644,0.037956,18.441427
0.000000,0.000000,9.239707,3.866120,0.000000,1.189271,2.285134,0.033222,17.832402
0.000000,0.000000,9.327886,3.921710,0.000000,1.045804,3.616316,0.058146,17.625380
0.000000,0.000000,9.021176,2.967547,0.000000,0.888542,2.183094,0.358264,17.589261
0.000000,0.000000,8.914569,3.589072,0.000000,1.421577,3.710320,0.049361,16.856664
0.000000,0.000000,8.018999,2.727720,0.000000,1.294199,3.006595,0.050271,16.847304
0.000000,0.000000,8.946302,2.844243,0.000000,1.190953,2.526052,0.034409,16.997641
0.000000,0.000000,8.215429,3.830265,0.000000,1.047077,2.877227,0.042597,16.813047
0.000000,0.000000,8.358717,3.307026,0.000000,1.016101,3.224800,0.045031,16.654248
0.000000,0.000000,8.962620,3.508320,0.000000,0.628638,3.018660,0.474606,17.765924
0.000000,0.000000,8.854474,3.291457,0.000000,1.407875,4.020404,0.075149,17.249993
0.000000,0.000000,8.113170,3.203002,0.000000,1.644365,3.791340,0.061295,17.843596
0.000000,0.000000,7.788699,3.223062,0.000000,0.925414,2.491671,0.034636,17.628016
0.000000,0.000000,9.542901,4.389625,0.000000,0.832542,2.527680,0.036019,18.214509
0.000000,0.000000,10.648615,4.066783,0.000000,0.855243,2.528671,0.346727,19.032067
0.000000,0.000000,8.905107,4.780270,0.000000,1.531791,2.996229,0.050228,18.411492
0.000000,0.000000,8.292215,4.735720,0.000000,1.245391,2.939832,0.046824,18.955988
0.000000,0.000000,8.827242,4.315802,0.000000,1.340303,3.010882,0.057135,18.585552
0.000000,0.000000,8.834583,4.243094,0.000000,1.143047,2.606929,0.446485,18.456701
0.000000,0.000000,8.573338,3.749421,0.000000,1.764309,2.686179,0.113886,17.560642
0.000000,0.000000,7.168951,3.191021,0.000000,1.313971,3.276869,0.072453,16.245594
0.000000,0.000000,7.788174,3.359067,0.000000,1.220441,2.244065,0.047427,16.880060
0.000000,0.000000,8.407611,4.693136,0.000000,1.440789,2.775746,0.391705,17.492143
0.000000,0.000000,8.772421,4.361149,0.000000,2.033593,2.764001,0.049699,18.825706
0.000000,0.000000,7.708812,3.673191,0.000000,1.640070,3.074547,0.077099,17.660379
0.000000,0.000000,7.911357,3.470878,0.000000,1.519332,2.779342,0.259867,17.053568
0.000000,0.000000,7.695058,3.299350,0.000000,1.440072,2.603744,0.113739,16.332037
0.000000,0.000000,6.801828,3.378448,0.000000,1.314829,3.133275,0.233579,18.253224
0.000000,0.000000,7.288185,3.342070,0.000000,1.331211,5.279295,0.042973,16.328139
0.000000,0.000000,6.649237,3.247701,0.000000,1.321750,3.555836,0.221717,17.566758
0.000000,0.000000,7.433546,3.415953,0.000000,1.523631,3.262272,0.152549,16.949761
0.000000,0.000000,7.652335,3.271626,0.000000,1.447291,3.538947,0.242717,17.839793
0.000000,0.000000,7.289331,3.252767,0.000000,1.510571,5.774679,0.041553,16.659672
0.000000,0.000000,7.881315,3.179458,0.000000,1.503511,4.399254,0.466727,19.624593
0.000000,0.000000,7.696192,3.170499,0.000000,1.553650,2.776769,0.038907,18.865920
0.000000,0.000000,7.739351,3.275929,0.000000,1.349215,4.233342,0.226394,16.389491
0.000000,0.000000,7.714056,3.171098,0.000000,1.634151,3.125976,2.067172,17.767583
0.000000,0.000000,7.577964,3.974646,0.000000,1.688674,3.687800,0.238181,19.712074
0.000000,0.000000,8.873173,3.735331,0.000000,1.649461,4.002822,0.273299,19.543324
0.000000,0.000000,8.437165,3.301033,0.000000,1.818502,3.448486,0.241226,19.269774
0.000000,0.000000,8.655779,3.867283,0.000000,1.632137,4.421201,0.297644,19.597874
0.000000,0.000000,8.217182,3.301942,0.000000,1.699437,3.785173,0.077126,19.376467
0.000000,0.000000,8.220865,3.190905,0.000000,1.423034,3.457214,0.283410,18.654040
0.000000,0.000000,6.961145,3.626430,0.000000,1.765580,4.008206,0.080873,16.989427
0.000000,0.000000,8.441989,3.261904,0.000000,1.383475,3.306851,0.242418,19.029446
0.000000,0.000000,7.959763,2.988379,0.000000,1.531717,4.271980,0.044902,17.005074
0.000000,0.000000,8.323896,3.243131,0.000000,1.237729,3.214038,0.037851,18.737793
0.000000,0.000000,8.815356,3.142329,0.000000,1.194168,3.085399,0.242551,17.642708
0.000000,0.000000,7.913732,3.539384,0.000000,1.498930,3.945879,0.056968,17.151569
0.000000,0.000000,8.948027,3.201688,0.000000,1.307184,2.918848,0.220801,19.109456
0.000000,0.000000,7.812747,2.952186,0.000000,1.684605,3.660877,0.049805,16.387496
0.000000,0.000000,10.202453,3.339892,0.000000,1.288757,3.337769,0.231499,20.574754
0.000000,0.000000,7.197594,2.917656,0.000000,1.465672,3.377552,0.062322,16.386687
0.000000,0.000000,8.436191,3.196386,0.000000,1.441027,2.987984,0.227188,17.936978
0.000000,0.000000,8.306653,2.844192,0.000000,1.585142,4.348109,0.060770,17.003093
0.000000,0.000000,9.259217,3.677990,0.000000,1.209518,3.169102,0.064748,20.404915
0.000000,0.000000,7.908249,2.805718,0.000000,1.153392,2.795001,0.265290,16.561712
0.000000,0.000000,7.565097,2.632921,0.000000,1.511384,3.386663,0.068353,15.664677
0.000000,0.000000,8.324431,2.942929,0.000000,1.033185,3.018710,0.038071,17.879923
0.000000,0.000000,7.416497,2.667718,0.000000,0.941100,3.045727,0.301300,15.419435
0.000000,0.000000,7.749964,2.569973,0.000000,1.388087,4.132124,0.066114,15.807649
0.000000,0.000000,10.024004,2.949790,0.000000,0.997342,3.428184,0.039928,20.175877
0.000000,0.000000,7.783448,2.534446,0.000000,0.950317,2.634231,0.259690,16.049763
0.000000,0.000000,7.525501,2.450010,0.000000,1.214277,3.755210,0.044484,15.218813
0.000000,0.000000,9.391905,2.784788,0.000000,0.899675,2.781395,0.032178,18.709427
0.000000,0.000000,8.159497,2.631229,0.000000,0.806611,2.546600,0.270997,15.886431
0.000000,0.000000,7.886962,2.853168,0.000000,2.208975,3.118197,0.033785,15.602751
0.000000,0.000000,8.523065,2.947330,0.000000,0.970285,2.888072,0.032685,20.369525
0.000000,0.000000,9.253882,2.667762,0.000000,0.894901,2.290315,0.254380,16.987968
0.000000,0.000000,9.803190,2.718643,0.000000,1.273084,2.509477,0.049706,17.262978
0.000000,0.000000,13.551600,2.724760,0.000000,0.960008,3.150912,0.042648,21.575960
0.000000,0.000000,8.268561,3.893113,0.000000,1.100585,3.410915,0.301376,17.766427
0.000000,0.000000,8.469576,2.621342,0.000000,1.263455,4.516369,0.082313,16.979447
0.000000,0.000000,9.063149,3.554838,0.000000,1.340890,3.493807,0.082018,20.322282
0.000000,0.000000,8.022405,3.630570,0.000000,0.668498,4.345421,0.038894,20.833897
0.000000,0.000000,8.905376,2.477640,0.000000,0.583942,1.897658,2.457396,17.521670
0.000000,0.000000,8.120099,2.326875,0.000000,1.094503,4.257566,0.043523,16.530225
0.000000,0.000000,9.496214,2.546237,0.000000,0.759840,2.360528,0.028766,18.684956
0.000000,0.000000,8.892342,2.166337,0.000000,0.567284,2.351139,0.257566,15.348182
0.000000,0.000000,8.040865,2.135383,0.000000,1.131948,2.581889,0.033170,14.320306
0.000000,0.000000,8.822822,2.279460,0.000000,0.781631,2.191851,0.027298,16.065366
0.000000,0.000000,9.076101,2.297705,0.000000,0.744028,1.969633,0.279564,15.436894
0.000000,0.000000,9.729732,2.630850,0.000000,1.161955,2.201605,0.030234,16.634945
0.000000,0.000000,10.932352,2.843831,0.000000,0.727909,2.417042,0.266629,18.311853
0.000000,0.000000,10.767571,2.506244,0.000000,1.283324,3.776177,0.070366,17.909145
0.000000,0.000000,11.579978,2.497933,0.000000,0.846424,2.548948,0.293154,20.942517
0.000000,0.000000,10.135060,2.367845,0.000000,1.213303,2.967584,0.039166,17.633987
0.000000,0.000000,9.623705,2.516404,0.000000,0.840524,2.433506,0.227344,17.663774
0.000000,0.000000,9.155297,2.176721,0.000000,1.218058,3.030863,0.039364,16.036339
0.000000,0.000000,9.396515,2.539374,0.000000,0.871220,2.121061,0.247654,17.492149
0.000000,0.000000,8.137426,2.966684,0.000000,1.132740,2.524715,0.038385,15.518084
0.000000,0.000000,9.188938,2.653745,0.000000,0.890324,2.209938,0.029865,16.876835
0.000000,0.000000,7.739613,2.518923,0.000000,0.743500,2.006340,0.263059,14.570816
0.000000,0.000000,8.377276,2.439777,0.000000,1.162984,2.861153,0.030465,14.877729
0.000000,0.000000,9.370156,2.783201,0.000000,0.842148,2.064940,0.199623,17.599027
0.000000,0.000000,7.448999,2.920187,0.000000,1.263880,2.739315,0.032664,14.477927
0.000000,0.000000,8.212386,2.851581,0.000000,0.969505,2.143419,0.027640,16.452841
0.000000,0.000000,7.618484,2.821323,0.000000,0.893553,2.118237,0.212953,14.791291
0.000000,0.000000,6.977515,2.804050,0.000000,1.171149,3.168363,0.044596,14.033619
0.000000,0.000000,11.012672,3.156916,0.000000,1.025230,2.446149,0.033804,19.902389
0.000000,0.000000,8.019524,2.927750,0.000000,0.936038,2.518693,0.268212,15.396910
0.000000,0.000000,8.544295,3.090071,0.000000,1.417511,2.976359,0.038595,16.264378
0.000000,0.000000,10.704620,3.180502,0.000000,1.121061,2.726868,0.034452,19.660136
0.000000,0.000000,7.862090,2.936036,0.000000,0.997875,2.475688,0.032644,15.660769
0.000000,0.000000,7.292325,4.171887,0.000000,0.921470,2.365427,0.268754,15.931349
0.000000,0.000000,7.082690,2.891153,0.000000,1.516458,3.837071,0.079892,14.458910
0.000000,0.000000,9.507027,3.294179,0.000000,1.279822,2.966594,0.035078,20.434656
0.000000,0.000000,8.238333,2.886851,0.000000,1.019721,3.276993,0.045182,16.541378
0.000000,0.000000,7.330384,3.226088,0.000000,0.933898,2.317514,0.246560,15.905410
0.000000,0.000000,7.302855,2.970488,0.000000,1.276255,3.188795,0.041009,14.705670
0.000000,0.000000,8.244244,3.263729,0.000000,1.047266,3.200148,0.051200,17.200968
0.000000,0.000000,9.725460,3.140696,0.000000,1.032991,2.823993,0.034605,18.521949
0.000000,0.000000,8.169424,3.854009,0.000000,0.961759,3.161690,0.274868,16.828677
0.000000,0.000000,7.968270,4.024769,0.000000,1.757951,5.036915,0.079753,17.345780
0.000000,0.000000,8.799144,3.225474,0.000000,1.102946,2.574452,0.112526,20.252712
0.000000,0.000000,7.382544,3.000493,0.000000,1.012522,4.376485,0.034555,16.127182
0.000000,0.000000,7.474750,2.965440,0.000000,0.874202,5.825731,0.301907,16.842644
0.000000,0.000000,7.909282,3.640673,0.000000,1.555876,8.060464,0.087727,19.559887
0.000000,0.000000,9.401134,3.342870,0.000000,1.160021,3.258148,0.042390,24.216735
0.000000,0.000000,7.164192,3.644893,0.000000,0.981471,2.697701,0.034789,16.288836
0.000000,0.000000,7.523829,2.957338,0.000000,0.912003,2.513824,0.288641,15.125942
0.000000,0.000000,7.089151,3.032311,0.000000,1.371287,3.624665,0.060022,14.793953
0.000000,0.000000,8.206043,3.339866,0.000000,1.204585,3.158201,0.035597,17.829847
0.000000,0.000000,7.610108,2.936268,0.000000,0.988742,2.857491,0.034280,16.090826
0.000000,0.000000,7.714578,2.857222,0.000000,0.929637,2.983929,0.034470,15.425664
0.000000,0.000000,8.428750,2.881388,0.000000,0.875215,2.937068,0.295844,16.220455
0.000000,0.000000,7.644265,2.923104,0.000000,1.723668,4.177570,0.049344,15.651931
0.000000,0.000000,8.210119,3.115792,0.000000,1.138542,3.467832,0.038891,18.446294
0.000000,0.000000,8.462770,3.096654,0.000000,1.021412,3.007889,0.037165,17.309348
0.000000,0.000000,7.831216,2.979275,0.000000,0.915462,2.905006,0.033388,15.948312
0.000000,0.000000,8.162616,2.731968,0.000000,0.721983,2.437244,0.295074,15.745673
0.000000,0.000000,8.046710,2.639438,0.000000,1.312220,3.047032,0.034667,15.237249
0.000000,0.000000,9.019823,2.814998,0.000000,1.171631,2.843293,0.032439,19.070464
0.000000,0.000000,8.140747,2.615147,0.000000,0.969111,2.648995,0.033398,15.956266
0.000000,0.000000,7.951573,2.613188,0.000000,0.930697,3.172555,0.034738,15.280759
0.000000,0.000000,8.269295,2.689867,0.000000,0.748538,2.503122,0.298800,16.163671
0.000000,0.000000,8.080892,2.735064,0.000000,1.513351,3.013664,0.036775,15.634018
0.000000,0.000000,8.519360,2.949154,0.000000,1.222448,2.675243,0.035247,17.225255
0.000000,0.000000,7.703207,2.856409,0.000000,0.991408,3.015524,0.048533,15.525641
0.000000,0.000000,7.883482,2.724256,0.000000,0.885468,2.896127,0.035286,15.689488
0.000000,0.000000,7.206480,2.785417,0.000000,0.790864,3.046419,0.282013,14.858315
0.000000,0.000000,8.620962,2.955235,0.000000,1.529222,4.568637,0.052205,16.691351
0.000000,0.000000,8.792071,3.112019,0.000000,1.258594,3.659118,0.034777,19.309457
0.000000,0.000000,8.474579,2.911428,0.000000,1.060051,4.103778,0.037718,17.444607
0.000000,0.000000,8.075073,2.854828,0.000000,0.952830,3.219361,0.034306,17.285812
0.000000,0.000000,7.332933,2.915647,0.000000,0.934791,3.249345,0.033726,15.469755
0.000000,0.000000,8.134551,3.063046,0.000000,0.930314,3.276810,0.284074,16.487315
0.000000,0.000000,8.571483,3.145950,0.000000,1.472627,3.350515,0.064099,17.265529
0.000000,0.000000,13.426969,3.152007,0.000000,1.372276,3.724202,0.034348,23.079765
0.000000,0.000000,9.348546,3.554485,0.000000,0.990407,4.957972,0.082561,19.360686
0.000000,0.000000,8.142721,2.878315,0.000000,1.116571,4.696367,0.063839,18.153972
0.000000,0.000000,8.901056,2.903404,0.000000,0.919727,2.303352,0.396926,18.653983
0.000000,0.000000,7.629141,2.725220,0.000000,1.382084,4.793963,0.081769,15.492550
0.000000,0.000000,8.674190,3.101481,0.000000,1.165795,3.304447,0.138245,19.574510
0.000000,0.000000,7.884736,2.774214,0.000000,0.936855,4.985489,0.049875,19.984458
0.000000,0.000000,8.247946,2.906928,0.000000,0.925821,5.366954,0.268355,18.138054
0.000000,0.000000,8.195359,2.806684,0.000000,1.359335,6.554592,0.046750,18.644205
0.000000,0.000000,8.805754,3.682817,0.000000,0.988957,2.895240,0.032410,21.600876
0.000000,0.000000,7.809657,2.818587,0.000000,1.006195,2.554945,0.222708,15.850176
0.000000,0.000000,7.956375,2.757618,0.000000,1.222074,2.991096,0.031157,15.520120
0.000000,0.000000,9.038945,3.532982,0.000000,1.034814,2.912498,0.030795,17.847386
0.000000,0.000000,8.781880,2.828904,0.000000,0.929472,2.928222,0.244088,16.672039
0.000000,0.000000,8.593292,2.747590,0.000000,1.301434,3.568329,0.032540,16.522372
0.000000,0.000000,9.727529,3.127726,0.000000,0.999957,3.225417,0.031799,18.904835
0.000000,0.000000,9.318146,2.823360,0.000000,1.455879,3.068048,0.255750,17.491554
0.000000,0.000000,9.352103,7.707394,0.000000,1.230260,2.863278,0.053800,23.238683
0.000000,0.000000,10.073615,2.932263,0.000000,1.105560,2.948695,0.032310,18.371672
0.000000,0.000000,9.505479,2.816970,0.000000,0.956342,3.673406,0.045288,17.543419
0.000000,0.000000,9.870209,3.173038,0.000000,0.919908,3.225955,0.306238,18.857808
0.000000,0.000000,9.176411,2.767492,0.000000,1.457365,3.770598,0.036917,17.443223
0.000000,0.000000,11.409025,3.064053,0.000000,1.183527,3.676820,0.058637,20.951095
0.000000,0.000000,12.543540,3.320365,0.000000,1.024747,3.099535,0.049203,22.267615
0.000000,0.000000,8.888763,2.900294,0.000000,0.914838,2.521346,0.318363,17.039171
0.000000,0.000000,8.617048,3.535840,0.000000,1.335586,3.351557,0.038997,16.942854
0.000000,0.000000,10.725080,2.979905,0.000000,1.058369,2.811770,0.034858,19.653678
0.000000,0.000000,9.259366,2.894977,0.000000,0.932849,2.787961,0.269844,17.183759
0.000000,0.000000,9.159875,2.767710,0.000000,1.420199,3.295604,0.042011,17.090978
0.000000,0.000000,10.353045,2.806094,0.000000,1.147795,2.900311,0.033201,19.274870
0.000000,0.000000,9.416066,2.676175,0.000000,0.899961,2.668902,0.229782,17.312864
0.000000,0.000000,9.451859,2.557507,0.000000,1.155218,2.949897,0.029815,16.997985
0.000000,0.000000,10.294982,2.687134,0.000000,0.982887,2.687737,0.029806,18.217135
0.000000,0.000000,10.792218,2.951084,0.000000,0.854665,2.864207,0.263093,18.851966
0.000000,0.000000,11.202839,2.758027,0.000000,1.216608,3.085701,0.033858,19.137046
0.000000,0.000000,11.729846,2.820185,0.000000,0.948098,3.294477,0.066006,20.147228
0.000000,0.000000,11.884110,3.020557,0.000000,0.882966,2.699021,0.266610,20.649610
0.000000,0.000000,11.370349,3.768654,0.000000,1.256250,3.111315,0.044513,19.989138
0.000000,0.000000,16.373978,2.827083,0.000000,0.923086,4.415000,0.059874,24.848063
0.000000,0.000000,12.171514,2.709235,0.000000,0.837186,2.626671,0.501101,21.893507
0.000000,0.000000,10.284651,2.629184,0.000000,1.468238,3.197206,0.163096,20.119522
0.000000,0.000000,11.355164,3.052902,0.000000,0.919558,7.361721,0.310470,23.333729
0.000000,0.000000,14.128086,3.004022,0.000000,0.781025,3.227948,0.283116,27.928592
0.000000,0.000000,11.372283,2.709415,0.000000,1.125654,3.447225,0.032219,19.417818
0.000000,0.000000,13.171460,2.890628,0.000000,0.829262,3.444218,0.034231,21.860307
0.000000,0.000000,9.857269,2.658903,0.000000,0.680840,3.778562,0.308845,17.856943
0.000000,0.000000,11.262554,3.246488,0.000000,1.403638,4.364546,0.058413,20.407993
0.000000,0.000000,11.261179,2.783364,0.000000,0.906003,3.773462,0.039000,21.382912
0.000000,0.000000,9.024810,3.284235,0.000000,0.812242,2.794419,0.295556,18.233104
0.000000,0.000000,8.566448,2.583155,0.000000,1.281907,3.192788,0.034749,16.093029
0.000000,0.000000,10.071904,3.436107,0.000000,0.989354,3.333152,0.038010,19.145823
0.000000,0.000000,8.481849,2.546047,0.000000,0.817021,2.837090,0.284390,16.591480
0.000000,0.000000,9.546599,2.803187,0.000000,1.362411,3.686879,0.060611,17.357758
0.000000,0.000000,13.677844,2.944745,0.000000,0.977711,2.980803,0.033045,23.062057
0.000000,0.000000,9.264804,3.188088,0.000000,0.804558,2.873942,0.286358,17.590783
0.000000,0.000000,8.977196,2.900884,0.000000,1.273517,3.776186,0.036601,16.992836
0.000000,0.000000,11.964703,2.860197,0.000000,0.975555,3.064791,0.033811,21.110694
0.000000,0.000000,9.626609,2.887982,0.000000,0.911822,2.969724,0.033378,17.891252
0.000000,0.000000,11.092155,2.979714,0.000000,0.820553,3.698160,0.397148,19.191520
0.000000,0.000000,11.993622,2.920644,0.000000,1.476584,3.618402,0.035221,20.992644
0.000000,0.000000,14.716506,4.381771,0.000000,1.179407,3.590866,0.037497,25.588657
0.000000,0.000000,11.024915,4.546128,0.000000,0.749313,5.422413,0.070536,21.534290
0.000000,0.000000,10.967971,3.117758,0.000000,1.422447,3.134644,0.717027,21.622687
0.000000,0.000000,10.012222,2.627209,0.000000,1.407704,6.722702,0.066021,21.302212
0.000000,0.000000,10.021976,2.601725,0.000000,1.013237,7.136557,0.062495,22.772955
0.000000,0.000000,10.952416,3.370425,0.000000,0.898919,2.927339,0.035047,23.666636
0.000000,0.000000,8.716167,3.319287,0.000000,0.730640,2.954757,0.384370,17.210236
0.000000,0.000000,8.660766,2.890509,0.000000,1.707492,3.307276,0.038492,16.678578
0.000000,0.000000,9.790781,3.042977,0.000000,1.118941,3.155744,0.051028,19.346869
0.000000,0.000000,9.135663,2.716557,0.000000,0.931094,3.141234,0.037656,17.338632
0.000000,0.000000,8.415701,2.697627,0.000000,0.838550,2.156815,0.310479,16.289834
0.000000,0.000000,8.779214,2.801626,0.000000,1.326319,2.865242,0.034103,15.943978
0.000000,0.000000,8.645697,2.747479,0.000000,0.987826,3.400098,0.033569,16.828465
0.000000,0.000000,9.422987,2.850797,0.000000,0.811443,2.969892,0.300841,17.864024
0.000000,0.000000,9.022064,2.876282,0.000000,1.214423,3.379867,0.035928,17.082330
0.000000,0.000000,9.279437,2.843266,0.000000,0.983290,3.191336,0.034667,18.004944
0.000000,0.000000,9.892709,2.947363,0.000000,0.741624,2.744203,0.264984,18.386290
0.000000,0.000000,10.047389,2.777411,0.000000,1.264201,3.346731,0.032813,17.706977
0.000000,0.000000,9.232945,2.935627,0.000000,0.944227,3.176819,0.237695,17.957776
0.000000,0.000000,9.220998,2.808175,0.000000,1.153858,4.073329,0.038584,17.612267
0.000000,0.000000,9.733718,3.422446,0.000000,1.095630,3.574914,0.246505,20.034315
0.000000,0.000000,10.185574,2.904829,0.000000,1.442032,2.680490,0.033057,19.162914
0.000000,0.000000,12.325534,3.139364,0.000000,1.267783,2.678573,0.032512,21.093782
0.000000,0.000000,9.604334,3.099914,0.000000,1.006271,3.433671,0.229594,17.891470
0.000000,0.000000,10.588359,3.314613,0.000000,1.226345,5.172287,0.041225,19.813768
0.000000,0.000000,11.289786,3.211559,0.000000,1.095933,3.164485,0.229291,22.165673
0.000000,0.000000,10.287044,3.156872,0.000000,1.246777,3.941384,0.034509,19.253805
0.000000,0.000000,10.801040,3.425835,0.000000,1.155089,3.000380,0.238801,20.945368
0.000000,0.000000,10.052207,3.401158,0.000000,1.372084,3.433140,0.037314,19.286520
0.000000,0.000000,11.884004,3.438427,0.000000,1.269441,3.410423,0.270947,21.575730
0.000000,0.000000,12.654193,3.437791,0.000000,1.637946,5.559283,0.065298,22.259559
0.000000,0.000000,9.390496,3.156212,0.000000,1.391281,3.288038,0.094320,21.103423
0.000000,0.000000,9.403035,3.557977,0.000000,1.078027,6.503738,0.543750,19.884915
0.000000,0.000000,8.840978,2.952662,0.000000,1.441054,5.936010,0.041935,21.605127
0.000000,0.000000,8.609968,2.983167,0.000000,1.224329,3.251793,0.299505,20.287880
0.000000,0.000000,8.537860,2.930176,0.000000,1.527315,3.170516,0.036054,17.451106
0.000000,0.000000,7.885659,2.978244,0.000000,1.343273,3.001819,0.269958,16.903453
0.000000,0.000000,8.996208,2.972705,0.000000,1.520015,3.446751,0.040483,18.010804
0.000000,0.000000,8.860892,3.147242,0.000000,1.324267,3.322667,0.038738,18.413079
0.000000,0.000000,8.374929,3.875358,0.000000,1.137420,3.032936,0.274423,18.257683
0.000000,0.000000,7.545856,3.023914,0.000000,1.509631,3.869757,0.038455,16.377332
0.000000,0.000000,8.189454,3.042108,0.000000,1.251575,3.430061,0.264121,17.939335
0.000000,0.000000,8.295930,3.766944,0.000000,1.333874,3.689258,0.037033,18.373644
0.000000,0.000000,8.601190,3.229742,0.000000,1.296064,3.977011,0.238148,18.270771
0.000000,0.000000,8.390216,3.213255,0.000000,1.523456,3.679258,0.036941,18.377156
0.000000,0.000000,9.017789,3.493813,0.000000,1.635250,3.948232,0.051875,19.229915
0.000000,0.000000,8.574562,3.813210,0.000000,1.144564,3.752682,0.278175,19.587764
0.000000,0.000000,8.105968,3.337122,0.000000,1.511971,4.945903,0.042996,17.883708
0.000000,0.000000,12.295120,3.609168,0.000000,1.632220,3.744719,0.039575,23.897266
0.000000,0.000000,12.344036,3.257065,0.000000,1.321677,3.413100,0.292123,22.451909
0.000000,0.000000,8.631901,3.233424,0.000000,1.813724,4.692387,0.088163,18.266518
0.000000,0.000000,9.309486,3.599562,0.000000,1.273220,3.673926,0.075002,21.326896
0.000000,0.000000,8.608284,3.080443,0.000000,1.091676,3.298443,0.270181,18.263096
0.000000,0.000000,7.953047,3.364214,0.000000,1.353954,5.364252,0.062173,17.312088
0.000000,0.000000,9.979287,3.297031,0.000000,1.320041,4.006119,0.061063,23.126756
0.000000,0.000000,12.309289,3.457944,0.000000,1.234324,3.982651,0.054292,22.772294
0.000000,0.000000,9.460751,4.081424,0.000000,1.027049,4.462216,0.381600,20.336048
0.000000,0.000000,8.408100,3.002778,0.000000,1.640567,3.878358,0.145442,18.806650
0.000000,0.000000,9.377566,3.298699,0.000000,1.164708,6.317852,0.044510,23.004209
0.000000,0.000000,8.920397,2.846592,0.000000,1.033954,3.187793,3.789924,20.553247
0.000000,0.000000,8.926299,2.908064,0.000000,1.541634,8.609673,0.111624,21.159728
0.000000,0.000000,10.789578,3.499049,0.000000,1.298283,4.404392,0.074744,26.807801
0.000000,0.000000,10.832570,3.763995,0.000000,1.365561,3.836645,0.052757,22.139770
0.000000,0.000000,9.272703,3.216747,0.000000,1.046025,3.446553,0.039346,19.025722
0.000000,0.000000,9.729131,3.066755,0.000000,1.096486,3.172692,0.350975,18.622308
0.000000,0.000000,9.597474,3.178408,0.000000,1.518092,3.680472,0.040887,18.743745
0.000000,0.000000,9.871371,3.352479,0.000000,1.271034,3.736085,0.041058,19.963698
0.000000,0.000000,9.178900,3.080007,0.000000,1.155348,4.063018,0.041392,18.708531
0.000000,0.000000,9.933443,2.929874,0.000000,1.048534,3.410847,0.041886,19.678672
0.000000,0.000000,9.250558,3.061761,0.000000,0.922159,2.971730,0.364571,18.179343
0.000000,0.000000,8.593530,3.787896,0.000000,1.787877,5.685885,0.080229,17.858708
0.000000,0.000000,10.668872,3.267071,0.000000,1.312759,3.452833,0.038474,23.121524
0.000000,0.000000,8.586418,3.208532,0.000000,1.181984,3.937702,0.061194,17.966572
0.000000,0.000000,13.622808,3.564796,0.000000,1.014890,2.972381,0.320880,24.041099
0.000000,0.000000,9.444359,4.098969,0.000000,1.952757,4.737578,0.066009,19.130333
0.000000,0.000000,10.403870,3.611647,0.000000,1.314722,3.276514,0.039137,22.448043
0.000000,0.000000,8.696766,3.245583,0.000000,1.146878,4.042690,0.301629,17.986746
0.000000,0.000000,9.319507,3.498375,0.000000,2.055541,6.005442,0.132401,19.688427
0.000000,0.000000,12.857897,3.672326,0.000000,1.591347,3.132483,0.156690,26.972229
0.000000,0.000000,8.588067,3.233893,0.000000,1.105580,6.652803,0.304345,20.532717
0.000000,0.000000,8.897095,3.215482,0.000000,1.413388,10.193804,0.057196,21.482669
0.000000,0.000000,10.319367,4.228443,0.000000,1.220721,3.464618,0.040783,28.448104
0.000000,0.000000,11.098758,3.401819,0.000000,1.114736,3.636409,0.035650,20.652430
0.000000,0.000000,9.684615,3.071752,0.000000,0.851095,2.592842,0.291990,18.865826
0.000000,0.000000,10.778822,3.870653,0.000000,1.399668,3.805126,0.076902,19.817338
0.000000,0.000000,11.409128,3.559497,0.000000,1.281130,2.879562,0.036710,22.035542
0.000000,0.000000,10.866440,3.123606,0.000000,1.138139,2.714581,0.285600,19.475139
0.000000,0.000000,10.928882,3.186464,0.000000,1.457328,3.327882,0.048360,19.529406
0.000000,0.000000,10.179498,3.357634,0.000000,1.320777,3.309254,0.058124,19.898249
0.000000,0.000000,11.508242,3.501172,0.000000,1.209458,2.781912,0.046059,21.264702
0.000000,0.000000,9.086005,3.291141,0.000000,0.996772,2.790706,0.319492,17.658135
0.000000,0.000000,10.585827,3.224425,0.000000,1.626250,3.506813,0.057828,19.137726
0.000000,0.000000,10.335593,3.555495,0.000000,1.272093,3.180930,0.039279,20.671990
0.000000,0.000000,9.598515,3.430022,0.000000,1.103486,3.071766,0.038804,18.794759
0.000000,0.000000,9.169525,3.526513,0.000000,1.082817,3.099726,0.301307,18.071551
0.000000,0.000000,8.759207,3.239899,0.000000,1.552529,3.464555,0.067481,17.661293
0.000000,0.000000,11.466558,3.658345,0.000000,1.363576,3.101816,0.036906,21.960198
0.000000,0.000000,9.396467,4.051275,0.000000,1.078889,2.767530,0.036552,19.184852
0.000000,0.000000,12.176616,3.581688,0.000000,1.059381,2.848280,0.351663,20.817393
0.000000,0.000000,10.603419,3.350282,0.000000,1.960101,3.720384,0.078730,19.502981
0.000000,0.000000,10.611993,4.366942,0.000000,1.351689,2.840010,0.093341,22.613804
0.000000,0.000000,9.221214,3.154418,0.000000,1.157190,6.670999,0.039990,18.472379
0.000000,0.000000,9.547988,3.478018,0.000000,1.017760,2.892059,0.039980,22.117090
0.000000,0.000000,9.631476,3.074387,0.000000,0.874725,2.582296,0.325577,17.908193
0.000000,0.000000,8.024153,3.678765,0.000000,1.688081,3.638198,0.072043,16.646341
0.000000,0.000000,10.368022,3.306079,0.000000,1.331491,3.113428,0.039294,20.604127
0.000000,0.000000,8.758819,3.050082,0.000000,1.120735,2.888261,0.038132,17.496911
0.000000,0.000000,8.578873,3.041398,0.000000,1.080442,2.800494,0.065620,17.187279
0.000000,0.000000,8.302711,3.054453,0.000000,0.986920,2.531995,0.038183,16.509435
0.000000,0.000000,7.862677,3.101301,0.000000,0.809920,2.195977,0.344767,15.670470
0.000000,0.000000,8.019575,2.917364,0.000000,1.674822,3.867940,0.059749,15.393661
0.000000,0.000000,8.825700,3.364205,0.000000,1.302140,2.860747,0.041044,19.283061
0.000000,0.000000,8.269669,2.964277,0.000000,1.109623,2.432194,0.036711,16.712817
0.000000,0.000000,8.796593,3.039718,0.000000,0.965775,2.439253,0.037227,16.507910
0.000000,0.000000,8.040956,3.774600,0.000000,0.873062,2.393503,0.362047,16.454988
0.000000,0.000000,8.346457,3.390395,0.000000,1.448724,3.937526,0.057981,16.634597
0.000000,0.000000,9.821281,3.047889,0.000000,1.227181,2.588969,0.034551,19.666373
0.000000,0.000000,7.811785,3.330386,0.000000,1.098200,2.397148,0.226815,16.113241
0.000000,0.000000,8.934082,3.452649,0.000000,1.921685,2.959901,0.033200,17.500934
0.000000,0.000000,12.311979,4.933630,0.000000,1.266060,2.667829,0.207209,24.848092
0.000000,0.000000,9.203902,4.114032,0.000000,1.918685,3.782757,0.041270,18.692063
0.000000,0.000000,12.505827,6.094030,0.000000,1.557223,7.983155,0.042442,25.600781
0.000000,0.000000,8.249400,3.554964,0.000000,1.326380,2.828010,0.223854,22.592056
0.000000,0.000000,8.414036,3.465030,0.000000,1.532862,3.524239,0.042320,17.368229
0.000000,0.000000,8.540226,3.806841,0.000000,1.591080,3.407670,0.245034,18.733708
0.000000,0.000000,8.127346,3.498765,0.000000,1.850245,3.371016,0.045391,17.952059
0.000000,0.000000,9.077519,3.683915,0.000000,1.659398,3.425467,0.221036,19.491193
0.000000,0.000000,7.715159,3.392967,0.000000,1.598107,3.416316,0.041344,17.760426
0.000000,0.000000,8.730490,3.587510,0.000000,1.676905,3.137122,0.262083,18.591070
0.000000,0.000000,8.819350,3.406880,0.000000,1.737895,3.424750,0.039435,18.588202
0.000000,0.000000,8.945238,3.755824,0.000000,1.662965,3.265314,0.227921,19.285471
0.000000,0.000000,8.383506,3.411791,0.000000,3.036201,6.158919,0.078657,18.153247
0.000000,0.000000,8.789441,6.480760,0.000000,1.612490,3.147344,0.242184,26.339753
0.000000,0.000000,8.149151,3.770108,0.000000,2.070337,4.144188,0.178444,18.176703
0.000000,0.000000,9.649301,3.907297,0.000000,1.839425,3.985232,0.092191,21.774309
0.000000,0.000000,10.138485,3.535576,0.000000,1.561500,3.353780,0.243917,21.214570
0.000000,0.000000,9.334536,3.806757,0.000000,2.000547,4.859653,0.074682,19.500304
0.000000,0.000000,11.078350,3.595305,0.000000,2.202398,4.055324,0.047852,23.078967
0.000000,0.000000,8.223651,4.920975,0.000000,1.842825,3.221852,1.184101,20.796949
0.000000,0.000000,8.467820,3.871202,0.000000,2.090707,4.581620,0.151932,20.445556
0.000000,0.000000,9.613345,3.522826,0.000000,1.600293,3.426456,0.037557,28.416113
0.000000,0.000000,9.466311,3.264689,0.000000,1.447900,3.641100,0.056012,19.089834
0.000000,0.000000,10.024284,3.482030,0.000000,1.259293,3.029640,0.249919,20.006510
0.000000,0.000000,9.038051,3.173638,0.000000,1.706695,3.778301,0.052740,17.913130
0.000000,0.000000,10.683815,3.366340,0.000000,1.577009,3.423213,0.037871,20.989780
0.000000,0.000000,9.412363,3.162235,0.000000,1.392553,3.047529,0.036681,18.968709
0.000000,0.000000,9.265042,3.125976,0.000000,1.244844,3.031942,0.037252,17.994008
0.000000,0.000000,8.802198,3.073363,0.000000,1.233358,2.944674,0.265718,17.314792
0.000000,0.000000,8.595141,3.028883,0.000000,1.742825,4.224606,0.065121,17.246160
0.000000,0.000000,10.715659,3.310710,0.000000,1.642841,3.451614,0.037576,21.541752
0.000000,0.000000,9.489448,3.038285,0.000000,1.604311,3.667493,0.042316,18.798567
0.000000,0.000000,9.166125,2.952236,0.000000,1.839646,3.014192,0.036228,18.653280
0.000000,0.000000,8.193845,3.133745,0.000000,1.337167,2.927052,0.035815,17.365084
0.000000,0.000000,8.475530,3.037312,0.000000,1.193391,3.054049,0.036937,16.977894
0.000000,0.000000,10.099405,3.426589,0.000000,1.220213,2.983978,0.038820,18.945497
0.000000,0.000000,11.022153,3.116689,0.000000,1.254276,2.947813,0.283687,19.557047
0.000000,0.000000,8.863902,4.177679,0.000000,1.534924,5.415049,0.069597,18.704032
0.000000,0.000000,9.403027,2.985764,0.000000,1.642876,3.380305,0.086817,20.754543
0.000000,0.000000,9.133658,2.976479,0.000000,1.407482,6.508095,0.042273,21.358527
0.000000,0.000000,8.617617,2.942662,0.000000,1.383197,2.937146,0.036185,20.621794
0.000000,0.000000,8.782480,2.827772,0.000000,1.189820,2.876864,0.035938,17.059907
0.000000,0.000000,8.866507,2.945308,0.000000,1.213512,2.744479,0.041642,17.083841
0.000000,0.000000,9.775119,2.903981,0.000000,1.232438,2.914677,0.036056,17.847800
0.000000,0.000000,8.500329,2.889238,0.000000,1.164424,2.466071,0.263857,16.675269
0.000000,0.000000,9.310158,2.975187,0.000000,1.554746,3.902600,0.034867,17.273910
0.000000,0.000000,11.329518,3.017598,0.000000,1.580914,2.897120,0.035352,20.969954
0.000000,0.000000,8.731898,2.952899,0.000000,1.504806,2.687925,0.034660,17.396179
0.000000,0.000000,8.918469,2.924099,0.000000,1.386169,3.026188,0.034739,17.532284
0.000000,0.000000,9.475764,3.002366,0.000000,1.239741,3.078405,0.034927,18.174666
0.000000,0.000000,9.211728,2.963856,0.000000,1.182872,3.120190,0.035541,17.671933
0.000000,0.000000,9.880764,2.931541,0.000000,1.217324,4.769196,0.065262,18.302367
0.000000,0.000000,9.660365,3.147082,0.000000,1.074153,3.027495,0.055691,20.110727
0.000000,0.000000,9.340562,3.507323,0.000000,1.120911,2.517607,0.273125,18.157256
0.000000,0.000000,10.669350,3.226364,0.000000,1.577401,2.873707,0.037558,19.011581
0.000000,0.000000,12.654391,3.263506,0.000000,1.571099,3.918064,0.036575,21.712017
0.000000,0.000000,9.781270,4.596077,0.000000,1.307956,3.340953,0.074302,21.127929
0.000000,0.000000,9.532017,2.926635,0.000000,1.393332,2.618870,0.042440,18.850544
0.000000,0.000000,9.374274,2.963280,0.000000,1.216250,8.249612,0.041051,18.949802
0.000000,0.000000,9.574109,2.948534,0.000000,1.210613,7.496351,0.048781,23.186397
0.000000,0.000000,10.917453,4.305885,0.000000,1.215227,2.420840,0.034204,25.232225
0.000000,0.000000,10.262463,3.235763,0.000000,1.195361,2.765013,0.035980,18.304938
0.000000,0.000000,9.847653,3.108837,0.000000,1.047152,2.466269,0.036618,18.165145
0.000000,0.000000,10.897123,3.140442,0.000000,0.989470,2.311779,0.369329,18.820188
0.000000,0.000000,10.775948,3.139885,0.000000,1.599933,2.451630,0.036390,18.759591
0.000000,0.000000,9.882103,2.925942,0.000000,1.615547,2.589263,0.049159,18.126939
0.000000,0.000000,9.510335,2.706432,0.000000,1.331221,2.470843,0.036251,17.578633
0.000000,0.000000,8.888914,2.684868,0.000000,1.340639,2.366070,0.036440,16.487990
0.000000,0.000000,8.647342,2.809532,0.000000,1.188426,2.192395,0.035833,16.450050
0.000000,0.000000,8.936274,3.429483,0.000000,1.176501,1.982439,0.036042,16.884232
0.000000,0.000000,8.948663,2.816854,0.000000,1.049171,1.903036,0.035992,15.986250
0.000000,0.000000,9.403168,2.822132,0.000000,0.919073,2.148434,0.391524,16.257727
0.000000,0.000000,9.450779,2.887898,0.000000,2.296295,2.910956,0.038625,16.899100
0.000000,0.000000,12.075838,3.009500,0.000000,1.727463,2.761013,0.037967,21.526995
0.000000,0.000000,8.642288,3.024109,0.000000,1.625062,2.750011,0.043726,17.330574
0.000000,0.000000,10.324261,3.055958,0.000000,1.589348,2.792293,0.046965,19.066347
0.000000,0.000000,8.979283,2.999586,0.000000,1.417013,2.298068,0.039850,17.493073
0.000000,0.000000,10.195542,2.867649,0.000000,1.324618,2.755831,0.039223,17.975010
0.000000,0.000000,11.141898,3.004120,0.000000,1.363731,2.509132,0.037628,19.449332
0.000000,0.000000,10.248403,3.483685,0.000000,1.423092,2.258268,0.039202,18.672870
0.000000,0.000000,9.664479,3.057919,0.000000,1.058405,6.476979,0.087264,19.575240
0.000000,0.000000,10.582290,2.931611,0.000000,1.061221,2.194613,0.037553,22.296144
0.000000,0.000000,10.054279,3.003512,0.000000,0.966719,1.954620,0.378187,17.370524
0.000000,0.000000,9.873321,2.771376,0.000000,2.070554,2.772674,0.042864,16.990860
0.000000,0.000000,9.013941,2.636665,0.000000,1.497554,2.933827,0.044511,17.729694
0.000000,0.000000,9.424032,2.835272,0.000000,1.482201,2.724130,0.039820,17.989831
0.000000,0.000000,10.615011,2.774241,0.000000,1.440899,2.736095,0.051059,18.831841
0.000000,0.000000,9.836101,2.666967,0.000000,1.309681,2.564469,0.036934,17.852205
0.000000,0.000000,10.395909,2.640285,0.000000,1.342712,2.499204,0.037534,18.036508
0.000000,0.000000,11.845632,2.643847,0.000000,1.269809,2.435895,0.038000,19.483995
0.000000,0.000000,10.912235,2.600602,0.000000,1.168845,2.334801,0.036361,18.358405
0.000000,0.000000,10.053310,2.505361,0.000000,1.039489,2.268189,0.037490,17.222215
0.000000,0.000000,10.771503,2.568260,0.000000,1.078049,2.404763,0.044129,17.809788
0.000000,0.000000,10.048061,2.531510,0.000000,0.984484,2.205385,0.036270,17.305039
0.000000,0.000000,10.578672,2.599063,0.000000,1.078209,2.685660,0.037711,17.502288
0.000000,0.000000,10.115974,2.473825,0.000000,1.458940,2.798530,0.039799,17.624386
0.000000,0.000000,9.866318,3.737006,0.000000,1.136104,2.246215,0.039160,19.415659
0.000000,0.000000,9.648155,2.415670,0.000000,1.184161,2.211144,0.037010,16.645101
0.000000,0.000000,12.084524,2.628145,0.000000,1.246538,2.536351,0.056810,19.358808
0.000000,0.000000,12.299234,2.986796,0.000000,1.100904,2.549585,0.058322,20.580366
0.000000,0.000000,11.509494,3.312786,0.000000,0.883414,3.302011,0.096502,19.958579
0.000000,0.000000,13.562958,2.544790,0.000000,1.338514,3.604775,1.208588,23.178453
0.000000,0.000000,12.213737,2.755447,0.000000,0.942606,2.931028,0.038061,30.654066
0.000000,0.000000,10.898639,2.431322,0.000000,0.836884,2.847870,0.344294,18.316423
0.000000,0.000000,10.486546,2.443543,0.000000,1.783636,3.249286,0.031863,18.165143
0.000000,0.000000,10.187779,2.230518,0.000000,0.000000,0.000000,0.000000,18.682139
