0.000000 0.000000 -0.000000 0.000000 0.000000 0.000000 -0.000000 1.000000
0.104499 -0.014018 -0.028203 1.198998 0.000065 -0.000344 -0.000360 1.000000
0.207793 -0.027874 -0.056081 2.384181 0.000129 -0.000683 -0.000716 1.000000
0.311634 -0.041803 -0.084106 3.575628 0.000194 -0.001024 -0.001073 0.999999
0.415494 -0.055735 -0.112136 4.767291 0.000259 -0.001366 -0.001431 0.999998
0.519644 -0.069707 -0.140244 5.962283 0.000325 -0.001708 -0.001789 0.999997
0.623401 -0.083626 -0.168246 7.152769 0.000391 -0.002049 -0.002146 0.999996
0.727346 -0.097570 -0.196298 8.345400 0.000457 -0.002390 -0.002504 0.999994
0.831180 -0.111499 -0.224319 9.536762 0.000523 -0.002731 -0.002861 0.999992
0.935030 -0.125431 -0.252345 10.728320 0.000589 -0.003072 -0.003218 0.999990
1.038877 -0.139362 -0.280370 11.919830 0.000656 -0.003413 -0.003575 0.999988
1.142774 -0.153300 -0.308407 13.111910 0.000723 -0.003754 -0.003932 0.999985
1.246636 -0.167141 -0.336295 14.303480 0.000778 -0.004078 -0.004221 0.999982
1.350553 -0.181814 -0.365424 15.496590 0.000943 -0.004550 -0.005112 0.999976
1.454410 -0.195073 -0.392444 16.687580 0.000915 -0.004775 -0.004976 0.999976
1.558293 -0.208176 -0.419151 17.881040 0.000751 -0.005072 -0.004691 0.999976
1.662157 -0.222069 -0.445081 19.076630 0.000550 -0.005317 -0.004522 0.999975
1.766057 -0.237295 -0.471514 20.270190 0.001012 -0.005662 -0.004641 0.999973
1.870090 -0.253156 -0.497782 21.464680 0.001533 -0.005907 -0.004513 0.999971
1.973923 -0.270764 -0.524744 22.658830 0.001236 -0.006314 -0.004815 0.999968
2.077874 -0.288791 -0.552730 23.852960 0.001172 -0.006675 -0.004933 0.999965
2.181756 -0.307115 -0.581233 25.046840 0.001556 -0.007130 -0.004937 0.999961
2.285652 -0.327351 -0.606984 26.243100 0.001390 -0.007546 -0.005068 0.999958
2.389627 -0.347249 -0.632943 27.441680 0.000304 -0.007903 -0.004630 0.999958
2.493488 -0.367798 -0.656564 28.637120 0.000200 -0.008352 -0.004307 0.999956
2.597363 -0.389214 -0.682426 29.828300 0.000887 -0.008757 -0.004000 0.999953
2.701441 -0.411276 -0.708720 31.027940 0.001287 -0.009251 -0.003743 0.999949
2.806098 -0.435716 -0.735647 32.231930 0.001291 -0.009625 -0.003949 0.999945
2.909338 -0.459653 -0.763253 33.420240 0.001012 -0.009955 -0.003712 0.999943
3.013136 -0.484698 -0.791594 34.614800 0.000882 -0.010278 -0.003589 0.999940
3.117132 -0.509819 -0.818272 35.812560 0.000841 -0.010525 -0.003210 0.999939
3.221000 -0.536706 -0.845783 37.009280 0.000842 -0.010822 -0.003244 0.999936
3.324990 -0.562741 -0.873467 38.206900 0.000589 -0.010924 -0.002804 0.999936
3.428991 -0.590462 -0.900111 39.405490 -0.000013 -0.010880 -0.002865 0.999937
3.533061 -0.618170 -0.926858 40.602440 -0.000482 -0.010805 -0.003095 0.999937
3.636879 -0.646632 -0.953129 41.798710 -0.000270 -0.010779 -0.003494 0.999936
3.740870 -0.675668 -0.977631 42.995920 -0.000218 -0.010726 -0.003909 0.999935
3.844868 -0.708016 -1.000412 44.195630 -0.000955 -0.010494 -0.005389 0.999930
3.948871 -0.735861 -1.020365 45.395630 -0.002517 -0.009698 -0.005513 0.999935
4.052745 -0.761728 -1.037444 46.596120 -0.003885 -0.008826 -0.005785 0.999937
4.156747 -0.784447 -1.051207 47.801490 -0.005535 -0.007944 -0.005916 0.999936
4.260741 -0.805020 -1.064092 49.004540 -0.006592 -0.007295 -0.005756 0.999935
4.364619 -0.822002 -1.073850 50.203480 -0.005737 -0.006557 -0.004924 0.999950
4.468620 -0.840290 -1.085315 51.404570 -0.004581 -0.006023 -0.005172 0.999958
4.572617 -0.859463 -1.098286 52.605830 -0.004488 -0.005618 -0.005749 0.999958
4.676494 -0.875378 -1.112635 53.811250 -0.004258 -0.005594 -0.005263 0.999961
4.780371 -0.892873 -1.127883 55.015200 -0.003901 -0.005961 -0.004929 0.999962
4.884244 -0.911860 -1.143152 56.220270 -0.003874 -0.006729 -0.005010 0.999957
4.988118 -0.933231 -1.160687 57.427770 -0.004633 -0.007496 -0.005014 0.999949
5.091994 -0.956215 -1.175655 58.632620 -0.004823 -0.007979 -0.005009 0.999944
5.195994 -0.981436 -1.190278 59.838570 -0.004689 -0.008399 -0.005487 0.999939
5.299899 -1.006715 -1.205600 61.042090 -0.004627 -0.008756 -0.005683 0.999935
5.403745 -1.031126 -1.221320 62.245630 -0.004353 -0.008840 -0.005362 0.999937
5.507756 -1.053863 -1.237483 63.447470 -0.003867 -0.008944 -0.004720 0.999941
5.611618 -1.078473 -1.251701 64.647550 -0.004335 -0.009121 -0.004505 0.999939
5.715493 -1.103193 -1.267101 65.850400 -0.005429 -0.009239 -0.004492 0.999932
5.819513 -1.129538 -1.281112 67.047610 -0.004704 -0.009387 -0.004718 0.999934
5.923372 -1.157680 -1.293922 68.241070 -0.003855 -0.009423 -0.005481 0.999933
6.027387 -1.186930 -1.309417 69.435270 -0.003928 -0.009466 -0.006561 0.999926
6.131261 -1.215316 -1.324678 70.626160 -0.004048 -0.009437 -0.007465 0.999919
6.235244 -1.243226 -1.339456 71.816000 -0.004280 -0.009335 -0.008289 0.999913
6.339121 -1.268567 -1.355743 73.002190 -0.004744 -0.008853 -0.008491 0.999914
6.443120 -1.292838 -1.371470 74.187490 -0.005035 -0.007824 -0.009327 0.999913
6.547122 -1.310252 -1.390125 75.365540 -0.004657 -0.006499 -0.009042 0.999927
6.651123 -1.320138 -1.407515 76.540790 -0.001902 -0.005327 -0.007309 0.999957
6.755121 -1.330920 -1.427085 77.716300 -0.001054 -0.004101 -0.007593 0.999962
6.859122 -1.337950 -1.448797 78.894600 -0.002998 -0.002651 -0.007244 0.999966
6.963119 -1.340942 -1.468534 80.068430 -0.003974 -0.000996 -0.007293 0.999965
7.067120 -1.342290 -1.485826 81.234540 -0.002864 0.001004 -0.007515 0.999967
7.171120 -1.335651 -1.506096 82.399130 -0.001589 0.002740 -0.007071 0.999970
7.275124 -1.323865 -1.530312 83.558010 0.000342 0.004434 -0.006363 0.999970
7.379122 -1.309268 -1.555472 84.717450 0.000881 0.006078 -0.005932 0.999964
7.483122 -1.292993 -1.580587 85.876960 -0.000079 0.007891 -0.005839 0.999952
7.587125 -1.273121 -1.605074 87.031140 -0.000543 0.009807 -0.006391 0.999931
7.691125 -1.247131 -1.630673 88.183830 0.000606 0.011647 -0.006216 0.999913
7.795143 -1.216671 -1.656163 89.333360 0.001888 0.013293 -0.006038 0.999892
7.899123 -1.182745 -1.683163 90.483440 0.002078 0.014924 -0.006076 0.999868
8.003122 -1.144128 -1.710419 91.636550 0.001466 0.016357 -0.005409 0.999851
8.107122 -1.101750 -1.736086 92.791290 0.000804 0.017752 -0.005041 0.999829
8.211127 -1.056015 -1.760650 93.947130 -0.000124 0.019125 -0.004647 0.999806
8.315124 -1.006119 -1.785071 95.102620 -0.000700 0.020348 -0.004094 0.999784
8.419122 -0.953966 -1.809543 96.255380 0.000386 0.021487 -0.003424 0.999763
8.523125 -0.897540 -1.834871 97.413170 0.002182 0.022589 -0.002651 0.999739
8.627137 -0.841003 -1.861916 98.572220 0.003753 0.023621 -0.002787 0.999710
8.731123 -0.782045 -1.891643 99.739680 0.004264 0.024435 -0.002844 0.999688
8.835121 -0.723357 -1.922457 100.914100 0.003954 0.024737 -0.002880 0.999682
8.939122 -0.665532 -1.953029 102.094700 0.002948 0.024362 -0.003005 0.999694
9.043123 -0.607718 -1.983093 103.278800 0.002141 0.023676 -0.002684 0.999714
9.147125 -0.550571 -2.012875 104.470000 0.001816 0.022675 -0.002834 0.999737
9.251125 -0.497748 -2.041118 105.667900 0.001519 0.021445 -0.002916 0.999765
9.355001 -0.448327 -2.069739 106.867200 0.001524 0.019892 -0.003159 0.999796
9.459001 -0.405377 -2.098282 108.071900 0.001670 0.018013 -0.003888 0.999829
9.562998 -0.365108 -2.127000 109.278600 0.001571 0.016058 -0.003963 0.999862
9.666891 -0.329075 -2.156853 110.491600 0.001010 0.014035 -0.004297 0.999892
9.770876 -0.298528 -2.185665 111.707300 0.000597 0.011873 -0.004398 0.999920
9.874750 -0.272672 -2.213402 112.923700 0.000221 0.009647 -0.004480 0.999943
9.978770 -0.253779 -2.240145 114.142500 0.000122 0.007252 -0.004673 0.999963
10.082750 -0.241552 -2.267804 115.362800 0.000112 0.004782 -0.005089 0.999976
10.186620 -0.234072 -2.296830 116.586000 0.000251 0.002303 -0.005346 0.999983
10.290630 -0.232571 -2.327575 117.811600 0.000542 -0.000021 -0.005790 0.999983
10.394630 -0.237293 -2.358001 119.039900 0.000691 -0.001866 -0.006709 0.999976
10.498620 -0.246444 -2.388148 120.271400 0.000592 -0.002925 -0.007882 0.999964
10.602630 -0.256232 -2.417424 121.501300 0.000733 -0.003408 -0.008358 0.999959
10.706750 -0.269679 -2.444635 122.742400 0.000527 -0.003949 -0.009424 0.999948
10.810750 -0.283572 -2.471500 123.982900 -0.000057 -0.004450 -0.010129 0.999939
10.914750 -0.297015 -2.498919 125.224100 -0.000042 -0.004828 -0.010148 0.999937
11.018750 -0.316815 -2.521615 126.470200 -0.000885 -0.005257 -0.011780 0.999916
11.122750 -0.336076 -2.543289 127.720200 -0.002346 -0.005563 -0.012589 0.999903
11.226750 -0.353204 -2.561295 128.969900 -0.002602 -0.005953 -0.012074 0.999906
11.330770 -0.370442 -2.578125 130.220100 -0.001648 -0.006213 -0.011931 0.999908
11.434620 -0.384545 -2.596170 131.475600 -0.002005 -0.006580 -0.010569 0.999920
11.538630 -0.397623 -2.614808 132.733500 -0.002978 -0.007098 -0.009388 0.999926
11.642630 -0.413373 -2.631357 133.995900 -0.003913 -0.007255 -0.007989 0.999934
11.746630 -0.429912 -2.646140 135.259300 -0.004837 -0.007418 -0.007103 0.999936
11.850630 -0.443887 -2.660056 136.522600 -0.003860 -0.007374 -0.004919 0.999953
11.954620 -0.457056 -2.675992 137.789500 -0.003013 -0.007388 -0.003594 0.999962
12.058500 -0.472057 -2.693213 139.056800 -0.003000 -0.007297 -0.002801 0.999965
12.162500 -0.490815 -2.711316 140.330600 -0.003209 -0.007162 -0.002776 0.999965
12.266520 -0.509951 -2.728134 141.606000 -0.004096 -0.006814 -0.002958 0.999964
12.370380 -0.531657 -2.744134 142.880200 -0.004966 -0.006468 -0.004264 0.999958
12.474370 -0.550146 -2.759529 144.153000 -0.004565 -0.006179 -0.004302 0.999961
12.578370 -0.568107 -2.775354 145.424100 -0.003259 -0.005970 -0.004458 0.999967
12.682250 -0.586224 -2.794830 146.694000 -0.002224 -0.005757 -0.004540 0.999971
12.786250 -0.601569 -2.818864 147.961100 -0.000164 -0.005630 -0.003905 0.999977
12.890250 -0.618401 -2.844547 149.227000 0.001581 -0.005373 -0.003954 0.999976
12.994130 -0.634443 -2.875057 150.492400 0.002142 -0.005287 -0.003833 0.999976
13.098130 -0.649286 -2.908757 151.756200 0.001949 -0.005334 -0.003746 0.999977
13.202130 -0.666905 -2.939717 153.024800 0.001776 -0.005316 -0.004068 0.999976
13.306000 -0.684175 -2.969914 154.288300 0.001168 -0.005440 -0.004473 0.999975
13.410000 -0.703475 -2.997619 155.553300 0.000885 -0.005567 -0.004707 0.999973
13.514010 -0.721231 -3.024885 156.816900 0.001011 -0.005837 -0.004842 0.999971
13.617880 -0.740134 -3.051707 158.077800 0.000923 -0.006157 -0.005002 0.999968
13.721880 -0.758140 -3.079341 159.342200 0.000371 -0.006501 -0.004721 0.999968
13.825750 -0.778517 -3.107330 160.603700 0.000217 -0.006831 -0.005155 0.999963
13.929750 -0.798967 -3.135262 161.864100 0.000686 -0.007135 -0.005301 0.999960
14.033750 -0.821014 -3.162340 163.126200 0.001236 -0.007544 -0.005528 0.999956
14.137750 -0.844849 -3.191224 164.390300 0.001230 -0.007851 -0.005947 0.999951
14.241630 -0.867607 -3.221845 165.651900 0.001570 -0.008179 -0.005791 0.999949
14.345630 -0.891591 -3.252329 166.914300 0.002171 -0.008582 -0.005925 0.999943
14.449650 -0.915926 -3.282708 168.176500 0.002091 -0.008891 -0.006012 0.999940
14.553630 -0.941804 -3.313952 169.441400 0.001380 -0.009254 -0.006181 0.999937
14.657500 -0.968255 -3.344600 170.704700 0.001146 -0.009626 -0.006216 0.999934
14.761510 -0.995770 -3.373848 171.970700 0.000996 -0.009947 -0.006397 0.999930
14.865380 -1.024319 -3.402447 173.234300 0.000818 -0.010308 -0.006614 0.999925
14.969380 -1.053647 -3.431925 174.498300 0.001207 -0.010607 -0.006723 0.999920
15.073250 -1.083166 -3.461238 175.759000 0.001547 -0.010826 -0.007243 0.999914
15.177250 -1.111965 -3.491932 177.026400 0.001291 -0.011030 -0.007341 0.999911
15.281260 -1.140940 -3.523533 178.289100 0.001741 -0.011198 -0.007307 0.999909
15.385130 -1.167498 -3.555449 179.549200 0.002679 -0.011234 -0.006660 0.999911
15.489130 -1.193384 -3.587083 180.810700 0.002496 -0.011377 -0.005182 0.999919
15.593130 -1.220912 -3.617217 182.072200 0.000877 -0.011531 -0.005135 0.999920
15.697000 -1.249819 -3.644685 183.336700 -0.001703 -0.011591 -0.004995 0.999919
15.801010 -1.280267 -3.669131 184.593400 -0.001319 -0.011688 -0.005166 0.999917
15.905010 -1.311919 -3.694209 185.843100 0.000230 -0.011557 -0.006013 0.999915
16.009010 -1.342768 -3.722358 187.092300 0.001340 -0.011701 -0.006168 0.999912
16.112880 -1.371475 -3.752664 188.338800 0.001295 -0.011788 -0.005957 0.999912
16.216880 -1.400872 -3.781861 189.585600 0.000472 -0.011752 -0.005970 0.999913
16.320880 -1.429913 -3.811043 190.830800 -0.000525 -0.011676 -0.006009 0.999914
16.424880 -1.456920 -3.839753 192.069700 -0.001004 -0.011371 -0.005707 0.999919
16.528880 -1.482347 -3.868861 193.303500 -0.000770 -0.010703 -0.005727 0.999926
16.632880 -1.504387 -3.897568 194.534400 0.000072 -0.010012 -0.005041 0.999937
16.736760 -1.525428 -3.929306 195.761000 0.000784 -0.009384 -0.005022 0.999943
16.840760 -1.543340 -3.962116 196.981600 0.001187 -0.008705 -0.004576 0.999951
16.944760 -1.561315 -3.994523 198.198700 0.000753 -0.008085 -0.004639 0.999956
17.048760 -1.577337 -4.025379 199.411500 -0.000256 -0.007394 -0.004476 0.999963
17.152760 -1.593225 -4.055718 200.619200 -0.000465 -0.006814 -0.004824 0.999965
17.256760 -1.607052 -4.084508 201.820700 -0.000372 -0.006269 -0.004721 0.999969
17.360750 -1.619569 -4.112611 203.015500 -0.000524 -0.005773 -0.004912 0.999971
17.464760 -1.629855 -4.142166 204.203300 -0.000735 -0.005214 -0.005041 0.999973
17.568750 -1.639698 -4.168995 205.382100 -0.000566 -0.004829 -0.005036 0.999975
17.672760 -1.649074 -4.196218 206.552500 -0.000621 -0.004381 -0.005059 0.999977
17.776760 -1.655974 -4.223531 207.709400 -0.000707 -0.004099 -0.004468 0.999981
17.880630 -1.663162 -4.250230 208.852200 -0.001000 -0.003991 -0.004384 0.999982
17.984650 -1.670517 -4.277047 209.981800 -0.001692 -0.004149 -0.004143 0.999981
18.088630 -1.680916 -4.301812 211.093700 -0.001674 -0.004494 -0.004264 0.999979
18.192630 -1.692609 -4.326860 212.190700 -0.001182 -0.004679 -0.004406 0.999979
18.296630 -1.705386 -4.351615 213.274900 -0.000734 -0.004896 -0.004561 0.999977
18.400630 -1.717659 -4.376802 214.345300 -0.000638 -0.005175 -0.004529 0.999976
18.504630 -1.730641 -4.402081 215.404600 -0.000675 -0.005733 -0.004251 0.999974
18.608520 -1.744177 -4.426871 216.448200 -0.001051 -0.006528 -0.004058 0.999970
18.712510 -1.758097 -4.450451 217.485400 -0.001780 -0.007513 -0.003525 0.999964
18.816510 -1.775959 -4.472509 218.507700 -0.002860 -0.008618 -0.003628 0.999952
18.920510 -1.796549 -4.494237 219.511400 -0.002921 -0.009739 -0.003730 0.999941
19.024630 -1.820190 -4.513126 220.495000 -0.002604 -0.011081 -0.003916 0.999928
19.128630 -1.844527 -4.532452 221.461200 -0.002626 -0.012447 -0.003951 0.999911
19.232630 -1.871601 -4.553298 222.402600 -0.002956 -0.013876 -0.004228 0.999890
19.336510 -1.900504 -4.574348 223.322800 -0.002947 -0.015369 -0.004403 0.999868
19.440510 -1.931080 -4.594192 224.219200 -0.002607 -0.016900 -0.004377 0.999844
19.544640 -1.963226 -4.613875 225.093200 -0.002378 -0.018515 -0.004273 0.999817
19.648650 -1.999321 -4.634336 225.946200 -0.002268 -0.020071 -0.004871 0.999784
19.752630 -2.036110 -4.655490 226.775800 -0.001834 -0.021570 -0.005019 0.999753
19.856630 -2.076063 -4.674144 227.588500 -0.001875 -0.022752 -0.005984 0.999721
19.960780 -2.113952 -4.692285 228.382000 -0.001959 -0.023163 -0.006384 0.999709
20.064890 -2.149429 -4.710568 229.159000 -0.002541 -0.023057 -0.006402 0.999710
20.168880 -2.182836 -4.728951 229.916600 -0.002959 -0.022806 -0.006441 0.999715
20.273010 -2.215172 -4.746558 230.657700 -0.002680 -0.022649 -0.006346 0.999720
20.377010 -2.247910 -4.762455 231.388200 -0.001711 -0.022484 -0.006602 0.999724
20.481150 -2.278813 -4.778921 232.115600 -0.000621 -0.022064 -0.006634 0.999734
20.585260 -2.309140 -4.795655 232.838300 0.000057 -0.021498 -0.006659 0.999747
20.689270 -2.338553 -4.813178 233.560000 0.000298 -0.020759 -0.007027 0.999760
20.793380 -2.364800 -4.830531 234.277600 0.000417 -0.019910 -0.006745 0.999779
20.897510 -2.389577 -4.847959 234.991500 0.000413 -0.018985 -0.006652 0.999798
21.001510 -2.414706 -4.864866 235.702100 0.000444 -0.017963 -0.006691 0.999816
21.105630 -2.437161 -4.881579 236.408500 0.000578 -0.016910 -0.006566 0.999835
21.209640 -2.458270 -4.896919 237.111600 0.000449 -0.015471 -0.006620 0.999858
21.313760 -2.475218 -4.912132 237.811400 0.000173 -0.013864 -0.006158 0.999885
21.417760 -2.489243 -4.929647 238.507600 -0.000074 -0.012417 -0.005634 0.999907
21.521880 -2.501543 -4.947554 239.199900 -0.000181 -0.010917 -0.005493 0.999925
21.626010 -2.511949 -4.965562 239.887800 -0.000036 -0.009437 -0.005300 0.999941
21.730010 -2.520293 -4.981740 240.575300 0.000190 -0.007997 -0.005193 0.999955
21.834140 -2.528203 -4.998210 241.263900 0.000654 -0.006521 -0.005675 0.999962
21.938260 -2.534352 -5.015660 241.957300 0.000992 -0.005088 -0.005636 0.999971
22.042260 -2.538348 -5.032044 242.653500 0.000538 -0.003665 -0.005651 0.999977
22.146400 -2.543393 -5.048170 243.355900 0.000205 -0.002380 -0.005909 0.999980
22.250510 -2.545596 -5.064282 244.059000 0.000287 -0.001228 -0.005777 0.999983
22.354510 -2.546852 -5.080295 244.763400 0.000892 -0.000081 -0.005696 0.999983
22.458660 -2.546619 -5.094783 245.471500 0.002187 0.000784 -0.005786 0.999981
22.562760 -2.545576 -5.109038 246.186300 0.002961 0.001261 -0.005419 0.999980
22.666760 -2.543734 -5.126143 246.908100 0.003376 0.001355 -0.005382 0.999979
22.770760 -2.542056 -5.145191 247.635900 0.003489 0.001442 -0.005002 0.999980
22.874760 -2.541896 -5.164585 248.369500 0.003577 0.001531 -0.005457 0.999978
22.978890 -2.542204 -5.185382 249.111400 0.003923 0.001684 -0.005874 0.999974
23.082900 -2.540944 -5.205979 249.857300 0.004920 0.001791 -0.005535 0.999971
23.186890 -2.535403 -5.227370 250.610000 0.005825 0.001976 -0.003650 0.999974
23.290890 -2.529259 -5.246305 251.370800 0.006305 0.002136 -0.001998 0.999976
23.395010 -2.529475 -5.263872 252.145000 0.004764 0.002434 -0.002805 0.999982
23.499010 -2.534412 -5.282956 252.928900 0.001717 0.002766 -0.005000 0.999982
23.603010 -2.531730 -5.300222 253.716000 -0.000636 0.003190 -0.004879 0.999983
23.707160 -2.522827 -5.316153 254.510700 0.000324 0.004134 -0.004140 0.999983
23.811130 -2.516895 -5.328791 255.305600 0.003508 0.006113 -0.004685 0.999964
23.915260 -2.508908 -5.345294 256.111900 0.005796 0.008088 -0.005730 0.999934
24.019270 -2.495854 -5.364407 256.929600 0.005721 0.009694 -0.006454 0.999916
24.123280 -2.476437 -5.385775 257.757800 0.004432 0.011317 -0.005787 0.999909
24.227390 -2.451908 -5.406872 258.592800 0.002865 0.012773 -0.004280 0.999905
24.331390 -2.426274 -5.425049 259.429500 0.001981 0.014117 -0.003048 0.999894
24.435530 -2.401831 -5.445288 260.268500 0.001703 0.015706 -0.002939 0.999871
24.539510 -2.377452 -5.467449 261.102800 0.002688 0.016985 -0.004041 0.999844
24.643640 -2.347909 -5.488513 261.939800 0.003850 0.018165 -0.004247 0.999819
24.747640 -2.315586 -5.509575 262.778700 0.004054 0.019463 -0.004401 0.999793
24.851760 -2.282743 -5.533299 263.621200 0.003083 0.020922 -0.004867 0.999765
24.955760 -2.249292 -5.557575 264.463100 0.002097 0.022572 -0.005645 0.999727
25.059780 -2.211671 -5.580169 265.302600 0.002069 0.023954 -0.005916 0.999693
25.163760 -2.169031 -5.601556 266.145600 0.002452 0.025283 -0.005839 0.999660
25.267760 -2.120601 -5.622751 266.988600 0.002651 0.026581 -0.005030 0.999631
25.371770 -2.070929 -5.642388 267.834500 0.002408 0.027484 -0.003529 0.999613
25.475770 -2.020152 -5.662313 268.682100 0.002368 0.027939 -0.002795 0.999603
25.579770 -1.972336 -5.683949 269.529300 0.002382 0.028228 -0.002418 0.999596
25.683760 -1.923826 -5.705921 270.381600 0.002343 0.028483 -0.002359 0.999589
25.787650 -1.875688 -5.726987 271.234100 0.002127 0.028471 -0.002353 0.999590
25.891640 -1.829452 -5.750154 272.089100 0.001818 0.028200 -0.002637 0.999597
25.995520 -1.783337 -5.773108 272.943200 0.002188 0.027640 -0.002444 0.999613
26.099520 -1.741198 -5.793806 273.795400 0.002614 0.026844 -0.002497 0.999633
26.203510 -1.700845 -5.814912 274.651100 0.003081 0.026029 -0.002880 0.999652
26.307390 -1.660663 -5.835884 275.503500 0.003123 0.025314 -0.003427 0.999669
26.411390 -1.622669 -5.858238 276.354400 0.003172 0.024517 -0.003990 0.999686
26.515270 -1.585579 -5.879709 277.203700 0.002936 0.023407 -0.004239 0.999713
26.619260 -1.550632 -5.901149 278.051600 0.002205 0.022031 -0.004164 0.999746
26.723140 -1.517863 -5.921904 278.896700 0.001056 0.019973 -0.003492 0.999794
26.827140 -1.489305 -5.941918 279.735400 0.000055 0.017601 -0.002911 0.999841
26.931140 -1.466242 -5.960750 280.568700 -0.000643 0.015221 -0.002676 0.999880
27.035140 -1.447757 -5.978025 281.389700 -0.000941 0.012853 -0.002469 0.999914
27.139140 -1.431895 -5.994410 282.203100 -0.001291 0.010584 -0.002227 0.999941
27.243260 -1.419054 -6.010847 283.003600 -0.001400 0.008243 -0.001721 0.999964
27.347260 -1.412086 -6.026687 283.787900 -0.001258 0.006179 -0.001518 0.999979
27.451390 -1.411252 -6.040170 284.555300 -0.001211 0.004193 -0.001729 0.999989
27.555390 -1.414317 -6.053988 285.305200 -0.001251 0.002277 -0.001894 0.999995
27.659410 -1.417779 -6.069167 286.035900 -0.001325 0.000381 -0.001768 0.999997
27.763390 -1.423417 -6.085125 286.744000 -0.000953 -0.001722 -0.001330 0.999997
27.867410 -1.435822 -6.101380 287.433100 -0.000249 -0.004188 -0.001906 0.999989
27.971390 -1.454441 -6.117454 288.100500 0.000690 -0.007346 -0.002720 0.999969
28.075410 -1.477649 -6.132605 288.751100 0.001587 -0.011432 -0.003160 0.999928
28.179260 -1.506373 -6.149396 289.389000 0.002089 -0.016567 -0.003119 0.999856
28.283270 -1.545617 -6.167037 290.017300 0.002230 -0.023256 -0.003355 0.999721
28.387040 -1.597157 -6.182453 290.628100 0.001799 -0.031419 -0.003840 0.999497
28.490900 -1.665044 -6.196964 291.230000 0.001448 -0.041227 -0.005181 0.999135
28.594790 -1.742378 -6.210196 291.806200 0.001494 -0.052406 -0.006053 0.998606
28.698520 -1.834488 -6.224247 292.379000 0.001551 -0.065036 -0.006806 0.997859
28.802270 -1.942994 -6.237015 292.937400 0.001392 -0.078870 -0.007605 0.996855
28.906040 -2.067997 -6.247853 293.467900 0.000857 -0.094118 -0.008303 0.995526
29.009770 -2.209538 -6.257666 293.998100 -0.000063 -0.111063 -0.008226 0.993779
29.113510 -2.367902 -6.271075 294.512100 -0.000975 -0.129297 -0.008262 0.991571
29.217280 -2.543375 -6.285270 294.987900 -0.002182 -0.148387 -0.008858 0.988887
29.321000 -2.739392 -6.297631 295.466700 -0.003330 -0.168368 -0.009534 0.985672
29.424640 -2.949047 -6.307941 295.901800 -0.004356 -0.189050 -0.009751 0.981909
29.528390 -3.178542 -6.314604 296.349200 -0.005328 -0.210398 -0.009567 0.977554
29.632160 -3.425572 -6.320980 296.782800 -0.005989 -0.232716 -0.009299 0.972482
29.735770 -3.687333 -6.328231 297.164100 -0.006677 -0.255929 -0.008881 0.966632
29.839540 -3.968958 -6.332760 297.563400 -0.007543 -0.279831 -0.008212 0.959984
29.943280 -4.268559 -6.336992 297.943900 -0.008560 -0.304417 -0.007952 0.952467
30.047140 -4.586321 -6.339444 298.261700 -0.008854 -0.329397 -0.008614 0.944111
30.150890 -4.922654 -6.345184 298.599700 -0.009275 -0.354952 -0.007993 0.934804
30.254640 -5.270323 -6.347814 298.869400 -0.010833 -0.381220 -0.006898 0.924395
30.358390 -5.635576 -6.343982 299.167200 -0.013676 -0.408553 -0.005099 0.912618
30.462040 -6.014393 -6.339964 299.433700 -0.015794 -0.436675 -0.004125 0.899471
30.565790 -6.404391 -6.332310 299.609200 -0.016870 -0.464858 -0.005216 0.885209
30.669520 -6.808874 -6.331276 299.805000 -0.017085 -0.492363 -0.008573 0.870180
30.773400 -7.216405 -6.326098 299.975100 -0.017122 -0.519489 -0.010975 0.854235
30.877140 -7.620091 -6.315633 300.061900 -0.017267 -0.546186 -0.011875 0.837402
30.980890 -8.027228 -6.304576 300.181100 -0.018231 -0.571971 -0.012232 0.819980
31.084770 -8.436151 -6.292308 300.220000 -0.019959 -0.596977 -0.012686 0.801910
31.188640 -8.849753 -6.282888 300.287300 -0.021620 -0.621289 -0.013628 0.783164
31.292410 -9.270289 -6.271213 300.329100 -0.023353 -0.645665 -0.014037 0.763135
31.396270 -9.696194 -6.256955 300.284000 -0.024289 -0.669884 -0.015532 0.741906
31.500160 -10.136050 -6.242546 300.271200 -0.026308 -0.693593 -0.016963 0.719687
31.603900 -10.581290 -6.224323 300.229300 0.028638 0.716898 0.019065 -0.696329
31.707810 -11.031110 -6.199526 300.097000 0.031054 0.739858 0.021127 -0.671713
31.811650 -11.487940 -6.178297 299.994100 0.033163 0.761953 0.023264 -0.646364
31.915520 -11.943180 -6.150180 299.798200 0.035678 0.783071 0.024771 -0.620414
32.019400 -12.402890 -6.123531 299.632800 0.037778 0.803208 0.025642 -0.593946
32.123290 -12.859800 -6.094784 299.433800 0.039071 0.822127 0.025903 -0.567370
32.227300 -13.310900 -6.063773 299.142900 0.039833 0.839924 0.025508 -0.540639
32.331290 -13.763400 -6.028358 298.874200 0.040097 0.856298 0.025156 -0.514309
32.435430 -14.212510 -5.989762 298.521900 0.040343 0.871307 0.024938 -0.488442
32.539520 -14.663110 -5.950116 298.181100 0.040509 0.884551 0.024931 -0.464012
32.643770 -15.116160 -5.913525 297.801600 0.040765 0.896051 0.025556 -0.441336
32.748020 -15.569170 -5.871992 297.360100 0.042545 0.906384 0.025966 -0.419505
32.852150 -16.024260 -5.830931 296.917900 0.046376 0.916396 0.026007 -0.396726
32.956400 -16.470640 -5.783464 296.401300 0.049450 0.926013 0.026574 -0.373294
33.060520 -16.903920 -5.737737 295.876600 0.050653 0.934839 0.026785 -0.350418
33.164770 -17.322410 -5.692386 295.284300 0.049475 0.942979 0.025714 -0.328149
33.269020 -17.729180 -5.645499 294.684400 0.048870 0.950294 0.023613 -0.306587
33.373140 -18.123430 -5.596317 294.046700 0.047070 0.956931 0.021630 -0.285656
33.477420 -18.505340 -5.550791 293.349600 0.046377 0.962882 0.019624 -0.265185
33.581640 -18.872030 -5.509383 292.636200 0.045530 0.968242 0.019722 -0.245041
33.685770 -19.213810 -5.472940 291.862500 0.043964 0.973306 0.019769 -0.224393
33.790020 -19.538520 -5.435497 291.079400 0.043863 0.977824 0.019220 -0.203881
33.894150 -19.845480 -5.397191 290.240800 0.045120 0.981857 0.019065 -0.183187
33.998280 -20.129220 -5.364689 289.390500 0.047206 0.985363 0.019002 -0.162697
34.102520 -20.381840 -5.330467 288.504700 0.047541 0.988407 0.020014 -0.142796
34.206650 -20.612510 -5.296130 287.567700 0.049247 0.990906 0.020391 -0.123547
34.310770 -20.811550 -5.265003 286.620800 0.049160 0.993055 0.020747 -0.104852
34.414890 -20.977380 -5.231887 285.632200 0.048727 0.994807 0.018720 -0.087369
34.519020 -21.116590 -5.198232 284.629700 0.048392 0.996186 0.017179 -0.070541
34.623270 -21.226910 -5.169612 283.593100 0.048198 0.997197 0.017265 -0.054567
34.727400 -21.307020 -5.143301 282.520500 0.047533 0.997956 0.017334 -0.039048
34.831660 -21.358710 -5.118237 281.431200 0.047073 0.998445 0.017027 -0.024518
34.935780 -21.383580 -5.092068 280.311200 0.047514 0.998672 0.016513 -0.011155
35.040020 -21.377240 -5.068634 279.173300 0.046062 0.998788 0.017287 0.001406
35.144150 -21.345560 -5.044246 278.007500 0.045363 0.998727 0.017694 0.013163
35.248400 -21.289760 -5.021530 276.829500 0.044189 0.998598 0.017374 0.023407
35.352650 -21.209240 -5.001358 275.638800 0.041946 0.998487 0.016114 0.031699
35.456920 -21.111930 -4.983245 274.431300 0.039486 0.998378 0.015504 0.037966
35.561270 -21.001900 -4.965436 273.207500 0.037160 0.998297 0.016204 0.041955
35.665520 -20.886170 -4.946924 271.963000 0.035432 0.998259 0.017134 0.043924
35.769770 -20.776850 -4.927465 270.705000 0.034496 0.998299 0.016304 0.044094
35.874180 -20.665910 -4.906062 269.427900 0.033367 0.998391 0.015613 0.043102
35.978280 -20.555220 -4.883412 268.136000 0.033050 0.998446 0.016057 0.041894
36.082520 -20.447590 -4.861751 266.830600 0.032511 0.998509 0.016550 0.040604
36.186650 -20.345860 -4.838516 265.509700 0.032280 0.998587 0.016877 0.038689
36.290910 -20.249670 -4.817703 264.179400 0.031448 0.998697 0.017686 0.036096
36.395030 -20.156280 -4.799526 262.848100 0.031156 0.998783 0.018815 0.033281
36.499150 -20.070850 -4.780284 261.517300 0.030821 0.998861 0.019663 0.030650
36.603150 -19.993270 -4.760491 260.190200 0.030652 0.998936 0.019838 0.028156
36.707280 -19.921300 -4.738614 258.849900 0.030079 0.999031 0.019472 0.025570
36.811280 -19.855300 -4.717988 257.511300 0.029224 0.999130 0.019105 0.022827
36.915280 -19.796750 -4.696286 256.170200 0.028845 0.999206 0.018761 0.020091
37.019270 -19.745910 -4.673674 254.823900 0.028516 0.999240 0.020037 0.017468
37.123280 -19.703440 -4.648388 253.474600 0.028723 0.999239 0.021668 0.015081
37.227300 -19.668170 -4.618642 252.123200 0.029108 0.999259 0.021674 0.012817
37.331150 -19.639340 -4.586765 250.773100 0.029690 0.999272 0.021326 0.010937
37.435150 -19.613680 -4.556415 249.416200 0.029788 0.999290 0.021049 0.009416
37.539030 -19.590290 -4.529158 248.064400 0.029894 0.999332 0.019388 0.008072
37.642900 -19.569280 -4.501374 246.706000 0.029742 0.999370 0.018132 0.006854
37.746770 -19.551340 -4.473848 245.338200 0.029190 0.999372 0.019277 0.005701
37.850530 -19.538000 -4.445003 243.969800 0.029724 0.999337 0.020461 0.004763
37.954400 -19.526660 -4.411335 242.595700 0.029796 0.999340 0.020315 0.004322
38.058150 -19.513830 -4.378260 241.222400 0.030416 0.999318 0.020507 0.004238
38.162020 -19.503180 -4.346093 239.838500 0.030549 0.999313 0.020512 0.004353
38.265780 -19.493250 -4.316996 238.457700 0.031447 0.999300 0.019761 0.004538
38.369530 -19.480990 -4.286446 237.073200 0.032144 0.999293 0.018855 0.004914
38.473280 -19.466680 -4.255713 235.683900 0.032936 0.999260 0.019113 0.005446
38.577050 -19.450140 -4.223798 234.291100 0.033155 0.999216 0.020835 0.005895
38.680780 -19.430400 -4.186692 232.892800 0.032589 0.999222 0.021256 0.006468
38.784650 -19.406600 -4.152924 231.492200 0.031952 0.999232 0.021605 0.006884
38.888400 -19.381290 -4.121142 230.091400 0.031050 0.999261 0.021451 0.007265
38.992150 -19.355550 -4.091351 228.687700 0.030262 0.999289 0.021190 0.007550
39.095900 -19.332380 -4.061083 227.283200 0.030411 0.999297 0.020563 0.007663
39.199650 -19.309360 -4.031202 225.870900 0.030376 0.999315 0.019645 0.007755
39.303400 -19.288210 -4.003413 224.454100 0.030925 0.999292 0.019957 0.007789
39.407270 -19.265260 -3.975161 223.033900 0.030814 0.999284 0.020451 0.007962
39.511030 -19.240980 -3.945563 221.610600 0.030887 0.999273 0.020845 0.008025
39.614780 -19.214900 -3.915755 220.186300 0.030334 0.999282 0.021224 0.008043
39.718530 -19.190660 -3.884537 218.756500 0.030744 0.999269 0.021307 0.007935
39.822150 -19.164740 -3.851913 217.328200 0.030468 0.999294 0.020460 0.008008
39.925900 -19.140510 -3.816692 215.891500 0.031298 0.999257 0.021017 0.008048
40.029660 -19.114920 -3.783819 214.452300 0.031475 0.999234 0.021821 0.008049
40.133400 -19.083950 -3.744539 213.010900 0.031623 0.999235 0.021532 0.008055
40.237040 -19.053200 -3.706671 211.570300 0.031895 0.999255 0.020187 0.008065
40.340780 -19.022080 -3.670204 210.123500 0.031987 0.999256 0.019982 0.008001
40.444530 -18.990380 -3.634175 208.672200 0.031657 0.999254 0.020581 0.008044
40.548280 -18.960210 -3.596747 207.218600 0.031773 0.999272 0.019512 0.008044
40.652040 -18.927860 -3.559153 205.758200 0.031311 0.999276 0.020046 0.008132
40.755780 -18.896140 -3.524788 204.294800 0.030725 0.999268 0.021335 0.008010
40.859530 -18.864760 -3.487637 202.831800 0.030581 0.999276 0.021175 0.007982
40.963300 -18.837120 -3.453039 201.368400 0.031080 0.999262 0.021124 0.008006
41.067040 -18.809040 -3.419171 199.909100 0.031274 0.999266 0.020608 0.008042
41.170800 -18.780810 -3.384783 198.440400 0.031538 0.999237 0.021672 0.007826
41.274530 -18.751930 -3.350644 196.976200 0.031204 0.999219 0.023062 0.007445
41.378300 -18.723570 -3.313855 195.515300 0.030654 0.999235 0.023259 0.006931
41.482150 -18.697180 -3.276436 194.055600 0.030301 0.999252 0.023170 0.006385
41.585910 -18.671230 -3.241513 192.600100 0.029715 0.999265 0.023461 0.005981
41.689670 -18.648030 -3.205048 191.144100 0.029786 0.999272 0.023224 0.005463
41.793530 -18.628490 -3.170622 189.691500 0.030258 0.999273 0.022659 0.005049
41.897280 -18.610370 -3.138275 188.242900 0.030590 0.999267 0.022510 0.004760
42.001030 -18.594110 -3.107703 186.794500 0.030521 0.999263 0.022852 0.004513
42.104780 -18.576860 -3.075839 185.352500 0.030450 0.999274 0.022519 0.004105
42.208530 -18.560470 -3.044236 183.908500 0.030335 0.999267 0.023017 0.003816
42.312280 -18.546000 -3.011131 182.468700 0.030199 0.999254 0.023824 0.003463
42.416050 -18.533400 -2.977267 181.031600 0.030225 0.999245 0.024237 0.002883
42.519900 -18.523150 -2.942176 179.601000 0.030160 0.999268 0.023476 0.001891
42.623660 -18.515240 -2.908289 178.175300 0.029990 0.999285 0.023016 0.000930
42.727400 -18.510720 -2.873542 176.750700 0.030285 0.999258 0.023781 -0.000105
42.831160 -18.510250 -2.838653 175.337300 0.030696 0.999222 0.024738 -0.001093
42.934910 -18.513260 -2.803213 173.929600 0.031221 0.999216 0.024255 -0.002173
43.038660 -18.518290 -2.769552 172.537500 0.031271 0.999211 0.024258 -0.003168
43.142410 -18.526710 -2.736025 171.156200 0.031365 0.999185 0.025049 -0.004199
43.246160 -18.537100 -2.701364 169.791900 0.031382 0.999161 0.025797 -0.005259
43.349910 -18.551690 -2.666950 168.447100 0.031760 0.999125 0.026471 -0.006348
43.453690 -18.568100 -2.633527 167.126500 0.031864 0.999127 0.026024 -0.007193
43.557400 -18.587040 -2.599237 165.821800 0.032314 0.999105 0.026074 -0.008021
43.661030 -18.605030 -2.565877 164.539000 0.031871 0.999074 0.027586 -0.008572
43.764790 -18.625420 -2.533595 163.279200 0.032078 0.999065 0.027597 -0.008840
43.868530 -18.644440 -2.502804 162.047100 0.031914 0.999097 0.026630 -0.008833
43.972290 -18.662110 -2.473852 160.837100 0.031549 0.999118 0.026296 -0.008763
44.075920 -18.682070 -2.447586 159.653200 0.032025 0.999100 0.026419 -0.008663
44.179660 -18.700430 -2.422217 158.492900 0.032074 0.999101 0.026374 -0.008548
44.283280 -18.717150 -2.396857 157.359800 0.031861 0.999096 0.026866 -0.008331
44.387040 -18.733440 -2.370798 156.250300 0.032100 0.999067 0.027760 -0.008011
44.490780 -18.748920 -2.347373 155.168900 0.031795 0.999064 0.028269 -0.007760
44.594530 -18.762310 -2.322647 154.117300 0.031201 0.999097 0.027845 -0.007518
44.698280 -18.777900 -2.297427 153.088100 0.031508 0.999104 0.027308 -0.007320
44.802160 -18.792390 -2.274461 152.087300 0.031699 0.999114 0.026798 -0.006994
44.905910 -18.804370 -2.252345 151.111100 0.031242 0.999128 0.026854 -0.006753
45.009780 -18.816420 -2.230220 150.162100 0.031641 0.999103 0.027381 -0.006524
45.113530 -18.827380 -2.209938 149.239700 0.031524 0.999100 0.027688 -0.006267
45.217410 -18.837660 -2.187753 148.339300 0.031680 0.999093 0.027792 -0.006088
45.321160 -18.847540 -2.164801 147.461200 0.031811 0.999087 0.027947 -0.005738
45.425030 -18.854760 -2.144196 146.598900 0.031087 0.999117 0.027732 -0.005402
45.528910 -18.862790 -2.123511 145.753800 0.031574 0.999135 0.026552 -0.005236
45.632780 -18.873760 -2.100874 144.922300 0.033058 0.999117 0.025425 -0.005141
45.736660 -18.882390 -2.078341 144.103700 0.033759 0.999107 0.024922 -0.004925
45.840530 -18.886270 -2.059412 143.302400 0.033180 0.999122 0.025090 -0.004961
45.944410 -18.891950 -2.042113 142.519800 0.033290 0.999124 0.024895 -0.004817
46.048410 -18.901260 -2.022990 141.752200 0.034396 0.999110 0.023968 -0.004735
46.152410 -18.908720 -2.005121 140.992900 0.034683 0.999107 0.023645 -0.004757
46.256280 -18.913480 -1.989403 140.242200 0.034521 0.999104 0.023977 -0.004955
46.360280 -18.919450 -1.974562 139.499400 0.034548 0.999090 0.024443 -0.005251
46.464300 -18.926770 -1.960534 138.765400 0.034919 0.999082 0.024196 -0.005522
46.568280 -18.935110 -1.944374 138.044000 0.035590 0.999068 0.023722 -0.005785
46.672300 -18.944380 -1.928158 137.329800 0.036169 0.999059 0.023192 -0.005996
46.776300 -18.954640 -1.914991 136.621400 0.036890 0.999055 0.022171 -0.006078
46.880280 -18.964310 -1.905325 135.917000 0.037126 0.999069 0.021063 -0.006262
46.984290 -18.973720 -1.895274 135.216100 0.037643 0.999070 0.019935 -0.006615
47.088280 -18.979110 -1.881347 134.516900 0.036880 0.999118 0.018845 -0.006862
47.192290 -18.983110 -1.867920 133.819700 0.035964 0.999163 0.018127 -0.007121
47.296290 -18.990970 -1.854861 133.123800 0.036423 0.999134 0.018711 -0.007330
47.400280 -19.003890 -1.839020 132.428600 0.038028 0.999046 0.020111 -0.007462
47.504410 -19.008200 -1.829069 131.740200 0.036171 0.999115 0.020054 -0.007652
47.608410 -19.007380 -1.823556 131.059900 0.033236 0.999236 0.018992 -0.007864
47.712410 -19.011690 -1.813487 130.377400 0.031857 0.999322 0.016758 -0.007732
47.816410 -19.026560 -1.799997 129.692600 0.033824 0.999319 0.012599 -0.007629
47.920410 -19.029760 -1.790406 128.995200 0.031888 0.999394 0.011666 -0.007619
48.024410 -19.029680 -1.783236 128.286700 0.029355 0.999461 0.012789 -0.007255
48.128430 -19.032910 -1.773597 127.563900 0.027944 0.999482 0.014439 -0.006858
48.232410 -19.036890 -1.762349 126.831700 0.027087 0.999488 0.015908 -0.006034
48.336410 -19.040930 -1.751742 126.090400 0.027059 0.999484 0.016519 -0.005070
48.440410 -19.043100 -1.739549 125.338600 0.026980 0.999500 0.016115 -0.003620
48.544410 -19.040600 -1.721883 124.575400 0.026556 0.999532 0.015065 -0.001829
48.648410 -19.033980 -1.704964 123.792800 0.025578 0.999559 0.015107 -0.000298
48.752410 -19.026090 -1.689113 122.991100 0.024919 0.999548 0.016745 0.001382
48.856410 -19.017370 -1.671608 122.172400 0.024986 0.999498 0.019202 0.003140
48.960410 -19.007880 -1.651373 121.337200 0.025807 0.999444 0.020569 0.004807
49.064530 -18.995510 -1.630463 120.488900 0.026520 0.999408 0.020858 0.006660
49.168540 -18.981100 -1.606831 119.622300 0.027422 0.999385 0.020149 0.008509
49.272540 -18.962360 -1.583863 118.740400 0.028143 0.999370 0.018860 0.010567
49.376540 -18.940890 -1.562360 117.841000 0.029240 0.999327 0.018318 0.012478
49.480540 -18.912490 -1.539442 116.920900 0.029850 0.999278 0.018460 0.014516
49.584540 -18.881640 -1.518580 115.984300 0.030595 0.999205 0.019516 0.016484
49.688540 -18.845660 -1.495740 115.027600 0.031268 0.999123 0.020660 0.018670
49.792540 -18.807380 -1.472691 114.057300 0.032790 0.999037 0.020545 0.020704
49.896540 -18.762610 -1.449607 113.072100 0.033574 0.998982 0.019535 0.022926
50.000540 -18.710960 -1.425819 112.070500 0.034155 0.998945 0.017841 0.024969
50.104550 -18.654670 -1.402779 111.050100 0.034586 0.998894 0.017036 0.026910
50.208540 -18.592730 -1.382089 110.010400 0.034553 0.998854 0.017109 0.028339
50.312540 -18.526650 -1.362588 108.954700 0.034629 0.998828 0.016933 0.029275
50.416540 -18.458450 -1.343346 107.884700 0.034139 0.998852 0.015689 0.029730
50.520540 -18.389740 -1.326090 106.796500 0.033886 0.998878 0.014164 0.029894
50.624670 -18.323770 -1.307555 105.692900 0.034899 0.998867 0.012586 0.029806
50.728660 -18.256760 -1.288139 104.562200 0.035636 0.998829 0.014146 0.029512
50.832660 -18.187250 -1.269054 103.411100 0.035420 0.998788 0.017471 0.029364
50.936790 -18.117370 -1.244731 102.246400 0.035712 0.998763 0.018629 0.029162
51.040790 -18.045040 -1.219976 101.074000 0.035251 0.998807 0.017449 0.028945
51.144790 -17.972000 -1.195663 99.881710 0.034814 0.998848 0.016583 0.028549
51.248790 -17.897560 -1.172886 98.671750 0.034120 0.998875 0.016853 0.028286
51.352790 -17.825030 -1.151222 97.447800 0.034075 0.998886 0.016527 0.028144
51.456790 -17.753740 -1.126795 96.208550 0.034499 0.998888 0.016095 0.027800
51.560790 -17.684210 -1.102525 94.952750 0.034652 0.998874 0.017595 0.027207
51.664790 -17.612700 -1.077492 93.677490 0.034040 0.998894 0.018879 0.026387
51.768790 -17.543660 -1.049972 92.393230 0.033754 0.998947 0.017839 0.025449
51.872790 -17.477100 -1.022258 91.090280 0.033379 0.998989 0.017862 0.024230
51.976790 -17.409990 -0.999006 89.774770 0.031792 0.999076 0.017595 0.022951
52.080790 -17.350650 -0.975340 88.454130 0.032881 0.999149 0.012724 0.021427
52.184660 -17.293340 -0.958478 87.109740 0.032848 0.999202 0.010586 0.020097
52.288680 -17.239750 -0.944055 85.737510 0.032866 0.999177 0.014633 0.018721
52.392670 -17.188340 -0.921829 84.351710 0.032542 0.999157 0.018014 0.017400
52.496670 -17.138470 -0.892592 82.956430 0.032079 0.999188 0.018332 0.016078
52.600670 -17.090870 -0.862118 81.553220 0.031618 0.999239 0.017347 0.014876
52.704540 -17.048280 -0.833061 80.126460 0.031592 0.999264 0.016880 0.013702
52.808540 -17.009120 -0.805378 78.683820 0.032020 0.999260 0.017142 0.012648
52.912410 -16.973620 -0.777130 77.227780 0.032865 0.999243 0.017236 0.011681
53.016420 -16.938900 -0.747860 75.757520 0.033006 0.999235 0.018060 0.010712
53.120310 -16.905380 -0.718759 74.284350 0.032640 0.999236 0.019248 0.009597
53.224160 -16.873640 -0.688618 72.808710 0.032003 0.999236 0.020719 0.008550
53.328040 -16.844870 -0.658898 71.334520 0.031451 0.999224 0.022468 0.007538
53.431910 -16.821120 -0.626696 69.861870 0.031734 0.999210 0.022968 0.006662
53.535790 -16.798510 -0.593621 68.394010 0.031752 0.999228 0.022348 0.006001
53.639670 -16.779170 -0.561778 66.924620 0.032037 0.999232 0.021906 0.005375
53.743420 -16.760190 -0.530047 65.456930 0.032056 0.999231 0.022041 0.004894
53.847310 -16.741270 -0.498323 63.987230 0.031572 0.999238 0.022482 0.004548
53.951170 -16.723740 -0.466239 62.522540 0.031459 0.999247 0.022298 0.004225
54.054920 -16.707380 -0.434222 61.059280 0.031551 0.999275 0.020953 0.003909
54.158790 -16.692610 -0.402897 59.588500 0.031961 0.999252 0.021432 0.003714
54.262540 -16.677280 -0.369666 58.118530 0.032179 0.999197 0.023606 0.003671
54.366290 -16.660670 -0.331875 56.651000 0.032301 0.999157 0.025077 0.003744
54.470160 -16.642890 -0.292801 55.188550 0.032097 0.999169 0.024785 0.004099
54.573910 -16.622860 -0.255350 53.735190 0.032227 0.999206 0.022959 0.004595
54.677690 -16.600880 -0.223878 52.277040 0.031656 0.999261 0.021213 0.005040
54.781540 -16.577770 -0.195088 50.820740 0.031569 0.999270 0.020820 0.005414
54.885290 -16.554460 -0.166754 49.366830 0.031205 0.999263 0.021582 0.005754
54.989170 -16.531540 -0.136119 47.911380 0.031790 0.999212 0.022953 0.006083
55.092920 -16.505900 -0.101866 46.461110 0.031493 0.999179 0.024675 0.006433
55.196790 -16.478250 -0.066830 45.013820 0.030702 0.999201 0.024721 0.006590
55.300540 -16.451710 -0.033908 43.575730 0.030651 0.999257 0.022437 0.006574
55.404410 -16.425350 -0.004286 42.136960 0.030547 0.999298 0.020727 0.006368
55.508190 -16.401830 0.022673 40.697890 0.030871 0.999284 0.021002 0.006122
55.611910 -16.380030 0.051399 39.261770 0.031478 0.999233 0.022498 0.005963
55.715790 -16.356790 0.080606 37.824830 0.031226 0.999226 0.023228 0.005772
55.819540 -16.332450 0.111825 36.396840 0.030618 0.999263 0.022500 0.005464
55.923300 -16.307580 0.141409 34.970030 0.029699 0.999299 0.022175 0.005187
56.027170 -16.284740 0.170682 33.544410 0.029256 0.999322 0.021801 0.004906
56.130920 -16.264000 0.199871 32.124710 0.029658 0.999322 0.021282 0.004753
56.234670 -16.246080 0.227999 30.707830 0.030589 0.999296 0.021197 0.004667
56.338420 -16.229870 0.257281 29.284740 0.031851 0.999241 0.021935 0.004611
56.442290 -16.212760 0.286007 27.867600 0.032120 0.999222 0.022415 0.004573
56.546040 -16.194880 0.315660 26.457370 0.032125 0.999237 0.021750 0.004552
56.649810 -16.174820 0.345532 25.050170 0.031320 0.999264 0.021720 0.004394
56.753550 -16.153630 0.374359 23.646100 0.030319 0.999294 0.021777 0.004201
56.857290 -16.134070 0.404138 22.248390 0.029837 0.999311 0.021690 0.004053
56.961060 -16.116230 0.432365 20.856590 0.029738 0.999300 0.022358 0.003968
57.064790 -16.100440 0.461558 19.472550 0.030163 0.999283 0.022547 0.003885
57.168540 -16.086580 0.492678 18.088430 0.030833 0.999256 0.022879 0.003770
57.272300 -16.072580 0.523660 16.708420 0.031005 0.999237 0.023443 0.003751
57.376170 -16.057300 0.553933 15.332990 0.030842 0.999271 0.022206 0.003579
57.479920 -16.040390 0.582246 13.962300 0.029763 0.999352 0.019966 0.003337
57.583670 -16.019560 0.605206 12.595010 0.027744 0.999431 0.018917 0.003295
57.687420 -15.999870 0.627781 11.221520 0.026114 0.999457 0.019788 0.003400
57.791170 -15.981840 0.653636 9.852998 0.025586 0.999440 0.021278 0.003538
57.894920 -15.967530 0.682198 8.487382 0.026199 0.999408 0.022036 0.003536
57.998680 -15.957640 0.712668 7.122797 0.028292 0.999320 0.023351 0.003689
58.102420 -15.949560 0.744327 5.763789 0.030625 0.999233 0.024124 0.003797
58.206190 -15.938770 0.778721 4.400318 0.031870 0.999204 0.023707 0.003814
58.310040 -15.925900 0.812600 3.038918 0.032563 0.999206 0.022615 0.003895
58.413800 -15.909180 0.844665 1.676097 0.032229 0.999247 0.021258 0.003750
58.517550 -15.889630 0.875418 0.308944 0.031132 0.999289 0.020977 0.003598
58.621420 -15.871210 0.904504 -1.063172 0.030274 0.999311 0.021200 0.003492
58.725190 -15.853970 0.933255 -2.436523 0.029882 0.999327 0.021011 0.003366
58.829070 -15.838430 0.960124 -3.813595 0.029977 0.999343 0.020082 0.003303
58.932820 -15.823200 0.987097 -5.192326 0.029732 0.999356 0.019838 0.003237
59.036550 -15.808250 1.014088 -6.576470 0.029641 0.999352 0.020169 0.003215
59.140420 -15.791230 1.041956 -7.966034 0.029000 0.999375 0.019972 0.003167
59.244170 -15.773900 1.070725 -9.357139 0.028024 0.999402 0.020032 0.002942
59.348040 -15.755860 1.100590 -10.755220 0.026794 0.999407 0.021424 0.002847
59.451800 -15.738520 1.129671 -12.149930 0.025943 0.999428 0.021524 0.002718
59.555580 -15.722330 1.159922 -13.547460 0.025712 0.999468 0.019894 0.002522
59.659420 -15.705770 1.188722 -14.951030 0.025110 0.999493 0.019397 0.002552
59.763180 -15.690900 1.214563 -16.359140 0.025005 0.999484 0.019986 0.002727
59.866920 -15.675190 1.238904 -17.764350 0.024420 0.999518 0.018950 0.002781
59.970800 -15.659470 1.258378 -19.173510 0.023916 0.999565 0.017023 0.002879
60.074550 -15.643530 1.279114 -20.584150 0.023634 0.999579 0.016585 0.002988
60.178320 -15.629860 1.298206 -22.003930 0.024026 0.999550 0.017683 0.003131
60.282170 -15.617820 1.320134 -23.424390 0.025476 0.999507 0.018026 0.003376
60.385920 -15.606010 1.342475 -24.845040 0.026411 0.999489 0.017634 0.003640
60.489670 -15.590270 1.362532 -26.267830 0.026181 0.999492 0.017786 0.003849
60.593420 -15.573310 1.381668 -27.687980 0.025927 0.999516 0.016774 0.003813
60.697180 -15.554010 1.401278 -29.115360 0.025375 0.999526 0.016971 0.003863
60.801050 -15.536760 1.423844 -30.547830 0.025160 0.999491 0.019171 0.004143
60.904800 -15.521400 1.450596 -31.973090 0.026350 0.999453 0.019473 0.004434
61.008550 -15.507720 1.474487 -33.396130 0.027725 0.999428 0.018727 0.004875
61.112300 -15.493260 1.496909 -34.819990 0.028702 0.999394 0.018982 0.005208
61.216170 -15.476620 1.519635 -36.244480 0.029380 0.999361 0.019648 0.005381
61.319920 -15.460880 1.542757 -37.665580 0.030372 0.999328 0.019781 0.005472
61.423670 -15.444100 1.566849 -39.082170 0.031487 0.999288 0.020002 0.005626
61.527550 -15.426680 1.593713 -40.499010 0.032386 0.999243 0.020757 0.005804
61.631300 -15.409270 1.621146 -41.913880 0.033319 0.999202 0.021249 0.005844
61.735050 -15.392450 1.647343 -43.322590 0.034463 0.999196 0.019642 0.005852
61.838800 -15.375230 1.670185 -44.724650 0.035666 0.999200 0.017051 0.005978
61.942550 -15.356990 1.689780 -46.130410 0.035966 0.999197 0.016609 0.006064
62.046420 -15.337830 1.710257 -47.537950 0.036055 0.999168 0.018053 0.006106
62.150170 -15.317100 1.733637 -48.943980 0.035848 0.999168 0.018473 0.006110
62.253920 -15.297150 1.757778 -50.346600 0.035636 0.999184 0.018032 0.006025
62.357670 -15.276960 1.783280 -51.748500 0.035729 0.999184 0.017828 0.006044
62.461550 -15.256760 1.808697 -53.152720 0.035388 0.999182 0.018626 0.006020
62.565300 -15.237490 1.833987 -54.547940 0.035655 0.999195 0.017503 0.005684
62.669050 -15.217710 1.859642 -55.949500 0.035155 0.999224 0.016958 0.005269
62.772920 -15.199450 1.883021 -57.352120 0.035041 0.999220 0.017595 0.004723
62.876680 -15.184100 1.905888 -58.751410 0.035479 0.999205 0.017663 0.004356
62.980550 -15.170080 1.927806 -60.150690 0.035969 0.999202 0.016918 0.003897
63.084300 -15.156970 1.949198 -61.549360 0.035797 0.999211 0.016824 0.003526
63.188170 -15.142260 1.969588 -62.951490 0.035494 0.999214 0.017356 0.003107
63.291930 -15.128010 1.989950 -64.350760 0.035124 0.999224 0.017599 0.002684
63.395800 -15.113380 2.010300 -65.750740 0.034537 0.999242 0.017793 0.002305
63.499550 -15.101210 2.031551 -67.146530 0.034523 0.999243 0.017826 0.001972
63.603430 -15.091410 2.052437 -68.538780 0.034463 0.999244 0.017878 0.001781
63.707170 -15.083030 2.071234 -69.934620 0.034938 0.999234 0.017548 0.001763
63.811050 -15.074530 2.087360 -71.323260 0.035187 0.999249 0.016139 0.001939
63.914800 -15.064380 2.102811 -72.708390 0.035180 0.999253 0.015865 0.002055
64.018680 -15.053830 2.117081 -74.095270 0.035590 0.999226 0.016579 0.002312
64.122420 -15.043160 2.130723 -75.476240 0.036383 0.999182 0.017473 0.002680
64.226180 -15.030840 2.146554 -76.856420 0.036866 0.999140 0.018678 0.003226
64.330050 -15.016780 2.163460 -78.226460 0.037233 0.999129 0.018441 0.003823
64.433800 -14.998330 2.179823 -79.593250 0.037154 0.999163 0.016619 0.004147
64.537570 -14.979300 2.191194 -80.953600 0.036233 0.999219 0.015196 0.004314
64.641430 -14.959570 2.200916 -82.317280 0.035570 0.999231 0.015896 0.004360
64.745300 -14.941280 2.214391 -83.680530 0.035618 0.999189 0.018268 0.004357
64.849050 -14.924670 2.232509 -85.034950 0.035873 0.999154 0.019608 0.004395
64.952920 -14.908170 2.250863 -86.384010 0.036184 0.999145 0.019524 0.004345
65.056690 -14.891870 2.268643 -87.726730 0.036220 0.999159 0.018750 0.004161
65.160550 -14.873980 2.282365 -89.070400 0.035894 0.999190 0.017816 0.003738
65.264300 -14.856570 2.296993 -90.408010 0.035340 0.999220 0.017315 0.003279
65.368050 -14.839190 2.311152 -91.741120 0.034750 0.999235 0.017731 0.002776
65.471930 -14.824260 2.326927 -93.076720 0.034608 0.999225 0.018603 0.002454
65.575680 -14.810760 2.341502 -94.400390 0.034605 0.999237 0.017988 0.002079
65.679420 -14.797980 2.357904 -95.724360 0.034602 0.999248 0.017433 0.001789
65.783180 -14.787030 2.374193 -97.045510 0.034698 0.999233 0.018076 0.001442
65.886930 -14.776030 2.389834 -98.363410 0.034433 0.999230 0.018769 0.001091
65.990800 -14.767030 2.407843 -99.676600 0.034373 0.999236 0.018585 0.000582
66.094550 -14.758540 2.426874 -100.983800 0.034565 0.999226 0.018788 0.000186
66.198300 -14.751760 2.444391 -102.290300 0.034612 0.999228 0.018599 -0.000205
66.302080 -14.744100 2.462669 -103.592600 0.034480 0.999233 0.018570 -0.000526
66.405950 -14.739600 2.480363 -104.892000 0.034707 0.999225 0.018547 -0.000849
66.509680 -14.734250 2.498308 -106.185800 0.034367 0.999241 0.018280 -0.001164
66.613430 -14.730660 2.514949 -107.472800 0.034334 0.999252 0.017720 -0.001557
66.717300 -14.728240 2.530663 -108.762900 0.034493 0.999259 0.016962 -0.001763
66.821050 -14.727290 2.547386 -110.045900 0.034719 0.999243 0.017415 -0.001984
66.924810 -14.725550 2.563690 -111.329100 0.034568 0.999220 0.018976 -0.001973
67.028680 -14.724790 2.582153 -112.605400 0.035031 0.999217 0.018309 -0.001903
67.132440 -14.721530 2.600374 -113.877100 0.034735 0.999237 0.017748 -0.001770
67.236300 -14.719600 2.617244 -115.147700 0.035063 0.999220 0.018078 -0.001782
67.340050 -14.717800 2.634202 -116.411100 0.035452 0.999202 0.018326 -0.001662
67.443820 -14.715820 2.650909 -117.669100 0.035626 0.999187 0.018793 -0.001472
67.547680 -14.712840 2.667793 -118.923800 0.035447 0.999185 0.019273 -0.001374
67.651550 -14.709830 2.685657 -120.173400 0.035580 0.999186 0.018984 -0.001327
67.755300 -14.705660 2.703911 -121.414100 0.035334 0.999194 0.018986 -0.001317
67.859060 -14.702940 2.719941 -122.644900 0.035387 0.999194 0.018898 -0.001413
67.962930 -14.700540 2.735913 -123.867100 0.035137 0.999207 0.018639 -0.001678
68.066810 -14.698810 2.751503 -125.081500 0.034634 0.999219 0.018888 -0.002323
68.170550 -14.698300 2.767801 -126.287100 0.034068 0.999226 0.019436 -0.002946
68.274430 -14.698520 2.784821 -127.485200 0.033427 0.999238 0.019857 -0.003540
68.378180 -14.701180 2.801395 -128.670400 0.033133 0.999254 0.019375 -0.004209
68.482050 -14.706140 2.817529 -129.845300 0.033246 0.999265 0.018497 -0.004797
68.585930 -14.712330 2.833172 -131.008900 0.033451 0.999260 0.018302 -0.005112
68.689680 -14.718960 2.848691 -132.162100 0.033901 0.999226 0.019297 -0.005121
68.793560 -14.724880 2.863999 -133.299600 0.034179 0.999193 0.020504 -0.005008
68.897430 -14.733340 2.880267 -134.417400 0.035210 0.999149 0.020882 -0.005044
69.001180 -14.743140 2.895211 -135.514000 0.036176 0.999123 0.020459 -0.005022
69.105050 -14.746190 2.913166 -136.594200 0.035268 0.999144 0.021008 -0.005186
69.208930 -14.752330 2.928943 -137.654200 0.035337 0.999107 0.022585 -0.005173
69.312800 -14.758470 2.946711 -138.686900 0.035365 0.999104 0.022513 -0.005847
69.416810 -14.764660 2.964758 -139.695700 0.034728 0.999137 0.021728 -0.006818
69.520680 -14.773570 2.979529 -140.676300 0.034516 0.999137 0.021867 -0.007496
69.624560 -14.784870 2.993256 -141.631100 0.035027 0.999108 0.022166 -0.008051
69.728440 -14.797430 3.006784 -142.556200 0.035560 0.999080 0.022428 -0.008435
69.832320 -14.808450 3.020005 -143.452200 0.036002 0.999066 0.022446 -0.008246
69.936320 -14.818020 3.032842 -144.321100 0.036926 0.999047 0.022078 -0.007324
70.040060 -14.823300 3.044707 -145.155000 0.038765 0.999009 0.021445 -0.004381
70.143930 -14.818770 3.055661 -145.963300 0.040974 0.998937 0.021084 0.001277
70.247560 -14.797570 3.065594 -146.744500 0.042971 0.998808 0.020790 0.010164
70.351180 -14.754560 3.071965 -147.499200 0.043672 0.998594 0.021067 0.021402
70.454810 -14.688160 3.079106 -148.224500 0.043459 0.998220 0.022410 0.034144
70.558570 -14.599290 3.086043 -148.926000 0.042771 0.997625 0.023957 0.048386
70.662180 -14.492020 3.088830 -149.594700 0.042583 0.996758 0.024102 0.063874
70.765810 -14.364200 3.087775 -150.225000 0.043204 0.995464 0.022871 0.081619
70.869430 -14.213120 3.089330 -150.833500 0.044168 0.993587 0.020876 0.101974
70.973060 -14.036480 3.090778 -151.416200 0.044785 0.991057 0.019112 0.124237
71.076680 -13.833420 3.086577 -151.950400 0.044708 0.987800 0.018072 0.148077
71.180310 -13.608540 3.076710 -152.476900 0.045251 0.983535 0.017697 0.174062
71.283930 -13.360410 3.060860 -152.950200 0.046202 0.978165 0.017085 0.201908
71.387680 -13.082430 3.046760 -153.424000 0.045959 0.971709 0.016024 0.231112
71.491310 -12.777230 3.032264 -153.874300 0.045741 0.964085 0.015263 0.261181
71.595080 -12.446530 3.015235 -154.267200 0.045343 0.955236 0.014580 0.291986
71.698810 -12.093300 2.992923 -154.666400 0.045379 0.945038 0.014186 0.323484
71.802430 -11.716550 2.969218 -155.032800 0.044635 0.933541 0.013667 0.355418
71.906200 -11.318150 2.947184 -155.331000 0.044108 0.920354 0.013537 0.388355
72.009810 -10.901070 2.926439 -155.630100 0.043041 0.905752 0.013168 0.421411
72.113680 -10.465890 2.901563 -155.856400 0.040368 0.890199 0.012489 0.453608
72.217450 -10.020430 2.872763 -156.082600 0.038177 0.873755 0.011372 0.484733
72.321310 -9.567123 2.844586 -156.277800 0.036572 0.856256 0.009880 0.515161
72.425180 -9.106293 2.815747 -156.405900 0.036043 0.837705 0.009035 0.544857
72.529060 -8.642035 2.787238 -156.538900 0.036521 0.818151 0.008016 0.573786
72.632930 -8.174402 2.755500 -156.635100 0.036715 0.797751 0.005993 0.601838
72.736950 -7.699412 2.722687 -156.663100 0.036255 0.776492 0.004065 0.629071
72.840820 -7.221458 2.690343 -156.690300 0.034198 0.754067 0.002809 0.655901
72.944810 -6.734167 2.665011 -156.651000 0.031358 0.730567 0.004194 0.682108
73.048810 -6.243160 2.641270 -156.617100 0.028594 0.705942 0.007272 0.707655
73.152830 -5.751237 2.615199 -156.544400 0.024261 0.680369 0.010084 0.732399
73.256690 -5.261917 2.593307 -156.393600 0.019163 0.653863 0.012307 0.756271
73.360680 -4.779011 2.569364 -156.243900 0.014384 0.626222 0.013185 0.779401
73.464560 -4.305429 2.552946 -156.024400 0.012510 0.597538 0.013770 0.801625
73.568560 -3.838336 2.542408 -155.807800 0.011754 0.567919 0.014015 0.822881
73.672580 -3.375344 2.534833 -155.554100 0.010234 0.537590 0.015348 0.843005
73.776440 -2.922418 2.530704 -155.220900 0.008118 0.506672 0.016769 0.861937
73.880450 -2.480572 2.522617 -154.890600 0.006060 0.475154 0.017762 0.879702
73.984440 -2.057963 2.510377 -154.483900 0.004332 0.443529 0.017384 0.896081
74.088440 -1.653879 2.499815 -154.079500 0.003999 0.412271 0.016080 0.910911
74.192560 -1.268487 2.493093 -153.640100 0.005455 0.381278 0.015449 0.924315
74.296560 -0.898358 2.487045 -153.140900 0.007393 0.350822 0.015744 0.936281
74.400680 -0.551078 2.478814 -152.632500 0.007739 0.320497 0.015630 0.947089
74.504810 -0.226137 2.467171 -152.060600 0.006442 0.289913 0.015501 0.956906
74.608810 0.062307 2.456904 -151.483600 0.004622 0.258334 0.014587 0.965935
74.712820 0.323482 2.446327 -150.879700 0.004073 0.226303 0.015079 0.973932
74.816930 0.552355 2.433161 -150.216600 0.002872 0.194726 0.014444 0.980747
74.921080 0.748482 2.422189 -149.549700 0.001981 0.165400 0.013580 0.986131
75.025200 0.912912 2.410623 -148.838000 0.002062 0.138765 0.010586 0.990267
75.129560 1.048250 2.402930 -148.112500 0.002512 0.115185 0.007457 0.993313
75.233810 1.163229 2.393425 -147.348300 0.002584 0.094410 0.004726 0.995519
75.338190 1.265054 2.383452 -146.566800 0.001993 0.076155 0.004479 0.997084
75.442560 1.348496 2.371923 -145.760400 0.001058 0.059282 0.004331 0.998231
75.546930 1.407670 2.359471 -144.926700 0.000538 0.043973 0.003792 0.999025
75.651310 1.444780 2.346915 -144.073800 0.000450 0.030640 0.002177 0.999528
75.755680 1.463451 2.332663 -143.197700 0.000735 0.019556 -0.000284 0.999808
75.860220 1.469675 2.319985 -142.303200 0.001251 0.011616 -0.002870 0.999928
75.964710 1.468738 2.305914 -141.386700 0.001907 0.006754 -0.005444 0.999961
76.069190 1.471319 2.290968 -140.450900 0.001876 0.004853 -0.007185 0.999961
76.173710 1.479967 2.274698 -139.492300 0.001496 0.004389 -0.007636 0.999960
76.278060 1.489345 2.260154 -138.515400 0.000882 0.003920 -0.006994 0.999967
76.382460 1.499366 2.246738 -137.518100 0.000409 0.003326 -0.006701 0.999972
76.486810 1.504842 2.234017 -136.504500 0.000493 0.002475 -0.005880 0.999980
76.591060 1.505414 2.220167 -135.473500 0.000797 0.001323 -0.006064 0.999980
76.695310 1.504501 2.205688 -134.421900 0.000365 0.000345 -0.005863 0.999983
76.799440 1.503329 2.190202 -133.351800 -0.000899 -0.000556 -0.005861 0.999982
76.903560 1.501627 2.176140 -132.264800 -0.001460 -0.001493 -0.005086 0.999985
77.007690 1.498560 2.159629 -131.160300 -0.000746 -0.002299 -0.004920 0.999985
77.111810 1.491650 2.144473 -130.039000 0.000099 -0.002916 -0.004526 0.999986
77.215940 1.482380 2.128143 -128.899600 0.000166 -0.003529 -0.004412 0.999984
77.320060 1.470024 2.111152 -127.744100 0.000184 -0.003895 -0.004861 0.999981
77.424060 1.458443 2.092643 -126.576400 0.000647 -0.004085 -0.005129 0.999978
77.528190 1.447721 2.073753 -125.388300 0.001087 -0.004054 -0.005117 0.999978
77.632190 1.436723 2.053638 -124.185000 0.000727 -0.003736 -0.005368 0.999978
77.736190 1.426398 2.032685 -122.965400 0.000476 -0.003265 -0.005423 0.999980
77.840190 1.418040 2.009877 -121.734400 0.001345 -0.002524 -0.005687 0.999980
77.944210 1.413177 1.984400 -120.491700 0.003176 -0.001592 -0.005829 0.999977
78.048060 1.410381 1.956743 -119.231500 0.004498 -0.000738 -0.005508 0.999974
78.152070 1.407398 1.927293 -117.950900 0.004733 -0.000234 -0.004740 0.999978
78.255940 1.405768 1.897027 -116.657200 0.004342 -0.000294 -0.004156 0.999982
78.359820 1.402662 1.864276 -115.348300 0.004253 -0.000827 -0.003623 0.999984
78.463690 1.396732 1.832056 -114.029100 0.005794 -0.001450 -0.003705 0.999975
78.567580 1.385028 1.800206 -112.695000 0.006476 -0.002653 -0.003704 0.999969
78.671320 1.369687 1.767521 -111.340500 0.005873 -0.004182 -0.003917 0.999966
78.775190 1.351798 1.734254 -109.972600 0.004980 -0.005466 -0.003552 0.999966
78.879060 1.330549 1.700357 -108.592800 0.005118 -0.006154 -0.004091 0.999960
78.982940 1.308290 1.668467 -107.200300 0.005715 -0.006768 -0.003941 0.999953
79.086810 1.284827 1.635925 -105.791100 0.005952 -0.007368 -0.003529 0.999949
79.190690 1.259616 1.601652 -104.367900 0.006679 -0.007843 -0.003546 0.999941
79.294440 1.230259 1.565326 -102.932100 0.006803 -0.008361 -0.004438 0.999932
79.398310 1.202212 1.530047 -101.478700 0.006095 -0.008456 -0.004234 0.999937
79.502200 1.170075 1.495851 -100.007600 0.004670 -0.008266 -0.005189 0.999941
79.606060 1.142136 1.463280 -98.529110 0.003633 -0.008035 -0.005277 0.999947
79.709940 1.115543 1.436157 -97.026010 0.002484 -0.007886 -0.004793 0.999954
79.813820 1.089274 1.410680 -95.515710 -0.000592 -0.007657 -0.005088 0.999958
79.917560 1.062982 1.390693 -94.002290 -0.003416 -0.007537 -0.005251 0.999952
80.021460 1.036568 1.374673 -92.491430 -0.004850 -0.007543 -0.005627 0.999944
80.125190 1.009148 1.361424 -90.982260 -0.005878 -0.007551 -0.006516 0.999933
80.228940 0.984734 1.348472 -89.476090 -0.006265 -0.007604 -0.006244 0.999932
80.332810 0.961647 1.333401 -87.973230 -0.005387 -0.007797 -0.005994 0.999937
80.436670 0.939998 1.316473 -86.466900 -0.004104 -0.007566 -0.005619 0.999947
80.540440 0.919141 1.298308 -84.967240 -0.004028 -0.007131 -0.005318 0.999952
80.644320 0.899547 1.282847 -83.454360 -0.005413 -0.006635 -0.005435 0.999949
80.748100 0.883448 1.268237 -81.949500 -0.005340 -0.006328 -0.004547 0.999955
80.851960 0.867953 1.252710 -80.445540 -0.004462 -0.006080 -0.004435 0.999962
80.955700 0.852047 1.234831 -78.942400 -0.004357 -0.005758 -0.004286 0.999965
81.059440 0.838174 1.219714 -77.439600 -0.005457 -0.005510 -0.004004 0.999962
81.163210 0.825573 1.207956 -75.934440 -0.006555 -0.005195 -0.003519 0.999959
81.266940 0.813423 1.199179 -74.432000 -0.007353 -0.005198 -0.003270 0.999954
81.370700 0.800315 1.189369 -72.936360 -0.006926 -0.005424 -0.003044 0.999957
81.474570 0.784979 1.176896 -71.443360 -0.004668 -0.005717 -0.003192 0.999968
81.578330 0.763954 1.160600 -69.956000 -0.003407 -0.006065 -0.004799 0.999964
81.682070 0.745043 1.144297 -68.462600 -0.004373 -0.006271 -0.005373 0.999956
81.785940 0.725241 1.128317 -66.971320 -0.005164 -0.006419 -0.006049 0.999948
81.889700 0.710763 1.111896 -65.489110 -0.003828 -0.006688 -0.004597 0.999960
81.993440 0.694630 1.096104 -64.005150 -0.004096 -0.007123 -0.004022 0.999958
82.097310 0.677741 1.080622 -62.525510 -0.005765 -0.007473 -0.003541 0.999949
82.201070 0.658775 1.067484 -61.045360 -0.005049 -0.008019 -0.003090 0.999950
82.304840 0.637038 1.049226 -59.575570 -0.002893 -0.008685 -0.002857 0.999954
82.408570 0.613503 1.030981 -58.103460 -0.003293 -0.009300 -0.002550 0.999948
82.512440 0.585664 1.015669 -56.627620 -0.005839 -0.009924 -0.002576 0.999930
82.616210 0.557118 1.005763 -55.160600 -0.005845 -0.010584 -0.002417 0.999924
82.719960 0.525398 0.995703 -53.698020 -0.005217 -0.011020 -0.002654 0.999922
82.823820 0.490709 0.984688 -52.236680 -0.005301 -0.011003 -0.003265 0.999920
82.927570 0.456132 0.970952 -50.778540 -0.005355 -0.011046 -0.003924 0.999917
83.031440 0.423541 0.955865 -49.322870 -0.005145 -0.011134 -0.003969 0.999917
83.135190 0.392853 0.939187 -47.869400 -0.004730 -0.011112 -0.003809 0.999920
83.238940 0.362164 0.923009 -46.417970 -0.004770 -0.010865 -0.003485 0.999924
83.342820 0.333567 0.906968 -44.968420 -0.004814 -0.010626 -0.002966 0.999928
83.446570 0.307032 0.891114 -43.525590 -0.004820 -0.010332 -0.002222 0.999933
83.550440 0.280628 0.875470 -42.079120 -0.005648 -0.009944 -0.001855 0.999933
83.654320 0.254373 0.859437 -40.636560 -0.005674 -0.009498 -0.001956 0.999937
83.758190 0.228118 0.843610 -39.197170 -0.005004 -0.009173 -0.002202 0.999943
83.862070 0.202969 0.825329 -37.762520 -0.004018 -0.008741 -0.002467 0.999951
83.965950 0.177799 0.806336 -36.327960 -0.003703 -0.008282 -0.003064 0.999954
84.069850 0.153725 0.786514 -34.895080 -0.004884 -0.007853 -0.004033 0.999949
84.173690 0.132669 0.768286 -33.463810 -0.005738 -0.007367 -0.004411 0.999947
84.277690 0.113374 0.752231 -32.036040 -0.005605 -0.006801 -0.004594 0.999951
84.381590 0.097461 0.735284 -30.613960 -0.004806 -0.006211 -0.004712 0.999958
84.485440 0.084829 0.716896 -29.193990 -0.003577 -0.005474 -0.004171 0.999970
84.589320 0.072241 0.698098 -27.777530 -0.004053 -0.004825 -0.004254 0.999971
84.693200 0.060626 0.678599 -26.355960 -0.005115 -0.004118 -0.004555 0.999968
84.797070 0.052569 0.658693 -24.947680 -0.002759 -0.003384 -0.004543 0.999980
84.900940 0.043902 0.632931 -23.543420 0.000058 -0.002764 -0.005484 0.999981
85.004820 0.037209 0.602174 -22.139890 0.001202 -0.002177 -0.006050 0.999979
85.108710 0.032329 0.565375 -20.738440 0.001800 -0.001698 -0.005948 0.999979
85.212450 0.029259 0.529558 -19.340630 0.001791 -0.001313 -0.005693 0.999981
85.316330 0.026697 0.494739 -17.943660 0.000958 -0.001143 -0.005377 0.999984
85.420190 0.025161 0.462474 -16.550260 -0.000078 -0.000950 -0.004945 0.999987
85.523960 0.024160 0.431254 -15.166140 -0.000234 -0.000839 -0.004328 0.999990
85.627820 0.023545 0.398755 -13.782590 0.000784 -0.001044 -0.003904 0.999992
85.731590 0.021588 0.367007 -12.403820 0.001183 -0.001348 -0.003511 0.999992
85.835320 0.015281 0.334385 -11.027370 0.000638 -0.001848 -0.004114 0.999990
85.939070 0.008956 0.301604 -9.654739 0.000202 -0.002454 -0.004057 0.999989
86.042820 -0.000537 0.271620 -8.285137 0.000056 -0.003129 -0.004392 0.999985
86.146690 -0.009785 0.241450 -6.914129 -0.000569 -0.003682 -0.004214 0.999984
86.250460 -0.020445 0.210832 -5.548032 0.000342 -0.004227 -0.003851 0.999984
86.354210 -0.031141 0.181287 -4.183286 0.001218 -0.004389 -0.003416 0.999984
86.458070 -0.044372 0.147333 -2.818515 0.001589 -0.004531 -0.003566 0.999982
86.561820 -0.057897 0.113470 -1.456295 0.001450 -0.004713 -0.003811 0.999981
86.665690 -0.072897 0.078169 -0.090700 0.000937 -0.004853 -0.004099 0.999979
86.769450 -0.088643 0.045904 1.269419 0.001378 -0.004915 -0.004518 0.999977
86.873200 -0.103171 0.011772 2.629005 0.001355 -0.005052 -0.004743 0.999975
86.976950 -0.117565 -0.020163 3.988036 0.001119 -0.005156 -0.004849 0.999974
87.080700 -0.131883 -0.053463 5.344099 0.001198 -0.005229 -0.004992 0.999973
87.184570 -0.145883 -0.088121 6.704415 0.001389 -0.005329 -0.004752 0.999974
87.288320 -0.160177 -0.122172 8.059835 0.001681 -0.005405 -0.004793 0.999972
87.392070 -0.175095 -0.154637 9.415895 0.001100 -0.005420 -0.004731 0.999974
87.495830 -0.192609 -0.187042 10.771070 0.000471 -0.005367 -0.005601 0.999970
87.599690 -0.208154 -0.220746 12.123170 0.000656 -0.005364 -0.005486 0.999970
87.703450 -0.223104 -0.253449 13.477330 0.001075 -0.005299 -0.005484 0.999970
87.807320 -0.235533 -0.289202 14.830320 0.001109 -0.005226 -0.005289 0.999972
87.911070 -0.248220 -0.323711 16.180930 0.001079 -0.005256 -0.005378 0.999971
88.014950 -0.258853 -0.358279 17.533560 0.000741 -0.005235 -0.004867 0.999974
88.118700 -0.270914 -0.393605 18.883050 0.000537 -0.005090 -0.004803 0.999975
88.222590 -0.283357 -0.428489 20.233300 0.000780 -0.005096 -0.004867 0.999975
88.326320 -0.295209 -0.463001 21.580160 0.001318 -0.005133 -0.004720 0.999975
88.430200 -0.309468 -0.496613 22.926530 0.001066 -0.005337 -0.005059 0.999972
88.534070 -0.323376 -0.531503 24.273080 0.000967 -0.005495 -0.004997 0.999972
88.637820 -0.338072 -0.565242 25.613530 0.001144 -0.005753 -0.005078 0.999970
88.741580 -0.353458 -0.599164 26.954890 0.000409 -0.005984 -0.004974 0.999970
88.845450 -0.367457 -0.630802 28.293060 -0.000301 -0.006067 -0.004497 0.999971
88.949200 -0.383673 -0.661141 29.623840 0.000052 -0.005999 -0.004546 0.999972
89.052950 -0.397680 -0.692571 30.950900 0.000570 -0.005822 -0.004075 0.999975
89.156800 -0.413998 -0.724036 32.282480 0.000705 -0.005652 -0.004430 0.999974
89.260590 -0.427007 -0.756656 33.606510 0.000435 -0.005392 -0.004122 0.999977
89.364320 -0.439757 -0.788716 34.926910 0.000111 -0.005138 -0.003742 0.999980
89.468090 -0.451537 -0.820635 36.243360 0.000185 -0.004936 -0.003629 0.999981
89.571830 -0.461529 -0.851704 37.554970 0.000092 -0.004804 -0.002955 0.999984
89.675570 -0.471855 -0.882457 38.866520 -0.000342 -0.004715 -0.002535 0.999986
89.779340 -0.483912 -0.911531 40.173770 -0.000916 -0.004905 -0.002250 0.999985
89.883200 -0.497489 -0.940360 41.480160 -0.001076 -0.005407 -0.002198 0.999982
89.986950 -0.512504 -0.968570 42.778450 -0.000948 -0.005994 -0.002400 0.999979
90.090700 -0.534623 -0.995653 44.076020 -0.001498 -0.006512 -0.003776 0.999971
90.194450 -0.555204 -1.019285 45.373170 -0.003150 -0.006873 -0.004012 0.999963
90.298330 -0.578258 -1.038533 46.670100 -0.005003 -0.007206 -0.004490 0.999951
90.402080 -0.599992 -1.053627 47.961110 -0.006654 -0.007601 -0.004643 0.999938
90.505950 -0.623098 -1.066505 49.249440 -0.007457 -0.008143 -0.004800 0.999928
90.609700 -0.645636 -1.075808 50.527650 -0.006377 -0.008587 -0.003915 0.999935
90.713570 -0.674006 -1.087279 51.810410 -0.005420 -0.009075 -0.004599 0.999934
90.817320 -0.702063 -1.100738 53.087220 -0.005077 -0.009626 -0.004905 0.999929
90.921070 -0.731140 -1.115793 54.360900 -0.005101 -0.010192 -0.005310 0.999921
91.024840 -0.762477 -1.130431 55.629480 -0.004464 -0.010709 -0.005440 0.999918
91.128700 -0.794281 -1.144783 56.901570 -0.004939 -0.011257 -0.005550 0.999909
91.232450 -0.826899 -1.159941 58.170850 -0.005319 -0.011771 -0.005496 0.999901
91.336220 -0.859787 -1.174664 59.434080 -0.005257 -0.012166 -0.005606 0.999896
91.439950 -0.895091 -1.188757 60.694630 -0.005053 -0.012494 -0.005811 0.999892
91.543700 -0.928288 -1.203865 61.949310 -0.004927 -0.012749 -0.005462 0.999892
91.647600 -0.962179 -1.218811 63.207400 -0.004461 -0.013099 -0.004716 0.999893
91.751210 -0.996173 -1.234090 64.458430 -0.004530 -0.013519 -0.004285 0.999889
91.855080 -1.031828 -1.250518 65.710170 -0.005361 -0.013889 -0.004253 0.999880
91.958830 -1.068654 -1.267809 66.953700 -0.004928 -0.014137 -0.004515 0.999878
92.062580 -1.107414 -1.284607 68.191430 -0.004000 -0.014275 -0.005376 0.999876
92.166320 -1.148265 -1.303043 69.433080 -0.004160 -0.014287 -0.006547 0.999868
92.270070 -1.188155 -1.321203 70.668750 -0.004179 -0.014125 -0.007795 0.999861
92.373830 -1.227083 -1.338073 71.900280 -0.004326 -0.013610 -0.008831 0.999859
92.477580 -1.261385 -1.354666 73.127190 -0.005220 -0.012648 -0.008917 0.999867
92.581320 -1.293464 -1.370635 74.341090 -0.005907 -0.011802 -0.009381 0.999869
92.685070 -1.318225 -1.387753 75.543590 -0.005769 -0.011070 -0.008292 0.999888
92.788830 -1.337076 -1.406295 76.722760 -0.003368 -0.010220 -0.006731 0.999919
92.892580 -1.359396 -1.424263 77.886940 -0.003610 -0.009106 -0.007402 0.999925
92.996320 -1.377966 -1.443308 79.037380 -0.006266 -0.007706 -0.007330 0.999924
93.100200 -1.392300 -1.459771 80.159900 -0.006481 -0.006190 -0.007726 0.999930
93.203950 -1.402951 -1.475612 81.267680 -0.004710 -0.004338 -0.007857 0.999949
93.307830 -1.407266 -1.495464 82.366820 -0.002136 -0.002846 -0.007426 0.999966
93.411580 -1.406566 -1.518542 83.461900 0.000730 -0.001416 -0.006515 0.999978
93.515450 -1.402636 -1.542197 84.557510 0.001728 -0.000197 -0.005636 0.999983
93.619200 -1.397294 -1.566145 85.655240 0.000588 0.000676 -0.004943 0.999987
93.723080 -1.394094 -1.587213 86.751130 -0.000639 0.001287 -0.005112 0.999986
93.826830 -1.391329 -1.608126 87.836530 -0.000180 0.001787 -0.005164 0.999985
93.930700 -1.385563 -1.630039 88.919170 0.000983 0.002240 -0.005172 0.999984
94.034580 -1.380200 -1.654701 89.998110 0.001394 0.002690 -0.005410 0.999981
94.138450 -1.372397 -1.681009 91.075680 0.000368 0.002968 -0.005271 0.999982
94.242330 -1.363832 -1.705257 92.149620 -0.000449 0.002948 -0.004646 0.999985
94.346200 -1.356111 -1.726171 93.218640 -0.000848 0.002762 -0.004092 0.999987
94.450090 -1.348852 -1.747689 94.282140 -0.001334 0.002053 -0.003167 0.999992
94.553950 -1.343107 -1.769082 95.344680 -0.001397 0.000560 -0.002096 0.999997
94.657710 -1.341283 -1.790649 96.398510 -0.000358 -0.001282 -0.000976 0.999999
94.761580 -1.346362 -1.812458 97.452060 0.001400 -0.003135 -0.000820 0.999994
94.865460 -1.357998 -1.835038 98.508010 0.003347 -0.005019 -0.001193 0.999981
94.969330 -1.375059 -1.861895 99.570070 0.003911 -0.007236 -0.001668 0.999965
95.073200 -1.397412 -1.887691 100.636400 0.003283 -0.009850 -0.001819 0.999944
95.176950 -1.426691 -1.913252 101.710300 0.002425 -0.013014 -0.002196 0.999910
95.280830 -1.463118 -1.939200 102.787400 0.001838 -0.016495 -0.002078 0.999860
95.384700 -1.507808 -1.964419 103.868200 0.001672 -0.020162 -0.002440 0.999792
95.488580 -1.561792 -1.988222 104.956600 0.001109 -0.023291 -0.003341 0.999723
95.592470 -1.622720 -2.010967 106.050200 0.000446 -0.025438 -0.005076 0.999663
95.696330 -1.686244 -2.034406 107.147500 0.000663 -0.026132 -0.007102 0.999633
95.800330 -1.748773 -2.056669 108.251400 0.001182 -0.025289 -0.009431 0.999635
95.904330 -1.806035 -2.079756 109.361600 0.001749 -0.023191 -0.011367 0.999665
96.008460 -1.855701 -2.102084 110.482100 0.001516 -0.020389 -0.012571 0.999712
96.112450 -1.897032 -2.123092 111.608400 0.000809 -0.017057 -0.013430 0.999764
96.216600 -1.928092 -2.145152 112.743600 0.000579 -0.013048 -0.013891 0.999818
96.320580 -1.949092 -2.166434 113.881100 0.001054 -0.008388 -0.014467 0.999860
96.424720 -1.958712 -2.187910 115.026300 0.001584 -0.003459 -0.014767 0.999884
96.528700 -1.956136 -2.210288 116.178800 0.001746 0.001216 -0.014418 0.999894
96.632830 -1.940135 -2.235787 117.341400 0.002236 0.005979 -0.013903 0.999883
96.736830 -1.913209 -2.261146 118.507600 0.002680 0.010663 -0.012850 0.999857
96.840830 -1.876270 -2.286958 119.683900 0.002560 0.014800 -0.012349 0.999811
96.944850 -1.833080 -2.312120 120.865900 0.002039 0.018322 -0.012082 0.999757
97.048710 -1.781388 -2.338144 122.056000 0.001605 0.021298 -0.012115 0.999698
97.152720 -1.725066 -2.362701 123.258100 0.001281 0.023964 -0.012813 0.999630
97.256580 -1.665951 -2.387598 124.465900 0.000955 0.026316 -0.014094 0.999554
97.360580 -1.602097 -2.410925 125.683600 0.000786 0.028240 -0.015452 0.999481
97.464460 -1.529042 -2.432251 126.909600 0.000067 0.029771 -0.015246 0.999440
97.568330 -1.454190 -2.455779 128.142800 -0.000130 0.030510 -0.015218 0.999419
97.672210 -1.374919 -2.480551 129.386400 0.002247 0.030550 -0.014137 0.999431
97.776080 -1.292610 -2.504395 130.641100 0.002739 0.030065 -0.011882 0.999474
97.879840 -1.212752 -2.530425 131.910500 0.001087 0.028982 -0.009860 0.999531
97.983580 -1.135332 -2.552624 133.188800 0.000452 0.027289 -0.007589 0.999599
98.087470 -1.063477 -2.571936 134.480900 -0.000726 0.024814 -0.005371 0.999677
98.191080 -0.998254 -2.593743 135.780800 -0.001043 0.021643 -0.002985 0.999761
98.294840 -0.941991 -2.613858 137.088700 -0.000221 0.018253 -0.001041 0.999833
98.398700 -0.895798 -2.633690 138.414000 -0.000269 0.014978 0.000188 0.999888
98.502470 -0.860070 -2.654048 139.749100 -0.000737 0.011800 0.000562 0.999930
98.606200 -0.832678 -2.674907 141.091200 -0.001304 0.009017 0.000407 0.999958
98.709960 -0.816625 -2.693332 142.451300 -0.002310 0.006380 -0.000463 0.999977
98.813830 -0.808213 -2.711653 143.817500 -0.001885 0.003708 -0.001019 0.999991
98.917580 -0.806307 -2.728963 145.190900 -0.000388 0.001106 -0.001457 0.999998
99.021330 -0.810774 -2.750987 146.574200 0.000628 -0.001321 -0.002041 0.999997
99.125080 -0.818199 -2.779541 147.962100 0.002813 -0.003197 -0.002062 0.999989
99.228960 -0.831134 -2.811042 149.366300 0.004647 -0.004329 -0.002740 0.999976
99.332710 -0.846513 -2.846681 150.779100 0.005046 -0.005125 -0.003115 0.999969
99.436580 -0.863698 -2.884423 152.201700 0.004738 -0.005943 -0.003366 0.999965
99.540330 -0.881861 -2.922677 153.629700 0.004168 -0.006655 -0.003614 0.999963
99.644080 -0.903141 -2.959476 155.065500 0.003302 -0.007406 -0.003988 0.999959
99.747960 -0.925229 -2.995496 156.508200 0.002671 -0.008131 -0.004025 0.999955
99.851710 -0.950588 -3.030265 157.949000 0.002000 -0.008984 -0.004365 0.999948
99.955460 -0.976517 -3.064935 159.391700 0.000902 -0.009855 -0.004179 0.999942
100.059200 -1.007339 -3.096653 160.831700 0.000220 -0.010776 -0.004606 0.999931
100.163000 -1.039444 -3.129506 162.271400 0.000598 -0.011648 -0.004852 0.999920
100.266800 -1.075629 -3.162047 163.708800 0.001085 -0.012282 -0.005455 0.999909
100.370600 -1.112662 -3.196968 165.144700 0.001362 -0.012657 -0.005832 0.999902
100.474400 -1.150964 -3.232057 166.580700 0.002245 -0.012778 -0.006278 0.999896
100.578200 -1.188887 -3.267867 168.014200 0.002388 -0.012699 -0.006796 0.999893
100.682000 -1.225583 -3.303343 169.454500 0.001358 -0.012523 -0.006949 0.999897
100.785700 -1.262468 -3.337774 170.887600 0.000638 -0.012307 -0.007021 0.999899
100.889600 -1.297634 -3.371687 172.319400 0.000372 -0.011990 -0.007104 0.999903
100.993300 -1.333194 -3.405560 173.746700 0.000266 -0.011575 -0.007640 0.999904
101.097200 -1.366304 -3.440420 175.168800 0.000707 -0.011072 -0.007950 0.999907
101.201000 -1.398479 -3.475354 176.592900 0.000842 -0.010503 -0.008374 0.999909
101.304700 -1.427528 -3.511715 178.011200 0.001333 -0.009790 -0.008314 0.999917
101.408500 -1.453391 -3.547073 179.425100 0.002185 -0.009117 -0.007607 0.999927
101.512300 -1.476326 -3.583634 180.838600 0.002101 -0.008429 -0.006402 0.999942
101.616100 -1.498241 -3.619675 182.250200 0.000790 -0.007778 -0.005712 0.999953
101.719800 -1.518870 -3.652469 183.660800 -0.001351 -0.007005 -0.005387 0.999960
101.823600 -1.539735 -3.680137 185.061600 -0.000887 -0.006221 -0.005868 0.999963
101.927300 -1.559212 -3.708117 186.455600 0.000566 -0.005412 -0.006506 0.999964
102.031100 -1.576113 -3.742055 187.848400 0.001258 -0.004826 -0.006558 0.999966
102.134800 -1.590302 -3.777663 189.241800 0.001287 -0.004195 -0.006450 0.999970
102.238700 -1.603074 -3.811744 190.634400 0.000236 -0.003830 -0.006074 0.999974
102.342500 -1.613327 -3.843743 192.020600 -0.000689 -0.003690 -0.005260 0.999979
102.446200 -1.623756 -3.875123 193.400800 -0.000414 -0.003698 -0.004607 0.999982
102.550000 -1.633867 -3.905876 194.776400 0.000433 -0.003829 -0.003846 0.999985
102.653700 -1.645539 -3.938930 196.150900 0.001185 -0.003987 -0.003825 0.999984
102.757600 -1.657445 -3.973595 197.522900 0.001508 -0.004088 -0.003631 0.999984
102.861300 -1.669867 -4.009132 198.889600 0.000865 -0.004149 -0.003963 0.999983
102.965100 -1.682304 -4.042827 200.254700 0.000119 -0.004241 -0.004065 0.999983
103.068800 -1.694878 -4.074851 201.611000 -0.000019 -0.004352 -0.004170 0.999982
103.172600 -1.705984 -4.106859 202.969800 -0.000222 -0.004410 -0.004302 0.999981
103.276500 -1.717412 -4.139885 204.322600 -0.000229 -0.004371 -0.004650 0.999980
103.380200 -1.727574 -4.171862 205.668900 0.000075 -0.004468 -0.004700 0.999979
103.484000 -1.737778 -4.204811 207.012200 0.000284 -0.004560 -0.004548 0.999979
103.587700 -1.746442 -4.238781 208.350600 0.000665 -0.004623 -0.004330 0.999980
103.691600 -1.757196 -4.270954 209.690800 0.000293 -0.004660 -0.004343 0.999980
103.795400 -1.768399 -4.303818 211.025100 -0.000057 -0.004771 -0.004590 0.999978
103.899100 -1.780005 -4.335485 212.350500 0.000096 -0.004914 -0.004376 0.999978
104.002700 -1.792488 -4.366042 213.666800 0.000012 -0.005214 -0.004250 0.999977
104.106500 -1.802728 -4.397364 214.966700 -0.000679 -0.005687 -0.003677 0.999977
104.210200 -1.814957 -4.428604 216.247800 -0.001703 -0.006452 -0.003629 0.999971
104.314000 -1.826714 -4.458316 217.507200 -0.002835 -0.007217 -0.003148 0.999965
104.417800 -1.842513 -4.486884 218.742600 -0.004064 -0.007936 -0.003435 0.999954
104.521600 -1.859734 -4.515014 219.950800 -0.004085 -0.008660 -0.003930 0.999946
104.625300 -1.877890 -4.540479 221.128700 -0.003589 -0.009397 -0.003951 0.999942
104.729200 -1.895168 -4.569335 222.285200 -0.003808 -0.010528 -0.003736 0.999930
104.833000 -1.917244 -4.598297 223.410800 -0.003686 -0.012197 -0.003731 0.999912
104.936700 -1.941670 -4.625178 224.505100 -0.003447 -0.014079 -0.003321 0.999889
105.040500 -1.971966 -4.651833 225.567200 -0.003294 -0.015842 -0.003760 0.999862
105.144300 -2.004581 -4.679495 226.603500 -0.003122 -0.017277 -0.004077 0.999838
105.248100 -2.040151 -4.706339 227.603500 -0.003251 -0.018346 -0.005226 0.999813
105.352000 -2.073778 -4.731016 228.574200 -0.003875 -0.019036 -0.005212 0.999798
105.455800 -2.106014 -4.755443 229.512500 -0.004798 -0.019722 -0.005217 0.999780
105.559600 -2.139617 -4.778138 230.414600 -0.005032 -0.020433 -0.005142 0.999765
105.663500 -2.174190 -4.799162 231.286800 -0.004955 -0.021291 -0.005309 0.999747
105.767300 -2.207888 -4.818374 232.126300 -0.004740 -0.022262 -0.004982 0.999729
105.871200 -2.243669 -4.838575 232.933300 -0.003936 -0.023151 -0.005550 0.999709
105.975200 -2.280068 -4.860372 233.718900 -0.002673 -0.023463 -0.006345 0.999701
106.079100 -2.314971 -4.881633 234.492100 -0.000665 -0.022849 -0.007146 0.999713
106.183100 -2.346879 -4.903083 235.265400 0.001022 -0.021013 -0.007988 0.999747
106.287100 -2.372559 -4.923693 236.037200 0.001543 -0.018579 -0.007864 0.999795
106.391100 -2.391165 -4.943065 236.807500 0.001190 -0.016450 -0.007098 0.999839
106.495100 -2.406340 -4.961684 237.576200 0.000618 -0.014398 -0.006244 0.999877
106.599100 -2.421540 -4.979606 238.338400 0.000096 -0.012247 -0.005589 0.999909
106.703100 -2.438172 -4.997815 239.102100 -0.000038 -0.009969 -0.005596 0.999935
106.807100 -2.449188 -5.016120 239.859300 0.000051 -0.007698 -0.005438 0.999956
106.911100 -2.457471 -5.032857 240.613800 0.000084 -0.005598 -0.005460 0.999969
107.015100 -2.464848 -5.049016 241.365200 -0.000096 -0.003692 -0.005483 0.999978
107.119000 -2.471118 -5.064022 242.113000 -0.000610 -0.001905 -0.005382 0.999984
107.223000 -2.477940 -5.076752 242.858500 -0.001278 -0.000330 -0.005517 0.999984
107.327000 -2.481229 -5.090455 243.601200 -0.001510 0.000628 -0.005147 0.999985
107.431000 -2.485941 -5.103671 244.338300 -0.000994 0.001176 -0.004915 0.999987
107.535000 -2.487604 -5.118722 245.075200 0.000353 0.001583 -0.004986 0.999986
107.639000 -2.493249 -5.131839 245.816400 0.002255 0.001959 -0.005437 0.999981
107.742800 -2.494730 -5.147361 246.562300 0.003359 0.002183 -0.005436 0.999977
107.846800 -2.497272 -5.164438 247.315700 0.003406 0.001963 -0.005024 0.999980
107.950800 -2.498606 -5.182585 248.072300 0.003202 0.001691 -0.004732 0.999982
108.054800 -2.503085 -5.199298 248.832900 0.003078 0.001370 -0.005241 0.999981
108.158800 -2.506486 -5.218219 249.599100 0.003828 0.001093 -0.005412 0.999977
108.262900 -2.508505 -5.237784 250.366500 0.005046 0.001275 -0.004583 0.999976
108.366800 -2.505563 -5.256841 251.139500 0.005940 0.001671 -0.003225 0.999976
108.470800 -2.503453 -5.273084 251.921600 0.004852 0.002278 -0.002630 0.999982
108.574800 -2.508541 -5.289235 252.711600 0.001910 0.002743 -0.004712 0.999983
108.678800 -2.507121 -5.306929 253.508800 -0.001085 0.003449 -0.004825 0.999982
108.782900 -2.498934 -5.321532 254.303700 -0.000960 0.004397 -0.003815 0.999983
108.887000 -2.491981 -5.336196 255.099000 0.002062 0.005961 -0.003995 0.999972
108.991000 -2.485561 -5.351123 255.900000 0.004517 0.007518 -0.004797 0.999950
109.095000 -2.475778 -5.370200 256.706800 0.004923 0.008675 -0.005612 0.999934
109.199000 -2.461593 -5.392720 257.525900 0.004126 0.009835 -0.005563 0.999928
109.303000 -2.442073 -5.414196 258.348100 0.002858 0.010872 -0.004415 0.999927
109.407000 -2.418788 -5.432422 259.175900 0.002208 0.011741 -0.002615 0.999925
109.511000 -2.398099 -5.451575 260.007200 0.002556 0.012753 -0.002303 0.999913
109.615000 -2.379400 -5.472421 260.843600 0.003721 0.013703 -0.003261 0.999894
109.719000 -2.357178 -5.492976 261.687800 0.005393 0.014411 -0.003967 0.999874
109.823000 -2.331649 -5.513461 262.540800 0.006391 0.015190 -0.004088 0.999856
109.927000 -2.305211 -5.536213 263.407800 0.005621 0.016190 -0.004539 0.999843
110.031000 -2.278446 -5.560785 264.282700 0.004600 0.017276 -0.005113 0.999827
110.135000 -2.248880 -5.585020 265.167000 0.004379 0.017990 -0.005301 0.999815
110.239000 -2.217026 -5.608340 266.059300 0.004610 0.018233 -0.005285 0.999809
110.343000 -2.181048 -5.632766 266.960400 0.004716 0.018276 -0.004234 0.999813
110.447000 -2.144562 -5.657825 267.869300 0.004207 0.018310 -0.003517 0.999817
110.551000 -2.107091 -5.684566 268.787200 0.004102 0.018466 -0.002968 0.999817
110.655000 -2.072995 -5.710527 269.711700 0.003833 0.018508 -0.002595 0.999818
110.759000 -2.039857 -5.735484 270.643500 0.003379 0.018408 -0.002340 0.999822
110.862800 -2.008137 -5.759967 271.578000 0.002478 0.018259 -0.002626 0.999827
110.966800 -1.977183 -5.786935 272.515600 0.002149 0.017811 -0.002481 0.999836
111.070800 -1.948577 -5.813039 273.451100 0.002274 0.016966 -0.002528 0.999850
111.174800 -1.923694 -5.837506 274.386800 0.002785 0.015813 -0.002650 0.999868
111.278800 -1.903306 -5.862752 275.322000 0.003147 0.014502 -0.003384 0.999884
111.382700 -1.886301 -5.888992 276.255600 0.003225 0.013163 -0.004215 0.999899
111.486700 -1.871958 -5.914599 277.189400 0.002941 0.011783 -0.004811 0.999915
111.590700 -1.860171 -5.940087 278.121700 0.002241 0.010515 -0.005317 0.999928
111.694700 -1.850165 -5.965237 279.054900 0.001223 0.009269 -0.005346 0.999942
111.798600 -1.841130 -5.989292 279.982200 0.000535 0.008158 -0.005419 0.999952
111.902600 -1.834878 -6.011766 280.906700 0.000168 0.007105 -0.005538 0.999959
112.006600 -1.829538 -6.033194 281.828400 0.000027 0.006167 -0.005736 0.999965
112.110600 -1.824423 -6.054240 282.747200 0.000077 0.005361 -0.005303 0.999972
112.214600 -1.820378 -6.076007 283.662600 0.000311 0.004638 -0.005150 0.999976
112.318600 -1.819188 -6.097253 284.573800 0.000437 0.003904 -0.005173 0.999979
112.422600 -1.820078 -6.118356 285.472900 0.000050 0.003171 -0.005561 0.999980
112.526600 -1.821293 -6.140076 286.355900 -0.000494 0.002546 -0.005503 0.999981
112.630600 -1.824665 -6.162957 287.216500 -0.000291 0.002064 -0.006128 0.999979
112.734600 -1.831132 -6.186044 288.060200 0.000791 0.001776 -0.007361 0.999971
112.838600 -1.835812 -6.208970 288.890500 0.002308 0.001656 -0.008631 0.999959
112.942600 -1.838573 -6.232745 289.716900 0.003426 0.001638 -0.009461 0.999948
113.046600 -1.841599 -6.257807 290.541600 0.003734 0.001811 -0.010316 0.999938
113.150600 -1.843827 -6.281585 291.365700 0.004017 0.002068 -0.011304 0.999926
113.254600 -1.844053 -6.305431 292.185700 0.004416 0.002525 -0.011882 0.999916
113.358600 -1.843243 -6.332348 293.000400 0.004916 0.003295 -0.012858 0.999900
113.462600 -1.840209 -6.360716 293.812200 0.005074 0.004083 -0.013458 0.999888
113.566600 -1.836186 -6.387429 294.619900 0.004491 0.004698 -0.013941 0.999882
113.670600 -1.829836 -6.414405 295.428400 0.003519 0.005149 -0.013701 0.999887
113.774600 -1.823832 -6.440313 296.231700 0.002423 0.005082 -0.013120 0.999898
113.878500 -1.817940 -6.464190 297.030900 0.001380 0.004446 -0.012496 0.999911
113.982500 -1.814744 -6.486179 297.828300 0.000571 0.003684 -0.012111 0.999920
114.086300 -1.812035 -6.506511 298.624300 0.000176 0.002939 -0.011684 0.999927
114.190300 -1.809517 -6.524789 299.422600 -0.000384 0.002219 -0.011108 0.999936
114.294300 -1.807621 -6.541554 300.223200 -0.000646 0.001233 -0.010223 0.999947
