0.000000 -0.000000 0.000000 0.000000 0.000000 0.000000 -0.000000 1.000000
0.104128 0.001289 -0.018216 1.310643 -0.000663 -0.000105 0.000452 1.000000
0.208254 0.000445 -0.042033 2.625299 -0.000930 -0.000276 0.000823 0.999999
0.312504 0.002038 -0.063028 3.941730 -0.000269 -0.000365 0.001707 0.999998
0.416625 0.002778 -0.084838 5.261017 -0.000408 -0.000321 0.001818 0.999998
0.520755 0.004158 -0.101468 6.581638 -0.000821 -0.000257 0.001963 0.999998
0.625004 0.007571 -0.116587 7.908775 -0.001348 -0.000205 0.002752 0.999995
0.729128 0.008324 -0.132803 9.238962 -0.001792 -0.000294 0.002593 0.999995
0.833252 0.007728 -0.149765 10.569630 -0.000935 -0.000428 0.002316 0.999997
0.937506 0.006781 -0.163455 11.904260 0.000392 -0.000480 0.000950 0.999999
1.041630 0.003419 -0.176748 13.242080 0.000863 -0.000310 -0.000772 0.999999
1.145875 -0.001862 -0.195920 14.580480 0.000790 -0.000264 -0.001981 0.999998
1.250003 -0.005852 -0.217760 15.930660 0.000437 -0.000192 -0.002595 0.999997
1.354255 -0.004268 -0.236414 17.282220 -0.000885 0.000013 -0.001497 0.999998
1.458401 0.000483 -0.253748 18.634690 -0.001999 0.000127 0.000449 0.999998
1.562526 0.005006 -0.269910 19.986700 -0.000916 -0.000018 0.001819 0.999998
1.666754 0.004135 -0.293109 21.341270 0.000277 -0.000117 0.002560 0.999997
1.771007 -0.000765 -0.322230 22.705750 0.001034 0.000212 0.001425 0.999998
1.875129 -0.007369 -0.346812 24.072100 0.000383 0.000623 -0.000071 1.000000
1.979377 -0.009719 -0.368742 25.448680 -0.002714 0.000969 -0.000723 0.999996
2.083502 -0.005061 -0.387140 26.820300 -0.002732 0.001186 0.000522 0.999995
2.187759 0.001962 -0.409938 28.194720 -0.001941 0.000981 0.002668 0.999994
2.291881 0.005282 -0.432898 29.570120 -0.000656 0.000994 0.002966 0.999995
2.396132 0.007939 -0.459118 30.949840 0.000491 0.001197 0.003089 0.999994
2.500257 0.006827 -0.485013 32.335310 0.000695 0.001586 0.001433 0.999997
2.604383 0.008305 -0.512237 33.717800 0.001751 0.001783 0.000961 0.999996
2.708628 0.010173 -0.543116 35.110830 0.001982 0.001748 0.000514 0.999996
2.812757 0.012119 -0.574623 36.507890 0.000830 0.001704 0.000480 0.999998
2.916881 0.015115 -0.599901 37.905890 0.000030 0.001493 0.000095 0.999999
3.021006 0.016969 -0.623853 39.301560 0.000188 0.001482 -0.001257 0.999998
3.125256 0.019429 -0.643712 40.704370 0.000277 0.001551 -0.002525 0.999996
3.229379 0.019163 -0.670725 42.111000 0.000020 0.001556 -0.003602 0.999992
3.333502 0.021344 -0.694132 43.518580 -0.000120 0.001421 -0.004154 0.999990
3.437629 0.026224 -0.717858 44.928210 0.000087 0.001206 -0.003630 0.999993
3.541754 0.030860 -0.739025 46.341270 0.000401 0.000862 -0.003213 0.999994
3.645880 0.034080 -0.761031 47.757040 0.000032 0.000381 -0.002900 0.999996
3.750007 0.033592 -0.783986 49.179630 -0.000396 -0.000122 -0.003005 0.999995
3.854131 0.031755 -0.805635 50.602180 -0.000524 -0.000654 -0.003324 0.999994
3.958276 0.028958 -0.826541 52.028310 -0.000333 -0.001241 -0.003319 0.999994
4.062383 0.025370 -0.845384 53.457160 -0.000971 -0.001798 -0.003440 0.999992
4.166506 0.020829 -0.866832 54.884640 -0.001455 -0.002198 -0.002745 0.999993
4.270633 0.016809 -0.886880 56.316600 -0.001411 -0.002517 -0.001998 0.999994
4.374756 0.013229 -0.907244 57.745500 -0.001196 -0.002828 -0.000856 0.999995
4.478884 0.010075 -0.924947 59.173650 -0.001417 -0.002866 -0.000183 0.999995
4.583132 0.006524 -0.944604 60.603180 -0.001737 -0.002650 0.000423 0.999995
4.687259 0.002764 -0.964748 62.027950 -0.002053 -0.002457 0.000934 0.999994
4.791384 -0.001308 -0.987810 63.451980 -0.001839 -0.002241 0.001900 0.999994
4.895505 -0.002874 -1.008175 64.871870 -0.001416 -0.002000 0.002651 0.999993
4.999630 -0.005954 -1.029700 66.289400 -0.001130 -0.001677 0.002612 0.999995
5.103758 -0.010020 -1.050203 67.703110 -0.001160 -0.001275 0.001743 0.999997
5.207869 -0.019364 -1.076075 69.115930 -0.001826 -0.001034 0.000326 0.999998
5.311998 -0.027023 -1.097831 70.530000 -0.002479 -0.000648 -0.001505 0.999996
5.416245 -0.035134 -1.118231 71.939780 -0.002755 -0.000274 -0.003329 0.999991
5.520244 -0.042147 -1.135987 73.339860 -0.002557 0.000054 -0.005576 0.999981
5.624505 -0.046776 -1.153311 74.742450 -0.002313 0.000409 -0.007110 0.999972
5.728633 -0.053277 -1.177226 76.144500 -0.002179 0.000755 -0.008185 0.999964
5.832639 -0.054585 -1.197942 77.540790 -0.002244 0.000923 -0.008321 0.999962
5.936757 -0.052873 -1.218035 78.934960 -0.002326 0.001002 -0.007704 0.999967
6.040889 -0.049543 -1.236655 80.325450 -0.001849 0.000967 -0.007120 0.999972
6.145012 -0.048832 -1.258287 81.710950 -0.001786 0.000827 -0.006747 0.999975
6.249010 -0.048388 -1.278676 83.097210 -0.001921 0.000711 -0.006769 0.999975
6.353135 -0.052691 -1.300031 84.483670 -0.001662 0.000443 -0.006541 0.999977
6.457260 -0.060720 -1.320245 85.865620 -0.001841 0.000081 -0.006718 0.999976
6.561386 -0.075180 -1.343695 87.250150 -0.002196 -0.000387 -0.006526 0.999976
6.665511 -0.084376 -1.362982 88.629090 -0.002724 -0.000954 -0.005463 0.999981
6.769636 -0.098132 -1.382640 90.006340 -0.003081 -0.001557 -0.004391 0.999984
6.873636 -0.111047 -1.399781 91.375240 -0.003165 -0.001867 -0.003396 0.999987
6.977759 -0.128335 -1.418059 92.741280 -0.002826 -0.002102 -0.002749 0.999990
7.081885 -0.145460 -1.435964 94.103390 -0.002567 -0.002240 -0.002135 0.999992
7.186013 -0.169705 -1.456190 95.460760 -0.002376 -0.002308 -0.002465 0.999991
7.290011 -0.191341 -1.476213 96.813820 -0.002030 -0.002249 -0.002365 0.999993
7.394135 -0.212031 -1.496478 98.165450 -0.001692 -0.002128 -0.002727 0.999993
7.498256 -0.234406 -1.517683 99.515130 -0.001756 -0.001945 -0.003527 0.999990
7.602386 -0.248572 -1.534999 100.860300 -0.002443 -0.001823 -0.003760 0.999988
7.706383 -0.269402 -1.556018 102.205400 -0.003222 -0.001743 -0.004411 0.999984
7.810511 -0.286760 -1.575247 103.545900 -0.002568 -0.001717 -0.004147 0.999987
7.914632 -0.305326 -1.596046 104.884500 -0.001247 -0.001674 -0.004085 0.999989
8.018763 -0.315395 -1.613299 106.220800 -0.000659 -0.001696 -0.003816 0.999991
8.122760 -0.334309 -1.638432 107.565300 -0.001313 -0.001623 -0.002750 0.999994
8.226883 -0.350813 -1.661275 108.906400 -0.002370 -0.001317 -0.001568 0.999995
8.331011 -0.373776 -1.686739 110.244600 -0.002703 -0.000857 -0.000778 0.999996
8.435138 -0.394315 -1.710102 111.576600 -0.001980 -0.000501 -0.000337 0.999998
8.539282 -0.413713 -1.733997 112.905000 -0.000778 -0.000168 -0.001290 0.999999
8.643387 -0.421968 -1.753986 114.228600 0.000322 0.000375 -0.002266 0.999997
8.747509 -0.429590 -1.775004 115.560100 0.000434 0.001082 -0.003785 0.999992
8.851635 -0.433478 -1.794230 116.893000 -0.000654 0.001796 -0.004500 0.999988
8.955763 -0.433415 -1.811794 118.227400 -0.001874 0.002325 -0.004544 0.999985
9.059886 -0.430614 -1.825847 119.561300 -0.002223 0.002716 -0.004045 0.999986
9.164012 -0.433415 -1.846322 120.904500 -0.001848 0.003227 -0.004300 0.999984
9.268135 -0.447293 -1.880929 122.268400 -0.001612 0.003846 -0.005181 0.999978
9.372259 -0.456074 -1.910030 123.624200 -0.001426 0.004416 -0.006197 0.999970
9.476392 -0.462255 -1.940325 124.983500 -0.000891 0.004976 -0.006573 0.999966
9.580513 -0.464133 -1.966295 126.337100 -0.000609 0.005521 -0.007120 0.999959
9.684640 -0.470849 -2.006026 127.692500 -0.000474 0.005976 -0.006701 0.999960
9.788784 -0.471809 -2.038343 129.049600 -0.000866 0.006360 -0.006438 0.999959
9.892888 -0.474280 -2.073189 130.407000 -0.001624 0.006779 -0.005956 0.999958
9.997010 -0.470125 -2.099489 131.755700 -0.001656 0.006939 -0.005458 0.999960
10.101140 -0.465694 -2.127702 133.109700 -0.001843 0.006928 -0.004419 0.999965
10.205260 -0.465103 -2.162932 134.461400 -0.002101 0.006767 -0.003586 0.999968
10.309390 -0.466120 -2.198388 135.814600 -0.001915 0.006497 -0.002831 0.999973
10.413390 -0.464495 -2.226309 137.160600 -0.001873 0.005871 -0.002035 0.999979
10.517510 -0.464572 -2.254854 138.512400 -0.002376 0.005336 -0.001409 0.999982
10.621640 -0.464181 -2.281749 139.862600 -0.002529 0.004827 -0.000626 0.999985
10.725760 -0.467442 -2.314866 141.212900 -0.002484 0.004177 -0.000253 0.999988
10.829890 -0.470457 -2.341886 142.562200 -0.002253 0.003551 -0.000123 0.999991
10.934020 -0.474702 -2.367455 143.909900 -0.002003 0.003031 0.000067 0.999993
11.038140 -0.478901 -2.395024 145.257800 -0.001114 0.002538 0.000884 0.999996
11.142270 -0.481393 -2.426593 146.601100 -0.000389 0.001975 0.003649 0.999991
11.246390 -0.484415 -2.462969 147.953800 -0.001794 0.001414 0.007045 0.999973
11.350520 -0.483284 -2.489366 149.303000 -0.002265 0.000685 0.010865 0.999938
11.454640 -0.488799 -2.518617 150.648100 -0.001056 0.000080 0.012526 0.999921
11.558780 -0.497985 -2.545628 151.991700 0.000945 0.000179 0.012567 0.999921
11.663020 -0.513990 -2.581792 153.337300 0.001829 0.000605 0.010796 0.999940
11.767160 -0.520340 -2.611885 154.684300 0.001826 0.000982 0.010668 0.999941
11.871260 -0.518837 -2.641449 156.032900 0.000255 0.001302 0.012031 0.999927
11.975390 -0.510487 -2.666163 157.382900 -0.001365 0.001561 0.014756 0.999889
12.079640 -0.499605 -2.689150 158.731900 -0.001721 0.001565 0.016833 0.999856
12.183770 -0.490889 -2.711383 160.078600 -0.001905 0.001537 0.017731 0.999840
12.287890 -0.484876 -2.736780 161.429000 -0.002092 0.001947 0.016954 0.999852
12.392020 -0.483652 -2.760604 162.778800 -0.001917 0.002551 0.014985 0.999883
12.496260 -0.476780 -2.787254 164.129500 -0.000720 0.003006 0.013271 0.999907
12.600390 -0.468784 -2.810667 165.480700 -0.000299 0.003379 0.011851 0.999924
12.704520 -0.459926 -2.835558 166.839000 -0.000973 0.003583 0.010848 0.999934
12.808640 -0.449484 -2.861986 168.200000 -0.000878 0.003469 0.010028 0.999943
12.912790 -0.442444 -2.886560 169.560200 0.000326 0.003214 0.009068 0.999954
13.016890 -0.438972 -2.914240 170.919800 0.001777 0.002954 0.007323 0.999967
13.121140 -0.411154 -2.932731 172.284100 0.002424 0.002858 0.004874 0.999981
13.225270 -0.388112 -2.960771 173.652800 0.001998 0.003013 0.002578 0.999990
13.329390 -0.377930 -2.986448 175.029100 0.000756 0.003283 0.000917 0.999994
13.433520 -0.358878 -3.008539 176.408600 -0.000233 0.003348 0.000738 0.999994
13.537640 -0.340531 -3.013913 177.785200 -0.000902 0.002957 0.002167 0.999993
13.641770 -0.321404 -3.022953 179.160700 -0.000829 0.002119 0.003445 0.999991
13.745910 -0.313655 -3.041123 180.542000 0.001223 0.001081 0.003656 0.999992
13.850020 -0.308999 -3.062100 181.921400 0.003475 0.000327 0.003126 0.999989
13.954150 -0.314056 -3.088158 183.309800 0.003934 0.000035 0.000736 0.999992
14.058400 -0.318656 -3.114466 184.703900 0.003238 -0.000021 -0.001297 0.999994
14.162520 -0.314130 -3.137555 186.099400 0.001703 0.000120 -0.002152 0.999996
14.266640 -0.308728 -3.164478 187.498800 0.000615 0.000327 -0.002545 0.999997
14.370770 -0.308933 -3.193945 188.900300 0.000208 0.000367 -0.002224 0.999997
14.474890 -0.307021 -3.221858 190.304800 -0.000182 0.000338 -0.001477 0.999999
14.579010 -0.303004 -3.250530 191.712800 -0.000400 0.000332 -0.000183 1.000000
14.683140 -0.300756 -3.281162 193.121300 -0.000405 0.000520 0.001148 0.999999
14.787290 -0.297934 -3.314135 194.539700 -0.000885 0.000687 0.002647 0.999996
14.891390 -0.294530 -3.344375 195.959200 -0.001786 0.000894 0.004683 0.999987
14.995520 -0.295505 -3.384557 197.380900 -0.001802 0.001010 0.006401 0.999977
15.099640 -0.299864 -3.419365 198.801100 0.000308 0.001115 0.005472 0.999984
15.203790 -0.315003 -3.471363 200.224200 0.003113 0.001346 0.002207 0.999992
15.308020 -0.332199 -3.515079 201.657300 0.003363 0.001942 -0.002462 0.999989
15.412140 -0.348581 -3.555576 203.094800 0.001246 0.002660 -0.006593 0.999974
15.516270 -0.351843 -3.580327 204.532500 0.000047 0.003045 -0.007331 0.999968
15.620390 -0.348136 -3.604083 205.970400 0.000070 0.002779 -0.006313 0.999976
15.724520 -0.343831 -3.628674 207.418300 0.000046 0.002195 -0.004768 0.999986
15.828640 -0.342198 -3.650886 208.867900 0.000084 0.001633 -0.003528 0.999992
15.932650 -0.342964 -3.674360 210.323200 0.000522 0.001375 -0.003710 0.999992
16.036770 -0.347951 -3.708945 211.784900 0.000453 0.001322 -0.004432 0.999989
16.140900 -0.353316 -3.741769 213.245300 -0.000037 0.001262 -0.005058 0.999986
16.245020 -0.357581 -3.778065 214.714200 0.000031 0.001144 -0.004764 0.999988
16.349140 -0.357484 -3.809987 216.186400 0.000732 0.000944 -0.004554 0.999989
16.453270 -0.355981 -3.837087 217.661500 0.000780 0.000847 -0.004179 0.999991
16.557390 -0.360488 -3.867619 219.141900 0.000608 0.000623 -0.004355 0.999990
16.661520 -0.366905 -3.899694 220.619200 0.000881 0.000451 -0.004371 0.999990
16.765650 -0.371188 -3.933170 222.105300 0.001017 0.000351 -0.004397 0.999990
16.869650 -0.375507 -3.961696 223.589400 0.000987 0.000179 -0.004946 0.999987
16.973770 -0.377150 -3.990503 225.078900 0.001190 0.000007 -0.004768 0.999988
17.077890 -0.378771 -4.017067 226.569100 0.001133 -0.000125 -0.005019 0.999987
17.182030 -0.378527 -4.048136 228.060200 0.001065 -0.000178 -0.004548 0.999989
17.286140 -0.378661 -4.075078 229.551100 0.001383 -0.000123 -0.003920 0.999991
17.390270 -0.376609 -4.099044 231.045400 0.001208 -0.000040 -0.003355 0.999994
17.494400 -0.374570 -4.124994 232.542100 0.000833 0.000059 -0.002560 0.999996
17.598420 -0.373963 -4.153624 234.037800 0.000616 0.000054 -0.002481 0.999997
17.702520 -0.376469 -4.186333 235.539000 0.000695 0.000012 -0.002669 0.999996
17.806640 -0.378408 -4.220226 237.044600 0.001312 0.000122 -0.003014 0.999995
17.910650 -0.381494 -4.253315 238.549900 0.000915 0.000387 -0.003650 0.999993
18.014770 -0.382906 -4.285388 240.060300 -0.000297 0.000710 -0.003808 0.999992
18.118900 -0.382092 -4.315103 241.571200 -0.000490 0.000966 -0.003673 0.999993
18.223020 -0.381880 -4.347138 243.087300 0.000307 0.001203 -0.003798 0.999992
18.327020 -0.379639 -4.377646 244.602000 0.000989 0.001479 -0.003781 0.999991
18.431150 -0.377078 -4.404696 246.123100 0.000762 0.001634 -0.004296 0.999989
18.535360 -0.372157 -4.432022 247.647700 0.000292 0.001665 -0.004050 0.999990
18.639420 -0.368389 -4.458219 249.168200 -0.000078 0.001511 -0.004090 0.999990
18.743480 -0.365894 -4.487063 250.696400 -0.000243 0.001398 -0.004253 0.999990
18.847540 -0.362986 -4.511301 252.224100 -0.000291 0.001418 -0.004986 0.999987
18.951650 -0.359890 -4.535745 253.757000 -0.000306 0.001520 -0.005476 0.999984
19.055650 -0.356528 -4.558441 255.288500 -0.000319 0.001464 -0.005776 0.999982
19.159650 -0.351899 -4.584940 256.823000 -0.000478 0.001470 -0.004987 0.999986
19.263770 -0.347449 -4.611578 258.361200 -0.000929 0.001421 -0.004238 0.999990
19.367870 -0.340799 -4.637604 259.900300 -0.001437 0.001452 -0.002827 0.999994
19.471780 -0.334678 -4.662237 261.435200 -0.001047 0.001293 -0.002057 0.999997
19.575900 -0.329134 -4.686551 262.973100 -0.000340 0.001153 -0.001444 0.999998
19.679910 -0.325374 -4.715745 264.511300 -0.001243 0.001441 -0.000470 0.999998
19.784020 -0.324905 -4.748173 266.057200 -0.002506 0.001665 0.000058 0.999995
19.888070 -0.320818 -4.788372 267.598100 -0.002002 0.001732 0.001030 0.999996
19.992130 -0.317394 -4.824679 269.137700 -0.001234 0.001877 0.001452 0.999996
20.096150 -0.316602 -4.866052 270.677100 -0.001193 0.002199 0.000966 0.999996
20.200150 -0.315594 -4.906588 272.218500 -0.001385 0.002740 0.000229 0.999995
20.304270 -0.314040 -4.950219 273.764900 -0.001178 0.003219 -0.000620 0.999994
20.408270 -0.311231 -4.987626 275.307200 -0.001135 0.003700 -0.001217 0.999992
20.512310 -0.311421 -5.039836 276.853500 -0.000956 0.004095 -0.001595 0.999990
20.616400 -0.306203 -5.082755 278.395200 -0.000655 0.004514 -0.001773 0.999988
20.720420 -0.301129 -5.134136 279.945100 -0.000424 0.004967 -0.001503 0.999986
20.824520 -0.289754 -5.172038 281.495800 -0.000505 0.005387 -0.001209 0.999985
20.928690 -0.276490 -5.210037 283.049800 -0.001160 0.005760 -0.000752 0.999982
21.032780 -0.259923 -5.241690 284.600500 -0.001368 0.005932 -0.000043 0.999981
21.136780 -0.244730 -5.277598 286.145400 -0.000189 0.005964 0.000288 0.999982
21.240880 -0.230158 -5.316244 287.699900 0.001096 0.005785 0.000753 0.999982
21.344920 -0.217081 -5.355148 289.253600 0.001246 0.005364 0.000593 0.999985
21.448900 -0.204525 -5.390475 290.810300 0.000910 0.005009 0.001396 0.999986
21.552900 -0.192693 -5.424878 292.369200 0.001216 0.004502 0.001346 0.999988
21.657020 -0.182827 -5.462578 293.931600 0.001351 0.004222 0.001212 0.999989
21.761020 -0.175311 -5.502144 295.500700 0.001096 0.003868 0.001191 0.999991
21.865030 -0.168171 -5.542654 297.072300 0.000943 0.003442 0.001413 0.999993
21.969150 -0.157166 -5.573209 298.650200 0.000554 0.002925 0.001735 0.999994
22.073170 -0.149830 -5.605662 300.236700 -0.000231 0.002646 0.000942 0.999996
22.177150 -0.143657 -5.638056 301.821100 -0.000518 0.002962 0.000678 0.999995
22.281150 -0.136231 -5.674045 303.413000 -0.000254 0.003448 0.000390 0.999994
22.385270 -0.124580 -5.704927 305.009500 -0.000027 0.003638 0.001033 0.999993
22.489270 -0.111308 -5.740563 306.608600 0.000411 0.003726 0.001894 0.999991
22.593280 -0.100990 -5.775938 308.211600 0.001381 0.003875 0.002720 0.999988
22.697420 -0.096500 -5.821106 309.818900 0.001874 0.003876 0.002851 0.999987
22.801400 -0.093249 -5.863046 311.433100 0.002328 0.002816 0.002580 0.999990
22.905400 -0.096584 -5.907766 313.044500 0.002120 0.001744 0.002114 0.999994
23.009400 -0.106523 -5.952029 314.668200 0.000542 0.001541 0.001243 0.999998
23.113490 -0.107981 -5.990688 316.295300 -0.001100 0.001794 0.001857 0.999996
23.217420 -0.108670 -6.032426 317.924100 -0.001521 0.001899 0.002381 0.999994
23.321400 -0.105842 -6.068362 319.552500 -0.000864 0.002039 0.003096 0.999993
23.425400 -0.103970 -6.106845 321.182300 -0.000882 0.002209 0.003481 0.999991
23.529550 -0.100918 -6.143404 322.813900 -0.001091 0.002308 0.003418 0.999991
23.633550 -0.098831 -6.185282 324.439700 -0.000990 0.002553 0.003486 0.999990
23.737530 -0.096484 -6.224088 326.068200 -0.000690 0.002793 0.002764 0.999992
23.841660 -0.094111 -6.268819 327.697600 -0.000311 0.003128 0.002369 0.999992
23.945650 -0.084970 -6.305428 329.324200 -0.001208 0.003552 0.002929 0.999989
24.049650 -0.074427 -6.342113 330.950800 -0.001762 0.003618 0.003377 0.999986
24.153670 -0.064212 -6.372244 332.569400 -0.001031 0.003465 0.003991 0.999986
24.257780 -0.058449 -6.413497 334.189300 -0.001084 0.003471 0.003588 0.999987
24.361780 -0.054350 -6.450780 335.802400 -0.000408 0.003418 0.002392 0.999991
24.465780 -0.049497 -6.492551 337.409700 0.001747 0.003052 0.001791 0.999992
24.569780 -0.045480 -6.532188 339.021100 0.001181 0.002616 0.001000 0.999995
24.673900 -0.042570 -6.571397 340.628700 -0.000532 0.002182 0.000730 0.999997
24.777900 -0.039303 -6.601811 342.246200 -0.002157 0.001650 0.000138 0.999996
24.882030 -0.036810 -6.628918 343.852800 -0.001528 0.001046 -0.000105 0.999998
24.986020 -0.035147 -6.652782 345.452500 -0.000509 0.000136 0.000222 1.000000
25.090170 -0.034548 -6.677644 347.055400 -0.001291 -0.000812 0.000721 0.999999
25.194150 -0.037072 -6.708152 348.655100 -0.001725 -0.001310 0.001534 0.999996
25.298280 -0.041563 -6.737239 350.253200 -0.001248 -0.001527 0.001673 0.999997
25.402400 -0.052610 -6.773059 351.847800 -0.000798 -0.001635 0.002004 0.999996
25.506530 -0.062771 -6.805862 353.446400 -0.000826 -0.001645 0.002037 0.999996
25.610540 -0.075066 -6.843564 355.037900 -0.000739 -0.001630 0.002284 0.999996
25.714650 -0.085704 -6.882552 356.630800 -0.000438 -0.001646 0.002609 0.999995
25.818650 -0.097300 -6.921763 358.221800 -0.000108 -0.001709 0.002701 0.999995
25.922780 -0.109101 -6.958715 359.812500 -0.000286 -0.001672 0.002949 0.999994
26.026980 -0.122301 -6.995935 361.403700 0.000215 -0.001635 0.002734 0.999995
26.130900 -0.132221 -7.034017 362.989000 0.000826 -0.001603 0.003494 0.999992
26.235050 -0.141995 -7.072717 364.586700 0.000085 -0.001542 0.004172 0.999990
26.339150 -0.155300 -7.112398 366.183800 -0.000492 -0.001605 0.005004 0.999986
26.443290 -0.166861 -7.146884 367.781100 -0.000143 -0.001581 0.005279 0.999985
26.547800 -0.185891 -7.188290 369.386600 0.000295 -0.001394 0.004722 0.999988
26.651410 -0.202919 -7.225081 370.975300 -0.000332 -0.001153 0.003718 0.999992
26.757930 -0.222998 -7.268840 372.615400 -0.000480 -0.000901 0.003051 0.999995
26.862580 -0.237813 -7.306808 374.225300 -0.000354 -0.000717 0.002849 0.999996
26.963660 -0.251989 -7.344936 375.781100 0.000044 -0.000600 0.002940 0.999995
27.067820 -0.262588 -7.379336 377.387300 0.000167 -0.000459 0.002859 0.999996
27.171920 -0.270401 -7.414418 378.992900 0.000194 -0.000347 0.002668 0.999996
27.276060 -0.278359 -7.448411 380.607100 0.000135 -0.000191 0.002092 0.999998
27.380140 -0.287793 -7.485057 382.220200 -0.000226 -0.000028 0.001446 0.999999
27.484700 -0.296087 -7.522079 383.840800 0.000081 0.000106 0.000869 1.000000
27.588410 -0.303965 -7.558709 385.451200 0.000374 0.000240 0.000437 1.000000
27.692530 -0.311017 -7.596748 387.067800 0.000326 0.000404 0.000064 1.000000
27.796540 -0.316454 -7.631598 388.685700 -0.000133 0.000530 -0.000558 1.000000
27.900670 -0.320658 -7.664429 390.305900 -0.000492 0.000726 -0.001121 0.999999
28.005230 -0.323800 -7.696195 391.935900 -0.000159 0.000920 -0.001452 0.999999
28.108940 -0.323790 -7.731691 393.557900 -0.000231 0.001046 -0.001463 0.999998
