#Image Rect[ms], Image Resize[ms], ORB ext[ms], Stereo match[ms], IMU preint[ms], Pose pred[ms], LM track[ms], KF dec[ms], Total[ms]
0.000000,0.000000,26.278389,0.000000,0.000000,6.601723,2.623252,0.542304,29.847220
0.000000,0.000000,21.751474,0.000000,0.000000,2.374410,2.268804,0.540024,32.610771
0.000000,0.000000,21.789983,0.000000,0.000000,2.449063,2.796184,0.066109,28.067788
0.000000,0.000000,20.573882,0.000000,0.000000,1.317533,2.547569,0.624474,26.857554
0.000000,0.000000,20.771397,0.000000,0.000000,2.240026,2.863316,0.090184,26.239078
0.000000,0.000000,21.030569,0.000000,0.000000,1.096373,2.433600,0.606735,27.333595
0.000000,0.000000,21.070178,0.000000,0.000000,1.978587,2.530844,0.070782,26.318262
0.000000,0.000000,20.829114,0.000000,0.000000,0.839045,2.425359,0.748841,26.642963
0.000000,0.000000,25.276798,0.000000,0.000000,2.115678,2.819076,0.074893,30.492755
0.000000,0.000000,21.374893,0.000000,0.000000,1.496197,2.631127,0.715170,27.650354
0.000000,0.000000,21.690631,0.000000,0.000000,2.700244,3.033157,0.079416,27.983749
0.000000,0.000000,21.818027,0.000000,0.000000,1.475049,2.697669,0.584232,29.376006
0.000000,0.000000,21.801304,0.000000,0.000000,2.614443,3.085767,0.065558,28.219500
0.000000,0.000000,22.621294,0.000000,0.000000,1.450993,2.683281,0.546720,29.867316
0.000000,0.000000,23.025345,0.000000,0.000000,2.329507,2.835125,0.057045,29.267923
0.000000,0.000000,22.379124,0.000000,0.000000,1.176526,2.624881,0.594028,28.842093
0.000000,0.000000,21.272809,0.000000,0.000000,2.332776,2.918030,0.060144,26.891418
0.000000,0.000000,22.790485,0.000000,0.000000,1.118126,2.865588,0.578256,29.386396
0.000000,0.000000,20.878485,0.000000,0.000000,1.938692,2.701922,0.052253,26.781198
0.000000,0.000000,20.431056,0.000000,0.000000,0.885824,2.537574,0.608628,26.418630
0.000000,0.000000,20.297883,0.000000,0.000000,2.129839,2.744441,0.048222,25.549902
0.000000,0.000000,23.447323,0.000000,0.000000,1.174926,2.591081,0.612095,29.757602
0.000000,0.000000,21.036946,0.000000,0.000000,2.068381,2.775496,0.052775,26.619102
0.000000,0.000000,21.249162,0.000000,0.000000,1.053623,2.328011,0.542946,27.338628
0.000000,0.000000,20.607326,0.000000,0.000000,2.066967,2.881666,0.080029,25.704926
0.000000,0.000000,19.865505,0.000000,0.000000,1.176510,2.904168,0.709773,26.069815
0.000000,0.000000,20.780951,0.000000,0.000000,2.187768,3.197210,0.068096,26.863407
0.000000,0.000000,20.828852,0.000000,0.000000,1.127194,2.837626,0.657439,27.685877
0.000000,0.000000,21.392986,0.000000,0.000000,2.337908,3.202264,0.054619,27.254989
0.000000,0.000000,20.616601,0.000000,0.000000,1.160957,3.040100,0.642859,27.524666
0.000000,0.000000,20.716184,0.000000,0.000000,2.293846,3.329792,0.058671,27.094379
0.000000,0.000000,21.019524,0.000000,0.000000,1.248141,2.959444,0.064347,28.311668
0.000000,0.000000,21.146063,0.000000,0.000000,0.879789,2.867051,0.744487,26.889570
0.000000,0.000000,20.676250,0.000000,0.000000,2.679224,3.724848,0.075377,26.522982
0.000000,0.000000,20.814321,0.000000,0.000000,1.494156,3.027843,0.061229,28.660337
0.000000,0.000000,21.385642,0.000000,0.000000,0.897999,3.005872,0.649646,27.189323
0.000000,0.000000,22.817851,0.000000,0.000000,2.471352,3.489723,0.059704,28.675791
0.000000,0.000000,20.462012,0.000000,0.000000,1.265749,3.158762,0.058541,27.842389
0.000000,0.000000,20.359961,0.000000,0.000000,0.816585,2.880137,0.606026,26.150277
0.000000,0.000000,21.292415,0.000000,0.000000,2.331536,3.102324,0.055694,26.840224
0.000000,0.000000,20.724878,0.000000,0.000000,1.291084,3.114978,0.612821,27.510680
0.000000,0.000000,21.410612,0.000000,0.000000,2.187789,3.283243,0.054360,27.955216
0.000000,0.000000,20.533108,0.000000,0.000000,1.015644,3.043491,0.636267,27.427801
0.000000,0.000000,20.367712,0.000000,0.000000,2.174744,3.245238,0.060427,26.351018
0.000000,0.000000,19.680074,0.000000,0.000000,1.031848,2.943505,0.650295,26.540020
0.000000,0.000000,20.074083,0.000000,0.000000,2.245519,2.976827,0.068419,25.917673
0.000000,0.000000,20.100996,0.000000,0.000000,1.072400,2.690135,0.598813,26.757711
0.000000,0.000000,19.643534,0.000000,0.000000,2.289940,3.052977,0.057027,25.188600
0.000000,0.000000,20.578806,0.000000,0.000000,1.130150,2.823855,0.686525,27.379297
0.000000,0.000000,21.404243,0.000000,0.000000,2.433185,3.153320,0.075609,27.402100
0.000000,0.000000,20.866297,0.000000,0.000000,1.064521,2.883252,0.602651,27.938209
0.000000,0.000000,21.563162,0.000000,0.000000,2.092660,3.043055,0.052044,27.348278
0.000000,0.000000,20.620990,0.000000,0.000000,0.962749,3.075114,0.683254,27.088317
0.000000,0.000000,21.408844,0.000000,0.000000,2.235928,3.189953,0.070916,27.448556
0.000000,0.000000,21.148372,0.000000,0.000000,0.941771,2.764823,0.684647,28.112395
0.000000,0.000000,21.062554,0.000000,0.000000,2.248302,2.978857,0.054150,26.751944
0.000000,0.000000,20.981459,0.000000,0.000000,0.946463,2.900831,0.644296,27.596395
0.000000,0.000000,21.790422,0.000000,0.000000,2.146951,3.045592,0.071268,27.498795
0.000000,0.000000,20.652969,0.000000,0.000000,1.100112,2.795732,0.692417,27.471900
0.000000,0.000000,20.515235,0.000000,0.000000,2.265295,3.165249,0.053639,26.448679
0.000000,0.000000,20.504193,0.000000,0.000000,1.135440,3.042338,0.618471,27.412882
0.000000,0.000000,21.359309,0.000000,0.000000,2.410981,3.821396,0.061090,27.666243
0.000000,0.000000,20.286846,0.000000,0.000000,1.234295,3.277884,0.747881,28.070379
0.000000,0.000000,21.592157,0.000000,0.000000,2.503387,3.738987,0.078328,28.368749
0.000000,0.000000,20.394315,0.000000,0.000000,1.052800,3.073839,0.735086,28.388896
0.000000,0.000000,21.129186,0.000000,0.000000,2.098651,2.988338,0.139658,27.552437
0.000000,0.000000,19.587738,0.000000,0.000000,0.882055,2.652193,0.697953,26.393361
0.000000,0.000000,18.841462,0.000000,0.000000,1.966092,2.807244,0.056918,24.258359
0.000000,0.000000,19.539565,0.000000,0.000000,0.859039,2.599862,0.615387,25.534561
0.000000,0.000000,20.453322,0.000000,0.000000,1.856482,2.922899,0.055586,25.784603
0.000000,0.000000,20.403762,0.000000,0.000000,0.792048,2.491372,0.669121,26.456999
0.000000,0.000000,19.725020,0.000000,0.000000,1.864251,2.751364,0.049649,24.724755
0.000000,0.000000,20.487222,0.000000,0.000000,0.877911,2.633863,0.600359,26.361213
0.000000,0.000000,18.903747,0.000000,0.000000,2.178787,3.025872,0.048599,24.138203
0.000000,0.000000,19.689598,0.000000,0.000000,1.060299,2.786996,0.538765,26.070695
0.000000,0.000000,19.694604,0.000000,0.000000,2.047401,3.126962,0.084511,25.267073
0.000000,0.000000,20.632026,0.000000,0.000000,0.958343,2.456755,0.580927,27.426718
0.000000,0.000000,20.450508,0.000000,0.000000,1.986982,2.605317,0.073231,25.690622
0.000000,0.000000,22.262874,0.000000,0.000000,1.008474,2.368160,0.522761,28.113510
0.000000,0.000000,20.234121,0.000000,0.000000,2.025595,2.823330,0.047837,25.412024
0.000000,0.000000,21.821337,0.000000,0.000000,1.250518,2.402933,0.473895,28.047613
0.000000,0.000000,21.432129,0.000000,0.000000,1.989884,3.000593,0.050904,26.792721
0.000000,0.000000,20.896738,0.000000,0.000000,1.391529,2.936184,0.514228,27.190933
0.000000,0.000000,21.348641,0.000000,0.000000,2.414308,3.294591,0.058563,27.544667
0.000000,0.000000,21.354697,0.000000,0.000000,1.333570,2.660582,0.462356,28.540097
0.000000,0.000000,20.766724,0.000000,0.000000,2.504716,4.102848,0.055236,26.416113
0.000000,0.000000,21.603812,0.000000,0.000000,1.449671,3.653635,0.561749,29.645958
0.000000,0.000000,19.676893,0.000000,0.000000,2.127543,2.949245,0.494673,26.621904
0.000000,0.000000,20.391428,0.000000,0.000000,2.699962,3.797830,0.050902,27.208826
0.000000,0.000000,20.297183,0.000000,0.000000,1.507258,3.433877,0.443010,28.018626
0.000000,0.000000,20.681603,0.000000,0.000000,2.344648,3.820737,0.048989,27.237845
0.000000,0.000000,20.598641,0.000000,0.000000,1.379021,3.437310,0.487695,28.230885
0.000000,0.000000,20.184186,0.000000,0.000000,2.071936,3.623837,0.049981,26.694912
0.000000,0.000000,19.608054,0.000000,0.000000,1.081368,3.179156,0.491649,26.605825
0.000000,0.000000,19.676977,0.000000,0.000000,2.096536,3.735825,0.066842,25.679705
0.000000,0.000000,20.564029,0.000000,0.000000,1.056538,3.639267,0.539828,27.790459
0.000000,0.000000,19.830465,0.000000,0.000000,2.435749,5.042016,0.072879,26.311645
0.000000,0.000000,20.245871,0.000000,0.000000,1.075022,3.676181,0.489381,29.236480
0.000000,0.000000,20.030186,0.000000,0.000000,2.055648,3.496169,0.050793,26.466572
0.000000,0.000000,19.769873,0.000000,0.000000,1.122710,3.690879,0.511299,26.718067
0.000000,0.000000,20.222439,0.000000,0.000000,2.220761,3.617709,0.049160,26.864628
0.000000,0.000000,20.820584,0.000000,0.000000,1.204402,3.677853,0.488101,28.221175
0.000000,0.000000,20.911566,0.000000,0.000000,2.018583,3.653723,0.086576,27.605318
0.000000,0.000000,20.529707,0.000000,0.000000,1.076514,3.165122,0.498113,27.817780
0.000000,0.000000,20.955160,0.000000,0.000000,2.230424,4.697257,0.109955,26.922808
0.000000,0.000000,22.382485,0.000000,0.000000,1.037807,2.960050,0.452827,31.228183
0.000000,0.000000,20.391102,0.000000,0.000000,1.819447,3.358830,0.044665,26.293625
0.000000,0.000000,21.070868,0.000000,0.000000,1.153060,2.536536,0.423205,27.792615
0.000000,0.000000,19.684416,0.000000,0.000000,1.704144,2.798040,0.047069,24.997986
0.000000,0.000000,21.136326,0.000000,0.000000,1.434840,2.650948,0.450419,26.970973
0.000000,0.000000,20.518740,0.000000,0.000000,1.819296,2.840433,0.044445,26.400716
0.000000,0.000000,21.391112,0.000000,0.000000,1.075604,2.739538,0.467430,27.284502
0.000000,0.000000,22.334441,0.000000,0.000000,1.707909,3.312719,0.062547,28.035102
0.000000,0.000000,21.009589,0.000000,0.000000,1.231928,2.493953,0.674016,27.430202
0.000000,0.000000,21.423993,0.000000,0.000000,2.575865,3.059724,0.057541,27.365593
0.000000,0.000000,20.525639,0.000000,0.000000,1.209870,2.526163,0.650607,27.475919
0.000000,0.000000,20.307006,0.000000,0.000000,2.231721,4.608864,0.161752,25.883784
0.000000,0.000000,20.792777,0.000000,0.000000,0.956756,5.246912,0.547495,29.836231
0.000000,0.000000,20.220019,0.000000,0.000000,1.944132,3.267196,0.087800,28.378544
0.000000,0.000000,19.949140,0.000000,0.000000,1.005187,2.499016,0.556966,27.023778
0.000000,0.000000,19.713476,0.000000,0.000000,2.104652,2.980729,0.047820,24.964324
0.000000,0.000000,19.837260,0.000000,0.000000,1.332777,2.856612,0.061387,26.330852
0.000000,0.000000,20.028960,0.000000,0.000000,0.847280,2.392903,0.561172,25.429245
0.000000,0.000000,20.642588,0.000000,0.000000,2.046770,2.708889,0.046839,25.639408
0.000000,0.000000,20.620520,0.000000,0.000000,1.226073,2.423201,0.047219,26.870648
0.000000,0.000000,20.115059,0.000000,0.000000,0.825732,2.012398,0.603241,24.999698
0.000000,0.000000,19.787861,0.000000,0.000000,2.319164,2.785072,0.049292,24.307449
0.000000,0.000000,20.298716,0.000000,0.000000,1.291168,2.445945,0.049082,26.666535
0.000000,0.000000,19.831740,0.000000,0.000000,0.718586,2.254713,0.571791,24.865498
0.000000,0.000000,19.830295,0.000000,0.000000,1.956517,2.833133,0.051635,24.545711
0.000000,0.000000,20.259447,0.000000,0.000000,1.002194,2.379681,0.541012,26.356344
0.000000,0.000000,19.756041,0.000000,0.000000,2.099288,2.891696,0.048721,24.837238
0.000000,0.000000,20.163895,0.000000,0.000000,0.962353,2.531493,0.602630,26.513051
0.000000,0.000000,20.132336,0.000000,0.000000,2.208225,2.855661,0.054399,25.832383
0.000000,0.000000,20.481737,0.000000,0.000000,0.996116,2.164299,0.711387,27.075060
0.000000,0.000000,19.411846,0.000000,0.000000,2.041445,2.551934,1.742795,25.955668
0.000000,0.000000,20.014408,0.000000,0.000000,0.926148,2.526721,0.549929,27.703121
0.000000,0.000000,19.914552,0.000000,0.000000,2.270767,2.947146,0.048912,25.191949
0.000000,0.000000,20.479761,0.000000,0.000000,1.052738,2.531907,0.609625,27.244239
0.000000,0.000000,20.176614,0.000000,0.000000,2.180682,2.825701,0.052647,25.680570
0.000000,0.000000,20.225918,0.000000,0.000000,1.098536,2.775618,0.669391,26.623919
0.000000,0.000000,20.557098,0.000000,0.000000,2.049065,3.016774,0.055411,26.568228
0.000000,0.000000,20.341614,0.000000,0.000000,1.082325,2.712337,0.596878,27.131143
0.000000,0.000000,19.179678,0.000000,0.000000,2.404967,3.282181,0.060958,24.997110
0.000000,0.000000,19.910427,0.000000,0.000000,1.220611,3.021220,0.614031,27.068414
0.000000,0.000000,20.204520,0.000000,0.000000,2.325408,3.199109,0.054229,26.271751
0.000000,0.000000,20.533050,0.000000,0.000000,1.175025,2.965168,0.551186,27.406905
0.000000,0.000000,20.885817,0.000000,0.000000,2.409987,3.706368,0.068378,26.916171
0.000000,0.000000,20.900932,0.000000,0.000000,1.137066,2.899174,0.578781,28.577696
0.000000,0.000000,20.606836,0.000000,0.000000,2.389251,3.221627,0.144284,26.567931
0.000000,0.000000,21.003293,0.000000,0.000000,0.995085,3.033526,0.561620,28.290388
0.000000,0.000000,20.459777,0.000000,0.000000,2.107229,3.291666,0.152255,26.334743
0.000000,0.000000,20.769994,0.000000,0.000000,0.994862,4.766150,0.635488,28.176382
0.000000,0.000000,20.480192,0.000000,0.000000,1.997511,3.052443,0.051760,28.282178
0.000000,0.000000,20.433975,0.000000,0.000000,1.041436,2.815968,0.644869,27.147820
0.000000,0.000000,19.487846,0.000000,0.000000,1.896331,2.920695,0.050996,25.271456
0.000000,0.000000,20.121704,0.000000,0.000000,1.106752,2.622241,0.591792,26.423309
0.000000,0.000000,19.953349,0.000000,0.000000,2.155454,3.137303,0.060814,25.502687
0.000000,0.000000,20.784271,0.000000,0.000000,1.190316,2.808443,0.052092,27.465785
0.000000,0.000000,20.095999,0.000000,0.000000,0.924712,2.634471,0.592173,25.402552
0.000000,0.000000,21.549090,0.000000,0.000000,2.009428,3.050976,0.050052,27.092158
0.000000,0.000000,20.105012,0.000000,0.000000,1.074095,2.785652,0.540423,26.530799
0.000000,0.000000,20.107284,0.000000,0.000000,2.097886,3.207753,0.047580,25.686204
0.000000,0.000000,20.038129,0.000000,0.000000,1.089761,3.029220,0.547287,26.648076
0.000000,0.000000,20.047696,0.000000,0.000000,2.193279,3.305085,0.054766,26.025033
0.000000,0.000000,20.584417,0.000000,0.000000,1.377606,3.303156,0.579006,27.515976
0.000000,0.000000,22.408858,0.000000,0.000000,2.378375,3.167689,0.063367,29.223189
0.000000,0.000000,20.887717,0.000000,0.000000,1.267924,2.927707,0.555452,27.908317
0.000000,0.000000,21.291353,0.000000,0.000000,2.017084,3.487841,0.132904,27.277118
0.000000,0.000000,19.865062,0.000000,0.000000,1.290322,6.045899,0.684052,26.730559
0.000000,0.000000,19.837782,0.000000,0.000000,2.155960,5.207817,0.059337,29.247796
0.000000,0.000000,20.538716,0.000000,0.000000,1.252663,3.139251,0.478143,29.298763
0.000000,0.000000,20.191354,0.000000,0.000000,2.090744,3.366007,0.049374,26.351471
0.000000,0.000000,20.430495,0.000000,0.000000,1.448157,3.147442,0.466968,27.247008
0.000000,0.000000,20.375484,0.000000,0.000000,2.080861,3.400614,0.049956,26.687610
0.000000,0.000000,19.947384,0.000000,0.000000,1.209568,3.187835,0.515417,26.976171
0.000000,0.000000,20.229775,0.000000,0.000000,2.318544,3.368240,0.049004,26.491305
0.000000,0.000000,20.118258,0.000000,0.000000,1.198067,3.062690,0.562108,27.164357
0.000000,0.000000,19.668945,0.000000,0.000000,2.080321,3.444932,0.059779,25.810511
0.000000,0.000000,21.288294,0.000000,0.000000,1.067421,3.041453,0.534001,28.345038
0.000000,0.000000,19.924555,0.000000,0.000000,2.162739,3.830347,0.069601,25.907308
0.000000,0.000000,21.104533,0.000000,0.000000,1.339037,3.313780,0.066137,28.853143
0.000000,0.000000,20.694043,0.000000,0.000000,1.127650,3.238231,0.625461,26.858805
0.000000,0.000000,20.650577,0.000000,0.000000,2.164492,3.602412,0.052629,27.012939
0.000000,0.000000,21.799016,0.000000,0.000000,1.509305,4.052888,0.088867,29.077999
0.000000,0.000000,21.505881,0.000000,0.000000,1.395485,3.561878,0.762578,28.697158
0.000000,0.000000,21.090892,0.000000,0.000000,2.256643,4.486992,0.094675,28.358670
0.000000,0.000000,22.179470,0.000000,0.000000,1.380024,2.997092,0.078444,30.518624
0.000000,0.000000,20.354889,0.000000,0.000000,1.125037,4.968218,0.548876,27.498593
0.000000,0.000000,19.705451,0.000000,0.000000,2.416504,3.108880,0.052109,27.683207
0.000000,0.000000,20.350552,0.000000,0.000000,1.622085,3.026361,0.069992,27.349095
0.000000,0.000000,20.206763,0.000000,0.000000,1.232299,2.625370,0.624706,26.358365
0.000000,0.000000,19.813123,0.000000,0.000000,2.761179,3.573834,0.064836,25.600143
0.000000,0.000000,21.009204,0.000000,0.000000,1.642125,3.243058,0.059379,28.953946
0.000000,0.000000,20.321741,0.000000,0.000000,0.993292,3.146979,0.615489,26.592057
0.000000,0.000000,20.554711,0.000000,0.000000,2.573526,3.541504,0.072016,26.741496
0.000000,0.000000,20.062206,0.000000,0.000000,1.323152,3.416338,0.067500,27.930560
0.000000,0.000000,20.241353,0.000000,0.000000,1.101966,3.102029,0.626254,26.519359
0.000000,0.000000,20.387017,0.000000,0.000000,2.581125,3.652783,0.054984,26.644808
0.000000,0.000000,20.665038,0.000000,0.000000,1.622339,3.451185,0.059479,28.700845
0.000000,0.000000,20.459124,0.000000,0.000000,1.185509,3.325957,0.100103,27.044140
0.000000,0.000000,21.532853,0.000000,0.000000,0.906397,4.010239,0.756667,27.617853
0.000000,0.000000,21.801720,0.000000,0.000000,2.867703,3.402700,0.057898,29.151135
0.000000,0.000000,20.745552,0.000000,0.000000,1.417329,3.563325,0.121212,28.544194
0.000000,0.000000,21.550331,0.000000,0.000000,1.162979,5.680492,0.794084,28.246844
0.000000,0.000000,19.948994,0.000000,0.000000,2.485861,5.513899,0.079096,29.010318
0.000000,0.000000,20.339368,0.000000,0.000000,1.489256,3.288958,0.054623,30.346940
0.000000,0.000000,20.643425,0.000000,0.000000,1.084624,3.172332,0.638916,26.963227
0.000000,0.000000,20.088642,0.000000,0.000000,2.714337,3.868454,0.056185,26.389866
0.000000,0.000000,20.153329,0.000000,0.000000,1.300843,3.104540,0.576643,28.450869
0.000000,0.000000,19.941444,0.000000,0.000000,2.375733,3.333737,0.058318,26.355350
0.000000,0.000000,20.518037,0.000000,0.000000,1.366942,3.454890,0.078475,27.861568
0.000000,0.000000,20.862399,0.000000,0.000000,1.002242,2.818232,0.660551,27.348881
0.000000,0.000000,19.825956,0.000000,0.000000,2.795222,3.365930,0.054724,25.776763
0.000000,0.000000,20.575036,0.000000,0.000000,1.241364,3.454620,0.055495,28.289644
0.000000,0.000000,19.916648,0.000000,0.000000,0.952535,2.835495,0.678706,26.158398
0.000000,0.000000,20.413521,0.000000,0.000000,2.635515,3.290919,0.063466,26.326239
0.000000,0.000000,21.310268,0.000000,0.000000,1.127291,2.735791,0.734461,28.838314
0.000000,0.000000,21.245060,0.000000,0.000000,2.373202,3.017381,0.052210,27.423405
0.000000,0.000000,21.161317,0.000000,0.000000,1.020446,2.588211,0.837890,28.462416
0.000000,0.000000,19.877915,0.000000,0.000000,2.273317,2.911928,2.851006,26.444364
0.000000,0.000000,20.237310,0.000000,0.000000,1.066538,4.321618,0.742208,29.875552
0.000000,0.000000,19.768091,0.000000,0.000000,2.220554,3.170354,0.071938,27.247696
0.000000,0.000000,20.249374,0.000000,0.000000,1.103319,2.787504,0.668047,27.179813
0.000000,0.000000,19.384088,0.000000,0.000000,2.371189,3.276509,0.057699,25.276118
0.000000,0.000000,19.924092,0.000000,0.000000,1.398349,3.100179,0.059891,27.267292
0.000000,0.000000,19.004103,0.000000,0.000000,1.080136,2.827609,0.595389,24.906196
0.000000,0.000000,20.357110,0.000000,0.000000,2.749213,3.634535,0.063206,26.255218
0.000000,0.000000,20.364260,0.000000,0.000000,1.496302,4.104462,0.054364,28.221438
0.000000,0.000000,19.467812,0.000000,0.000000,1.032478,3.272951,0.583034,26.533576
0.000000,0.000000,19.770733,0.000000,0.000000,2.892435,4.680192,0.073064,26.125077
0.000000,0.000000,21.145506,0.000000,0.000000,1.784600,4.630084,0.697749,30.542056
0.000000,0.000000,21.039435,0.000000,0.000000,2.906152,3.846331,0.121627,30.108527
0.000000,0.000000,21.446464,0.000000,0.000000,1.781398,4.133670,0.618503,30.273134
0.000000,0.000000,21.169716,0.000000,0.000000,2.660098,4.105725,0.285944,29.507631
0.000000,0.000000,20.870672,0.000000,0.000000,1.347178,3.165285,0.644048,32.363503
0.000000,0.000000,19.513425,0.000000,0.000000,2.834061,3.588131,0.069963,26.270264
0.000000,0.000000,21.354779,0.000000,0.000000,1.633282,3.682597,0.064592,29.774262
0.000000,0.000000,20.577200,0.000000,0.000000,1.252011,3.426194,0.691717,27.539621
0.000000,0.000000,20.464276,0.000000,0.000000,2.872465,3.885589,0.052246,27.328037
0.000000,0.000000,19.475083,0.000000,0.000000,1.527860,3.775226,0.052960,27.778348
0.000000,0.000000,19.428440,0.000000,0.000000,1.237075,3.358117,0.664340,26.343801
0.000000,0.000000,20.727398,0.000000,0.000000,2.717255,3.716405,0.058691,27.453700
0.000000,0.000000,20.328808,0.000000,0.000000,1.430373,4.007481,0.634488,28.276325
0.000000,0.000000,19.655866,0.000000,0.000000,2.770004,3.879047,0.057556,27.311424
0.000000,0.000000,20.644616,0.000000,0.000000,1.428044,3.882099,0.658990,29.098860
0.000000,0.000000,20.149343,0.000000,0.000000,3.100112,4.290450,0.115911,27.657697
0.000000,0.000000,20.780483,0.000000,0.000000,1.319587,4.916418,0.632239,29.984978
0.000000,0.000000,19.709641,0.000000,0.000000,2.690670,3.584393,0.214676,28.144196
0.000000,0.000000,19.897867,0.000000,0.000000,1.366046,6.503019,0.682622,29.817783
0.000000,0.000000,20.427775,0.000000,0.000000,2.596264,8.565728,0.096943,30.672498
0.000000,0.000000,21.126317,0.000000,0.000000,1.151601,6.058686,0.634407,34.285568
0.000000,0.000000,20.476166,0.000000,0.000000,2.359033,3.602559,0.055311,29.884299
0.000000,0.000000,20.172719,0.000000,0.000000,1.232500,3.612704,0.550102,27.753472
0.000000,0.000000,20.071259,0.000000,0.000000,2.143505,3.294045,0.049182,26.905110
0.000000,0.000000,19.662845,0.000000,0.000000,1.243116,3.679594,0.611233,26.624396
0.000000,0.000000,19.949088,0.000000,0.000000,2.201330,3.729117,0.047550,26.964648
0.000000,0.000000,19.815391,0.000000,0.000000,1.194404,3.820752,0.530764,27.280415
0.000000,0.000000,19.665379,0.000000,0.000000,2.263352,3.619686,0.636170,26.750202
0.000000,0.000000,20.326096,0.000000,0.000000,2.277021,4.198705,0.549485,28.549899
0.000000,0.000000,22.267997,0.000000,0.000000,2.027621,4.449257,0.584849,30.800575
0.000000,0.000000,21.915221,0.000000,0.000000,2.293386,4.703235,0.574923,30.752734
0.000000,0.000000,20.883199,0.000000,0.000000,2.050965,4.329280,0.675823,30.115698
0.000000,0.000000,21.146279,0.000000,0.000000,2.090524,6.725798,0.514433,29.763134
0.000000,0.000000,21.858707,0.000000,0.000000,2.223121,9.285158,0.105646,32.779103
0.000000,0.000000,21.452874,0.000000,0.000000,1.282985,3.955333,3.992939,34.997927
0.000000,0.000000,20.243480,0.000000,0.000000,2.103503,3.322333,0.047791,31.048554
0.000000,0.000000,21.527226,0.000000,0.000000,1.152852,3.552015,0.508745,28.551565
0.000000,0.000000,20.838813,0.000000,0.000000,2.012939,3.871750,0.059118,27.585100
0.000000,0.000000,19.529478,0.000000,0.000000,1.409915,3.639543,0.049824,27.124817
0.000000,0.000000,20.143594,0.000000,0.000000,1.257187,3.291163,0.547227,26.653152
0.000000,0.000000,19.326213,0.000000,0.000000,2.171462,4.510714,0.062153,25.698676
0.000000,0.000000,23.751239,0.000000,0.000000,1.690248,4.081164,0.052889,32.080625
0.000000,0.000000,20.739278,0.000000,0.000000,1.493090,3.721205,0.066069,27.969207
0.000000,0.000000,19.856784,0.000000,0.000000,1.279390,4.172800,0.560888,26.472842
0.000000,0.000000,19.779960,0.000000,0.000000,2.480895,5.505300,0.076674,27.189272
0.000000,0.000000,21.322114,0.000000,0.000000,1.617905,4.088855,0.050385,31.200411
0.000000,0.000000,20.360307,0.000000,0.000000,1.511116,3.953383,0.522570,27.681899
0.000000,0.000000,20.063824,0.000000,0.000000,2.146942,5.883992,0.077316,27.628658
0.000000,0.000000,21.205978,0.000000,0.000000,1.674534,4.637560,0.166800,34.060461
0.000000,0.000000,20.217534,0.000000,0.000000,1.461113,9.250875,0.543787,28.506394
0.000000,0.000000,20.049612,0.000000,0.000000,2.574334,5.889329,0.124567,32.986129
0.000000,0.000000,21.384976,0.000000,0.000000,2.276076,4.431291,0.058107,31.930324
0.000000,0.000000,20.160048,0.000000,0.000000,1.913823,4.099153,0.047641,28.568769
0.000000,0.000000,20.292427,0.000000,0.000000,1.599711,4.093475,0.541774,27.757051
0.000000,0.000000,20.853109,0.000000,0.000000,2.881425,8.063863,0.153110,28.468479
0.000000,0.000000,21.185348,0.000000,0.000000,2.245049,4.476990,0.050916,34.345349
0.000000,0.000000,19.919837,0.000000,0.000000,1.857152,3.356845,0.051317,28.110381
0.000000,0.000000,21.235264,0.000000,0.000000,1.545231,3.308982,0.548528,27.957815
0.000000,0.000000,20.108307,0.000000,0.000000,3.044613,3.648134,0.057967,26.853744
0.000000,0.000000,22.492454,0.000000,0.000000,1.927919,3.464738,0.054813,30.861481
0.000000,0.000000,21.065271,0.000000,0.000000,1.531100,3.948497,0.583851,28.607393
0.000000,0.000000,21.751356,0.000000,0.000000,3.297966,4.914985,0.105209,29.462360
0.000000,0.000000,20.134977,0.000000,0.000000,1.862580,3.672461,0.127011,30.355678
0.000000,0.000000,20.758940,0.000000,0.000000,1.550028,3.467992,0.151448,28.249571
0.000000,0.000000,19.497527,0.000000,0.000000,1.557870,3.153848,0.054843,26.367551
0.000000,0.000000,19.630627,0.000000,0.000000,1.507214,2.885454,0.053080,25.766824
0.000000,0.000000,19.529504,0.000000,0.000000,1.461015,2.726795,0.679521,25.376005
0.000000,0.000000,19.471757,0.000000,0.000000,3.707612,3.683555,0.080842,25.584155
0.000000,0.000000,20.031897,0.000000,0.000000,2.524878,3.817870,0.069095,29.127830
0.000000,0.000000,21.590691,0.000000,0.000000,2.337715,3.221275,0.056796,29.450228
0.000000,0.000000,20.624395,0.000000,0.000000,2.156951,3.156727,0.058428,27.644720
0.000000,0.000000,19.731000,0.000000,0.000000,1.876766,3.210539,0.159482,26.447736
0.000000,0.000000,19.849078,0.000000,0.000000,1.421706,2.550087,0.103547,26.760389
0.000000,0.000000,19.719904,0.000000,0.000000,1.217527,2.251705,0.802337,25.432888
0.000000,0.000000,19.651489,0.000000,0.000000,4.343972,3.162454,0.067434,25.249157
0.000000,0.000000,20.527056,0.000000,0.000000,2.672819,3.256703,0.070896,29.933298
0.000000,0.000000,21.191134,0.000000,0.000000,2.203381,2.995931,0.063821,28.620254
0.000000,0.000000,19.927682,0.000000,0.000000,1.883302,2.661852,0.065789,26.518500
0.000000,0.000000,19.462548,0.000000,0.000000,1.554109,2.461577,0.068136,25.400502
0.000000,0.000000,19.371302,0.000000,0.000000,1.548410,2.390992,0.084152,24.779970
0.000000,0.000000,19.739288,0.000000,0.000000,1.518656,2.212454,0.096484,25.018317
0.000000,0.000000,21.139685,0.000000,0.000000,1.172878,2.115456,0.761812,26.246425
0.000000,0.000000,21.120881,0.000000,0.000000,3.574999,2.726275,0.159864,26.549057
0.000000,0.000000,19.781977,0.000000,0.000000,1.996023,2.607924,0.137818,31.670938
0.000000,0.000000,20.913642,0.000000,0.000000,1.627464,2.206924,0.068006,27.181017
0.000000,0.000000,20.551416,0.000000,0.000000,1.240475,2.412947,0.071308,25.735353
0.000000,0.000000,20.530521,0.000000,0.000000,0.873326,1.703250,0.663838,25.467413
0.000000,0.000000,19.197372,0.000000,0.000000,2.753129,2.517470,0.063461,23.601800
0.000000,0.000000,19.450632,0.000000,0.000000,1.745497,2.249669,0.075904,26.273646
0.000000,0.000000,19.453110,0.000000,0.000000,1.158667,2.043422,0.598600,24.776984
0.000000,0.000000,19.615153,0.000000,0.000000,2.745351,2.576043,0.055352,24.739604
0.000000,0.000000,21.361504,0.000000,0.000000,1.641174,2.683757,0.129811,28.022915
0.000000,0.000000,19.840155,0.000000,0.000000,1.291107,2.307490,0.697404,25.997526
0.000000,0.000000,20.743295,0.000000,0.000000,2.859789,2.799449,0.052994,26.485321
0.000000,0.000000,20.579736,0.000000,0.000000,1.544187,2.356209,0.053416,27.620055
0.000000,0.000000,19.812249,0.000000,0.000000,1.089976,2.079442,0.498878,25.146247
0.000000,0.000000,20.252245,0.000000,0.000000,2.467391,2.199030,0.047486,25.249651
0.000000,0.000000,20.667509,0.000000,0.000000,1.376322,2.267128,0.046924,26.632928
0.000000,0.000000,20.568300,0.000000,0.000000,1.100507,2.046924,0.501590,25.507521
0.000000,0.000000,21.088928,0.000000,0.000000,2.006122,2.718417,0.047135,25.973229
0.000000,0.000000,22.345530,0.000000,0.000000,1.301032,2.953641,0.092416,28.728791
0.000000,0.000000,20.229386,0.000000,0.000000,1.076519,2.190643,0.558545,26.172280
0.000000,0.000000,19.994954,0.000000,0.000000,1.949267,2.553094,0.044490,26.569480
0.000000,0.000000,19.800764,0.000000,0.000000,1.187382,2.211075,0.434616,25.708796
0.000000,0.000000,19.754220,0.000000,0.000000,1.941431,2.493363,0.042205,24.939166
0.000000,0.000000,20.524642,0.000000,0.000000,1.131157,2.253186,0.436413,26.379448
0.000000,0.000000,18.886056,0.000000,0.000000,1.915453,2.415795,0.044861,24.025959
0.000000,0.000000,20.815419,0.000000,0.000000,1.138321,2.021898,0.437545,26.584553
0.000000,0.000000,20.653310,0.000000,0.000000,2.361666,2.934514,0.060272,25.583608
0.000000,0.000000,21.345039,0.000000,0.000000,1.269356,3.035638,0.447905,28.134177
0.000000,0.000000,20.706076,0.000000,0.000000,1.908027,2.606250,0.068018,26.885892
0.000000,0.000000,20.967726,0.000000,0.000000,1.075414,2.097862,0.491304,30.686126
0.000000,0.000000,19.976722,0.000000,0.000000,2.017770,2.464574,0.045292,25.050642
0.000000,0.000000,19.563807,0.000000,0.000000,1.035934,2.086960,0.482345,25.405859
0.000000,0.000000,19.283661,0.000000,0.000000,2.252214,2.604366,0.044169,24.176334
0.000000,0.000000,20.701558,0.000000,0.000000,1.113018,2.266869,0.472860,26.836943
0.000000,0.000000,20.467780,0.000000,0.000000,1.883241,2.536788,0.046073,25.724547
0.000000,0.000000,20.177351,0.000000,0.000000,0.972784,2.234955,0.496788,26.206635
0.000000,0.000000,20.925730,0.000000,0.000000,1.901298,3.009386,0.189504,25.987871
0.000000,0.000000,21.195356,0.000000,0.000000,0.984668,8.883335,0.551339,28.241233
0.000000,0.000000,21.390863,0.000000,0.000000,2.236368,3.120462,0.064411,33.234415
0.000000,0.000000,28.420306,0.000000,0.000000,1.074500,2.577319,0.496888,35.346570
0.000000,0.000000,20.795595,0.000000,0.000000,1.795082,2.981279,0.056134,29.470258
0.000000,0.000000,20.908615,0.000000,0.000000,0.881229,2.431193,0.536168,27.422416
0.000000,0.000000,20.022066,0.000000,0.000000,1.772308,2.725149,0.048449,25.270114
0.000000,0.000000,20.395627,0.000000,0.000000,0.844570,2.484719,0.545711,26.270258
0.000000,0.000000,18.667357,0.000000,0.000000,1.782188,2.594793,0.043649,23.825239
0.000000,0.000000,20.455830,0.000000,0.000000,0.934082,2.338301,0.488534,26.228283
0.000000,0.000000,20.540682,0.000000,0.000000,1.747208,2.829491,0.098560,25.604593
0.000000,0.000000,21.389661,0.000000,0.000000,0.953822,2.430218,0.481741,27.619064
0.000000,0.000000,20.608440,0.000000,0.000000,1.627364,7.347800,0.055904,25.696380
0.000000,0.000000,21.137046,0.000000,0.000000,1.043224,2.331988,0.539418,31.483552
0.000000,0.000000,20.121919,0.000000,0.000000,1.893265,2.616177,0.044300,25.306837
0.000000,0.000000,21.081543,0.000000,0.000000,1.012321,2.366048,0.523887,26.887995
0.000000,0.000000,19.885037,0.000000,0.000000,1.813525,2.728755,0.046835,25.086036
0.000000,0.000000,20.702644,0.000000,0.000000,0.868645,2.403129,0.464889,26.598579
0.000000,0.000000,19.832637,0.000000,0.000000,1.736648,2.619833,0.045644,24.850157
0.000000,0.000000,20.422812,0.000000,0.000000,1.064725,2.444113,0.445941,26.251761
0.000000,0.000000,20.434658,0.000000,0.000000,1.860782,2.845043,0.041335,25.648980
0.000000,0.000000,20.196290,0.000000,0.000000,1.069305,2.392899,0.449228,30.647892
0.000000,0.000000,19.928603,0.000000,0.000000,1.741918,2.873891,0.045353,24.969702
0.000000,0.000000,20.221061,0.000000,0.000000,1.009924,2.371605,0.462936,26.189795
0.000000,0.000000,19.854392,0.000000,0.000000,1.895172,2.744637,0.045412,25.021779
0.000000,0.000000,21.403917,0.000000,0.000000,1.054313,2.537463,0.523460,27.381829
0.000000,0.000000,20.479149,0.000000,0.000000,2.036404,2.979147,0.062619,25.848478
0.000000,0.000000,20.012370,0.000000,0.000000,0.985951,2.857086,0.607255,26.411106
0.000000,0.000000,20.237652,0.000000,0.000000,1.821283,3.071987,0.092029,26.036487
0.000000,0.000000,20.817420,0.000000,0.000000,1.068490,2.813857,0.493642,27.204852
0.000000,0.000000,19.569062,0.000000,0.000000,1.888621,2.988626,0.044872,25.328086
0.000000,0.000000,20.716513,0.000000,0.000000,1.072588,2.755338,0.490064,26.970863
0.000000,0.000000,19.676652,0.000000,0.000000,2.043739,3.062548,0.048830,25.268794
0.000000,0.000000,20.912701,0.000000,0.000000,0.993476,2.908802,0.534967,27.529999
0.000000,0.000000,20.286632,0.000000,0.000000,1.898239,3.133686,0.050623,26.080608
0.000000,0.000000,21.495101,0.000000,0.000000,1.296128,3.022423,0.626375,28.009244
0.000000,0.000000,20.729711,0.000000,0.000000,1.836388,3.011854,0.100995,27.283017
0.000000,0.000000,21.089440,0.000000,0.000000,0.778568,2.756806,0.720031,28.425145
0.000000,0.000000,20.941079,0.000000,0.000000,2.033840,2.885783,0.053448,26.619233
0.000000,0.000000,20.628555,0.000000,0.000000,0.867391,2.723435,0.053468,26.895229
0.000000,0.000000,20.963880,0.000000,0.000000,0.765594,2.479188,0.551221,25.919578
0.000000,0.000000,20.115914,0.000000,0.000000,1.874177,2.661181,0.047116,25.080991
0.000000,0.000000,20.942210,0.000000,0.000000,0.923313,2.521375,0.058557,26.880922
0.000000,0.000000,20.800571,0.000000,0.000000,0.716824,2.191669,0.565337,25.621553
0.000000,0.000000,20.810980,0.000000,0.000000,2.002353,2.824451,0.063937,25.673629
0.000000,0.000000,20.995418,0.000000,0.000000,0.792158,2.261252,0.561814,30.975632
0.000000,0.000000,20.235493,0.000000,0.000000,1.905698,2.714997,0.046346,25.097522
0.000000,0.000000,21.443761,0.000000,0.000000,0.815872,2.193658,0.647792,27.415843
0.000000,0.000000,20.510473,0.000000,0.000000,1.847691,3.208556,0.056314,25.466565
0.000000,0.000000,20.928113,0.000000,0.000000,1.010710,2.654175,0.059049,27.344513
0.000000,0.000000,20.223294,0.000000,0.000000,0.730294,2.136242,0.584837,25.238506
0.000000,0.000000,19.926268,0.000000,0.000000,2.014779,3.414515,0.049862,24.699824
0.000000,0.000000,20.049635,0.000000,0.000000,1.122686,2.803430,0.093422,27.073673
0.000000,0.000000,20.745977,0.000000,0.000000,0.783943,2.183048,0.048650,26.186481
0.000000,0.000000,18.927139,0.000000,0.000000,0.681254,2.226347,0.709095,23.149250
0.000000,0.000000,20.198839,0.000000,0.000000,2.396576,2.536705,0.051836,24.987543
0.000000,0.000000,20.753755,0.000000,0.000000,1.265838,2.553717,0.061153,27.152204
0.000000,0.000000,28.432699,0.000000,0.000000,0.647957,2.140745,0.643659,33.543879
0.000000,0.000000,20.309254,0.000000,0.000000,2.155241,3.211192,0.060723,25.220185
0.000000,0.000000,22.498077,0.000000,0.000000,1.111473,2.846338,0.088804,29.256551
0.000000,0.000000,20.680079,0.000000,0.000000,0.603985,2.646599,0.750617,26.070316
0.000000,0.000000,20.351923,0.000000,0.000000,1.881085,2.642662,0.065180,25.643577
0.000000,0.000000,21.008005,0.000000,0.000000,0.693481,2.188804,0.050643,31.417613
0.000000,0.000000,19.823186,0.000000,0.000000,0.527134,2.182562,0.615507,23.980014
0.000000,0.000000,20.237662,0.000000,0.000000,1.919706,2.690850,0.052347,24.722866
0.000000,0.000000,20.333960,0.000000,0.000000,0.895260,2.439822,0.061945,26.415343
0.000000,0.000000,19.819206,0.000000,0.000000,0.763295,2.305834,0.585575,24.429651
0.000000,0.000000,20.218765,0.000000,0.000000,2.014153,3.289046,0.065722,25.135138
0.000000,0.000000,19.985503,0.000000,0.000000,1.043744,3.621332,0.075380,26.666327
0.000000,0.000000,20.243271,0.000000,0.000000,0.644584,8.070458,0.615000,26.590656
0.000000,0.000000,21.106211,0.000000,0.000000,1.961325,8.468036,0.083135,31.818546
0.000000,0.000000,19.915714,0.000000,0.000000,1.167645,2.552882,0.068588,31.735291
0.000000,0.000000,19.452365,0.000000,0.000000,0.805814,2.239161,0.579284,24.487588
0.000000,0.000000,20.485080,0.000000,0.000000,1.995198,3.034034,0.060913,25.245723
0.000000,0.000000,20.099715,0.000000,0.000000,1.379815,2.961017,0.071784,26.463791
0.000000,0.000000,20.076157,0.000000,0.000000,0.823702,2.432985,0.628089,25.733247
0.000000,0.000000,20.792870,0.000000,0.000000,2.172120,2.864748,0.049172,25.914014
0.000000,0.000000,20.784364,0.000000,0.000000,1.437153,3.335995,0.074468,27.298368
0.000000,0.000000,20.156136,0.000000,0.000000,0.772186,2.431512,6.905352,26.464779
0.000000,0.000000,19.733981,0.000000,0.000000,2.073887,3.154005,0.049482,31.509110
0.000000,0.000000,18.625399,0.000000,0.000000,1.180205,2.803373,0.049723,25.201148
0.000000,0.000000,19.809531,0.000000,0.000000,0.739565,2.588615,0.524125,25.151756
0.000000,0.000000,19.547804,0.000000,0.000000,1.850938,2.955413,0.045285,24.652658
0.000000,0.000000,19.818300,0.000000,0.000000,1.022823,2.597470,0.043942,26.154752
0.000000,0.000000,19.807355,0.000000,0.000000,0.807415,3.270326,0.551284,24.823327
0.000000,0.000000,20.564885,0.000000,0.000000,1.968697,2.949739,0.143473,26.464884
0.000000,0.000000,20.449665,0.000000,0.000000,1.323395,9.870084,0.042810,27.456312
0.000000,0.000000,20.329532,0.000000,0.000000,1.060660,2.920999,0.068956,32.751624
0.000000,0.000000,20.603290,0.000000,0.000000,0.878936,2.456538,0.468891,25.904024
0.000000,0.000000,20.095748,0.000000,0.000000,1.806669,2.993863,0.043302,25.044549
0.000000,0.000000,19.600768,0.000000,0.000000,1.286416,2.673556,0.038702,25.743134
0.000000,0.000000,19.530344,0.000000,0.000000,1.099192,2.578125,0.048642,24.800634
0.000000,0.000000,19.870452,0.000000,0.000000,0.924162,2.836911,0.496338,24.852844
0.000000,0.000000,20.175697,0.000000,0.000000,1.665427,3.370858,0.049555,25.796367
0.000000,0.000000,19.722420,0.000000,0.000000,1.550153,2.920205,0.045456,26.174525
0.000000,0.000000,19.243986,0.000000,0.000000,1.234895,2.642537,0.038752,25.114379
0.000000,0.000000,19.483534,0.000000,0.000000,1.050414,2.550141,0.373241,24.651228
0.000000,0.000000,20.013847,0.000000,0.000000,1.805654,3.374246,0.037148,25.159124
0.000000,0.000000,20.153412,0.000000,0.000000,1.708158,3.115458,0.041287,26.692311
0.000000,0.000000,20.314673,0.000000,0.000000,1.314504,2.796042,0.037780,26.473206
0.000000,0.000000,20.864345,0.000000,0.000000,1.995582,3.029419,0.391799,26.298754
0.000000,0.000000,19.919287,0.000000,0.000000,2.077589,8.197191,0.042791,26.570893
0.000000,0.000000,19.074678,0.000000,0.000000,1.963328,8.610837,0.052551,30.750355
0.000000,0.000000,19.836071,0.000000,0.000000,1.643260,3.156926,0.037820,31.706250
0.000000,0.000000,19.442847,0.000000,0.000000,1.395172,2.502435,0.342788,25.501880
0.000000,0.000000,19.833594,0.000000,0.000000,2.206065,3.704288,0.037540,25.226657
0.000000,0.000000,19.550743,0.000000,0.000000,1.924597,3.451220,0.044835,26.787543
0.000000,0.000000,19.471795,0.000000,0.000000,1.776223,3.364275,0.290046,26.270905
0.000000,0.000000,20.079837,0.000000,0.000000,2.143192,3.458776,0.039895,26.933312
0.000000,0.000000,18.991155,0.000000,0.000000,2.018918,3.068677,0.041708,25.993206
0.000000,0.000000,19.509867,0.000000,0.000000,1.642398,3.120728,0.291600,26.679493
0.000000,0.000000,20.105641,0.000000,0.000000,2.202598,3.220490,0.038953,26.608813
0.000000,0.000000,19.840017,0.000000,0.000000,2.048074,3.126931,0.040823,26.586095
0.000000,0.000000,19.578310,0.000000,0.000000,1.550530,3.373190,0.338191,26.073561
0.000000,0.000000,19.753979,0.000000,0.000000,2.382973,3.580688,0.043537,26.207343
0.000000,0.000000,20.104406,0.000000,0.000000,1.931547,3.554168,0.052200,27.560737
0.000000,0.000000,20.590056,0.000000,0.000000,1.631044,3.232772,0.469654,27.549793
0.000000,0.000000,19.509539,0.000000,0.000000,2.552964,4.445892,0.111722,26.233011
0.000000,0.000000,20.758630,0.000000,0.000000,1.960451,3.549250,5.881966,34.570561
0.000000,0.000000,19.815039,0.000000,0.000000,1.353746,3.157857,0.440439,32.584880
0.000000,0.000000,19.757931,0.000000,0.000000,2.690196,3.343463,0.048104,26.115149
0.000000,0.000000,20.295323,0.000000,0.000000,1.631254,3.178819,0.055054,27.948909
0.000000,0.000000,19.934472,0.000000,0.000000,1.239330,2.909735,0.473520,26.164534
0.000000,0.000000,20.150506,0.000000,0.000000,1.976788,3.404107,0.049316,26.180149
0.000000,0.000000,20.387534,0.000000,0.000000,1.506791,3.021314,0.047944,27.222437
0.000000,0.000000,19.790327,0.000000,0.000000,1.188833,2.822666,0.500925,25.725358
0.000000,0.000000,20.249122,0.000000,0.000000,2.195135,3.433424,0.084991,26.203998
0.000000,0.000000,19.473355,0.000000,0.000000,1.505128,2.904984,0.046783,30.752715
0.000000,0.000000,19.966172,0.000000,0.000000,1.122146,2.604449,0.493063,25.883305
0.000000,0.000000,20.058024,0.000000,0.000000,2.213845,3.105275,0.050337,25.615562
0.000000,0.000000,20.336771,0.000000,0.000000,1.388688,2.978068,0.053913,27.081906
0.000000,0.000000,20.420351,0.000000,0.000000,1.098710,2.675789,0.589652,26.215265
0.000000,0.000000,19.908879,0.000000,0.000000,2.041407,3.191328,0.047524,25.680990
0.000000,0.000000,20.881083,0.000000,0.000000,1.419093,2.814049,0.476570,27.813115
0.000000,0.000000,20.300282,0.000000,0.000000,2.223041,3.343100,0.053163,26.393371
0.000000,0.000000,20.101422,0.000000,0.000000,1.446826,2.894704,0.477642,32.161898
0.000000,0.000000,19.821457,0.000000,0.000000,2.133343,3.087755,0.049607,26.112465
0.000000,0.000000,20.206415,0.000000,0.000000,1.390769,3.090168,0.519297,26.817399
0.000000,0.000000,18.925617,0.000000,0.000000,2.051786,2.960707,0.051871,25.217977
0.000000,0.000000,20.848742,0.000000,0.000000,1.127020,2.752154,0.595925,27.384020
0.000000,0.000000,19.708441,0.000000,0.000000,1.930378,3.595292,0.072272,25.524262
0.000000,0.000000,21.706985,0.000000,0.000000,1.143976,3.015612,0.517303,28.981424
0.000000,0.000000,19.147019,0.000000,0.000000,2.013278,8.190359,0.063944,29.043616
0.000000,0.000000,20.101782,0.000000,0.000000,1.196651,2.943873,0.529627,31.786353
0.000000,0.000000,19.005113,0.000000,0.000000,2.252699,3.113297,0.053221,25.056291
0.000000,0.000000,21.037090,0.000000,0.000000,1.208866,3.113357,0.671964,27.906418
0.000000,0.000000,20.194390,0.000000,0.000000,2.481096,3.933632,0.071179,26.686349
0.000000,0.000000,21.006708,0.000000,0.000000,1.300218,3.209769,0.630758,29.255108
0.000000,0.000000,20.443169,0.000000,0.000000,2.474572,3.725798,0.089958,27.101296
0.000000,0.000000,20.317116,0.000000,0.000000,1.277230,3.223718,0.588210,28.279586
0.000000,0.000000,20.784152,0.000000,0.000000,2.327846,3.236054,0.060206,27.405361
0.000000,0.000000,20.396027,0.000000,0.000000,1.065016,2.623073,0.697187,33.182090
0.000000,0.000000,21.201513,0.000000,0.000000,2.644392,4.191013,0.074516,27.048655
0.000000,0.000000,21.067621,0.000000,0.000000,0.868490,2.753260,0.598684,29.973304
0.000000,0.000000,20.125447,0.000000,0.000000,1.814933,2.907965,0.052550,25.792102
0.000000,0.000000,20.607937,0.000000,0.000000,1.019937,2.599678,0.656767,27.064868
0.000000,0.000000,19.964730,0.000000,0.000000,1.808264,2.991399,0.048902,25.564965
0.000000,0.000000,20.486439,0.000000,0.000000,1.001890,3.605315,0.753349,26.803040
0.000000,0.000000,20.088670,0.000000,0.000000,2.220107,3.116150,0.070498,26.911267
0.000000,0.000000,20.134284,0.000000,0.000000,0.876938,2.337900,0.558199,35.646793
0.000000,0.000000,19.972145,0.000000,0.000000,1.857032,2.441888,0.046398,25.053614
0.000000,0.000000,20.261000,0.000000,0.000000,0.853393,2.443084,0.634453,25.926353
0.000000,0.000000,20.497838,0.000000,0.000000,1.795864,2.434185,0.051959,25.764613
0.000000,0.000000,20.111436,0.000000,0.000000,0.856771,2.531889,0.618920,25.851447
0.000000,0.000000,21.691310,0.000000,0.000000,2.100543,2.835848,0.048021,27.227833
0.000000,0.000000,21.723153,0.000000,0.000000,1.044484,2.303119,0.490952,28.050767
0.000000,0.000000,20.639316,0.000000,0.000000,1.881644,2.369038,0.044794,28.382815
0.000000,0.000000,20.214783,0.000000,0.000000,0.887765,1.947993,0.542690,26.132597
0.000000,0.000000,20.146459,0.000000,0.000000,1.785481,2.245619,0.047730,24.829319
0.000000,0.000000,19.625364,0.000000,0.000000,1.034283,2.197076,0.556910,25.042356
0.000000,0.000000,20.022199,0.000000,0.000000,1.740237,2.386264,0.055927,25.221453
0.000000,0.000000,20.298970,0.000000,0.000000,0.930831,2.053085,0.540879,25.937628
0.000000,0.000000,21.159020,0.000000,0.000000,2.219455,3.160768,0.095121,26.116603
0.000000,0.000000,20.587306,0.000000,0.000000,0.977539,9.540497,0.074297,27.436283
0.000000,0.000000,20.299700,0.000000,0.000000,0.736822,2.069690,0.602659,32.165956
0.000000,0.000000,20.598794,0.000000,0.000000,2.010535,2.540161,0.044754,25.250321
0.000000,0.000000,20.107666,0.000000,0.000000,0.906560,1.982286,0.515385,25.999737
0.000000,0.000000,19.817414,0.000000,0.000000,1.900954,2.382418,0.045877,24.524931
0.000000,0.000000,19.859252,0.000000,0.000000,0.951184,2.113332,0.539386,25.585353
0.000000,0.000000,19.857208,0.000000,0.000000,2.410267,2.800609,0.048161,24.742939
0.000000,0.000000,20.530817,0.000000,0.000000,1.082230,2.333907,0.542182,27.157766
0.000000,0.000000,20.322308,0.000000,0.000000,2.611835,2.647211,0.048282,33.423415
0.000000,0.000000,20.280026,0.000000,0.000000,1.007387,2.179001,0.519146,26.946744
0.000000,0.000000,19.741879,0.000000,0.000000,2.080965,2.493776,0.048462,24.799089
0.000000,0.000000,19.666872,0.000000,0.000000,1.085332,2.378462,0.505849,25.847975
0.000000,0.000000,19.776413,0.000000,0.000000,2.026870,2.641949,0.046448,25.068488
0.000000,0.000000,20.122994,0.000000,0.000000,1.007287,2.155782,0.565384,26.219279
0.000000,0.000000,20.401092,0.000000,0.000000,1.977506,2.797457,0.047991,25.571250
0.000000,0.000000,20.467151,0.000000,0.000000,0.986353,2.086486,0.622965,26.641349
0.000000,0.000000,21.327117,0.000000,0.000000,1.726358,2.569222,0.054574,30.822549
0.000000,0.000000,20.262502,0.000000,0.000000,0.756034,2.099452,0.577519,26.129131
0.000000,0.000000,20.822660,0.000000,0.000000,1.732677,2.252918,0.046833,25.653944
0.000000,0.000000,19.699471,0.000000,0.000000,0.807753,2.100663,0.510856,25.310978
0.000000,0.000000,20.168142,0.000000,0.000000,2.006638,2.412955,0.046241,25.019148
0.000000,0.000000,19.851364,0.000000,0.000000,1.438454,2.064488,0.600224,25.940657
0.000000,0.000000,20.731839,0.000000,0.000000,1.722782,2.388736,0.047092,28.133542
0.000000,0.000000,19.881641,0.000000,0.000000,0.846684,2.253318,0.565701,25.548442
0.000000,0.000000,20.201914,0.000000,0.000000,1.890110,2.580011,0.053061,25.298057
0.000000,0.000000,20.483516,0.000000,0.000000,1.010826,2.203391,0.512288,26.644478
0.000000,0.000000,18.738300,0.000000,0.000000,1.804457,2.564517,0.052230,23.889418
0.000000,0.000000,19.590332,0.000000,0.000000,1.199416,2.635450,0.549959,25.508370
0.000000,0.000000,20.362941,0.000000,0.000000,1.755491,9.675030,0.073994,26.232689
0.000000,0.000000,19.216575,0.000000,0.000000,0.930347,2.632345,0.584613,32.483212
0.000000,0.000000,19.944739,0.000000,0.000000,1.911532,2.514964,0.050848,25.517304
0.000000,0.000000,19.777141,0.000000,0.000000,1.075711,2.359153,0.443785,25.712796
0.000000,0.000000,20.983785,0.000000,0.000000,1.893494,2.478107,0.050528,26.285221
0.000000,0.000000,19.877295,0.000000,0.000000,1.124046,2.399035,0.416062,25.771467
0.000000,0.000000,20.093351,0.000000,0.000000,2.358682,3.056460,0.058290,25.456313
0.000000,0.000000,20.879012,0.000000,0.000000,1.088250,9.992942,0.496387,27.769523
0.000000,0.000000,20.344887,0.000000,0.000000,1.849906,2.551770,0.045010,33.243665
0.000000,0.000000,19.716056,0.000000,0.000000,1.080464,2.346736,0.491952,25.410580
0.000000,0.000000,20.122785,0.000000,0.000000,1.786708,2.731372,0.049166,25.368232
0.000000,0.000000,19.601527,0.000000,0.000000,1.068605,2.379927,0.485171,25.500216
0.000000,0.000000,19.956739,0.000000,0.000000,1.849315,3.503468,0.092754,25.270912
0.000000,0.000000,20.756738,0.000000,0.000000,1.117631,2.599017,0.512063,27.776032
0.000000,0.000000,19.958600,0.000000,0.000000,1.964734,2.989973,0.055366,25.748380
0.000000,0.000000,19.642322,0.000000,0.000000,1.291721,2.494985,0.484931,26.242898
0.000000,0.000000,19.539222,0.000000,0.000000,2.140085,2.981770,0.048475,25.100918
0.000000,0.000000,21.786033,0.000000,0.000000,1.099393,2.745924,0.533867,28.394281
0.000000,0.000000,19.969297,0.000000,0.000000,2.240952,3.446141,0.079935,25.700788
0.000000,0.000000,21.601137,0.000000,0.000000,1.179043,3.334581,0.729932,29.043598
0.000000,0.000000,21.674657,0.000000,0.000000,2.805832,3.141016,0.069424,28.498385
0.000000,0.000000,20.361507,0.000000,0.000000,0.920998,2.463554,0.553897,36.301656
0.000000,0.000000,20.108754,0.000000,0.000000,1.895957,2.700163,0.048741,25.468927
0.000000,0.000000,20.105477,0.000000,0.000000,0.987566,2.366392,0.504976,26.207756
0.000000,0.000000,20.267934,0.000000,0.000000,1.871931,2.569332,0.047609,25.515804
0.000000,0.000000,20.227156,0.000000,0.000000,0.922481,2.667526,0.532262,26.095404
0.000000,0.000000,20.110477,0.000000,0.000000,1.848580,3.077545,0.132033,25.636784
0.000000,0.000000,20.791648,0.000000,0.000000,1.055757,11.816857,0.615354,27.389736
0.000000,0.000000,20.791347,0.000000,0.000000,2.761875,2.854747,0.049753,35.764141
0.000000,0.000000,21.074827,0.000000,0.000000,0.964723,2.617314,0.053070,28.140718
0.000000,0.000000,19.734915,0.000000,0.000000,0.756992,2.400063,0.575806,24.731459
0.000000,0.000000,20.873169,0.000000,0.000000,2.156869,2.873266,0.050224,26.005705
0.000000,0.000000,20.203417,0.000000,0.000000,1.099814,2.634570,0.102322,26.863876
0.000000,0.000000,20.336555,0.000000,0.000000,0.920311,2.821548,0.538909,25.460733
0.000000,0.000000,20.830290,0.000000,0.000000,1.761507,10.967578,0.067650,26.432912
0.000000,0.000000,19.417847,0.000000,0.000000,0.914489,2.618688,0.486560,33.878752
0.000000,0.000000,19.484975,0.000000,0.000000,1.818485,2.951948,0.046336,24.824472
0.000000,0.000000,20.378903,0.000000,0.000000,1.008634,2.740961,0.581136,26.631966
0.000000,0.000000,19.875978,0.000000,0.000000,1.899984,2.848759,0.048211,25.648774
0.000000,0.000000,20.957394,0.000000,0.000000,0.915135,3.383902,0.688242,27.291736
0.000000,0.000000,20.256164,0.000000,0.000000,2.337554,3.235233,0.070597,26.834785
0.000000,0.000000,19.957904,0.000000,0.000000,1.090199,2.581743,0.051447,34.403276
0.000000,0.000000,20.478668,0.000000,0.000000,0.829637,2.397109,0.578104,25.618574
0.000000,0.000000,20.179114,0.000000,0.000000,1.930046,3.107106,0.047488,25.288126
0.000000,0.000000,19.320457,0.000000,0.000000,1.128548,2.832103,0.532338,25.753615
0.000000,0.000000,19.850420,0.000000,0.000000,2.193014,3.260306,0.053271,25.787486
0.000000,0.000000,21.304526,0.000000,0.000000,1.388109,4.025988,0.633819,28.510052
0.000000,0.000000,20.388880,0.000000,0.000000,2.009131,12.645366,0.101030,27.898379
0.000000,0.000000,19.459752,0.000000,0.000000,1.156423,2.841407,0.502999,35.890973
0.000000,0.000000,19.949801,0.000000,0.000000,1.734819,3.058199,0.051698,25.875972
0.000000,0.000000,20.098561,0.000000,0.000000,0.948138,2.663757,0.538343,26.349299
0.000000,0.000000,20.006208,0.000000,0.000000,2.081442,3.324584,0.051448,25.639208
0.000000,0.000000,20.109915,0.000000,0.000000,1.026121,3.080846,0.505084,26.983051
0.000000,0.000000,22.139909,0.000000,0.000000,1.720268,3.374569,0.055265,28.221333
0.000000,0.000000,20.004785,0.000000,0.000000,0.932074,2.833069,0.555449,26.613394
0.000000,0.000000,19.920750,0.000000,0.000000,1.680595,3.264409,0.051798,25.675173
0.000000,0.000000,19.817905,0.000000,0.000000,0.946143,3.020640,0.524294,26.179766
0.000000,0.000000,19.769504,0.000000,0.000000,1.811367,3.263612,0.049484,25.671315
0.000000,0.000000,20.364801,0.000000,0.000000,1.160426,3.986433,0.552415,27.133491
0.000000,0.000000,19.973954,0.000000,0.000000,11.682150,3.674161,0.062621,27.086592
0.000000,0.000000,20.175666,0.000000,0.000000,1.057330,12.721554,0.528254,37.085926
0.000000,0.000000,20.137696,0.000000,0.000000,2.225543,3.833253,0.081891,35.860604
0.000000,0.000000,20.223937,0.000000,0.000000,1.120412,3.440913,0.496428,38.041733
0.000000,0.000000,20.080486,0.000000,0.000000,2.083295,3.746762,0.058553,26.556214
0.000000,0.000000,20.747110,0.000000,0.000000,1.216883,3.343690,0.524296,28.083587
0.000000,0.000000,19.572344,0.000000,0.000000,1.961484,3.748900,0.051507,26.033571
0.000000,0.000000,19.690421,0.000000,0.000000,1.163923,4.334639,0.549053,26.929001
0.000000,0.000000,20.053228,0.000000,0.000000,2.037317,11.170621,0.066227,27.553576
0.000000,0.000000,19.414754,0.000000,0.000000,0.935071,3.564735,0.554701,34.196245
0.000000,0.000000,20.831092,0.000000,0.000000,1.701110,3.489266,0.047282,27.269261
0.000000,0.000000,20.736729,0.000000,0.000000,0.817307,3.162765,0.604926,27.489532
0.000000,0.000000,19.863229,0.000000,0.000000,2.028432,4.387638,0.087796,25.892800
0.000000,0.000000,21.170079,0.000000,0.000000,1.106588,3.608973,0.058697,29.745577
0.000000,0.000000,19.995614,0.000000,0.000000,0.767080,3.180048,0.612587,26.266411
0.000000,0.000000,19.915805,0.000000,0.000000,1.816021,3.746233,0.057166,30.119626
0.000000,0.000000,19.936605,0.000000,0.000000,1.078680,3.401450,0.517912,26.963148
0.000000,0.000000,19.564856,0.000000,0.000000,1.908202,3.517208,0.047172,25.877900
0.000000,0.000000,19.892697,0.000000,0.000000,0.975399,3.414042,0.540755,26.814934
0.000000,0.000000,19.949011,0.000000,0.000000,1.799307,5.241887,0.092131,26.267270
0.000000,0.000000,20.319161,0.000000,0.000000,0.860438,11.352631,0.669875,28.993995
0.000000,0.000000,19.659831,0.000000,0.000000,1.842164,3.719575,0.056154,34.022740
0.000000,0.000000,20.432591,0.000000,0.000000,0.960329,3.579200,0.515702,27.485060
0.000000,0.000000,21.067989,0.000000,0.000000,1.776437,4.237749,0.068941,27.541044
0.000000,0.000000,20.624014,0.000000,0.000000,0.901241,3.659887,0.499831,28.485176
0.000000,0.000000,20.942014,0.000000,0.000000,1.725010,4.089875,0.064035,27.528859
0.000000,0.000000,21.768336,0.000000,0.000000,0.997593,3.723121,0.583433,29.181752
0.000000,0.000000,19.952771,0.000000,0.000000,1.911415,3.924618,0.059291,27.129937
0.000000,0.000000,21.721240,0.000000,0.000000,1.085371,3.984847,0.495820,29.138931
0.000000,0.000000,20.189814,0.000000,0.000000,2.289644,4.106063,0.056475,27.214111
0.000000,0.000000,21.946071,0.000000,0.000000,1.057985,3.737243,0.623770,30.071421
0.000000,0.000000,20.943036,0.000000,0.000000,2.230293,4.292384,0.065293,27.823342
0.000000,0.000000,22.188214,0.000000,0.000000,1.033716,3.446580,0.524598,30.514484
0.000000,0.000000,21.432925,0.000000,0.000000,1.980414,4.093859,0.064602,33.606391
0.000000,0.000000,22.051435,0.000000,0.000000,1.198381,3.573188,0.436790,29.604530
0.000000,0.000000,20.046531,0.000000,0.000000,1.863075,3.927831,0.050673,26.630111
0.000000,0.000000,21.423750,0.000000,0.000000,1.196232,3.682356,0.465781,28.729933
0.000000,0.000000,20.018091,0.000000,0.000000,2.001796,4.245466,0.053099,26.717917
0.000000,0.000000,22.939679,0.000000,0.000000,0.960210,4.067182,0.695440,30.854093
0.000000,0.000000,19.532611,0.000000,0.000000,2.069094,15.526773,0.062307,26.725472
0.000000,0.000000,20.856537,0.000000,0.000000,1.131770,4.776580,14.616767,40.321799
0.000000,0.000000,21.540829,0.000000,0.000000,1.856139,4.164651,0.054131,44.283271
0.000000,0.000000,22.221017,0.000000,0.000000,1.082389,4.303534,0.603182,29.828446
0.000000,0.000000,24.283587,0.000000,0.000000,1.833823,4.085199,0.056435,31.966831
0.000000,0.000000,20.602534,0.000000,0.000000,1.071507,2.865059,0.541445,28.144228
0.000000,0.000000,20.237760,0.000000,0.000000,1.913133,3.205978,0.050353,26.259611
0.000000,0.000000,20.997099,0.000000,0.000000,0.979724,3.632770,0.630660,27.739732
0.000000,0.000000,19.717291,0.000000,0.000000,1.981313,16.772789,0.107770,26.839099
0.000000,0.000000,21.944939,0.000000,0.000000,0.998903,3.740832,0.588824,42.632395
0.000000,0.000000,19.713645,0.000000,0.000000,2.371672,4.638618,0.064652,26.643550
0.000000,0.000000,21.118649,0.000000,0.000000,0.964312,3.783689,0.584736,29.992680
0.000000,0.000000,21.256921,0.000000,0.000000,2.218057,3.730220,0.053088,28.170914
0.000000,0.000000,22.530917,0.000000,0.000000,0.962509,3.579362,0.544223,30.119068
0.000000,0.000000,21.817918,0.000000,0.000000,2.023058,3.691660,0.058209,28.509847
0.000000,0.000000,22.130468,0.000000,0.000000,1.188245,4.060654,0.592645,29.671052
0.000000,0.000000,20.039626,0.000000,0.000000,2.277318,5.725716,0.061125,33.972063
0.000000,0.000000,21.732837,0.000000,0.000000,0.813849,2.639020,0.516479,31.712261
0.000000,0.000000,20.947917,0.000000,0.000000,1.440142,2.663359,0.043640,26.537544
0.000000,0.000000,22.198752,0.000000,0.000000,0.805351,2.260413,0.500155,27.888404
0.000000,0.000000,22.054375,0.000000,0.000000,1.544075,2.639470,0.039060,27.213851
0.000000,0.000000,21.301416,0.000000,0.000000,0.943774,2.530607,0.477178,27.001309
0.000000,0.000000,20.768109,0.000000,0.000000,1.689557,2.911648,0.039941,26.138046
0.000000,0.000000,21.915066,0.000000,0.000000,1.152743,2.797063,0.043639,28.037429
0.000000,0.000000,20.096662,0.000000,0.000000,0.875474,2.664121,0.425573,25.636298
0.000000,0.000000,21.057673,0.000000,0.000000,1.681203,2.774318,0.040303,26.370183
0.000000,0.000000,20.757162,0.000000,0.000000,1.156184,3.431598,0.548056,26.824214
0.000000,0.000000,21.220734,0.000000,0.000000,2.187853,3.471240,0.064382,27.909894
0.000000,0.000000,21.425696,0.000000,0.000000,1.450854,2.820172,0.546943,38.005860
0.000000,0.000000,20.558401,0.000000,0.000000,1.824147,3.318556,0.048029,26.884768
0.000000,0.000000,21.444314,0.000000,0.000000,1.545484,3.098975,0.047608,28.142411
0.000000,0.000000,20.119453,0.000000,0.000000,1.433744,2.808849,0.511550,26.174149
0.000000,0.000000,20.616143,0.000000,0.000000,2.489343,4.448547,0.044782,26.720993
0.000000,0.000000,22.648778,0.000000,0.000000,1.905514,5.051632,0.146952,31.073712
0.000000,0.000000,21.997514,0.000000,0.000000,1.839957,12.312469,0.388430,31.197339
0.000000,0.000000,21.677522,0.000000,0.000000,2.277100,4.177477,0.047618,37.822268
0.000000,0.000000,20.041801,0.000000,0.000000,2.075301,4.182016,0.044171,27.921362
0.000000,0.000000,20.536424,0.000000,0.000000,1.746775,3.174764,0.361594,28.251571
0.000000,0.000000,19.944626,0.000000,0.000000,2.605352,3.753765,0.043420,26.594500
0.000000,0.000000,20.664096,0.000000,0.000000,2.117658,3.556179,0.045534,28.521166
0.000000,0.000000,20.996291,0.000000,0.000000,1.793702,3.320393,0.357115,28.135933
0.000000,0.000000,20.969124,0.000000,0.000000,2.252596,3.594197,0.068842,28.719344
0.000000,0.000000,20.074658,0.000000,0.000000,1.845923,3.386464,0.047504,27.400053
0.000000,0.000000,21.143116,0.000000,0.000000,1.509232,3.111047,0.338676,27.901367
0.000000,0.000000,19.459923,0.000000,0.000000,2.210909,3.067501,0.043077,25.875547
0.000000,0.000000,21.975487,0.000000,0.000000,1.933798,4.054447,0.072683,28.851393
0.000000,0.000000,21.830139,0.000000,0.000000,2.361734,3.225828,0.420183,29.335163
0.000000,0.000000,19.982104,0.000000,0.000000,2.996282,3.200789,0.049427,36.190357
0.000000,0.000000,22.540961,0.000000,0.000000,2.023357,3.300053,0.049868,36.847586
0.000000,0.000000,20.191519,0.000000,0.000000,1.697791,3.277388,0.060935,26.968892
0.000000,0.000000,19.939176,0.000000,0.000000,1.492322,2.959023,0.634387,26.433669
0.000000,0.000000,20.194244,0.000000,0.000000,3.241993,3.589333,0.061405,26.692081
0.000000,0.000000,20.835634,0.000000,0.000000,2.458815,4.197650,0.100656,29.253099
0.000000,0.000000,20.479117,0.000000,0.000000,1.885650,13.171802,0.079454,28.782153
0.000000,0.000000,20.421508,0.000000,0.000000,1.671608,2.392672,0.568086,37.080508
0.000000,0.000000,19.583921,0.000000,0.000000,3.281237,2.742828,0.056378,25.613927
0.000000,0.000000,21.473468,0.000000,0.000000,2.224789,2.972125,0.056659,29.057356
0.000000,0.000000,19.667252,0.000000,0.000000,2.196896,2.838417,0.057189,26.424971
0.000000,0.000000,20.281369,0.000000,0.000000,1.870237,3.211148,0.096801,26.860901
0.000000,0.000000,19.715527,0.000000,0.000000,1.652337,11.766140,0.731361,26.502652
0.000000,0.000000,19.805117,0.000000,0.000000,3.714422,3.019159,0.061205,35.469346
0.000000,0.000000,21.809893,0.000000,0.000000,2.359229,3.267897,0.063599,30.136640
0.000000,0.000000,20.095720,0.000000,0.000000,2.054325,2.778814,0.062007,27.370215
0.000000,0.000000,20.353993,0.000000,0.000000,1.856122,2.631444,0.073745,26.797538
0.000000,0.000000,20.377338,0.000000,0.000000,1.686016,3.126327,0.121881,26.446327
0.000000,0.000000,19.923880,0.000000,0.000000,1.439661,2.194300,11.769861,26.457135
0.000000,0.000000,19.626176,0.000000,0.000000,3.233235,2.672588,0.058091,36.484663
0.000000,0.000000,22.026117,0.000000,0.000000,2.076493,2.637325,0.057386,29.581208
0.000000,0.000000,19.872862,0.000000,0.000000,1.754582,2.309653,0.058087,26.060542
0.000000,0.000000,20.105021,0.000000,0.000000,1.532574,2.200232,0.080573,25.626457
0.000000,0.000000,20.388963,0.000000,0.000000,1.230634,2.939544,0.970830,25.533599
0.000000,0.000000,21.265828,0.000000,0.000000,3.458392,2.874123,0.093418,27.809609
0.000000,0.000000,20.066542,0.000000,0.000000,1.851114,2.611112,0.114061,35.667489
0.000000,0.000000,20.394663,0.000000,0.000000,1.371925,2.298108,0.587077,26.573552
0.000000,0.000000,19.290791,0.000000,0.000000,2.659359,2.921790,0.074391,24.962023
0.000000,0.000000,21.293462,0.000000,0.000000,1.507359,2.536030,0.065873,28.567986
0.000000,0.000000,20.407859,0.000000,0.000000,1.101078,2.370355,0.860080,26.252121
0.000000,0.000000,20.923469,0.000000,0.000000,2.455026,15.540755,0.056995,27.211412
0.000000,0.000000,21.443525,0.000000,0.000000,1.379811,2.354372,0.051554,41.185138
0.000000,0.000000,18.991365,0.000000,0.000000,1.007207,2.055307,0.594443,24.229230
0.000000,0.000000,20.358480,0.000000,0.000000,2.035277,2.344453,0.046233,25.505401
0.000000,0.000000,20.841126,0.000000,0.000000,1.062299,2.154879,0.477015,26.795951
0.000000,0.000000,21.057364,0.000000,0.000000,2.065927,2.743914,0.046895,26.148362
0.000000,0.000000,20.948550,0.000000,0.000000,1.290014,2.578385,0.489441,27.411411
0.000000,0.000000,21.146485,0.000000,0.000000,1.835190,2.439103,0.065964,35.360149
0.000000,0.000000,21.227527,0.000000,0.000000,0.968393,2.278798,0.451004,27.155612
0.000000,0.000000,19.065978,0.000000,0.000000,1.868427,2.684881,0.057427,24.286037
0.000000,0.000000,22.751226,0.000000,0.000000,1.059788,2.268708,0.531417,29.210115
0.000000,0.000000,20.945236,0.000000,0.000000,2.131299,3.520074,0.112428,26.219875
0.000000,0.000000,21.481995,0.000000,0.000000,1.187266,2.444715,0.595227,28.998398
0.000000,0.000000,20.478480,0.000000,0.000000,2.308769,2.777128,0.048007,26.188763
0.000000,0.000000,22.093283,0.000000,0.000000,1.083510,2.589026,0.494524,28.886189
0.000000,0.000000,20.756772,0.000000,0.000000,1.940851,2.801828,0.048999,26.407023
0.000000,0.000000,20.947723,0.000000,0.000000,1.028107,3.116488,0.616632,27.477511
0.000000,0.000000,21.321975,0.000000,0.000000,2.231330,3.109182,0.053369,27.937851
0.000000,0.000000,20.993302,0.000000,0.000000,1.171548,2.503523,0.518593,34.871648
0.000000,0.000000,20.365848,0.000000,0.000000,2.093140,3.124153,0.052015,26.008795
0.000000,0.000000,21.097083,0.000000,0.000000,1.404531,2.680382,0.480245,28.044127
0.000000,0.000000,20.147865,0.000000,0.000000,2.035673,3.361294,0.052476,26.238671
0.000000,0.000000,21.537336,0.000000,0.000000,1.339920,2.975501,0.468291,28.525124
0.000000,0.000000,19.385769,0.000000,0.000000,2.069632,3.213704,0.048558,25.686681
0.000000,0.000000,21.711360,0.000000,0.000000,1.323021,2.742698,0.471519,28.547378
0.000000,0.000000,20.232621,0.000000,0.000000,2.009788,3.029291,0.046525,26.248658
0.000000,0.000000,21.180951,0.000000,0.000000,1.075657,2.814244,0.487442,27.738908
0.000000,0.000000,21.204448,0.000000,0.000000,2.504023,3.726970,0.065403,27.123357
0.000000,0.000000,21.943172,0.000000,0.000000,1.603652,2.626592,0.506520,29.918532
0.000000,0.000000,21.544229,0.000000,0.000000,2.187289,3.254340,0.051325,40.517160
0.000000,0.000000,21.129716,0.000000,0.000000,1.237266,3.047398,0.516751,28.251051
0.000000,0.000000,20.275059,0.000000,0.000000,2.341684,3.241934,0.055793,26.677260
0.000000,0.000000,21.579791,0.000000,0.000000,1.176232,2.814585,0.488834,28.812452
0.000000,0.000000,20.879558,0.000000,0.000000,2.535315,3.545313,0.053960,26.909942
0.000000,0.000000,21.042285,0.000000,0.000000,1.674311,3.235472,0.929514,28.908152
0.000000,0.000000,19.868323,0.000000,0.000000,1.925944,3.138866,14.014705,40.338251
0.000000,0.000000,22.327142,0.000000,0.000000,1.190345,2.502850,0.564891,43.548853
0.000000,0.000000,19.950981,0.000000,0.000000,1.851743,3.254331,0.050954,25.663501
0.000000,0.000000,22.232049,0.000000,0.000000,1.006431,2.725744,0.535782,28.890556
0.000000,0.000000,20.321406,0.000000,0.000000,2.140605,3.063431,0.066906,26.008073
0.000000,0.000000,22.066618,0.000000,0.000000,1.003134,2.859997,0.566294,28.869923
0.000000,0.000000,22.200545,0.000000,0.000000,2.197521,3.427012,0.052398,28.162041
0.000000,0.000000,21.798649,0.000000,0.000000,1.008932,2.652981,0.574865,35.712979
0.000000,0.000000,21.033065,0.000000,0.000000,1.941254,2.519174,0.053651,26.715478
0.000000,0.000000,21.364861,0.000000,0.000000,0.982096,2.316491,0.547138,27.383903
0.000000,0.000000,20.670673,0.000000,0.000000,2.013577,2.890655,0.052809,25.915462
0.000000,0.000000,21.627256,0.000000,0.000000,0.939745,3.105980,0.563636,27.989581
0.000000,0.000000,21.777665,0.000000,0.000000,2.329783,3.661583,0.100220,27.890107
0.000000,0.000000,20.751691,0.000000,0.000000,0.800258,2.995653,0.634526,40.290093
0.000000,0.000000,20.176825,0.000000,0.000000,1.661339,3.126665,0.059371,26.078568
0.000000,0.000000,22.897870,0.000000,0.000000,0.786815,2.801023,0.580745,29.440823
0.000000,0.000000,20.139200,0.000000,0.000000,1.911704,3.431042,0.079195,25.842046
0.000000,0.000000,21.381380,0.000000,0.000000,1.618091,3.128289,0.667966,28.696432
0.000000,0.000000,20.554418,0.000000,0.000000,1.860504,3.124001,0.057007,34.221254
0.000000,0.000000,21.613478,0.000000,0.000000,0.814845,2.957799,0.628428,28.292464
0.000000,0.000000,22.191711,0.000000,0.000000,1.800251,3.144727,0.066243,28.084201
0.000000,0.000000,21.782886,0.000000,0.000000,0.821978,2.900722,0.609446,28.324829
0.000000,0.000000,21.772939,0.000000,0.000000,2.367064,3.354433,0.052690,27.667281
0.000000,0.000000,23.268225,0.000000,0.000000,1.236963,3.026586,0.070420,30.687710
0.000000,0.000000,21.981084,0.000000,0.000000,0.826305,13.703049,0.767174,28.035477
0.000000,0.000000,21.582436,0.000000,0.000000,2.272244,3.716699,0.051027,38.460062
0.000000,0.000000,22.515952,0.000000,0.000000,1.257432,3.107063,0.051738,30.257174
0.000000,0.000000,20.239883,0.000000,0.000000,0.891499,2.755945,0.551991,26.133553
0.000000,0.000000,20.204723,0.000000,0.000000,2.225592,3.461888,0.052079,25.847209
0.000000,0.000000,21.533967,0.000000,0.000000,1.126249,2.928369,0.061224,28.679971
0.000000,0.000000,20.494026,0.000000,0.000000,0.775922,2.710888,0.580529,26.235848
0.000000,0.000000,20.097670,0.000000,0.000000,2.180615,3.549764,0.079335,25.504742
0.000000,0.000000,22.041614,0.000000,0.000000,1.283987,2.783072,0.076140,29.688591
0.000000,0.000000,20.504844,0.000000,0.000000,0.933120,3.032777,0.644007,26.220401
0.000000,0.000000,20.857234,0.000000,0.000000,2.573294,3.358512,0.066493,27.135681
0.000000,0.000000,21.636107,0.000000,0.000000,1.171867,2.806582,0.058770,37.591835
0.000000,0.000000,20.571036,0.000000,0.000000,0.814270,2.545376,0.699775,26.116414
0.000000,0.000000,19.953883,0.000000,0.000000,2.206968,3.205310,0.050772,25.398488
0.000000,0.000000,22.005168,0.000000,0.000000,1.127202,3.127112,0.064370,29.141309
0.000000,0.000000,20.902996,0.000000,0.000000,0.731214,3.110969,0.661914,26.697324
0.000000,0.000000,20.084056,0.000000,0.000000,2.135263,2.965276,0.050993,26.008035
0.000000,0.000000,22.153346,0.000000,0.000000,0.906818,2.578837,0.813079,28.912578
0.000000,0.000000,20.386195,0.000000,0.000000,2.000552,3.407918,0.054359,26.118787
0.000000,0.000000,21.226317,0.000000,0.000000,0.930665,2.698809,0.050051,28.433202
0.000000,0.000000,20.455524,0.000000,0.000000,0.753238,2.682576,0.707476,25.570853
0.000000,0.000000,20.381705,0.000000,0.000000,1.827469,3.055087,0.054300,26.211384
0.000000,0.000000,21.012227,0.000000,0.000000,0.945148,2.755082,0.065242,27.351994
0.000000,0.000000,19.753686,0.000000,0.000000,0.646114,2.621682,0.653780,24.899704
0.000000,0.000000,19.720438,0.000000,0.000000,1.957335,4.070447,0.094772,25.093886
0.000000,0.000000,22.007722,0.000000,0.000000,1.106493,3.014024,0.585972,29.820187
0.000000,0.000000,20.634834,0.000000,0.000000,1.770373,3.051330,0.050652,35.705927
0.000000,0.000000,21.691387,0.000000,0.000000,0.950849,3.105359,0.663079,28.097590
0.000000,0.000000,19.853218,0.000000,0.000000,2.153498,3.647263,0.059750,26.056850
0.000000,0.000000,21.040794,0.000000,0.000000,1.126995,3.142694,0.564289,28.421784
0.000000,0.000000,21.349096,0.000000,0.000000,2.298239,3.778387,0.067175,27.761350
0.000000,0.000000,21.237601,0.000000,0.000000,1.039432,3.164248,0.530071,33.348268
0.000000,0.000000,19.869836,0.000000,0.000000,1.874711,3.430176,0.051183,26.080764
0.000000,0.000000,21.857225,0.000000,0.000000,1.141669,3.240803,0.559762,28.708918
0.000000,0.000000,20.331729,0.000000,0.000000,2.095627,3.763840,0.073449,26.762382
0.000000,0.000000,22.630688,0.000000,0.000000,1.681951,3.118576,0.641737,30.350477
0.000000,0.000000,20.552636,0.000000,0.000000,2.243306,3.476589,0.061886,33.506939
0.000000,0.000000,21.936358,0.000000,0.000000,1.239085,3.137013,0.573630,29.355419
0.000000,0.000000,21.322964,0.000000,0.000000,2.234137,3.632936,0.051714,27.679938
0.000000,0.000000,20.730667,0.000000,0.000000,1.457166,3.716244,0.098098,28.238065
0.000000,0.000000,21.320237,0.000000,0.000000,0.997941,3.201564,0.606108,28.085526
0.000000,0.000000,19.486434,0.000000,0.000000,2.228393,3.757059,0.050793,25.666148
0.000000,0.000000,21.659042,0.000000,0.000000,1.332338,3.351588,0.053198,29.321119
0.000000,0.000000,19.761801,0.000000,0.000000,1.086169,3.398973,0.641790,25.937226
0.000000,0.000000,19.710176,0.000000,0.000000,2.487136,3.855558,0.089221,26.267365
0.000000,0.000000,21.551426,0.000000,0.000000,1.556573,3.832592,0.605516,29.989433
0.000000,0.000000,20.077320,0.000000,0.000000,2.352715,3.632576,0.057938,39.035974
0.000000,0.000000,21.501364,0.000000,0.000000,1.259971,3.646905,0.620426,29.167269
0.000000,0.000000,19.204042,0.000000,0.000000,2.426053,6.038258,0.000561,26.424334
0.000000,0.000000,21.852826,0.000000,0.000000,1.382360,7.750556,0.000441,32.575301
0.000000,0.000000,21.228231,0.000000,0.000000,1.202429,8.944762,0.571649,32.353211
0.000000,0.000000,21.380917,0.000000,0.000000,3.101231,9.366369,0.172871,34.178084
0.000000,0.000000,23.577654,0.000000,0.000000,1.403005,23.114173,0.670601,50.186436
0.000000,0.000000,22.144597,0.000000,0.000000,2.517897,24.926921,0.184404,49.918482
0.000000,0.000000,26.039547,0.000000,0.000000,1.594013,6.895657,0.755342,56.644154
0.000000,0.000000,20.599562,0.000000,0.000000,2.541685,7.683996,0.228684,32.466994
0.000000,0.000000,22.356066,0.000000,0.000000,1.402103,6.527209,0.027486,36.521109
0.000000,0.000000,22.009544,0.000000,0.000000,1.449008,6.873245,0.055033,32.696049
0.000000,0.000000,21.847653,0.000000,0.000000,1.412321,7.186926,0.048091,33.022407
0.000000,0.000000,21.176210,0.000000,0.000000,1.750371,6.223532,1.212675,32.228963
0.000000,0.000000,20.547369,0.000000,0.000000,3.102410,26.911448,0.184561,45.659064
0.000000,0.000000,22.258133,0.000000,0.000000,1.761891,5.665571,0.554815,55.557451
0.000000,0.000000,21.802846,0.000000,0.000000,2.809677,8.114800,0.182358,31.966341
0.000000,0.000000,23.513009,0.000000,0.000000,1.757553,6.251560,0.000711,37.760098
0.000000,0.000000,21.841611,0.000000,0.000000,1.550674,5.561847,0.569000,32.002812
0.000000,0.000000,20.495160,0.000000,0.000000,2.799220,7.065301,0.188538,30.157239
0.000000,0.000000,23.171263,0.000000,0.000000,1.356407,21.217499,0.060702,37.336563
0.000000,0.000000,20.879379,0.000000,0.000000,1.189208,5.491224,0.026555,46.022827
0.000000,0.000000,20.023579,0.000000,0.000000,1.232412,5.450556,0.036061,28.810999
0.000000,0.000000,19.437839,0.000000,0.000000,1.132452,5.003730,0.026766,28.164948
0.000000,0.000000,19.801013,0.000000,0.000000,1.386101,5.165625,0.031563,27.911160
0.000000,0.000000,19.578276,0.000000,0.000000,1.688241,5.002489,0.619487,28.286123
0.000000,0.000000,19.329425,0.000000,0.000000,2.576532,6.742438,0.167392,36.873497
0.000000,0.000000,21.395996,0.000000,0.000000,1.429324,5.003040,0.565435,33.836236
0.000000,0.000000,20.313729,0.000000,0.000000,2.735119,7.059182,0.153460,29.308931
0.000000,0.000000,21.260778,0.000000,0.000000,1.351693,7.206131,0.033697,33.637902
0.000000,0.000000,20.777111,0.000000,0.000000,1.061866,5.616583,0.031934,31.665270
0.000000,0.000000,20.222886,0.000000,0.000000,1.123050,4.787090,0.023920,29.507666
0.000000,0.000000,19.648855,0.000000,0.000000,1.060074,4.990745,0.023479,27.549193
0.000000,0.000000,19.998507,0.000000,0.000000,1.034250,4.511624,0.632030,28.017274
0.000000,0.000000,19.362521,0.000000,0.000000,2.617309,6.689718,0.154672,27.504537
0.000000,0.000000,22.996539,0.000000,0.000000,1.666439,6.423618,0.593183,35.095601
0.000000,0.000000,22.423781,0.000000,0.000000,3.658821,8.004132,0.472339,33.462317
0.000000,0.000000,22.619572,0.000000,0.000000,1.368164,7.019136,14.673327,48.528579
0.000000,0.000000,20.567028,0.000000,0.000000,1.199420,5.522293,0.029630,46.621422
0.000000,0.000000,20.447397,0.000000,0.000000,1.178723,5.027238,0.626386,29.445811
0.000000,0.000000,20.186340,0.000000,0.000000,2.801626,6.961496,0.171534,29.095461
0.000000,0.000000,21.792952,0.000000,0.000000,1.236930,5.658374,0.733481,34.932035
0.000000,0.000000,21.436817,0.000000,0.000000,2.754642,7.646219,0.155342,31.862619
0.000000,0.000000,23.155273,0.000000,0.000000,1.390378,17.843864,0.766887,36.553413
0.000000,0.000000,20.769599,0.000000,0.000000,2.522046,24.580781,0.191624,42.961562
0.000000,0.000000,22.382633,0.000000,0.000000,1.273473,5.245566,0.614191,53.021379
0.000000,0.000000,19.455946,0.000000,0.000000,2.337877,7.788485,0.162245,28.805891
0.000000,0.000000,23.467097,0.000000,0.000000,1.535914,5.888803,0.703553,36.599616
0.000000,0.000000,20.001548,0.000000,0.000000,3.054543,7.976845,0.179721,30.457039
0.000000,0.000000,22.619134,0.000000,0.000000,2.029925,7.623216,0.589865,36.807230
0.000000,0.000000,21.543886,0.000000,0.000000,2.595571,24.225910,0.192988,39.523595
0.000000,0.000000,22.941792,0.000000,0.000000,1.669573,7.567714,1.155239,52.935092
0.000000,0.000000,21.661142,0.000000,0.000000,2.344357,27.612209,0.199761,48.599597
0.000000,0.000000,22.576990,0.000000,0.000000,1.162925,6.991387,0.046173,56.246039
0.000000,0.000000,20.945423,0.000000,0.000000,1.124849,6.469379,0.801189,31.510686
0.000000,0.000000,20.579770,0.000000,0.000000,3.215546,8.046727,0.178719,31.542560
0.000000,0.000000,21.672635,0.000000,0.000000,1.368021,7.684171,0.049560,35.817063
0.000000,0.000000,22.401231,0.000000,0.000000,1.160964,6.878841,0.039499,34.011977
0.000000,0.000000,22.217642,0.000000,0.000000,1.217518,21.603317,0.656169,33.018509
0.000000,0.000000,21.443255,0.000000,0.000000,2.925963,26.248457,0.190193,47.757184
0.000000,0.000000,22.114765,0.000000,0.000000,2.521520,7.259738,0.096183,54.640234
0.000000,0.000000,20.694701,0.000000,0.000000,1.518814,5.823498,0.027946,33.135124
0.000000,0.000000,20.604859,0.000000,0.000000,1.247989,5.974383,0.688815,30.218799
0.000000,0.000000,20.868049,0.000000,0.000000,2.660940,8.964033,0.153519,30.968438
0.000000,0.000000,21.581855,0.000000,0.000000,1.462130,6.142501,0.665540,36.453958
0.000000,0.000000,20.546482,0.000000,0.000000,2.746972,25.035229,0.191876,31.403378
0.000000,0.000000,21.776287,0.000000,0.000000,1.558749,7.171650,0.905523,52.683981
0.000000,0.000000,21.282993,0.000000,0.000000,2.654054,8.786672,0.184973,33.429802
0.000000,0.000000,21.184706,0.000000,0.000000,1.391051,7.684412,0.117617,36.096872
0.000000,0.000000,20.087327,0.000000,0.000000,1.289956,6.141536,0.023898,31.885251
0.000000,0.000000,20.446641,0.000000,0.000000,1.237161,6.399135,0.027775,30.160239
0.000000,0.000000,20.365677,0.000000,0.000000,1.208554,19.540925,0.050441,30.516697
0.000000,0.000000,20.423253,0.000000,0.000000,1.322473,6.031023,0.041994,43.747647
0.000000,0.000000,19.412438,0.000000,0.000000,1.264439,5.944706,0.028537,29.054291
0.000000,0.000000,19.770571,0.000000,0.000000,1.269770,5.963093,0.624539,29.332801
0.000000,0.000000,20.108645,0.000000,0.000000,2.863674,9.470025,0.146716,30.199753
0.000000,0.000000,23.264317,0.000000,0.000000,1.877606,6.599106,0.671124,39.152372
0.000000,0.000000,20.009335,0.000000,0.000000,2.596205,25.235243,0.171416,40.731639
0.000000,0.000000,20.443901,0.000000,0.000000,1.673976,5.764984,0.066825,51.411342
0.000000,0.000000,19.241938,0.000000,0.000000,1.478472,5.870517,0.029289,29.182601
0.000000,0.000000,19.998252,0.000000,0.000000,1.352157,5.669312,0.536703,29.738221
0.000000,0.000000,19.857328,0.000000,0.000000,2.868363,7.857932,0.161263,29.728522
0.000000,0.000000,21.632876,0.000000,0.000000,2.003031,6.202051,0.626163,35.488686
0.000000,0.000000,19.510581,0.000000,0.000000,2.423125,28.223346,0.135630,37.489830
0.000000,0.000000,20.494342,0.000000,0.000000,1.499450,6.092105,0.074066,54.132051
0.000000,0.000000,20.044954,0.000000,0.000000,1.718849,6.901109,0.481297,30.195404
0.000000,0.000000,19.515780,0.000000,0.000000,2.650661,7.184240,0.138115,31.278654
0.000000,0.000000,20.753222,0.000000,0.000000,2.446544,8.931046,0.181859,33.828513
0.000000,0.000000,22.303854,0.000000,0.000000,2.239674,6.595209,0.584202,37.259159
0.000000,0.000000,21.373123,0.000000,0.000000,2.674622,27.860338,0.161303,40.259954
0.000000,0.000000,20.596754,0.000000,0.000000,1.533986,6.571191,0.484622,54.223474
0.000000,0.000000,20.371248,0.000000,0.000000,2.505862,7.697252,0.152850,31.200220
0.000000,0.000000,20.303663,0.000000,0.000000,1.639379,7.667371,0.119924,33.792909
0.000000,0.000000,20.766550,0.000000,0.000000,1.270290,5.986502,0.516699,33.005737
0.000000,0.000000,20.557283,0.000000,0.000000,2.839830,8.980384,0.177422,30.711483
0.000000,0.000000,22.316816,0.000000,0.000000,2.364822,6.855099,0.086497,37.381208
0.000000,0.000000,20.565266,0.000000,0.000000,1.237315,6.453376,16.327300,47.475346
0.000000,0.000000,20.242899,0.000000,0.000000,2.477073,9.012038,0.171491,46.814682
0.000000,0.000000,21.066249,0.000000,0.000000,1.327498,8.753308,0.611720,35.698185
0.000000,0.000000,20.991662,0.000000,0.000000,1.931415,5.879529,0.099690,34.683930
0.000000,0.000000,20.494897,0.000000,0.000000,1.109921,7.434114,0.713175,30.974471
0.000000,0.000000,21.292030,0.000000,0.000000,2.886257,7.979693,0.220606,33.415572
0.000000,0.000000,20.034889,0.000000,0.000000,1.287413,24.935397,0.518974,48.827175
0.000000,0.000000,21.278127,0.000000,0.000000,1.943030,8.220144,19.074836,51.037100
0.000000,0.000000,20.568878,0.000000,0.000000,1.113166,9.369161,0.964293,53.415584
0.000000,0.000000,20.428479,0.000000,0.000000,1.453766,6.703499,0.106051,35.439270
0.000000,0.000000,20.670040,0.000000,0.000000,1.405774,8.156805,0.571553,31.742442
0.000000,0.000000,20.800785,0.000000,0.000000,2.133915,8.497536,0.165842,33.698595
0.000000,0.000000,21.349047,0.000000,0.000000,1.831543,8.496091,0.635798,34.868568
0.000000,0.000000,20.213484,0.000000,0.000000,2.217150,25.937068,0.164929,38.157615
0.000000,0.000000,21.628357,0.000000,0.000000,1.579189,7.974061,0.163987,52.802999
0.000000,0.000000,21.122067,0.000000,0.000000,1.006236,5.805106,0.454075,34.039826
0.000000,0.000000,20.153115,0.000000,0.000000,1.831482,7.204996,0.140390,29.777387
0.000000,0.000000,20.651269,0.000000,0.000000,1.198099,8.062406,0.715286,32.591437
0.000000,0.000000,21.000325,0.000000,0.000000,2.799262,6.683978,0.213225,33.935958
0.000000,0.000000,20.519507,0.000000,0.000000,1.224070,5.641210,19.048633,43.741993
0.000000,0.000000,21.424892,0.000000,0.000000,0.914102,5.318625,0.546850,50.823262
0.000000,0.000000,20.276512,0.000000,0.000000,2.455392,8.033419,0.167074,29.246438
0.000000,0.000000,21.348786,0.000000,0.000000,1.207892,6.765858,0.127825,34.646145
0.000000,0.000000,20.507075,0.000000,0.000000,1.178964,5.075283,0.031593,31.047961
0.000000,0.000000,20.806543,0.000000,0.000000,1.352130,5.811854,0.030411,29.485171
0.000000,0.000000,20.285241,0.000000,0.000000,1.333112,4.695395,0.025160,30.541919
0.000000,0.000000,19.839461,0.000000,0.000000,1.204495,4.825123,0.026483,27.858792
0.000000,0.000000,20.359790,0.000000,0.000000,1.302140,4.857970,0.026804,28.448860
0.000000,0.000000,20.164250,0.000000,0.000000,1.364604,5.614795,0.698685,28.241707
0.000000,0.000000,20.437251,0.000000,0.000000,3.368456,6.629777,0.142073,30.009056
0.000000,0.000000,20.316688,0.000000,0.000000,1.568385,6.292629,0.163968,52.164214
0.000000,0.000000,20.525555,0.000000,0.000000,1.360620,5.180246,0.026853,31.340865
0.000000,0.000000,20.158811,0.000000,0.000000,1.095230,4.888122,0.024939,28.766719
0.000000,0.000000,20.036477,0.000000,0.000000,1.141221,5.525387,0.024740,28.139044
0.000000,0.000000,21.189731,0.000000,0.000000,1.115941,5.612570,0.025460,29.911868
0.000000,0.000000,19.948541,0.000000,0.000000,1.153607,18.541507,0.676552,28.761109
0.000000,0.000000,20.211565,0.000000,0.000000,2.436181,7.396728,0.171182,42.608731
0.000000,0.000000,20.646095,0.000000,0.000000,1.305220,6.192810,0.776773,33.404541
0.000000,0.000000,20.100225,0.000000,0.000000,2.774828,8.046115,0.162665,30.865284
0.000000,0.000000,20.811866,0.000000,0.000000,1.411154,5.824649,0.577246,34.790551
0.000000,0.000000,20.625987,0.000000,0.000000,3.182921,7.672188,0.124339,31.035343
0.000000,0.000000,20.512028,0.000000,0.000000,1.484942,18.460141,0.711624,39.807158
0.000000,0.000000,19.425895,0.000000,0.000000,2.533421,7.790564,0.159229,42.722897
0.000000,0.000000,20.677500,0.000000,0.000000,1.434462,5.599638,0.587687,34.293535
0.000000,0.000000,19.818483,0.000000,0.000000,2.531366,9.715658,0.164659,29.653800
0.000000,0.000000,20.894636,0.000000,0.000000,1.450444,6.525431,0.029869,35.983788
0.000000,0.000000,21.518462,0.000000,0.000000,1.472347,7.438900,0.034920,31.962088
0.000000,0.000000,19.946156,0.000000,0.000000,1.491640,6.569289,16.831912,31.251816
0.000000,0.000000,20.734680,0.000000,0.000000,1.396198,5.697078,0.027806,48.150872
0.000000,0.000000,20.403741,0.000000,0.000000,1.299264,5.780035,0.031573,29.658570
0.000000,0.000000,19.647947,0.000000,0.000000,1.266237,5.546867,0.025652,28.776944
0.000000,0.000000,20.431567,0.000000,0.000000,1.218382,6.690449,0.029589,29.344981
0.000000,0.000000,22.794754,0.000000,0.000000,1.466389,5.539472,0.744172,32.838333
0.000000,0.000000,20.170957,0.000000,0.000000,2.458587,27.622090,0.132175,38.767356
0.000000,0.000000,20.512140,0.000000,0.000000,1.235005,5.855877,0.028747,53.394300
0.000000,0.000000,20.594604,0.000000,0.000000,1.133341,5.416505,0.025471,29.984503
0.000000,0.000000,20.058760,0.000000,0.000000,1.273228,5.456305,0.025152,28.708746
0.000000,0.000000,19.875432,0.000000,0.000000,1.400076,6.415860,0.043784,28.583243
0.000000,0.000000,19.636678,0.000000,0.000000,1.472669,5.446452,0.028378,29.636343
0.000000,0.000000,21.027107,0.000000,0.000000,1.296440,25.846429,0.030501,38.490373
0.000000,0.000000,20.796207,0.000000,0.000000,1.326180,6.576402,0.026675,50.261492
0.000000,0.000000,20.179235,0.000000,0.000000,1.390529,6.248136,0.026305,30.343537
0.000000,0.000000,20.076361,0.000000,0.000000,1.283209,6.509969,0.034639,29.888509
0.000000,0.000000,20.356604,0.000000,0.000000,1.459476,7.551349,0.041620,30.503397
0.000000,0.000000,20.779880,0.000000,0.000000,1.847051,6.981766,0.039707,32.240814
0.000000,0.000000,19.980739,0.000000,0.000000,1.398994,6.965840,0.030010,41.206331
0.000000,0.000000,19.523406,0.000000,0.000000,1.531722,5.425920,0.029059,29.928827
0.000000,0.000000,20.130511,0.000000,0.000000,1.460131,5.216095,0.031263,29.166870
0.000000,0.000000,19.750267,0.000000,0.000000,1.624449,7.237506,0.055103,28.560904
0.000000,0.000000,19.876159,0.000000,0.000000,1.573463,18.038020,0.054412,30.872796
0.000000,0.000000,19.584838,0.000000,0.000000,1.669185,5.402391,0.032465,41.347039
0.000000,0.000000,19.576453,0.000000,0.000000,1.608362,4.938075,0.032796,28.783852
0.000000,0.000000,20.009806,0.000000,0.000000,1.549171,5.062986,0.031364,28.719382
0.000000,0.000000,20.152618,0.000000,0.000000,1.569856,5.113922,0.031423,28.811588
0.000000,0.000000,20.054091,0.000000,0.000000,1.437322,5.175847,0.038385,28.871059
0.000000,0.000000,21.269417,0.000000,0.000000,1.421809,4.904720,0.027788,30.370236
0.000000,0.000000,20.742795,0.000000,0.000000,1.149618,4.587423,0.708270,29.205484
0.000000,0.000000,19.535440,0.000000,0.000000,2.460979,7.576788,0.149964,27.873087
0.000000,0.000000,20.121462,0.000000,0.000000,1.676140,7.028939,0.045887,32.731008
0.000000,0.000000,21.165832,0.000000,0.000000,2.390951,5.756985,0.030913,32.568212
0.000000,0.000000,19.605840,0.000000,0.000000,1.378996,5.746256,0.031884,41.638170
0.000000,0.000000,18.990246,0.000000,0.000000,1.556087,4.811422,0.028698,28.259742
0.000000,0.000000,19.851666,0.000000,0.000000,1.393740,5.318151,0.028957,28.389972
0.000000,0.000000,20.524250,0.000000,0.000000,2.198073,7.956095,0.054879,29.214268
0.000000,0.000000,21.226021,0.000000,0.000000,2.206173,7.073413,0.189599,33.890408
0.000000,0.000000,20.835775,0.000000,0.000000,1.473571,5.753165,0.710008,36.809131
0.000000,0.000000,21.408482,0.000000,0.000000,3.165215,7.835915,0.162271,31.717198
0.000000,0.000000,21.607734,0.000000,0.000000,2.703549,12.636862,0.198133,35.542600
0.000000,0.000000,23.203408,0.000000,0.000000,1.826842,8.738263,0.066272,42.596334
0.000000,0.000000,21.369976,0.000000,0.000000,1.452289,6.565997,0.071452,34.766784
0.000000,0.000000,20.026781,0.000000,0.000000,1.238378,20.426705,0.708305,30.954305
0.000000,0.000000,19.584932,0.000000,0.000000,3.426322,8.901707,0.175639,44.623615
0.000000,0.000000,21.557356,0.000000,0.000000,1.875658,8.927619,0.186049,37.232822
0.000000,0.000000,20.731991,0.000000,0.000000,1.521680,6.920244,0.035731,35.100865
0.000000,0.000000,20.437814,0.000000,0.000000,1.549706,6.410694,0.030330,31.473486
0.000000,0.000000,20.252306,0.000000,0.000000,1.411125,7.001447,0.042294,30.684671
0.000000,0.000000,20.265849,0.000000,0.000000,1.340170,22.898006,0.041362,31.443478
0.000000,0.000000,19.282591,0.000000,0.000000,1.250021,6.518998,0.029749,46.095586
0.000000,0.000000,19.813414,0.000000,0.000000,1.097909,6.003726,0.026552,30.063619
0.000000,0.000000,19.318342,0.000000,0.000000,1.294389,6.196419,0.031994,28.681285
0.000000,0.000000,20.064191,0.000000,0.000000,1.475919,8.803011,0.860137,30.129439
0.000000,0.000000,20.734512,0.000000,0.000000,4.430723,9.138769,0.164777,35.398957
0.000000,0.000000,21.709428,0.000000,0.000000,1.895095,29.143929,0.215980,51.666995
0.000000,0.000000,21.211025,0.000000,0.000000,1.309952,7.130578,0.029739,55.784182
0.000000,0.000000,20.408041,0.000000,0.000000,1.225345,6.706906,0.614200,31.377276
0.000000,0.000000,20.553540,0.000000,0.000000,2.634454,9.387182,0.155740,31.735258
0.000000,0.000000,20.361188,0.000000,0.000000,1.778243,9.606137,0.179256,35.626791
0.000000,0.000000,21.487555,0.000000,0.000000,2.286964,9.444326,0.818647,36.382001
0.000000,0.000000,21.173300,0.000000,0.000000,3.122094,27.248248,0.194848,41.083822
0.000000,0.000000,20.975609,0.000000,0.000000,1.828434,8.808432,0.183865,55.084157
0.000000,0.000000,20.463641,0.000000,0.000000,1.218521,6.822434,0.025792,34.658897
0.000000,0.000000,21.206818,0.000000,0.000000,1.081531,6.218850,0.025431,31.974946
0.000000,0.000000,20.167428,0.000000,0.000000,1.035470,7.579107,0.035872,30.118031
0.000000,0.000000,20.322967,0.000000,0.000000,1.805271,6.256215,0.029709,31.605760
0.000000,0.000000,19.771138,0.000000,0.000000,1.196019,6.392356,13.898047,42.715469
0.000000,0.000000,19.602603,0.000000,0.000000,2.959697,8.470149,0.242453,43.686452
0.000000,0.000000,19.865597,0.000000,0.000000,1.628841,8.864393,0.160098,34.847369
0.000000,0.000000,20.515626,0.000000,0.000000,1.388973,6.305132,0.027775,34.054172
0.000000,0.000000,19.966827,0.000000,0.000000,1.366879,9.239109,0.041272,30.320894
0.000000,0.000000,20.910194,0.000000,0.000000,1.404136,7.442009,0.034869,34.271843
0.000000,0.000000,19.098789,0.000000,0.000000,1.415108,6.339524,0.125771,35.384199
0.000000,0.000000,20.037663,0.000000,0.000000,1.489766,8.732129,0.075039,30.518063
0.000000,0.000000,20.353753,0.000000,0.000000,1.432202,6.614602,0.683121,33.809569
0.000000,0.000000,20.545344,0.000000,0.000000,2.864053,9.988170,0.179577,31.896789
0.000000,0.000000,20.474169,0.000000,0.000000,1.856247,10.238469,0.172153,37.233817
0.000000,0.000000,21.457720,0.000000,0.000000,1.980294,6.871154,0.623892,37.016154
0.000000,0.000000,19.886101,0.000000,0.000000,2.888573,29.195790,0.166551,40.738947
0.000000,0.000000,20.731219,0.000000,0.000000,1.905796,7.689153,15.926532,56.343546
0.000000,0.000000,20.755530,0.000000,0.000000,1.335965,6.819743,0.027738,52.652390
0.000000,0.000000,20.053915,0.000000,0.000000,1.366176,6.499014,0.027838,30.997540
0.000000,0.000000,19.230217,0.000000,0.000000,1.407557,6.569065,0.028409,29.847253
0.000000,0.000000,19.165696,0.000000,0.000000,1.350009,8.178967,0.034809,29.836346
0.000000,0.000000,21.586857,0.000000,0.000000,1.566198,6.492624,0.031374,33.784907
0.000000,0.000000,19.219208,0.000000,0.000000,1.467149,6.828648,0.030692,39.708888
0.000000,0.000000,19.800311,0.000000,0.000000,1.312975,6.357211,0.028068,30.754323
0.000000,0.000000,19.733878,0.000000,0.000000,1.406335,6.299533,0.028599,30.011594
0.000000,0.000000,19.623980,0.000000,0.000000,1.414069,6.655553,0.640335,29.990939
0.000000,0.000000,20.015029,0.000000,0.000000,2.992013,8.346882,0.280851,31.291243
0.000000,0.000000,19.960173,0.000000,0.000000,1.985951,7.062382,0.746899,35.286785
0.000000,0.000000,19.916473,0.000000,0.000000,2.981104,29.238020,0.191257,45.092510
0.000000,0.000000,21.669233,0.000000,0.000000,1.521075,6.505319,0.568604,57.436492
0.000000,0.000000,20.590627,0.000000,0.000000,2.659965,8.518136,0.192770,31.906954
0.000000,0.000000,20.418819,0.000000,0.000000,1.600029,6.930246,0.079666,35.300514
0.000000,0.000000,20.209684,0.000000,0.000000,1.047644,6.567136,0.571308,31.740347
0.000000,0.000000,20.127898,0.000000,0.000000,2.492197,9.146501,0.172735,31.055289
0.000000,0.000000,21.538436,0.000000,0.000000,2.092822,13.264961,0.858995,36.863601
0.000000,0.000000,20.681653,0.000000,0.000000,2.727617,28.236854,0.165213,57.935648
0.000000,0.000000,20.241174,0.000000,0.000000,1.466965,6.938906,15.799747,54.808931
0.000000,0.000000,20.515260,0.000000,0.000000,2.763969,9.270042,0.130904,47.623363
0.000000,0.000000,20.739555,0.000000,0.000000,1.703381,8.350967,0.172225,36.026321
0.000000,0.000000,21.021778,0.000000,0.000000,1.430863,6.733193,0.541929,34.551894
0.000000,0.000000,20.605004,0.000000,0.000000,2.743254,8.740599,0.182529,32.038624
0.000000,0.000000,21.227848,0.000000,0.000000,1.458793,25.885193,0.140296,36.697824
0.000000,0.000000,20.439035,0.000000,0.000000,1.391051,5.761640,0.572367,50.737532
0.000000,0.000000,20.370199,0.000000,0.000000,2.388791,8.042329,0.157000,30.470135
0.000000,0.000000,19.996994,0.000000,0.000000,1.398518,5.650694,0.085719,33.659668
0.000000,0.000000,20.086491,0.000000,0.000000,1.264423,5.498823,0.646956,29.783023
0.000000,0.000000,21.527291,0.000000,0.000000,3.139932,6.907371,0.139695,31.777906
0.000000,0.000000,21.220617,0.000000,0.000000,1.466241,20.173262,0.658949,36.674319
0.000000,0.000000,20.894465,0.000000,0.000000,2.479961,26.509176,0.218902,45.580206
0.000000,0.000000,20.937900,0.000000,0.000000,1.416293,5.838363,0.056832,53.347743
0.000000,0.000000,20.387465,0.000000,0.000000,1.418948,5.411612,0.572038,30.033778
0.000000,0.000000,19.549718,0.000000,0.000000,2.457436,7.197544,0.130317,29.127335
0.000000,0.000000,20.553702,0.000000,0.000000,1.822748,8.342488,0.143724,33.135579
0.000000,0.000000,21.700606,0.000000,0.000000,1.977654,5.418226,0.551488,35.426572
0.000000,0.000000,21.924034,0.000000,0.000000,2.820086,7.695070,0.136280,47.265580
0.000000,0.000000,20.173453,0.000000,0.000000,1.540871,5.722737,0.105819,33.681698
0.000000,0.000000,20.355994,0.000000,0.000000,1.348782,5.904936,0.702778,29.950113
0.000000,0.000000,20.127954,0.000000,0.000000,2.914313,7.031421,0.142000,30.675495
0.000000,0.000000,22.855839,0.000000,0.000000,2.333998,5.458485,0.638951,36.520847
0.000000,0.000000,20.824627,0.000000,0.000000,2.069485,25.522943,0.143293,40.829529
0.000000,0.000000,21.008187,0.000000,0.000000,1.285129,4.754535,0.560498,51.545390
0.000000,0.000000,20.435037,0.000000,0.000000,2.384812,6.413724,0.132712,29.022527
0.000000,0.000000,21.488141,0.000000,0.000000,1.464214,5.465049,0.087593,32.844712
0.000000,0.000000,20.587080,0.000000,0.000000,0.000000,0.000000,0.000000,29.850796
