#Image Rect[ms], Image Resize[ms], ORB ext[ms], Stereo match[ms], IMU preint[ms], Pose pred[ms], LM track[ms], KF dec[ms], Total[ms]
0.000000,0.000000,16.042705,0.000000,0.000000,4.316040,2.115384,0.043042,41.506710
0.000000,0.000000,13.954229,0.000000,0.000000,2.039560,1.831174,0.041459,29.413985
0.000000,0.000000,13.540425,0.000000,0.000000,1.922158,1.603362,0.044905,26.501769
0.000000,0.000000,13.127041,0.000000,0.000000,1.881661,1.837778,0.033965,25.306575
0.000000,0.000000,13.564562,0.000000,0.000000,2.040762,2.347305,0.061427,25.523075
0.000000,0.000000,14.740112,0.000000,0.000000,1.960190,1.861081,0.044344,28.528732
0.000000,0.000000,14.207882,0.000000,0.000000,2.107609,1.772775,0.042500,27.379016
0.000000,0.000000,14.630364,0.000000,0.000000,2.063907,2.320273,0.038884,28.385628
0.000000,0.000000,13.340551,0.000000,0.000000,2.161982,1.923861,0.042601,26.888335
0.000000,0.000000,13.913023,0.000000,0.000000,2.337897,1.661914,0.046067,26.594918
0.000000,0.000000,13.789629,0.000000,0.000000,1.719549,1.881919,0.049805,26.940304
0.000000,0.000000,13.423991,0.000000,0.000000,1.615199,1.580353,0.036450,25.611511
0.000000,0.000000,13.744178,0.000000,0.000000,1.471505,1.979694,0.064884,26.498258
0.000000,0.000000,12.890542,0.000000,0.000000,1.935742,1.834578,0.041589,24.849486
0.000000,0.000000,13.396406,0.000000,0.000000,1.660887,1.701395,0.037051,25.857519
0.000000,0.000000,12.926520,0.000000,0.000000,1.541870,1.414768,0.328176,25.242346
0.000000,0.000000,13.851084,0.000000,0.000000,2.264228,2.206287,0.228075,26.045978
0.000000,0.000000,13.581109,0.000000,0.000000,2.905742,2.089475,0.074152,27.232571
0.000000,0.000000,13.017483,0.000000,0.000000,2.150290,2.176231,0.071556,26.506947
0.000000,0.000000,13.059905,0.000000,0.000000,2.024431,2.488656,0.062028,26.485747
0.000000,0.000000,16.009411,0.000000,0.000000,2.045140,2.141794,0.041088,31.638476
0.000000,0.000000,14.417573,0.000000,0.000000,2.039148,2.246975,0.041158,27.442839
0.000000,0.000000,13.131362,0.000000,0.000000,2.030793,1.787329,0.035258,25.916463
0.000000,0.000000,13.097328,0.000000,0.000000,2.264208,2.287873,0.059664,25.351297
0.000000,0.000000,13.897405,0.000000,0.000000,2.017748,2.159819,0.068280,27.585056
0.000000,0.000000,14.138142,0.000000,0.000000,1.995245,1.839187,0.045577,27.980711
0.000000,0.000000,14.181554,0.000000,0.000000,1.976710,2.022217,0.046659,27.021460
0.000000,0.000000,13.057952,0.000000,0.000000,1.685795,2.189645,0.039365,26.122978
0.000000,0.000000,13.222831,0.000000,0.000000,1.948907,1.923268,0.042131,26.270192
0.000000,0.000000,13.479887,0.000000,0.000000,2.468036,2.107379,0.036088,26.111897
0.000000,0.000000,13.655231,0.000000,0.000000,1.866089,1.968194,0.038904,27.096965
0.000000,0.000000,13.032805,0.000000,0.000000,1.763534,2.002089,0.043513,26.538842
0.000000,0.000000,12.767399,0.000000,0.000000,1.780241,2.106882,0.039996,25.489292
0.000000,0.000000,14.263773,0.000000,0.000000,2.009202,2.015133,0.050427,26.866179
0.000000,0.000000,13.376292,0.000000,0.000000,2.046549,2.149022,0.041900,25.949440
0.000000,0.000000,13.374107,0.000000,0.000000,1.874916,2.202831,0.056728,26.808999
0.000000,0.000000,13.027465,0.000000,0.000000,1.941081,2.038899,0.047210,25.737536
0.000000,0.000000,13.536938,0.000000,0.000000,1.969426,1.740970,0.044385,25.844189
0.000000,0.000000,13.473597,0.000000,0.000000,1.887590,2.117629,0.039526,26.003932
0.000000,0.000000,13.415976,0.000000,0.000000,2.041474,2.056933,0.056879,26.243782
0.000000,0.000000,12.845169,0.000000,0.000000,1.914625,1.897409,0.039084,25.662836
0.000000,0.000000,13.224749,0.000000,0.000000,1.572409,2.091138,0.038393,25.618582
0.000000,0.000000,12.494049,0.000000,0.000000,1.704180,1.956452,0.033905,24.999180
0.000000,0.000000,13.626950,0.000000,0.000000,1.776879,1.996017,0.296165,26.622947
0.000000,0.000000,13.885334,0.000000,0.000000,2.254500,1.949939,0.038513,26.948956
0.000000,0.000000,13.367155,0.000000,0.000000,1.592277,2.074406,0.054805,26.495525
0.000000,0.000000,12.906657,0.000000,0.000000,2.179617,2.024010,0.040637,25.141582
0.000000,0.000000,13.154509,0.000000,0.000000,1.615692,1.856160,0.296065,26.523448
0.000000,0.000000,12.625441,0.000000,0.000000,1.969636,2.496061,0.051598,24.710910
0.000000,0.000000,13.375733,0.000000,0.000000,1.830200,1.707096,0.332825,27.189429
0.000000,0.000000,12.489974,0.000000,0.000000,2.234624,2.284418,0.029677,25.187693
0.000000,0.000000,12.740339,0.000000,0.000000,1.981985,2.120287,0.033584,26.471267
0.000000,0.000000,12.911295,0.000000,0.000000,1.851177,2.492403,0.044244,25.829402
0.000000,0.000000,12.292030,0.000000,0.000000,2.150305,2.229645,0.037762,24.949082
0.000000,0.000000,12.956961,0.000000,0.000000,2.013766,2.621007,0.052409,25.598284
0.000000,0.000000,12.787841,0.000000,0.000000,1.798478,2.462275,0.042410,26.168886
0.000000,0.000000,12.583293,0.000000,0.000000,1.662221,2.219305,0.033504,25.349542
0.000000,0.000000,13.865963,0.000000,0.000000,1.928886,2.235706,0.038373,26.526964
0.000000,0.000000,13.006044,0.000000,0.000000,1.631211,2.256126,0.031921,26.020464
0.000000,0.000000,12.617810,0.000000,0.000000,1.900171,2.584337,0.040387,26.409764
0.000000,0.000000,12.669297,0.000000,0.000000,1.713207,2.011872,0.035417,25.963387
0.000000,0.000000,12.453528,0.000000,0.000000,1.566519,2.030648,0.240166,24.569988
0.000000,0.000000,12.477884,0.000000,0.000000,2.188156,2.236598,0.033804,24.780337
0.000000,0.000000,14.246470,0.000000,0.000000,1.775765,2.307552,0.047089,28.815085
0.000000,0.000000,13.184022,0.000000,0.000000,1.830128,2.243761,0.049243,26.566249
0.000000,0.000000,13.950165,0.000000,0.000000,1.680925,2.098056,0.038793,27.466556
0.000000,0.000000,14.060574,0.000000,0.000000,1.639136,2.099638,0.031590,26.388814
0.000000,0.000000,12.836274,0.000000,0.000000,1.627915,2.061637,0.041569,25.044017
0.000000,0.000000,13.915341,0.000000,0.000000,1.716092,2.106472,0.248150,26.530356
0.000000,0.000000,13.229270,0.000000,0.000000,2.176343,2.420878,0.034355,26.175282
0.000000,0.000000,13.594707,0.000000,0.000000,1.909288,2.311089,0.037581,27.829157
0.000000,0.000000,13.501796,0.000000,0.000000,1.841891,2.411339,0.034104,26.930233
0.000000,0.000000,13.375827,0.000000,0.000000,2.073910,2.455483,0.038804,26.300794
0.000000,0.000000,14.322652,0.000000,0.000000,2.941731,3.920930,0.068941,27.732674
0.000000,0.000000,15.247649,0.000000,0.000000,1.611935,2.949299,0.049244,32.786615
0.000000,0.000000,13.121386,0.000000,0.000000,1.610011,1.838424,0.334314,26.891730
0.000000,0.000000,13.657912,0.000000,0.000000,1.839486,2.311431,0.028464,27.064398
0.000000,0.000000,13.341192,0.000000,0.000000,1.519640,2.469330,0.036049,26.572769
0.000000,0.000000,13.320764,0.000000,0.000000,1.528857,2.553740,0.033473,26.798637
0.000000,0.000000,12.933701,0.000000,0.000000,1.503389,2.491993,0.035127,26.354225
0.000000,0.000000,13.140983,0.000000,0.000000,1.328247,2.582995,0.029556,25.681991
0.000000,0.000000,12.184190,0.000000,0.000000,1.397909,2.236402,0.033143,25.001831
0.000000,0.000000,13.014970,0.000000,0.000000,1.087313,2.652888,0.031139,25.115156
0.000000,0.000000,12.770148,0.000000,0.000000,1.357161,2.459519,0.038273,25.268629
0.000000,0.000000,13.575581,0.000000,0.000000,1.706604,2.521778,0.027853,26.230320
0.000000,0.000000,12.625862,0.000000,0.000000,1.099036,2.314162,0.027111,25.438992
0.000000,0.000000,12.890968,0.000000,0.000000,1.040724,2.240773,0.225681,24.894754
0.000000,0.000000,12.977704,0.000000,0.000000,1.546268,2.041723,0.224148,25.459263
0.000000,0.000000,13.156917,0.000000,0.000000,1.599890,2.255250,0.026641,26.002853
0.000000,0.000000,12.683303,0.000000,0.000000,1.007852,2.382793,0.025018,25.466446
0.000000,0.000000,13.121219,0.000000,0.000000,1.107351,2.379598,0.221823,25.070532
0.000000,0.000000,12.186987,0.000000,0.000000,1.637251,2.226025,0.248604,24.598261
0.000000,0.000000,12.164023,0.000000,0.000000,1.469642,2.283804,0.278341,25.650397
0.000000,0.000000,13.362327,0.000000,0.000000,1.615049,2.843662,0.057971,26.286360
0.000000,0.000000,13.662230,0.000000,0.000000,2.800861,5.866576,0.106984,26.827342
0.000000,0.000000,16.503556,0.000000,0.000000,1.570896,3.006022,0.037612,43.942204
0.000000,0.000000,13.844619,0.000000,0.000000,1.415730,3.166438,0.041539,27.516499
0.000000,0.000000,13.100129,0.000000,0.000000,1.773242,3.049425,0.216563,26.576216
0.000000,0.000000,13.567370,0.000000,0.000000,2.413434,3.729491,0.055736,27.298494
0.000000,0.000000,13.625031,0.000000,0.000000,1.925240,3.041830,0.101834,29.413265
0.000000,0.000000,13.768484,0.000000,0.000000,1.645377,2.836950,0.053603,27.614244
0.000000,0.000000,13.355106,0.000000,0.000000,1.760046,2.431477,0.248824,27.048313
0.000000,0.000000,12.760762,0.000000,0.000000,1.634286,2.410276,0.288821,26.120837
0.000000,0.000000,13.125789,0.000000,0.000000,2.114852,2.968049,0.036620,26.349242
0.000000,0.000000,13.541110,0.000000,0.000000,1.751320,3.098609,0.029787,28.141189
0.000000,0.000000,13.362281,0.000000,0.000000,1.825611,2.780793,0.030018,28.377865
0.000000,0.000000,13.781871,0.000000,0.000000,1.672019,3.350409,0.031420,27.383689
0.000000,0.000000,13.907350,0.000000,0.000000,1.757972,5.342948,0.042040,27.983662
0.000000,0.000000,13.962706,0.000000,0.000000,1.677679,3.125039,0.030148,30.554776
0.000000,0.000000,12.609054,0.000000,0.000000,1.595262,2.751977,0.248784,26.818703
0.000000,0.000000,13.452814,0.000000,0.000000,2.029561,3.197376,0.037632,28.005444
0.000000,0.000000,14.264321,0.000000,0.000000,1.881538,3.023164,0.042882,29.616516
0.000000,0.000000,13.260587,0.000000,0.000000,2.711795,2.869592,0.032592,27.425928
0.000000,0.000000,13.527516,0.000000,0.000000,1.683080,3.123497,0.038543,30.077856
0.000000,0.000000,13.278472,0.000000,0.000000,1.524627,2.763070,0.032722,27.416904
0.000000,0.000000,12.921421,0.000000,0.000000,1.564974,2.846078,0.034857,25.926402
0.000000,0.000000,12.951508,0.000000,0.000000,1.583860,2.960636,0.029517,27.020469
0.000000,0.000000,12.997697,0.000000,0.000000,1.505882,2.499146,0.317986,26.453516
0.000000,0.000000,14.791186,0.000000,0.000000,1.883963,3.661112,0.040498,28.327374
0.000000,0.000000,13.669187,0.000000,0.000000,1.350916,2.818208,0.028344,29.039589
0.000000,0.000000,12.467421,0.000000,0.000000,1.407725,2.917744,0.028905,26.401158
0.000000,0.000000,13.489078,0.000000,0.000000,1.641784,3.200363,0.038513,27.198117
0.000000,0.000000,13.285142,0.000000,0.000000,1.302023,3.146370,0.028935,27.247936
0.000000,0.000000,12.984434,0.000000,0.000000,1.389835,1.982421,0.334989,26.767830
0.000000,0.000000,13.739599,0.000000,0.000000,1.575812,2.721228,0.026159,26.105667
0.000000,0.000000,13.188381,0.000000,0.000000,1.131381,2.766884,0.023825,26.639146
0.000000,0.000000,12.765219,0.000000,0.000000,1.175083,2.877273,0.024366,25.674655
0.000000,0.000000,13.419157,0.000000,0.000000,1.165234,2.770962,0.027592,27.020077
0.000000,0.000000,13.082209,0.000000,0.000000,1.215710,3.062925,0.028544,25.737802
0.000000,0.000000,13.963938,0.000000,0.000000,1.042573,2.159135,0.021591,27.099086
0.000000,0.000000,13.147993,0.000000,0.000000,0.778102,2.458250,0.021942,26.280958
0.000000,0.000000,12.872032,0.000000,0.000000,0.983070,2.840497,0.021982,26.266391
0.000000,0.000000,13.566091,0.000000,0.000000,0.922585,2.601772,0.023755,26.591897
0.000000,0.000000,13.651066,0.000000,0.000000,0.805444,2.687314,0.060124,26.680136
0.000000,0.000000,12.833079,0.000000,0.000000,0.979914,3.042586,0.210778,26.118183
0.000000,0.000000,13.566977,0.000000,0.000000,0.865358,2.278981,0.025509,30.816773
0.000000,0.000000,12.790989,0.000000,0.000000,0.962762,2.539925,0.025508,25.668903
0.000000,0.000000,14.588200,0.000000,0.000000,0.986236,3.410151,0.054173,28.384593
0.000000,0.000000,13.953719,0.000000,0.000000,0.922355,2.905968,0.344121,27.524865
0.000000,0.000000,13.519087,0.000000,0.000000,1.212164,2.546989,0.029576,26.963853
0.000000,0.000000,13.070629,0.000000,0.000000,0.910704,2.591282,0.025929,26.074501
0.000000,0.000000,14.257063,0.000000,0.000000,0.893401,2.592364,0.024296,27.474272
0.000000,0.000000,13.093984,0.000000,0.000000,1.008719,2.162602,0.042110,25.915833
0.000000,0.000000,12.725267,0.000000,0.000000,1.013137,2.462259,0.026631,24.821022
0.000000,0.000000,13.044591,0.000000,0.000000,0.859887,2.376426,0.024657,25.118275
0.000000,0.000000,12.856925,0.000000,0.000000,1.068672,2.423786,0.026019,25.064282
0.000000,0.000000,13.784871,0.000000,0.000000,0.887158,2.848028,0.051778,25.999220
0.000000,0.000000,15.080372,0.000000,0.000000,0.834018,2.493888,0.023153,28.223319
0.000000,0.000000,13.639716,0.000000,0.000000,0.826934,2.303608,0.023073,26.428993
0.000000,0.000000,13.307398,0.000000,0.000000,0.813600,2.893975,0.025969,26.617320
0.000000,0.000000,13.190527,0.000000,0.000000,0.820244,2.368665,0.023215,25.942665
0.000000,0.000000,12.975193,0.000000,0.000000,0.769707,2.629002,0.032251,25.207509
0.000000,0.000000,13.388431,0.000000,0.000000,1.122981,2.805998,0.021721,26.058893
0.000000,0.000000,13.419103,0.000000,0.000000,0.684114,2.591831,0.018054,26.942627
0.000000,0.000000,13.685517,0.000000,0.000000,0.797991,3.085813,0.032963,25.888572
0.000000,0.000000,13.626344,0.000000,0.000000,0.661962,2.461382,0.018866,27.801956
0.000000,0.000000,12.503013,0.000000,0.000000,0.685517,2.660242,0.264925,24.586717
0.000000,0.000000,13.765218,0.000000,0.000000,1.526109,2.757276,0.030709,27.436910
0.000000,0.000000,14.333877,0.000000,0.000000,1.118231,2.954742,0.043573,29.065644
0.000000,0.000000,13.317606,0.000000,0.000000,1.107571,2.716438,0.029897,26.717169
0.000000,0.000000,12.897525,0.000000,0.000000,1.114124,2.627659,0.025489,25.798016
0.000000,0.000000,12.820309,0.000000,0.000000,1.203303,2.760031,0.026421,25.879654
0.000000,0.000000,13.520294,0.000000,0.000000,1.013983,2.548097,0.030458,26.810598
0.000000,0.000000,14.161186,0.000000,0.000000,1.074408,2.469818,0.027282,26.715798
0.000000,0.000000,12.972690,0.000000,0.000000,1.028611,2.431946,0.028644,26.031474
0.000000,0.000000,14.752973,0.000000,0.000000,1.023441,2.291388,0.042922,27.424939
0.000000,0.000000,13.892904,0.000000,0.000000,0.880158,2.478324,0.049123,26.821864
0.000000,0.000000,13.425182,0.000000,0.000000,0.791449,2.423810,0.027844,26.092440
0.000000,0.000000,13.116545,0.000000,0.000000,0.830644,2.684137,0.030808,25.445459
0.000000,0.000000,13.034098,0.000000,0.000000,0.845642,2.250861,0.026520,26.232708
0.000000,0.000000,12.542190,0.000000,0.000000,0.831535,2.245140,0.067418,24.528802
0.000000,0.000000,12.452560,0.000000,0.000000,0.773585,2.751626,0.303800,25.071355
0.000000,0.000000,12.470012,0.000000,0.000000,1.714358,2.885631,0.037912,25.642879
0.000000,0.000000,12.686936,0.000000,0.000000,1.289047,3.394491,0.314079,26.802466
0.000000,0.000000,13.703574,0.000000,0.000000,1.829889,3.150927,0.038463,27.871974
0.000000,0.000000,13.242996,0.000000,0.000000,1.074929,2.929159,0.103076,27.379346
0.000000,0.000000,13.035176,0.000000,0.000000,1.133000,2.737299,0.031810,27.256535
0.000000,0.000000,13.090626,0.000000,0.000000,0.929442,2.597702,0.256008,26.433794
0.000000,0.000000,12.953865,0.000000,0.000000,1.725022,2.887074,0.028535,26.125916
0.000000,0.000000,13.555891,0.000000,0.000000,1.287886,2.877826,0.222804,26.989044
0.000000,0.000000,12.826042,0.000000,0.000000,1.312703,2.400617,0.028754,26.585273
0.000000,0.000000,12.979335,0.000000,0.000000,1.096971,3.424874,0.031720,26.113278
0.000000,0.000000,13.185223,0.000000,0.000000,1.097102,2.818457,0.028855,26.978314
0.000000,0.000000,12.946218,0.000000,0.000000,1.125035,2.940656,0.048011,25.580860
0.000000,0.000000,12.682169,0.000000,0.000000,1.094216,2.779599,0.028444,26.047810
0.000000,0.000000,12.786418,0.000000,0.000000,0.895748,2.197439,0.313588,25.420984
0.000000,0.000000,13.707774,0.000000,0.000000,1.566577,2.663988,0.025970,26.375866
0.000000,0.000000,12.500281,0.000000,0.000000,0.859028,1.928211,0.285183,25.950844
0.000000,0.000000,13.203228,0.000000,0.000000,1.030634,2.785721,0.025339,25.107587
0.000000,0.000000,12.718168,0.000000,0.000000,1.124324,3.228556,0.027993,25.722521
0.000000,0.000000,12.810895,0.000000,0.000000,1.179208,2.788767,0.025949,26.757395
0.000000,0.000000,12.746161,0.000000,0.000000,1.030445,3.127433,0.036860,26.287183
0.000000,0.000000,12.413828,0.000000,0.000000,0.701677,2.597802,0.231762,25.468537
0.000000,0.000000,12.735191,0.000000,0.000000,0.981902,2.429592,0.302086,25.534819
0.000000,0.000000,13.344192,0.000000,0.000000,1.947898,2.957299,0.051448,27.011099
0.000000,0.000000,12.905461,0.000000,0.000000,1.481221,3.030902,0.026420,27.109757
0.000000,0.000000,13.255673,0.000000,0.000000,1.305760,2.682855,0.026180,26.492410
0.000000,0.000000,12.574585,0.000000,0.000000,1.136387,2.857552,0.230349,25.721550
0.000000,0.000000,12.620148,0.000000,0.000000,2.374006,3.843989,0.051228,26.000053
0.000000,0.000000,14.284646,0.000000,0.000000,1.453880,3.365990,0.305991,30.672472
0.000000,0.000000,13.556398,0.000000,0.000000,1.692588,2.909564,0.034756,28.306912
0.000000,0.000000,13.612019,0.000000,0.000000,1.227460,3.143147,0.031940,27.464253
0.000000,0.000000,12.941875,0.000000,0.000000,1.248781,3.689164,0.051097,27.011803
0.000000,0.000000,14.258450,0.000000,0.000000,1.723642,4.162023,0.052360,28.286364
0.000000,0.000000,12.949095,0.000000,0.000000,1.178417,2.968917,0.243181,28.181284
0.000000,0.000000,13.316522,0.000000,0.000000,1.442299,3.020865,0.280964,26.650187
0.000000,0.000000,13.197566,0.000000,0.000000,1.538551,3.173054,0.281996,28.181434
0.000000,0.000000,12.974454,0.000000,0.000000,1.601401,3.119994,0.027352,26.887210
0.000000,0.000000,13.688029,0.000000,0.000000,1.553970,4.338177,0.083538,27.791516
0.000000,0.000000,12.412908,0.000000,0.000000,1.218314,3.266832,0.033955,27.941340
0.000000,0.000000,12.764386,0.000000,0.000000,1.241807,3.044190,0.217133,26.550972
0.000000,0.000000,12.939037,0.000000,0.000000,1.581282,3.587191,0.062769,26.941112
0.000000,0.000000,13.026122,0.000000,0.000000,1.566273,3.684385,0.035117,27.238547
0.000000,0.000000,13.318848,0.000000,0.000000,1.460382,2.795718,0.024005,27.878412
0.000000,0.000000,13.135069,0.000000,0.000000,1.186733,3.027538,0.024857,26.630252
0.000000,0.000000,14.016527,0.000000,0.000000,1.377656,3.042527,0.222042,27.966999
0.000000,0.000000,12.419039,0.000000,0.000000,1.395510,2.649891,0.023014,26.127757
0.000000,0.000000,13.637113,0.000000,0.000000,0.934765,2.541766,0.233333,26.674358
0.000000,0.000000,12.632626,0.000000,0.000000,1.625075,3.346735,0.025098,25.405459
0.000000,0.000000,13.290024,0.000000,0.000000,1.224044,3.188715,0.023886,27.786369
0.000000,0.000000,13.438286,0.000000,0.000000,1.300799,2.877294,0.041198,27.308913
0.000000,0.000000,12.324401,0.000000,0.000000,0.899047,3.398252,0.029676,26.165983
0.000000,0.000000,12.756091,0.000000,0.000000,4.258906,0.046217,0.046818,25.966895
0.000000,0.000000,13.110548,0.000000,0.000000,20.670076,0.045556,0.056036,27.431506
0.000000,0.000000,13.486257,0.000000,0.000000,44.999355,0.038123,0.374080,43.442496
0.000000,0.000000,13.318889,0.000000,0.000000,292.206387,0.046027,0.034907,68.489668
0.000000,0.000000,12.724522,0.000000,0.000000,56.610024,0.048642,0.051868,314.008075
0.000000,0.000000,13.878884,0.000000,0.000000,4.756092,6.468893,0.001473,80.487603
0.000000,0.000000,13.274367,0.000000,0.000000,5.176138,4.208271,0.002224,35.500099
0.000000,0.000000,15.911664,0.000000,0.000000,0.581529,2.011053,0.001953,36.278227
0.000000,0.000000,13.901068,0.000000,0.000000,4.844034,7.131394,0.002013,27.594631
0.000000,0.000000,13.763216,0.000000,0.000000,3.213827,3.217273,0.000922,35.442043
0.000000,0.000000,13.315390,0.000000,0.000000,0.694815,2.591631,0.001994,30.461684
0.000000,0.000000,13.627659,0.000000,0.000000,0.478031,3.179702,0.001904,26.515747
0.000000,0.000000,12.694188,0.000000,0.000000,0.584464,2.789272,0.174923,25.733446
0.000000,0.000000,13.436830,0.000000,0.000000,0.653466,2.864450,0.000912,26.271842
0.000000,0.000000,12.549073,0.000000,0.000000,0.778805,2.812842,0.001163,25.386956
0.000000,0.000000,12.895764,0.000000,0.000000,0.630201,3.165014,0.001973,26.119252
0.000000,0.000000,12.914726,0.000000,0.000000,0.737235,3.813304,0.001062,25.916471
0.000000,0.000000,12.627628,0.000000,0.000000,0.622197,3.434787,0.001493,26.773686
0.000000,0.000000,13.439001,0.000000,0.000000,0.682561,2.613161,0.001313,26.621435
0.000000,0.000000,13.273595,0.000000,0.000000,0.549879,3.405732,0.001532,26.153318
0.000000,0.000000,12.268078,0.000000,0.000000,0.536683,2.989719,0.001313,25.370316
0.000000,0.000000,12.794121,0.000000,0.000000,0.524811,3.352301,0.002315,25.335320
0.000000,0.000000,17.278208,0.000000,0.000000,0.755771,2.919791,0.001072,33.674678
0.000000,0.000000,14.100908,0.000000,0.000000,4.013711,0.019037,0.001222,27.351463
0.000000,0.000000,14.128334,0.000000,0.000000,5.340682,6.798520,0.001443,28.208266
0.000000,0.000000,13.765693,0.000000,0.000000,3.666500,0.043633,0.001874,34.846502
0.000000,0.000000,13.698164,0.000000,0.000000,7.064908,0.039946,0.001834,26.375854
0.000000,0.000000,13.811641,0.000000,0.000000,4.974634,0.147728,0.001293,30.637378
0.000000,0.000000,13.224062,0.000000,0.000000,7.056835,0.056488,0.002324,27.700310
0.000000,0.000000,12.933087,0.000000,0.000000,4.916724,8.301717,0.001883,29.696297
0.000000,0.000000,14.586159,0.000000,0.000000,5.576991,3.780568,0.001624,38.498517
0.000000,0.000000,14.376620,0.000000,0.000000,0.524420,3.012798,0.001483,33.766576
0.000000,0.000000,12.784730,0.000000,0.000000,0.527005,3.429999,0.001302,25.878788
0.000000,0.000000,13.353508,0.000000,0.000000,0.311273,2.698023,0.002505,27.230896
0.000000,0.000000,12.810203,0.000000,0.000000,0.452462,3.099950,0.001643,25.348758
0.000000,0.000000,13.803467,0.000000,0.000000,0.473773,2.855956,0.001363,26.980118
0.000000,0.000000,13.809149,0.000000,0.000000,0.438856,2.977811,0.001663,26.671683
0.000000,0.000000,13.335441,0.000000,0.000000,4.894782,7.848073,0.001583,25.859483
0.000000,0.000000,12.738908,0.000000,0.000000,4.006388,3.444567,0.001523,34.659963
0.000000,0.000000,12.913932,0.000000,0.000000,0.281527,2.378855,0.000941,30.473891
0.000000,0.000000,13.198855,0.000000,0.000000,5.593254,7.266374,0.001773,24.807158
0.000000,0.000000,12.810235,0.000000,0.000000,3.209630,0.050366,0.001403,35.405885
0.000000,0.000000,12.879155,0.000000,0.000000,4.713517,0.021200,0.001182,25.214493
0.000000,0.000000,12.932247,0.000000,0.000000,4.800092,0.039866,0.001302,27.276573
0.000000,0.000000,12.609462,0.000000,0.000000,4.614489,0.039756,0.001142,26.538198
0.000000,0.000000,12.509160,0.000000,0.000000,5.871114,0.037582,0.001233,25.804109
0.000000,0.000000,12.783915,0.000000,0.000000,4.730468,0.036438,0.001392,27.104831
0.000000,0.000000,12.890789,0.000000,0.000000,3.776011,0.037660,0.001332,27.104173
0.000000,0.000000,13.646493,0.000000,0.000000,4.953726,0.037791,0.001413,26.120933
0.000000,0.000000,13.299845,0.000000,0.000000,4.475360,7.288879,0.001423,27.301505
0.000000,0.000000,13.726844,0.000000,0.000000,2.924911,2.850407,0.001533,34.157603
0.000000,0.000000,13.206316,0.000000,0.000000,0.369793,2.982926,0.001263,27.893673
0.000000,0.000000,13.203525,0.000000,0.000000,5.428405,0.040476,0.001453,25.793942
0.000000,0.000000,13.092557,0.000000,0.000000,4.392564,0.057207,0.001132,27.975416
0.000000,0.000000,13.052001,0.000000,0.000000,4.464711,0.037130,0.001413,26.095466
0.000000,0.000000,12.751619,0.000000,0.000000,4.574227,0.041668,0.001443,26.175659
0.000000,0.000000,13.497005,0.000000,0.000000,5.107028,0.039776,0.001453,26.903592
0.000000,0.000000,13.258668,0.000000,0.000000,8.131781,0.042952,0.001683,27.031575
0.000000,0.000000,12.741002,0.000000,0.000000,5.292422,0.038824,0.001162,30.533881
0.000000,0.000000,12.526843,0.000000,0.000000,4.499100,0.039595,0.001242,26.814390
0.000000,0.000000,13.238699,0.000000,0.000000,4.457552,0.043643,0.001203,26.685134
0.000000,0.000000,13.138539,0.000000,0.000000,4.734339,0.037952,0.001183,26.896190
0.000000,0.000000,13.145071,0.000000,0.000000,4.344856,0.045106,0.001042,26.757632
0.000000,0.000000,13.517701,0.000000,0.000000,6.320932,0.054885,0.001473,26.850760
0.000000,0.000000,12.774907,0.000000,0.000000,5.062996,6.771109,0.001843,28.002807
0.000000,0.000000,12.413689,0.000000,0.000000,3.288815,3.559932,0.001503,32.922300
0.000000,0.000000,12.617027,0.000000,0.000000,4.394191,0.037622,0.001383,28.927192
0.000000,0.000000,12.250388,0.000000,0.000000,3.795211,0.037832,0.001122,26.014259
0.000000,0.000000,12.487500,0.000000,0.000000,4.270145,0.127393,0.001403,25.549472
0.000000,0.000000,12.515974,0.000000,0.000000,5.394516,0.038693,0.001653,25.571346
0.000000,0.000000,12.371439,0.000000,0.000000,5.730487,0.100231,0.002274,26.911758
0.000000,0.000000,12.485235,0.000000,0.000000,4.421774,0.038784,0.001232,27.231868
0.000000,0.000000,13.001579,0.000000,0.000000,6.169925,0.044765,0.002225,26.348957
0.000000,0.000000,13.525930,0.000000,0.000000,4.689965,0.037863,0.001192,28.905120
0.000000,0.000000,12.631626,0.000000,0.000000,4.239347,0.035918,0.001082,26.459189
0.000000,0.000000,12.930866,0.000000,0.000000,4.181531,0.047260,0.001653,25.712427
0.000000,0.000000,12.816144,0.000000,0.000000,4.791488,0.037241,0.001122,26.585761
0.000000,0.000000,12.439810,0.000000,0.000000,4.179112,0.037331,0.001292,26.126015
0.000000,0.000000,12.749149,0.000000,0.000000,4.559417,0.045817,0.001342,26.139400
0.000000,0.000000,12.677583,0.000000,0.000000,4.669997,0.036259,0.001593,26.037596
0.000000,0.000000,13.015997,0.000000,0.000000,3.844504,0.037361,0.001112,27.048322
0.000000,0.000000,12.987594,0.000000,0.000000,3.069478,0.038263,0.001543,26.200957
0.000000,0.000000,13.358831,0.000000,0.000000,3.684401,0.038153,0.001202,25.262117
0.000000,0.000000,12.037314,0.000000,0.000000,3.663891,0.037531,0.001443,24.519153
0.000000,0.000000,12.660352,0.000000,0.000000,4.133164,0.043663,0.001904,25.159568
0.000000,0.000000,12.701390,0.000000,0.000000,4.186216,0.035808,0.001112,26.109755
0.000000,0.000000,12.657356,0.000000,0.000000,4.688633,0.036159,0.002665,25.649588
0.000000,0.000000,12.230122,0.000000,0.000000,3.720829,0.046539,0.001984,26.095228
0.000000,0.000000,13.312324,0.000000,0.000000,4.114149,0.041930,0.001693,26.117801
0.000000,0.000000,13.283248,0.000000,0.000000,3.238811,0.036359,0.001222,26.726518
0.000000,0.000000,13.239344,0.000000,0.000000,3.542050,0.034916,0.001002,25.111995
0.000000,0.000000,12.932589,0.000000,0.000000,4.345280,0.039726,0.001213,26.095579
0.000000,0.000000,13.592368,0.000000,0.000000,4.070385,0.042611,0.001573,27.195196
0.000000,0.000000,13.232843,0.000000,0.000000,5.056629,0.035888,0.001994,26.697948
0.000000,0.000000,13.557888,0.000000,0.000000,3.411680,0.041559,0.058431,27.824025
0.000000,0.000000,13.762191,0.000000,0.000000,3.912715,0.038353,0.056647,26.400091
0.000000,0.000000,12.894168,0.000000,0.000000,4.252773,0.036820,0.052821,25.755934
0.000000,0.000000,12.903556,0.000000,0.000000,3.960316,0.037842,0.048352,25.895714
0.000000,0.000000,13.067488,0.000000,0.000000,3.465262,0.039886,0.053011,26.031650
0.000000,0.000000,13.449626,0.000000,0.000000,3.679430,0.038062,0.049975,25.908655
0.000000,0.000000,13.207305,0.000000,0.000000,3.947603,0.035748,0.039465,25.714555
0.000000,0.000000,12.335183,0.000000,0.000000,4.149998,0.037953,0.052781,25.519514
0.000000,0.000000,13.066507,0.000000,0.000000,3.583879,0.035989,0.048723,26.130009
0.000000,0.000000,12.722522,0.000000,0.000000,4.099310,0.041639,0.052430,26.187117
0.000000,0.000000,13.091796,0.000000,0.000000,4.115462,0.037231,0.057279,25.732571
0.000000,0.000000,13.091085,0.000000,0.000000,4.142002,0.328105,0.051889,26.078751
0.000000,0.000000,12.592895,0.000000,0.000000,3.353319,0.038994,0.052751,26.147011
0.000000,0.000000,12.957069,0.000000,0.000000,4.886190,0.041148,0.054684,24.811927
0.000000,0.000000,13.314280,0.000000,0.000000,4.170937,0.041329,0.055125,27.256436
0.000000,0.000000,12.664722,0.000000,0.000000,3.834627,0.037431,0.050145,25.790932
0.000000,0.000000,13.367461,0.000000,0.000000,3.785363,0.039124,0.067779,26.727758
0.000000,0.000000,13.175046,0.000000,0.000000,4.017946,0.039956,0.084070,25.812586
0.000000,0.000000,12.315758,0.000000,0.000000,4.789827,0.040567,0.049996,25.157688
0.000000,0.000000,13.469447,0.000000,0.000000,3.984874,0.040177,0.055376,27.916766
0.000000,0.000000,13.623149,0.000000,0.000000,3.474771,0.037201,0.100612,28.008411
0.000000,0.000000,14.221940,0.000000,0.000000,4.001855,0.046629,0.090863,27.639367
0.000000,0.000000,14.557540,0.000000,0.000000,4.038585,0.039395,0.050205,27.932657
0.000000,0.000000,14.151516,0.000000,0.000000,4.236693,0.036820,0.096373,27.271035
0.000000,0.000000,12.881826,0.000000,0.000000,2.959370,0.038844,0.054815,26.616939
0.000000,0.000000,13.422026,0.000000,0.000000,2.889907,0.042501,0.058511,25.762494
0.000000,0.000000,13.700769,0.000000,0.000000,4.361661,0.047160,0.055536,26.229854
0.000000,0.000000,13.093943,0.000000,0.000000,4.282188,0.046529,0.060976,26.804959
0.000000,0.000000,13.862315,0.000000,0.000000,4.287178,0.040837,0.054744,27.217476
0.000000,0.000000,13.250161,0.000000,0.000000,4.215792,0.040537,0.054915,26.888873
0.000000,0.000000,13.120204,0.000000,0.000000,3.895583,0.043893,0.051328,26.934167
0.000000,0.000000,12.915515,0.000000,0.000000,4.066508,0.041749,0.051908,26.723194
0.000000,0.000000,12.812459,0.000000,0.000000,4.334788,0.042130,0.060285,26.058684
0.000000,0.000000,13.074588,0.000000,0.000000,3.297236,0.042761,0.050366,26.365707
0.000000,0.000000,12.789667,0.000000,0.000000,4.404841,0.037341,0.045777,25.212927
0.000000,0.000000,12.951064,0.000000,0.000000,4.046039,0.118345,0.058742,26.719511
0.000000,0.000000,13.624835,0.000000,0.000000,4.473673,0.046247,0.091574,27.657374
0.000000,0.000000,13.034283,0.000000,0.000000,3.965667,0.039405,0.053201,26.578644
0.000000,0.000000,13.376523,0.000000,0.000000,4.600313,0.058261,0.387799,27.250481
0.000000,0.000000,16.680863,0.000000,0.000000,12.755313,0.060526,0.073069,32.520069
0.000000,0.000000,15.678989,0.000000,0.000000,5.325117,0.047350,0.073489,39.590715
0.000000,0.000000,15.034658,0.000000,0.000000,5.298484,0.038864,0.054644,30.289858
0.000000,0.000000,13.918001,0.000000,0.000000,5.796139,0.037772,0.059934,28.863386
0.000000,0.000000,13.264359,0.000000,0.000000,3.990374,0.038713,0.047039,28.920796
0.000000,0.000000,13.704757,0.000000,0.000000,4.050392,0.036740,0.050326,27.316167
0.000000,0.000000,13.975720,0.000000,0.000000,3.064264,0.035668,0.056718,27.252919
0.000000,0.000000,13.900871,0.000000,0.000000,3.340279,0.041259,0.057449,26.059109
0.000000,0.000000,12.813017,0.000000,0.000000,3.973943,0.045377,0.099690,26.101399
0.000000,0.000000,12.731018,0.000000,0.000000,5.298209,0.043994,0.088478,25.995629
0.000000,0.000000,13.292193,0.000000,0.000000,4.926153,0.050175,0.044915,28.156034
0.000000,0.000000,14.515289,0.000000,0.000000,3.633025,0.041209,0.058140,29.035005
0.000000,0.000000,13.709748,0.000000,0.000000,3.751490,0.028845,0.051548,26.965262
0.000000,0.000000,13.249632,0.000000,0.000000,4.280926,0.037532,0.048432,26.137004
0.000000,0.000000,13.796442,0.000000,0.000000,3.788982,0.055996,0.053251,27.821428
0.000000,0.000000,13.505610,0.000000,0.000000,3.880245,0.039445,0.055065,26.354692
0.000000,0.000000,12.767698,0.000000,0.000000,4.079614,0.038453,0.049333,25.852458
0.000000,0.000000,13.048982,0.000000,0.000000,3.133436,0.056788,0.053862,26.226889
0.000000,0.000000,13.470964,0.000000,0.000000,3.930104,0.044204,0.057179,26.996834
0.000000,0.000000,12.956803,0.000000,0.000000,5.223829,0.042771,1.356809,26.856888
0.000000,0.000000,13.303496,0.000000,0.000000,4.322916,1.728365,0.468721,27.782858
0.000000,0.000000,13.833440,0.000000,0.000000,1.818296,2.539641,0.690676,23.028370
0.000000,0.000000,13.342240,0.000000,0.000000,1.165440,2.505264,0.480165,39.644463
0.000000,0.000000,14.605768,0.000000,0.000000,0.974857,1.505248,0.060125,29.764350
0.000000,0.000000,14.876648,0.000000,0.000000,2.052601,2.224499,0.428045,30.677299
0.000000,0.000000,14.278699,0.000000,0.000000,5.376205,0.043323,0.350938,27.717150
0.000000,0.000000,13.838389,0.000000,0.000000,7.985487,1.718284,0.495865,27.627846
0.000000,0.000000,14.584370,0.000000,0.000000,2.240409,1.958222,0.423968,29.363352
0.000000,0.000000,14.654805,0.000000,0.000000,1.277344,1.213873,0.277859,72.659446
0.000000,0.000000,14.980315,0.000000,0.000000,1.077303,1.393706,0.030498,34.409399
0.000000,0.000000,14.547360,0.000000,0.000000,1.434103,1.817804,0.086936,28.662217
0.000000,0.000000,12.584340,0.000000,0.000000,1.053282,2.455119,0.027623,24.404423
0.000000,0.000000,14.084229,0.000000,0.000000,1.375311,2.415032,0.380786,26.211428
0.000000,0.000000,13.096968,0.000000,0.000000,1.260361,2.615804,0.475075,26.435867
0.000000,0.000000,15.512557,0.000000,0.000000,0.841955,2.421825,0.038404,28.929639
0.000000,0.000000,13.534030,0.000000,0.000000,1.187253,0.988914,0.392878,26.650996
0.000000,0.000000,13.637448,0.000000,0.000000,2.069374,2.360128,0.030278,26.502673
0.000000,0.000000,13.728892,0.000000,0.000000,1.000056,1.781545,0.069393,27.000291
0.000000,0.000000,13.290035,0.000000,0.000000,1.046564,2.143219,0.033594,25.583242
0.000000,0.000000,13.308060,0.000000,0.000000,0.626223,2.838900,0.319759,26.721161
0.000000,0.000000,14.243943,0.000000,0.000000,1.176071,2.441073,0.332364,26.781415
0.000000,0.000000,14.113350,0.000000,0.000000,0.827257,2.115917,0.497668,26.581955
0.000000,0.000000,13.305636,0.000000,0.000000,1.422160,1.579831,0.040988,26.388227
0.000000,0.000000,13.153567,0.000000,0.000000,1.248068,1.812173,0.077959,26.049782
0.000000,0.000000,13.646343,0.000000,0.000000,1.502013,2.594444,0.039756,26.356949
0.000000,0.000000,13.152003,0.000000,0.000000,1.134342,3.109636,0.347423,26.243393
0.000000,0.000000,12.249654,0.000000,0.000000,1.661917,2.481730,0.304090,25.286188
0.000000,0.000000,14.034376,0.000000,0.000000,0.905927,2.160046,0.467100,27.573785
0.000000,0.000000,13.296669,0.000000,0.000000,1.037117,2.017218,0.377990,27.490799
0.000000,0.000000,14.670798,0.000000,0.000000,1.001138,1.563460,0.257401,28.900054
0.000000,0.000000,12.670466,0.000000,0.000000,1.350834,2.421264,0.027783,26.204158
0.000000,0.000000,13.686820,0.000000,0.000000,1.008592,2.817620,0.383261,27.120716
0.000000,0.000000,13.538411,0.000000,0.000000,1.613405,2.324059,0.051548,25.525696
0.000000,0.000000,13.812370,0.000000,0.000000,0.791418,2.068953,0.244466,27.355050
0.000000,0.000000,13.780112,0.000000,0.000000,1.267746,2.798663,0.333526,27.373398
0.000000,0.000000,13.020373,0.000000,0.000000,0.723058,2.451202,0.246480,26.771530
0.000000,0.000000,15.967318,0.000000,0.000000,1.122990,2.652154,0.283541,30.508053
0.000000,0.000000,14.941014,0.000000,0.000000,1.299967,2.047812,0.264682,29.247449
0.000000,0.000000,14.530702,0.000000,0.000000,1.449432,2.083200,0.021521,27.844024
0.000000,0.000000,13.082222,0.000000,0.000000,1.271872,2.325991,0.024867,26.412646
0.000000,0.000000,13.502894,0.000000,0.000000,1.170189,2.590142,0.461265,26.135029
0.000000,0.000000,13.225767,0.000000,0.000000,1.264638,2.439327,0.027632,26.130430
0.000000,0.000000,13.273295,0.000000,0.000000,0.877323,2.718857,0.251957,27.581903
0.000000,0.000000,13.304995,0.000000,0.000000,1.663294,2.470877,0.345736,27.931977
0.000000,0.000000,13.135533,0.000000,0.000000,1.069738,2.266057,0.237140,25.430443
0.000000,0.000000,13.518840,0.000000,0.000000,1.107912,1.817226,0.311260,27.419424
0.000000,0.000000,12.860372,0.000000,0.000000,1.590807,3.023816,0.251577,26.449837
0.000000,0.000000,12.890429,0.000000,0.000000,1.201689,3.149197,0.373689,25.948174
0.000000,0.000000,14.496004,0.000000,0.000000,1.126998,2.372661,0.367748,26.438255
0.000000,0.000000,15.074131,0.000000,0.000000,1.003163,1.954517,0.042420,29.403982
0.000000,0.000000,13.014632,0.000000,0.000000,1.137408,2.928514,0.230868,27.346609
0.000000,0.000000,13.217049,0.000000,0.000000,1.045163,3.048041,0.022092,25.914072
0.000000,0.000000,12.766415,0.000000,0.000000,0.515979,3.199258,0.032782,25.878334
0.000000,0.000000,12.493136,0.000000,0.000000,1.336986,2.849775,0.605548,26.107400
0.000000,0.000000,12.846567,0.000000,0.000000,0.974298,3.083609,0.316530,26.501275
0.000000,0.000000,13.934730,0.000000,0.000000,4.925403,2.329498,0.021130,27.975782
0.000000,0.000000,13.355201,0.000000,0.000000,1.393563,2.238807,0.028193,27.363842
0.000000,0.000000,12.620718,0.000000,0.000000,1.155973,3.417152,0.293958,25.986540
0.000000,0.000000,12.805449,0.000000,0.000000,0.553310,3.326290,0.404076,29.630421
0.000000,0.000000,13.140626,0.000000,0.000000,0.550895,3.263079,0.029556,26.263347
0.000000,0.000000,12.233685,0.000000,0.000000,0.947146,2.792106,0.001603,26.684406
0.000000,0.000000,13.883554,0.000000,0.000000,0.949120,2.601666,0.001944,28.122212
0.000000,0.000000,13.214545,0.000000,0.000000,4.749279,5.830469,0.001273,26.575759
0.000000,0.000000,12.980652,0.000000,0.000000,3.981342,3.587364,0.002295,26.864417
0.000000,0.000000,12.902013,0.000000,0.000000,4.063307,0.028644,0.001283,26.174780
0.000000,0.000000,13.119035,0.000000,0.000000,53.539999,0.027983,0.001423,34.152892
0.000000,0.000000,15.523495,0.000000,0.000000,18.405944,0.029045,0.001512,33.235815
0.000000,0.000000,12.412485,0.000000,0.000000,13.396542,0.021090,0.001764,26.227349
0.000000,0.000000,13.530966,0.000000,0.000000,26.110251,0.026270,0.001483,75.959196
0.000000,0.000000,13.289168,0.000000,0.000000,13.103606,0.020940,0.001593,40.199754
0.000000,0.000000,13.104458,0.000000,0.000000,10.873878,0.001833,0.001583,35.915478
0.000000,0.000000,12.400233,0.000000,0.000000,10.013940,0.025428,0.001232,48.305448
0.000000,0.000000,12.687754,0.000000,0.000000,7.934287,0.020499,0.001463,34.317084
0.000000,0.000000,13.129084,0.000000,0.000000,8.799636,0.013986,0.001543,32.694863
0.000000,0.000000,12.732600,0.000000,0.000000,13.303728,0.038894,0.002765,31.456945
0.000000,0.000000,13.438214,0.000000,0.000000,8.578205,0.021771,0.001833,30.735740
0.000000,0.000000,13.479945,0.000000,0.000000,28.128495,0.006182,0.001693,31.105016
0.000000,0.000000,13.061306,0.000000,0.000000,11.387898,0.002125,0.002004,35.198997
0.000000,0.000000,12.674960,0.000000,0.000000,7.724989,0.025238,0.001383,29.898737
0.000000,0.000000,13.931260,0.000000,0.000000,11.257610,0.024948,0.001062,51.420183
0.000000,0.000000,12.895300,0.000000,0.000000,9.366807,0.023595,0.001603,33.583518
0.000000,0.000000,13.127873,0.000000,0.000000,7.751790,0.019979,0.001453,30.515734
0.000000,0.000000,12.973038,0.000000,0.000000,9.306042,0.022503,0.001694,34.454277
0.000000,0.000000,13.199519,0.000000,0.000000,6.258585,0.021311,0.001352,32.337384
0.000000,0.000000,12.992667,0.000000,0.000000,6.390056,0.020429,0.001694,29.935260
0.000000,0.000000,13.139736,0.000000,0.000000,6.478494,0.020419,0.001433,31.875947
0.000000,0.000000,13.482220,0.000000,0.000000,7.984093,0.002234,0.001533,31.086292
0.000000,0.000000,13.249576,0.000000,0.000000,9.468340,0.022453,0.001673,29.585673
0.000000,0.000000,14.429525,0.000000,0.000000,5.599809,0.110471,0.001092,29.634416
0.000000,0.000000,13.015801,0.000000,0.000000,6.466471,0.002665,0.001923,29.473870
0.000000,0.000000,13.600976,0.000000,0.000000,5.256948,0.021972,0.059333,31.846030
0.000000,0.000000,13.320691,0.000000,0.000000,6.805879,0.002264,0.057750,28.227506
0.000000,0.000000,12.907375,0.000000,0.000000,6.044498,0.001764,0.051929,29.338381
0.000000,0.000000,12.841639,0.000000,0.000000,5.177216,0.001633,0.057790,26.783776
0.000000,0.000000,14.668581,0.000000,0.000000,8.343248,0.020689,0.093969,31.971892
0.000000,0.000000,14.232259,0.000000,0.000000,8.015383,0.026741,0.076887,29.933057
0.000000,0.000000,12.945848,0.000000,0.000000,6.645823,0.026290,0.046178,27.227585
0.000000,0.000000,13.254157,0.000000,0.000000,6.822250,0.014047,0.058952,31.324033
0.000000,0.000000,13.170346,0.000000,0.000000,6.278595,0.019697,0.064663,30.458450
0.000000,0.000000,13.459458,0.000000,0.000000,7.895025,0.023264,0.056127,30.047826
0.000000,0.000000,13.124789,0.000000,0.000000,7.070734,0.002174,0.058953,28.993548
0.000000,0.000000,13.259496,0.000000,0.000000,8.909307,0.022653,0.057370,28.388806
0.000000,0.000000,12.878621,0.000000,0.000000,3.134724,0.037231,0.059884,29.606038
0.000000,0.000000,12.965647,0.000000,0.000000,5.889061,0.042932,0.058191,29.308240
0.000000,0.000000,12.222050,0.000000,0.000000,3.942242,0.041489,0.061698,30.253220
0.000000,0.000000,13.696851,0.000000,0.000000,4.548698,0.067048,0.087637,25.816687
0.000000,0.000000,13.485098,0.000000,0.000000,5.093206,0.042410,0.057981,29.368664
0.000000,0.000000,14.347571,0.000000,0.000000,4.332506,0.050677,0.062368,27.852355
0.000000,0.000000,13.072590,0.000000,0.000000,4.210243,0.037651,0.082336,26.875053
0.000000,0.000000,12.834728,0.000000,0.000000,3.976368,0.039566,0.060735,26.738072
0.000000,0.000000,13.106496,0.000000,0.000000,6.707707,0.047670,0.070764,26.813816
0.000000,0.000000,12.865608,0.000000,0.000000,4.895965,0.041258,0.065454,25.992273
0.000000,0.000000,12.603638,0.000000,0.000000,5.334341,0.027543,0.099589,25.822901
0.000000,0.000000,15.047391,0.000000,0.000000,4.626342,0.041038,0.091003,31.342699
0.000000,0.000000,13.757624,0.000000,0.000000,4.564635,0.047440,0.067187,27.577156
0.000000,0.000000,12.914709,0.000000,0.000000,8.887579,0.043502,0.071796,27.994801
0.000000,0.000000,13.043367,0.000000,0.000000,6.502036,0.002214,0.081956,26.481274
0.000000,0.000000,13.953286,0.000000,0.000000,5.273562,0.035036,0.057790,27.876427
0.000000,0.000000,14.206678,0.000000,0.000000,3.773842,0.034255,0.060896,32.879041
0.000000,0.000000,12.420903,0.000000,0.000000,8.077621,0.021191,0.049184,28.157690
0.000000,0.000000,12.920605,0.000000,0.000000,4.586346,0.021481,0.066947,27.632673
0.000000,0.000000,12.574657,0.000000,0.000000,6.500704,0.039916,0.110139,25.602907
0.000000,0.000000,13.599725,0.000000,0.000000,5.057050,0.021701,0.043693,30.606173
0.000000,0.000000,13.247927,0.000000,0.000000,7.141241,0.019657,0.056007,27.425629
0.000000,0.000000,13.084025,0.000000,0.000000,7.334608,0.001744,0.106934,28.651520
0.000000,0.000000,12.898363,0.000000,0.000000,6.742704,0.021631,0.058992,26.687548
0.000000,0.000000,12.781841,0.000000,0.000000,8.491291,0.022583,0.122212,29.540490
0.000000,0.000000,13.146904,0.000000,0.000000,5.887368,0.039114,0.040887,29.713848
0.000000,0.000000,12.689355,0.000000,0.000000,7.683693,0.028704,0.053191,28.746410
0.000000,0.000000,19.005625,0.000000,0.000000,4.620340,0.321120,0.060024,40.696413
0.000000,0.000000,13.764400,0.000000,0.000000,4.690294,0.038974,0.060395,28.781079
0.000000,0.000000,13.219754,0.000000,0.000000,5.083221,0.042601,0.073049,30.971280
0.000000,0.000000,12.926357,0.000000,0.000000,5.197718,0.038312,0.061827,27.216575
0.000000,0.000000,13.329302,0.000000,0.000000,4.568002,0.042692,0.055967,27.297015
0.000000,0.000000,13.019443,0.000000,0.000000,3.227113,0.036941,0.049865,27.867372
0.000000,0.000000,13.555914,0.000000,0.000000,5.663725,0.054073,0.056578,28.334929
0.000000,0.000000,12.591595,0.000000,0.000000,4.925501,0.039024,0.059463,26.569676
0.000000,0.000000,12.604044,0.000000,0.000000,3.642893,0.037872,0.055846,25.025791
0.000000,0.000000,14.360753,0.000000,0.000000,3.659115,0.042591,0.070574,30.075928
0.000000,0.000000,12.717261,0.000000,0.000000,3.608017,0.044685,0.055796,27.447615
0.000000,0.000000,13.786141,0.000000,0.000000,3.639498,0.037301,0.060085,26.628520
0.000000,0.000000,13.126447,0.000000,0.000000,4.002668,0.038353,0.059523,25.639058
0.000000,0.000000,12.700829,0.000000,0.000000,4.819359,0.040306,0.069852,25.315906
0.000000,0.000000,12.888334,0.000000,0.000000,4.013176,0.035748,0.056216,25.781419
0.000000,0.000000,13.325907,0.000000,0.000000,4.298771,0.040788,0.059333,26.654589
0.000000,0.000000,13.176263,0.000000,0.000000,4.410001,0.042080,0.055626,27.074757
0.000000,0.000000,12.621978,0.000000,0.000000,3.648935,0.042261,0.077658,25.675838
0.000000,0.000000,13.540155,0.000000,0.000000,3.616243,0.036900,0.442092,28.374088
0.000000,0.000000,13.584159,0.000000,0.000000,3.742089,0.045126,0.206223,27.307000
0.000000,0.000000,14.640867,0.000000,0.000000,5.100035,0.050666,0.035077,28.092200
0.000000,0.000000,13.219645,0.000000,0.000000,4.222703,1.672606,0.064883,28.531638
0.000000,0.000000,13.149038,0.000000,0.000000,2.342272,2.363332,0.236591,26.353603
0.000000,0.000000,14.515450,0.000000,0.000000,2.225049,2.208828,0.037001,31.491040
0.000000,0.000000,13.272451,0.000000,0.000000,2.081455,2.712157,0.393088,22.991038
0.000000,0.000000,13.373186,0.000000,0.000000,1.872036,2.101274,0.341501,28.902098
0.000000,0.000000,12.742924,0.000000,0.000000,2.292757,2.084632,0.282448,26.955770
0.000000,0.000000,12.932596,0.000000,0.000000,1.789209,1.749022,0.028023,26.683552
0.000000,0.000000,16.516905,0.000000,0.000000,1.788337,1.730446,0.042802,30.922397
0.000000,0.000000,13.506019,0.000000,0.000000,1.660563,2.034085,0.306123,27.355864
0.000000,0.000000,12.849749,0.000000,0.000000,2.126782,2.336180,0.027362,26.909745
0.000000,0.000000,12.957304,0.000000,0.000000,1.917463,2.404120,0.033424,25.633203
0.000000,0.000000,14.504562,0.000000,0.000000,1.860468,2.577280,0.023084,27.401424
0.000000,0.000000,12.098819,0.000000,0.000000,1.428832,1.238069,0.238163,25.301612
0.000000,0.000000,13.057045,0.000000,0.000000,4.293159,4.685496,0.028895,26.469102
0.000000,0.000000,13.071742,0.000000,0.000000,3.027528,2.607137,0.086074,26.495726
0.000000,0.000000,12.867519,0.000000,0.000000,1.396711,2.115049,0.496556,26.064384
0.000000,0.000000,12.823161,0.000000,0.000000,1.800280,2.091475,0.026781,24.574709
0.000000,0.000000,13.554523,0.000000,0.000000,1.735530,2.389332,0.258292,32.666182
0.000000,0.000000,12.703302,0.000000,0.000000,1.288415,1.837040,0.026060,28.120293
0.000000,0.000000,14.236372,0.000000,0.000000,1.804287,1.926941,0.260096,27.952033
0.000000,0.000000,13.331888,0.000000,0.000000,0.976701,1.815198,0.024196,26.610035
0.000000,0.000000,13.155409,0.000000,0.000000,1.385049,2.397318,0.083058,26.377613
0.000000,0.000000,13.121748,0.000000,0.000000,1.209525,2.152481,0.029185,25.437442
0.000000,0.000000,12.672843,0.000000,0.000000,1.455904,2.105681,0.024256,25.423695
0.000000,0.000000,13.481504,0.000000,0.000000,1.140733,2.918551,0.233144,25.396213
0.000000,0.000000,13.662025,0.000000,0.000000,1.230715,2.395473,0.053472,28.385664
0.000000,0.000000,14.712232,0.000000,0.000000,1.157896,2.247221,0.262881,28.727753
0.000000,0.000000,13.477066,0.000000,0.000000,1.023630,2.118415,0.055536,25.750680
0.000000,0.000000,12.723580,0.000000,0.000000,1.372595,2.466599,0.062078,25.956312
0.000000,0.000000,12.626467,0.000000,0.000000,1.000045,1.990262,0.200803,25.281338
0.000000,0.000000,13.355444,0.000000,0.000000,4.276427,0.019587,0.028014,26.348048
0.000000,0.000000,12.699876,0.000000,0.000000,5.024923,0.051378,0.046749,25.356229
0.000000,0.000000,13.927775,0.000000,0.000000,3.941239,4.074352,0.039114,28.280600
0.000000,0.000000,12.810806,0.000000,0.000000,2.997849,0.037892,0.028815,25.341281
0.000000,0.000000,13.016850,0.000000,0.000000,5.419690,0.037081,0.059423,27.078550
0.000000,0.000000,13.032721,0.000000,0.000000,9.835239,0.027062,0.038242,27.121103
0.000000,0.000000,12.390667,0.000000,0.000000,4.638223,0.187898,0.058221,29.376139
0.000000,0.000000,12.402949,0.000000,0.000000,4.756628,0.036720,0.028484,24.317757
0.000000,0.000000,13.099826,0.000000,0.000000,4.585877,0.037211,0.036810,28.560625
0.000000,0.000000,12.148634,0.000000,0.000000,4.570032,0.045447,0.039375,31.096015
0.000000,0.000000,12.991770,0.000000,0.000000,4.668721,0.249776,0.038122,27.187692
0.000000,0.000000,12.920103,0.000000,0.000000,4.626200,0.230228,0.040357,27.209062
0.000000,0.000000,13.620733,0.000000,0.000000,4.720279,0.037562,0.039405,27.187761
0.000000,0.000000,12.218748,0.000000,0.000000,4.478127,0.037581,0.037291,25.922823
0.000000,0.000000,13.132778,0.000000,0.000000,4.602885,0.038513,0.041759,27.700159
0.000000,0.000000,14.354896,0.000000,0.000000,5.827247,0.038022,0.038213,29.347878
0.000000,0.000000,13.052306,0.000000,0.000000,4.478198,0.042681,0.038152,26.717117
0.000000,0.000000,13.453901,0.000000,0.000000,5.205603,0.043694,0.041308,26.679467
0.000000,0.000000,12.847536,0.000000,0.000000,5.744590,0.038203,0.038673,26.213168
0.000000,0.000000,13.075510,0.000000,0.000000,4.912856,0.040667,0.040397,28.248809
0.000000,0.000000,13.516580,0.000000,0.000000,5.526525,0.039906,0.035608,27.311529
0.000000,0.000000,13.193765,0.000000,0.000000,4.855968,0.038363,0.041168,27.128090
0.000000,0.000000,13.425686,0.000000,0.000000,4.631700,0.038032,0.047851,27.896473
0.000000,0.000000,13.058969,0.000000,0.000000,4.774937,0.038854,0.040037,27.382768
0.000000,0.000000,12.588795,0.000000,0.000000,5.689975,0.039695,0.041920,26.915517
0.000000,0.000000,13.284027,0.000000,0.000000,4.579792,0.043132,0.036640,26.737649
0.000000,0.000000,12.707600,0.000000,0.000000,6.611079,0.033584,0.039996,26.014070
0.000000,0.000000,12.868322,0.000000,0.000000,4.765265,0.036420,0.039084,26.812461
0.000000,0.000000,13.823476,0.000000,0.000000,4.826603,0.036489,0.041820,28.290215
0.000000,0.000000,12.960161,0.000000,0.000000,4.620270,0.038433,0.059383,27.093566
0.000000,0.000000,12.773345,0.000000,0.000000,5.353876,0.002154,0.050807,28.126814
0.000000,0.000000,12.655431,0.000000,0.000000,4.870549,0.037762,0.039425,26.236445
0.000000,0.000000,13.234123,0.000000,0.000000,4.811132,0.037702,0.038633,26.590871
0.000000,0.000000,12.934653,0.000000,0.000000,4.439925,0.038112,0.038733,26.948723
0.000000,0.000000,13.128974,0.000000,0.000000,4.810472,0.039045,0.083819,27.645859
0.000000,0.000000,12.895406,0.000000,0.000000,5.096596,0.040788,0.039505,27.133505
0.000000,0.000000,12.901220,0.000000,0.000000,4.284670,0.040116,0.040046,26.906491
0.000000,0.000000,13.265299,0.000000,0.000000,4.672719,0.040167,0.041499,26.696343
0.000000,0.000000,12.754950,0.000000,0.000000,4.486024,0.040287,0.039014,26.770022
0.000000,0.000000,12.801018,0.000000,0.000000,5.942026,0.041930,0.041960,26.949103
0.000000,0.000000,12.850323,0.000000,0.000000,4.727353,0.039676,0.044024,26.017099
0.000000,0.000000,13.469151,0.000000,0.000000,6.621810,0.036830,0.086605,27.941082
0.000000,0.000000,12.380059,0.000000,0.000000,6.242018,0.041028,0.038333,26.466707
0.000000,0.000000,12.721349,0.000000,0.000000,5.260138,0.036229,0.043042,27.778554
0.000000,0.000000,13.871779,0.000000,0.000000,5.646674,0.052730,0.037070,27.757335
0.000000,0.000000,12.987296,0.000000,0.000000,6.457944,0.044866,0.198138,28.531749
0.000000,0.000000,14.025642,0.000000,0.000000,7.380817,0.039045,0.040176,29.660990
0.000000,0.000000,12.576933,0.000000,0.000000,3.407690,0.042331,0.038484,26.838515
0.000000,0.000000,12.692193,0.000000,0.000000,4.533424,0.035447,0.040137,28.649163
0.000000,0.000000,14.242892,0.000000,0.000000,5.657204,0.044926,0.032242,30.167074
0.000000,0.000000,13.343223,0.000000,0.000000,6.405489,0.039937,0.040667,30.848461
0.000000,0.000000,12.844843,0.000000,0.000000,4.915002,0.066126,0.041900,25.720505
0.000000,0.000000,12.668940,0.000000,0.000000,4.555696,0.039976,0.041319,26.609691
0.000000,0.000000,13.811115,0.000000,0.000000,3.720296,0.042541,0.039776,29.705048
0.000000,0.000000,12.841398,0.000000,0.000000,4.112984,0.040737,0.055996,29.043557
0.000000,0.000000,13.336812,0.000000,0.000000,6.161996,0.072428,0.043072,27.875911
0.000000,0.000000,13.147280,0.000000,0.000000,5.399976,0.036069,0.038252,28.161857
0.000000,0.000000,13.477499,0.000000,0.000000,4.595473,0.036851,0.039505,26.411322
0.000000,0.000000,13.370355,0.000000,0.000000,4.088998,0.038353,0.082036,26.545138
0.000000,0.000000,15.058971,0.000000,0.000000,4.553984,0.044445,0.097656,30.816103
0.000000,0.000000,13.940983,0.000000,0.000000,4.993402,0.036520,0.052170,28.614422
0.000000,0.000000,12.240835,0.000000,0.000000,9.125862,0.051729,0.040166,26.051039
0.000000,0.000000,12.447629,0.000000,0.000000,5.465180,0.047100,0.043272,25.835127
0.000000,0.000000,12.597142,0.000000,0.000000,6.774483,0.040597,0.105241,26.513598
0.000000,0.000000,14.400185,0.000000,0.000000,4.513195,0.041158,0.049855,30.140037
0.000000,0.000000,14.565503,0.000000,0.000000,5.060709,0.042692,0.041178,35.733181
0.000000,0.000000,17.344395,0.000000,0.000000,5.382762,0.048853,0.042932,35.489636
0.000000,0.000000,15.468683,0.000000,0.000000,4.434045,0.045276,0.041869,37.431389
0.000000,0.000000,14.316167,0.000000,0.000000,3.826037,0.042191,0.041910,29.296930
0.000000,0.000000,14.742972,0.000000,0.000000,3.928776,0.044875,0.065014,30.101435
0.000000,0.000000,15.293982,0.000000,0.000000,4.593058,0.044846,0.034576,31.393627
0.000000,0.000000,14.559603,0.000000,0.000000,3.876122,0.049594,0.044525,28.871071
0.000000,0.000000,13.610334,0.000000,0.000000,5.112527,0.042100,0.039115,27.825039
0.000000,0.000000,14.785679,0.000000,0.000000,6.300640,0.036539,0.038764,28.852383
0.000000,0.000000,13.379194,0.000000,0.000000,6.089118,0.038744,0.040658,27.950826
0.000000,0.000000,13.592251,0.000000,0.000000,3.084696,0.039535,0.038543,27.023712
0.000000,0.000000,13.541854,0.000000,0.000000,3.206672,0.038904,0.036039,27.991095
0.000000,0.000000,13.259295,0.000000,0.000000,5.301997,0.044204,0.059153,28.836186
0.000000,0.000000,13.251162,0.000000,0.000000,4.869876,0.037862,0.041228,28.723984
0.000000,0.000000,12.952832,0.000000,0.000000,5.891521,0.035237,0.037010,25.392630
0.000000,0.000000,13.641526,0.000000,0.000000,5.686099,0.041499,0.039245,26.035168
0.000000,0.000000,12.820144,0.000000,0.000000,5.513271,0.039816,0.052009,27.476912
0.000000,0.000000,13.217109,0.000000,0.000000,6.667736,0.039946,0.091514,26.947043
0.000000,0.000000,12.339298,0.000000,0.000000,6.167355,0.041499,0.042852,27.268084
0.000000,0.000000,12.818046,0.000000,0.000000,4.032243,0.042901,0.063280,28.317247
0.000000,0.000000,13.377725,0.000000,0.000000,4.743035,0.052170,0.035648,28.287775
0.000000,0.000000,12.593532,0.000000,0.000000,7.292706,0.043563,0.367339,28.641928
0.000000,0.000000,13.534414,0.000000,0.000000,6.764897,0.039656,0.232413,28.749695
0.000000,0.000000,14.989432,0.000000,0.000000,5.936015,0.038754,0.033374,30.648308
0.000000,0.000000,13.286412,0.000000,0.000000,9.006677,1.741594,0.239525,27.972899
0.000000,0.000000,13.373187,0.000000,0.000000,1.458154,1.276298,0.232723,30.204282
0.000000,0.000000,13.836364,0.000000,0.000000,1.524411,1.444159,0.033213,31.029234
0.000000,0.000000,12.683434,0.000000,0.000000,1.608470,1.890207,0.024406,27.862528
0.000000,0.000000,13.666886,0.000000,0.000000,1.465599,1.330111,0.024266,22.979556
0.000000,0.000000,15.350239,0.000000,0.000000,1.426946,1.402008,0.024287,35.782005
0.000000,0.000000,12.923030,0.000000,0.000000,1.807881,2.132267,0.031860,25.222944
0.000000,0.000000,13.169390,0.000000,0.000000,1.665359,1.621505,0.046489,25.583783
0.000000,0.000000,12.840644,0.000000,0.000000,1.569516,1.776701,0.314648,25.913080
0.000000,0.000000,12.955232,0.000000,0.000000,1.568163,1.813621,0.238504,26.222919
0.000000,0.000000,12.911018,0.000000,0.000000,1.537545,1.730082,0.219818,24.747051
0.000000,0.000000,12.235994,0.000000,0.000000,1.458365,1.892902,0.049865,24.609710
0.000000,0.000000,12.753458,0.000000,0.000000,1.310032,1.617197,0.059864,24.627633
0.000000,0.000000,13.006519,0.000000,0.000000,1.391819,1.148556,0.022393,25.439298
0.000000,0.000000,14.339797,0.000000,0.000000,1.270368,1.510916,0.199780,26.103643
0.000000,0.000000,12.845323,0.000000,0.000000,1.473755,1.771130,0.302606,24.541580
0.000000,0.000000,12.973227,0.000000,0.000000,1.392009,2.179909,0.039164,25.173402
0.000000,0.000000,12.954973,0.000000,0.000000,1.330082,1.951763,0.216773,25.836465
0.000000,0.000000,12.508012,0.000000,0.000000,1.130231,1.670239,0.025789,24.405222
0.000000,0.000000,12.998646,0.000000,0.000000,1.340922,1.303350,0.197777,25.755440
0.000000,0.000000,13.004146,0.000000,0.000000,1.418520,2.169839,0.039425,25.311517
0.000000,0.000000,12.559740,0.000000,0.000000,1.048819,2.140199,0.038763,25.034509
0.000000,0.000000,12.689878,0.000000,0.000000,1.535215,2.097987,0.021150,24.806946
0.000000,0.000000,13.470083,0.000000,0.000000,1.339603,2.111142,0.040056,26.251826
0.000000,0.000000,13.877659,0.000000,0.000000,1.522541,1.904769,0.043012,25.630622
0.000000,0.000000,13.034434,0.000000,0.000000,4.127269,0.952034,0.270075,25.532808
0.000000,0.000000,15.072840,0.000000,0.000000,4.531545,3.585071,0.022342,28.383636
0.000000,0.000000,13.130389,0.000000,0.000000,3.247978,2.512146,0.245217,26.311123
0.000000,0.000000,13.030459,0.000000,0.000000,4.295094,0.019047,0.024387,26.186757
0.000000,0.000000,13.846604,0.000000,0.000000,5.212111,3.557097,0.017553,26.074854
0.000000,0.000000,13.554493,0.000000,0.000000,3.212381,1.568248,0.017093,27.372297
0.000000,0.000000,12.942180,0.000000,0.000000,4.438057,4.024378,0.205351,29.712906
0.000000,0.000000,14.117110,0.000000,0.000000,3.161154,1.527581,0.293930,29.483329
0.000000,0.000000,13.090894,0.000000,0.000000,4.231213,3.213433,0.020078,26.473583
0.000000,0.000000,13.999646,0.000000,0.000000,3.014734,1.911883,0.020559,32.999258
0.000000,0.000000,15.212037,0.000000,0.000000,4.215713,3.121538,0.021361,30.014564
0.000000,0.000000,12.810451,0.000000,0.000000,3.069689,1.634164,0.020469,30.669552
0.000000,0.000000,12.867308,0.000000,0.000000,1.304575,1.978440,0.020900,26.527980
0.000000,0.000000,12.565303,0.000000,0.000000,0.927618,2.234287,0.274313,29.098146
0.000000,0.000000,13.535863,0.000000,0.000000,0.814362,1.981928,0.030308,27.499982
0.000000,0.000000,12.909078,0.000000,0.000000,0.989966,2.284377,0.015509,29.557131
0.000000,0.000000,12.327801,0.000000,0.000000,0.785957,1.788478,0.015329,26.468476
0.000000,0.000000,12.887107,0.000000,0.000000,0.541271,1.823675,0.021280,25.466947
0.000000,0.000000,12.856078,0.000000,0.000000,0.933649,1.984862,0.020289,24.873717
0.000000,0.000000,13.718232,0.000000,0.000000,0.713730,2.152762,0.280263,25.367360
0.000000,0.000000,13.017572,0.000000,0.000000,0.874266,2.096916,0.028083,24.911441
0.000000,0.000000,12.703707,0.000000,0.000000,0.823720,2.363704,0.216613,24.161331
0.000000,0.000000,13.663641,0.000000,0.000000,1.008702,2.084011,0.266277,27.054815
0.000000,0.000000,12.628204,0.000000,0.000000,0.605374,2.201725,0.027383,24.336424
0.000000,0.000000,12.638063,0.000000,0.000000,1.105748,2.191847,0.024266,24.977306
0.000000,0.000000,12.740859,0.000000,0.000000,0.722597,2.131422,0.260096,25.163731
0.000000,0.000000,13.519341,0.000000,0.000000,1.160551,2.272681,0.025990,26.188945
0.000000,0.000000,13.846406,0.000000,0.000000,1.427791,2.286187,0.221342,26.190519
0.000000,0.000000,13.288294,0.000000,0.000000,1.242518,2.391938,0.257330,25.809843
0.000000,0.000000,13.355390,0.000000,0.000000,0.832456,2.634991,0.298108,25.836838
0.000000,0.000000,13.276751,0.000000,0.000000,0.699894,1.761817,0.028104,25.685378
0.000000,0.000000,14.246369,0.000000,0.000000,5.019325,4.501439,0.196865,27.854491
0.000000,0.000000,13.343107,0.000000,0.000000,3.449944,2.350579,0.024667,25.765739
0.000000,0.000000,12.465885,0.000000,0.000000,1.084817,2.057842,0.225049,25.202075
0.000000,0.000000,13.076930,0.000000,0.000000,1.403294,2.464987,0.025489,25.877103
0.000000,0.000000,13.116905,0.000000,0.000000,0.859217,2.518649,0.036480,25.217465
0.000000,0.000000,12.915642,0.000000,0.000000,1.316028,2.642015,0.385064,31.418543
0.000000,0.000000,13.067903,0.000000,0.000000,1.052075,2.309281,0.032442,28.267346
0.000000,0.000000,13.617401,0.000000,0.000000,1.391912,2.576550,0.181767,26.870357
0.000000,0.000000,12.665456,0.000000,0.000000,1.756988,3.455775,0.245698,25.243265
0.000000,0.000000,15.302586,0.000000,0.000000,1.281983,2.722588,0.047450,28.016183
0.000000,0.000000,12.906915,0.000000,0.000000,0.984365,1.947291,0.205952,26.153578
0.000000,0.000000,12.974123,0.000000,0.000000,4.042804,5.165624,0.036069,25.496425
0.000000,0.000000,12.977690,0.000000,0.000000,3.236637,2.666080,0.019698,25.894584
0.000000,0.000000,14.590263,0.000000,0.000000,4.225423,0.039666,0.024406,30.477474
0.000000,0.000000,12.935639,0.000000,0.000000,4.557875,5.330989,0.026921,27.083206
0.000000,0.000000,12.905712,0.000000,0.000000,3.286453,3.228733,0.220019,25.340797
0.000000,0.000000,13.904317,0.000000,0.000000,1.141275,3.115777,0.043673,32.113406
0.000000,0.000000,13.149418,0.000000,0.000000,1.059219,2.872554,0.020929,29.301306
0.000000,0.000000,12.984834,0.000000,0.000000,0.763685,1.995583,0.408328,27.299965
0.000000,0.000000,12.310980,0.000000,0.000000,4.673977,4.951536,0.023785,31.180118
0.000000,0.000000,12.382787,0.000000,0.000000,3.137810,2.445250,0.021431,28.452310
0.000000,0.000000,12.892849,0.000000,0.000000,3.955538,4.835966,0.042501,25.742485
0.000000,0.000000,13.034189,0.000000,0.000000,4.173704,3.208113,0.323617,25.864819
0.000000,0.000000,12.646369,0.000000,0.000000,1.172765,2.583934,0.029236,23.852083
0.000000,0.000000,12.712175,0.000000,0.000000,0.593852,2.006073,0.379242,31.487073
0.000000,0.000000,12.939098,0.000000,0.000000,18.956830,0.038353,0.001192,28.346339
0.000000,0.000000,13.352235,0.000000,0.000000,5.238512,5.557571,0.001012,31.625549
0.000000,0.000000,15.606432,0.000000,0.000000,2.969579,2.965031,0.001293,34.180921
0.000000,0.000000,13.960298,0.000000,0.000000,1.109254,3.111830,0.001493,28.183431
0.000000,0.000000,13.456605,0.000000,0.000000,1.353309,2.303721,0.002414,24.760587
0.000000,0.000000,13.363031,0.000000,0.000000,0.717187,2.548657,0.001212,41.445787
0.000000,0.000000,13.122568,0.000000,0.000000,1.190289,2.742447,0.002054,33.826483
0.000000,0.000000,12.954246,0.000000,0.000000,1.529666,2.640973,0.001403,27.955795
0.000000,0.000000,13.438180,0.000000,0.000000,1.400048,3.242770,0.001332,27.317295
0.000000,0.000000,13.219514,0.000000,0.000000,1.379269,2.942937,0.001613,26.007183
0.000000,0.000000,13.141144,0.000000,0.000000,1.134552,2.486870,0.001382,25.274286
0.000000,0.000000,13.144310,0.000000,0.000000,0.682320,2.908182,0.002024,26.213357
0.000000,0.000000,14.383562,0.000000,0.000000,0.771832,2.555410,0.002034,29.843525
0.000000,0.000000,15.423092,0.000000,0.000000,0.746783,2.557263,0.001553,31.528436
0.000000,0.000000,13.870714,0.000000,0.000000,0.487700,2.919614,0.002524,27.685231
0.000000,0.000000,15.061034,0.000000,0.000000,0.578382,2.739110,0.001653,29.212773
0.000000,0.000000,14.206143,0.000000,0.000000,6.321598,0.055246,0.001814,26.961452
0.000000,0.000000,13.496190,0.000000,0.000000,5.762953,0.022743,0.001493,26.528396
0.000000,0.000000,13.345490,0.000000,0.000000,5.802653,4.584957,0.000911,26.113087
0.000000,0.000000,14.122275,0.000000,0.000000,3.223293,2.893174,0.000901,27.828314
0.000000,0.000000,13.883800,0.000000,0.000000,1.274863,2.578675,0.001483,26.705409
0.000000,0.000000,14.063587,0.000000,0.000000,5.768681,5.315434,0.000972,31.044427
0.000000,0.000000,15.284699,0.000000,0.000000,4.215855,2.558777,0.001533,30.978332
0.000000,0.000000,13.581460,0.000000,0.000000,0.351029,2.242594,0.001332,33.774046
0.000000,0.000000,14.812360,0.000000,0.000000,0.462211,2.637066,0.001694,31.114299
0.000000,0.000000,14.414853,0.000000,0.000000,0.537134,2.061699,0.001803,29.479707
0.000000,0.000000,14.582673,0.000000,0.000000,6.397948,0.043032,0.001703,35.227338
0.000000,0.000000,13.536529,0.000000,0.000000,4.880822,0.038203,0.001343,29.894636
0.000000,0.000000,13.218062,0.000000,0.000000,5.507256,0.043683,0.001363,24.645191
0.000000,0.000000,13.553512,0.000000,0.000000,5.527996,5.502367,0.001373,25.921513
0.000000,0.000000,13.489230,0.000000,0.000000,3.698690,0.042862,0.001583,25.495733
0.000000,0.000000,13.322446,0.000000,0.000000,4.601440,0.039675,0.001613,28.901362
0.000000,0.000000,14.046099,0.000000,0.000000,5.147772,0.038574,0.001633,28.636181
0.000000,0.000000,14.020682,0.000000,0.000000,5.308177,0.040547,0.001453,29.089321
0.000000,0.000000,13.298095,0.000000,0.000000,5.297868,0.041630,0.000982,34.282048
0.000000,0.000000,13.050673,0.000000,0.000000,5.494857,0.058191,0.001132,26.587220
0.000000,0.000000,13.441169,0.000000,0.000000,4.969211,0.040848,0.001623,27.420092
0.000000,0.000000,13.404798,0.000000,0.000000,3.751689,0.040798,0.001423,28.182027
0.000000,0.000000,13.253361,0.000000,0.000000,4.396309,0.035477,0.001393,28.213434
0.000000,0.000000,13.925642,0.000000,0.000000,4.588094,0.037181,0.001824,29.012075
0.000000,0.000000,14.240197,0.000000,0.000000,4.945005,0.040397,0.001463,29.652987
0.000000,0.000000,13.816533,0.000000,0.000000,4.858450,0.042271,0.098395,28.025706
0.000000,0.000000,13.325999,0.000000,0.000000,5.162500,0.039656,0.001332,26.053185
0.000000,0.000000,12.751734,0.000000,0.000000,4.655774,0.027572,0.001222,26.593406
0.000000,0.000000,12.921567,0.000000,0.000000,4.563748,0.037291,0.002124,26.101641
0.000000,0.000000,13.335007,0.000000,0.000000,4.907513,0.037983,0.001403,28.096222
0.000000,0.000000,13.094448,0.000000,0.000000,4.522951,0.037792,0.001332,26.738036
0.000000,0.000000,12.887554,0.000000,0.000000,5.282700,0.039435,0.001233,26.885153
0.000000,0.000000,12.610575,0.000000,0.000000,6.215547,0.062279,0.001523,26.402073
0.000000,0.000000,13.283589,0.000000,0.000000,6.182645,0.035798,0.001182,27.220762
0.000000,0.000000,13.523086,0.000000,0.000000,3.565706,0.038783,0.001242,28.471407
0.000000,0.000000,13.869395,0.000000,0.000000,4.574251,0.039966,0.001924,27.714393
0.000000,0.000000,13.017811,0.000000,0.000000,5.128678,0.037741,0.001422,27.218620
0.000000,0.000000,13.134174,0.000000,0.000000,5.700440,0.041939,0.001392,28.817877
0.000000,0.000000,13.325729,0.000000,0.000000,3.250528,0.037350,0.001543,28.528337
0.000000,0.000000,12.585108,0.000000,0.000000,4.632725,0.047139,0.035387,24.936539
0.000000,0.000000,12.961629,0.000000,0.000000,3.214591,0.037310,0.052619,27.180286
0.000000,0.000000,13.573477,0.000000,0.000000,4.042169,0.037961,0.043592,27.986332
0.000000,0.000000,14.012187,0.000000,0.000000,4.938887,0.042821,0.040025,28.613593
0.000000,0.000000,13.475597,0.000000,0.000000,5.129266,0.044685,0.040006,26.071057
0.000000,0.000000,12.837983,0.000000,0.000000,5.676776,0.037932,0.042130,26.649816
0.000000,0.000000,12.181371,0.000000,0.000000,3.471655,0.034705,0.038632,24.329469
0.000000,0.000000,12.599367,0.000000,0.000000,3.851350,0.040696,0.052398,25.677997
0.000000,0.000000,14.458186,0.000000,0.000000,4.673818,0.042650,0.037110,28.552780
0.000000,0.000000,13.083069,0.000000,0.000000,5.059586,0.040206,0.097624,27.218742
0.000000,0.000000,13.532295,0.000000,0.000000,4.978913,0.039154,0.049753,28.231405
0.000000,0.000000,13.283226,0.000000,0.000000,4.876450,0.052970,0.041448,25.769390
0.000000,0.000000,13.267436,0.000000,0.000000,4.680190,0.037831,0.037110,26.537898
0.000000,0.000000,14.303747,0.000000,0.000000,3.621087,0.038472,0.038583,28.675821
0.000000,0.000000,14.541223,0.000000,0.000000,5.309566,0.040366,0.056817,29.074483
0.000000,0.000000,13.801281,0.000000,0.000000,3.546170,0.035657,0.039675,27.725833
0.000000,0.000000,12.405333,0.000000,0.000000,4.235347,0.036408,0.042821,26.299749
0.000000,0.000000,12.841053,0.000000,0.000000,3.229610,0.040176,0.046238,27.306524
0.000000,0.000000,12.743030,0.000000,0.000000,3.585510,0.039184,0.037121,25.830928
0.000000,0.000000,13.476500,0.000000,0.000000,5.066338,0.040636,0.041529,28.263577
0.000000,0.000000,13.179076,0.000000,0.000000,3.603905,0.039094,0.046057,25.945623
0.000000,0.000000,12.793892,0.000000,0.000000,5.402578,0.037912,0.044675,25.951977
0.000000,0.000000,12.614467,0.000000,0.000000,4.548139,0.040417,0.051028,24.601363
0.000000,0.000000,13.410416,0.000000,0.000000,4.192602,0.037782,0.042872,26.049930
0.000000,0.000000,12.569742,0.000000,0.000000,3.627955,0.046288,0.063942,26.525485
0.000000,0.000000,13.046301,0.000000,0.000000,3.715643,0.040056,0.074592,25.404757
0.000000,0.000000,12.689997,0.000000,0.000000,4.222232,0.048322,0.085473,27.352714
0.000000,0.000000,13.490443,0.000000,0.000000,4.828383,0.041850,0.087096,27.509665
0.000000,0.000000,12.347395,0.000000,0.000000,4.377654,0.048131,0.088168,26.391934
0.000000,0.000000,12.913273,0.000000,0.000000,8.131118,0.054854,0.094450,25.601868
0.000000,0.000000,12.765902,0.000000,0.000000,5.786369,0.049644,0.101032,25.422537
0.000000,0.000000,12.650719,0.000000,0.000000,13.350858,0.065606,0.090623,26.083847
0.000000,0.000000,14.458091,0.000000,0.000000,9.952304,0.054193,0.048733,32.217047
0.000000,0.000000,14.628793,0.000000,0.000000,8.556236,0.058652,0.075894,28.958079
0.000000,0.000000,15.930914,0.000000,0.000000,5.701258,0.076516,0.047881,35.689969
0.000000,0.000000,15.196889,0.000000,0.000000,5.699635,0.064152,0.041790,32.930788
0.000000,0.000000,25.228356,0.000000,0.000000,6.294338,0.051699,0.038003,57.340084
0.000000,0.000000,25.277231,0.000000,0.000000,4.478847,0.063081,0.087116,58.766425
0.000000,0.000000,16.657812,0.000000,0.000000,4.874020,0.050386,0.079021,39.467309
0.000000,0.000000,17.718984,0.000000,0.000000,5.743438,0.052149,0.088309,36.589127
0.000000,0.000000,17.827664,0.000000,0.000000,4.770334,0.045918,0.050426,38.603325
0.000000,0.000000,16.847993,0.000000,0.000000,7.804476,0.075103,0.074532,35.334343
0.000000,0.000000,15.990049,0.000000,0.000000,6.002211,0.069252,0.070495,32.962764
0.000000,0.000000,15.930006,0.000000,0.000000,5.017595,0.060916,0.071246,34.552142
0.000000,0.000000,15.207077,0.000000,0.000000,4.134020,0.043823,0.042040,32.531635
0.000000,0.000000,15.020465,0.000000,0.000000,7.468106,0.065204,0.047000,30.288895
0.000000,0.000000,18.241638,0.000000,0.000000,5.929465,0.087106,0.076456,41.906714
0.000000,0.000000,21.229795,0.000000,0.000000,5.841245,0.062729,0.056678,42.020830
0.000000,0.000000,16.029364,0.000000,0.000000,4.965076,0.048122,0.146880,32.580357
0.000000,0.000000,14.657209,0.000000,0.000000,4.839315,0.050577,0.064663,29.582058
0.000000,0.000000,20.609575,0.000000,0.000000,7.197700,0.045627,0.052380,40.263221
0.000000,0.000000,17.076011,0.000000,0.000000,5.278301,0.050406,0.079852,34.262120
0.000000,0.000000,15.215414,0.000000,0.000000,5.844401,0.050386,0.078169,31.487763
0.000000,0.000000,14.394679,0.000000,0.000000,5.164355,0.055035,0.046689,29.187588
0.000000,0.000000,15.703213,0.000000,0.000000,4.344431,0.057710,0.044305,31.384826
0.000000,0.000000,16.367891,0.000000,0.000000,6.339054,0.064683,0.036510,35.712616
0.000000,0.000000,15.302967,0.000000,0.000000,4.537279,0.053121,0.043994,31.375538
0.000000,0.000000,15.846787,0.000000,0.000000,3.552723,0.041569,0.042030,32.873704
0.000000,0.000000,15.995802,0.000000,0.000000,4.826370,0.045937,0.041389,32.040095
0.000000,0.000000,15.009803,0.000000,0.000000,5.970221,0.048473,0.347182,29.976453
0.000000,0.000000,16.011502,0.000000,0.000000,4.246075,0.391206,0.387166,33.291473
0.000000,0.000000,15.584508,0.000000,0.000000,4.153739,0.039575,0.343604,31.117769
0.000000,0.000000,14.617815,0.000000,0.000000,3.606264,0.037712,0.437572,28.137268
0.000000,0.000000,13.684657,0.000000,0.000000,4.081110,1.946060,0.048873,27.980849
0.000000,0.000000,13.311184,0.000000,0.000000,1.156455,1.215671,0.027673,28.500761
0.000000,0.000000,14.875948,0.000000,0.000000,1.450358,1.703660,0.030027,30.102524
0.000000,0.000000,13.509793,0.000000,0.000000,1.468723,1.780797,0.029145,26.540223
0.000000,0.000000,13.221744,0.000000,0.000000,1.003098,1.106975,0.029065,26.117116
0.000000,0.000000,11.868585,0.000000,0.000000,1.662352,2.276359,0.306954,20.781576
0.000000,0.000000,12.099025,0.000000,0.000000,0.927654,2.053586,0.493228,27.180008
0.000000,0.000000,13.480534,0.000000,0.000000,0.860897,2.000434,0.063010,25.769094
0.000000,0.000000,15.856467,0.000000,0.000000,0.912305,1.957552,0.356247,32.394444
0.000000,0.000000,13.441344,0.000000,0.000000,0.873201,2.206496,0.029977,28.342287
0.000000,0.000000,13.504771,0.000000,0.000000,1.121953,2.504592,0.043744,26.040850
0.000000,0.000000,14.661602,0.000000,0.000000,1.385856,2.100475,0.294119,28.710027
0.000000,0.000000,13.089352,0.000000,0.000000,1.932265,2.759057,0.030337,25.022364
0.000000,0.000000,12.714488,0.000000,0.000000,0.963432,2.466369,0.475114,25.055827
0.000000,0.000000,12.906694,0.000000,0.000000,1.465476,2.216596,0.033143,25.323457
0.000000,0.000000,13.296165,0.000000,0.000000,1.407276,2.458986,0.301323,26.197380
0.000000,0.000000,14.678084,0.000000,0.000000,1.535360,2.468504,0.027893,28.003504
0.000000,0.000000,13.501245,0.000000,0.000000,1.934529,2.499173,0.265625,29.126069
0.000000,0.000000,14.007619,0.000000,0.000000,1.403689,2.224510,0.029857,27.978387
0.000000,0.000000,12.456990,0.000000,0.000000,1.818168,2.284104,0.028654,25.807598
0.000000,0.000000,13.181749,0.000000,0.000000,1.443155,2.126394,0.029716,26.383754
0.000000,0.000000,13.367923,0.000000,0.000000,1.958929,2.467492,0.026370,27.274729
0.000000,0.000000,13.284433,0.000000,0.000000,1.352953,2.201867,0.291865,26.420434
0.000000,0.000000,14.057644,0.000000,0.000000,1.770377,2.286469,0.022944,27.987644
0.000000,0.000000,12.977000,0.000000,0.000000,1.681969,2.847465,0.219888,26.341556
0.000000,0.000000,13.180467,0.000000,0.000000,1.714791,2.835623,0.231019,26.665481
0.000000,0.000000,13.466010,0.000000,0.000000,1.596106,2.339299,0.028875,26.447437
0.000000,0.000000,12.370252,0.000000,0.000000,1.334468,1.625291,0.028054,25.440572
0.000000,0.000000,12.858014,0.000000,0.000000,1.586167,2.944089,0.029436,25.771671
0.000000,0.000000,12.557020,0.000000,0.000000,1.371027,2.352654,0.030147,26.109103
0.000000,0.000000,13.893893,0.000000,0.000000,1.899302,2.528519,0.293869,28.226468
0.000000,0.000000,12.106082,0.000000,0.000000,1.955129,2.544700,0.243604,25.568616
0.000000,0.000000,13.078773,0.000000,0.000000,1.683542,2.610575,0.025669,26.272294
0.000000,0.000000,12.542814,0.000000,0.000000,1.926274,2.379776,0.288028,24.986451
0.000000,0.000000,13.149197,0.000000,0.000000,1.707838,2.713941,0.037782,27.390231
0.000000,0.000000,13.059427,0.000000,0.000000,1.349857,2.217798,0.049123,26.167507
0.000000,0.000000,12.439318,0.000000,0.000000,1.602883,2.130251,0.228014,25.805098
0.000000,0.000000,12.833166,0.000000,0.000000,1.622145,2.173484,0.026159,26.937460
0.000000,0.000000,12.842794,0.000000,0.000000,1.231082,2.600266,0.024787,26.905409
0.000000,0.000000,12.703500,0.000000,0.000000,2.345912,3.435183,0.022322,25.794728
0.000000,0.000000,12.912148,0.000000,0.000000,1.681669,3.360683,0.026641,26.308516
0.000000,0.000000,13.952685,0.000000,0.000000,1.398701,2.751173,0.032812,26.815659
0.000000,0.000000,12.885272,0.000000,0.000000,1.663853,2.544810,0.322453,25.812835
0.000000,0.000000,13.438699,0.000000,0.000000,1.438686,2.774266,0.041769,26.566527
0.000000,0.000000,12.862865,0.000000,0.000000,1.207877,2.662634,0.031450,25.933282
0.000000,0.000000,17.081728,0.000000,0.000000,1.370427,2.475128,0.297546,33.506295
0.000000,0.000000,13.734742,0.000000,0.000000,1.374314,2.951173,0.030568,28.116154
0.000000,0.000000,13.382181,0.000000,0.000000,2.358706,4.284709,0.033243,27.606835
0.000000,0.000000,14.352437,0.000000,0.000000,2.098070,3.362706,0.038473,27.426131
0.000000,0.000000,12.732755,0.000000,0.000000,1.750489,3.109183,0.053772,26.375953
0.000000,0.000000,12.532195,0.000000,0.000000,1.346871,3.153237,0.324457,26.148653
0.000000,0.000000,13.203531,0.000000,0.000000,1.436953,2.955381,0.057970,26.620901
0.000000,0.000000,13.301248,0.000000,0.000000,1.469435,3.133129,0.033955,27.662612
0.000000,0.000000,14.086132,0.000000,0.000000,1.582340,3.505789,0.096193,30.602104
0.000000,0.000000,14.411228,0.000000,0.000000,1.577319,3.119106,0.249616,30.912833
0.000000,0.000000,13.325624,0.000000,0.000000,1.933096,3.188003,0.029997,27.526975
0.000000,0.000000,13.997292,0.000000,0.000000,2.000816,3.781111,0.039947,28.405956
0.000000,0.000000,13.616777,0.000000,0.000000,1.839689,2.911808,0.032412,27.206505
0.000000,0.000000,13.419984,0.000000,0.000000,1.845259,3.315126,0.325440,27.791447
0.000000,0.000000,14.328091,0.000000,0.000000,1.513524,3.329143,0.031260,28.880429
0.000000,0.000000,13.253524,0.000000,0.000000,1.597354,2.986692,0.317705,27.343085
0.000000,0.000000,13.890099,0.000000,0.000000,1.485851,2.757605,0.068070,28.557055
0.000000,0.000000,14.312873,0.000000,0.000000,1.501441,2.733329,0.027202,30.820425
0.000000,0.000000,14.831783,0.000000,0.000000,1.405699,3.293355,0.028604,30.004698
0.000000,0.000000,13.565881,0.000000,0.000000,1.799779,2.872284,0.258864,28.588845
0.000000,0.000000,13.232786,0.000000,0.000000,1.336977,2.720274,0.320731,28.644553
0.000000,0.000000,13.792182,0.000000,0.000000,1.977779,3.526250,0.040758,28.271937
0.000000,0.000000,14.235937,0.000000,0.000000,1.775233,2.789265,0.033233,28.288655
0.000000,0.000000,14.428263,0.000000,0.000000,1.519435,2.603080,0.072308,28.844825
0.000000,0.000000,13.518691,0.000000,0.000000,1.412562,2.554558,0.030248,27.638135
0.000000,0.000000,15.006526,0.000000,0.000000,1.654292,2.948018,0.044053,28.641118
0.000000,0.000000,13.115072,0.000000,0.000000,1.981716,3.652460,0.252378,27.071417
0.000000,0.000000,13.513702,0.000000,0.000000,1.510048,3.433784,0.054222,29.586920
0.000000,0.000000,13.587151,0.000000,0.000000,2.169294,4.529181,0.045396,27.659829
0.000000,0.000000,13.266842,0.000000,0.000000,1.564191,2.889255,0.028995,27.188580
0.000000,0.000000,13.755191,0.000000,0.000000,1.219424,3.815291,0.027041,26.846037
0.000000,0.000000,15.518442,0.000000,0.000000,1.569509,3.016736,0.263318,29.762826
0.000000,0.000000,13.285055,0.000000,0.000000,1.917255,4.403759,0.026280,28.393576
0.000000,0.000000,13.466602,0.000000,0.000000,1.570210,3.090956,0.026561,28.209285
0.000000,0.000000,14.177388,0.000000,0.000000,1.888776,2.848337,0.816334,31.604821
0.000000,0.000000,14.405291,0.000000,0.000000,1.596539,2.743259,0.051778,28.889562
0.000000,0.000000,13.269196,0.000000,0.000000,1.534312,2.424916,0.030828,28.497892
0.000000,0.000000,16.410227,0.000000,0.000000,2.300410,2.962052,0.053831,30.611917
0.000000,0.000000,15.070102,0.000000,0.000000,1.834150,2.701159,0.269650,31.168779
0.000000,0.000000,13.252915,0.000000,0.000000,2.733520,4.486072,0.041478,28.269665
0.000000,0.000000,13.952404,0.000000,0.000000,1.926494,2.935833,0.314735,29.711263
0.000000,0.000000,13.426563,0.000000,0.000000,1.458258,2.633741,0.026940,28.546222
0.000000,0.000000,13.515593,0.000000,0.000000,1.157430,3.114411,0.241667,27.805089
0.000000,0.000000,13.433507,0.000000,0.000000,1.367607,3.506773,0.063701,28.411155
0.000000,0.000000,13.536613,0.000000,0.000000,1.564589,2.664429,0.323743,27.331411
0.000000,0.000000,16.141910,0.000000,0.000000,1.419204,4.975431,0.069301,36.611204
0.000000,0.000000,13.360638,0.000000,0.000000,1.713402,3.302898,0.055776,30.189208
0.000000,0.000000,13.377432,0.000000,0.000000,1.337280,2.458861,0.235408,26.942897
0.000000,0.000000,15.130597,0.000000,0.000000,1.657394,3.123858,0.257360,28.946627
0.000000,0.000000,14.348597,0.000000,0.000000,1.570791,3.842698,0.030989,29.169730
0.000000,0.000000,14.261523,0.000000,0.000000,1.886428,3.134599,0.218476,28.324391
0.000000,0.000000,15.279559,0.000000,0.000000,1.708855,4.215566,0.042992,32.805167
0.000000,0.000000,14.318932,0.000000,0.000000,1.317058,2.627965,0.289171,29.609503
0.000000,0.000000,13.615903,0.000000,0.000000,1.610657,2.783441,0.066898,27.256362
0.000000,0.000000,14.041428,0.000000,0.000000,2.016571,3.212358,0.031670,29.235947
0.000000,0.000000,16.650423,0.000000,0.000000,1.551125,3.067893,0.288089,32.712691
0.000000,0.000000,13.920279,0.000000,0.000000,2.017733,3.988878,0.025559,29.331948
0.000000,0.000000,14.457060,0.000000,0.000000,1.563728,3.384747,0.025078,29.738904
0.000000,0.000000,13.143214,0.000000,0.000000,2.722967,5.337065,0.277408,26.860393
0.000000,0.000000,14.142247,0.000000,0.000000,1.892004,3.134470,0.041048,28.832046
0.000000,0.000000,15.252753,0.000000,0.000000,1.165690,2.577723,0.301854,30.840165
0.000000,0.000000,13.914204,0.000000,0.000000,1.872847,2.905975,0.024627,28.331633
0.000000,0.000000,14.049671,0.000000,0.000000,2.164863,2.959016,0.026220,29.931151
0.000000,0.000000,13.396477,0.000000,0.000000,1.400919,3.600227,0.055245,28.876313
0.000000,0.000000,17.604222,0.000000,0.000000,1.755243,3.068304,0.022673,36.616325
0.000000,0.000000,13.299793,0.000000,0.000000,1.070680,2.090552,0.032131,32.584827
0.000000,0.000000,13.813118,0.000000,0.000000,1.470641,2.803821,0.318176,27.620069
0.000000,0.000000,14.035574,0.000000,0.000000,1.628913,4.214779,0.352000,28.141423
0.000000,0.000000,13.849790,0.000000,0.000000,1.318882,4.532784,0.070535,28.536896
0.000000,0.000000,13.200514,0.000000,0.000000,1.119422,2.535940,0.340408,28.116816
0.000000,0.000000,12.926433,0.000000,0.000000,0.813049,3.003160,0.376307,27.636783
0.000000,0.000000,13.125231,0.000000,0.000000,0.867202,2.795765,0.430200,26.725397
0.000000,0.000000,13.221004,0.000000,0.000000,1.411168,3.030061,0.031300,27.129577
0.000000,0.000000,13.983225,0.000000,0.000000,1.442197,3.299925,0.595444,29.116983
0.000000,0.000000,14.554167,0.000000,0.000000,0.427735,2.167409,0.024928,30.479342
0.000000,0.000000,14.168899,0.000000,0.000000,1.280580,2.519329,0.024587,28.829084
0.000000,0.000000,13.273354,0.000000,0.000000,1.161132,1.729024,0.271458,27.115230
0.000000,0.000000,13.495637,0.000000,0.000000,1.970544,2.848215,0.794343,27.821479
0.000000,0.000000,15.071459,0.000000,0.000000,0.823789,4.126938,0.040497,30.056953
0.000000,0.000000,14.215289,0.000000,0.000000,1.156032,2.607928,0.019948,29.876381
0.000000,0.000000,13.323169,0.000000,0.000000,0.830912,3.111267,0.222143,26.319455
0.000000,0.000000,16.042618,0.000000,0.000000,0.584403,2.349496,0.256178,30.963192
0.000000,0.000000,14.179800,0.000000,0.000000,0.903331,1.866947,0.027152,31.321180
0.000000,0.000000,16.467188,0.000000,0.000000,1.831989,3.192341,0.277478,30.836861
0.000000,0.000000,14.059040,0.000000,0.000000,0.799914,3.171411,0.099840,30.341413
0.000000,0.000000,13.607170,0.000000,0.000000,0.762813,3.002109,0.255547,27.327315
0.000000,0.000000,13.129731,0.000000,0.000000,0.787400,2.436762,0.058391,27.774286
0.000000,0.000000,12.427673,0.000000,0.000000,1.625726,2.569464,0.246269,25.502760
0.000000,0.000000,14.239685,0.000000,0.000000,0.827827,2.600004,0.335669,28.041467
0.000000,0.000000,13.717091,0.000000,0.000000,1.856376,4.043553,0.330539,29.862687
0.000000,0.000000,12.851962,0.000000,0.000000,1.088053,3.067664,0.021701,25.876211
0.000000,0.000000,13.270339,0.000000,0.000000,1.310967,3.462746,0.286386,27.321265
0.000000,0.000000,13.565231,0.000000,0.000000,0.962404,3.271231,0.090673,27.016876
0.000000,0.000000,12.736382,0.000000,0.000000,1.192262,2.697669,0.367991,26.579643
0.000000,0.000000,13.236575,0.000000,0.000000,1.177884,2.232193,0.435380,26.163770
0.000000,0.000000,14.065213,0.000000,0.000000,0.891779,3.078685,0.136170,31.577111
0.000000,0.000000,13.072903,0.000000,0.000000,0.844449,3.401871,0.248764,26.986547
0.000000,0.000000,15.213361,0.000000,0.000000,1.836250,5.099775,0.720934,31.585049
0.000000,0.000000,14.092846,0.000000,0.000000,1.113651,3.291850,0.103667,28.328776
0.000000,0.000000,13.477384,0.000000,0.000000,1.405427,1.991604,0.020479,27.394867
0.000000,0.000000,13.301670,0.000000,0.000000,1.547021,5.214873,0.001303,27.147154
0.000000,0.000000,14.159583,0.000000,0.000000,0.652373,4.028184,0.001302,28.422374
0.000000,0.000000,14.204168,0.000000,0.000000,1.936880,5.170990,0.001383,28.180072
0.000000,0.000000,15.735174,0.000000,0.000000,0.948203,5.165692,0.001964,33.563164
0.000000,0.000000,13.885051,0.000000,0.000000,0.881336,2.329038,0.001412,29.492993
0.000000,0.000000,13.866786,0.000000,0.000000,4.722790,6.204747,0.001954,29.103472
0.000000,0.000000,16.675282,0.000000,0.000000,2.934780,3.017438,0.001713,35.029813
0.000000,0.000000,14.731855,0.000000,0.000000,4.298704,0.024096,0.001382,29.894723
0.000000,0.000000,15.043538,0.000000,0.000000,13.047919,0.022664,0.002505,34.097295
0.000000,0.000000,14.320811,0.000000,0.000000,8.635971,0.001874,0.002435,31.007278
0.000000,0.000000,13.956246,0.000000,0.000000,8.957752,0.002104,0.001994,27.174202
0.000000,0.000000,13.093416,0.000000,0.000000,20.022593,0.027442,0.001112,34.221202
0.000000,0.000000,13.696142,0.000000,0.000000,6.393828,6.954815,0.001133,29.550988
0.000000,0.000000,14.073189,0.000000,0.000000,3.346654,0.020950,0.001132,28.742512
0.000000,0.000000,13.314897,0.000000,0.000000,14.479893,0.002064,0.001262,35.113235
0.000000,0.000000,13.124415,0.000000,0.000000,7.200792,0.002304,0.001824,31.328729
0.000000,0.000000,12.995620,0.000000,0.000000,5.911260,0.020428,0.001172,31.907781
0.000000,0.000000,14.383389,0.000000,0.000000,14.009698,0.023214,0.001052,44.719726
0.000000,0.000000,14.957511,0.000000,0.000000,6.150816,0.001793,0.001302,39.034352
0.000000,0.000000,13.201583,0.000000,0.000000,7.185212,0.019577,0.001403,26.109506
0.000000,0.000000,13.252651,0.000000,0.000000,9.653106,0.025358,0.001253,37.177553
0.000000,0.000000,12.865283,0.000000,0.000000,7.573501,0.020449,0.001794,29.165708
0.000000,0.000000,13.656637,0.000000,0.000000,5.455915,0.001563,0.001272,28.592357
0.000000,0.000000,12.484989,0.000000,0.000000,5.882004,0.021190,0.001202,35.710343
0.000000,0.000000,12.790651,0.000000,0.000000,8.280906,0.001714,0.001403,27.635579
0.000000,0.000000,12.663590,0.000000,0.000000,11.987384,0.020870,0.001262,29.426845
0.000000,0.000000,13.317292,0.000000,0.000000,5.520397,0.025518,0.001202,32.842150
0.000000,0.000000,12.196181,0.000000,0.000000,8.236743,0.004067,0.002395,28.535210
0.000000,0.000000,12.817202,0.000000,0.000000,6.592747,0.001693,0.001343,27.656990
0.000000,0.000000,12.578518,0.000000,0.000000,9.501298,0.005019,0.001463,27.192267
0.000000,0.000000,14.080644,0.000000,0.000000,4.945535,0.038333,0.002275,31.996973
0.000000,0.000000,13.489831,0.000000,0.000000,6.529687,0.021932,0.002074,34.318828
0.000000,0.000000,13.544425,0.000000,0.000000,6.167989,0.025358,0.003166,27.669124
0.000000,0.000000,12.146186,0.000000,0.000000,9.380617,0.022553,0.001272,28.930552
0.000000,0.000000,12.258250,0.000000,0.000000,5.482044,0.022282,0.001142,28.381499
0.000000,0.000000,12.320118,0.000000,0.000000,12.944005,0.021040,0.001232,31.247370
0.000000,0.000000,12.636359,0.000000,0.000000,6.814769,0.045887,0.001122,26.519038
0.000000,0.000000,13.150708,0.000000,0.000000,6.401474,0.057579,0.042260,29.231425
0.000000,0.000000,13.001032,0.000000,0.000000,7.023445,0.001904,0.027443,28.121536
0.000000,0.000000,13.795975,0.000000,0.000000,4.862747,0.020329,0.034987,32.202325
0.000000,0.000000,12.567778,0.000000,0.000000,5.558671,0.006061,0.037181,27.657742
0.000000,0.000000,13.111443,0.000000,0.000000,5.595941,0.036660,0.031840,35.783436
0.000000,0.000000,12.819839,0.000000,0.000000,13.190171,0.003817,0.037361,29.575521
0.000000,0.000000,12.184139,0.000000,0.000000,4.910662,0.036901,0.033714,28.209053
0.000000,0.000000,12.496234,0.000000,0.000000,9.621043,0.022122,0.037672,28.730785
0.000000,0.000000,12.968501,0.000000,0.000000,6.046596,0.040778,0.049094,26.784142
0.000000,0.000000,12.890954,0.000000,0.000000,5.145349,0.038804,0.428145,27.259257
0.000000,0.000000,12.092836,0.000000,0.000000,5.249098,0.043343,0.036620,26.655699
0.000000,0.000000,13.038161,0.000000,0.000000,7.733219,0.037732,0.035738,35.439194
0.000000,0.000000,13.256266,0.000000,0.000000,5.615936,0.038063,0.033013,28.003783
0.000000,0.000000,12.709305,0.000000,0.000000,13.307765,0.024576,0.033725,31.060333
0.000000,0.000000,13.858052,0.000000,0.000000,5.433979,0.055055,0.044726,29.189572
0.000000,0.000000,13.766479,0.000000,0.000000,6.148920,0.037411,0.035819,28.986196
0.000000,0.000000,12.887845,0.000000,0.000000,6.901676,0.022373,0.043493,27.198160
0.000000,0.000000,12.593675,0.000000,0.000000,5.495988,0.046889,0.033985,29.114579
0.000000,0.000000,13.028553,0.000000,0.000000,7.510274,0.005350,0.034656,27.421735
0.000000,0.000000,12.812873,0.000000,0.000000,7.119920,0.025829,0.027322,35.148331
0.000000,0.000000,13.870949,0.000000,0.000000,5.615055,0.038052,0.031380,29.590966
0.000000,0.000000,13.676287,0.000000,0.000000,6.202884,0.039736,0.000000,29.612337
0.000000,0.000000,13.080893,0.000000,0.000000,5.003119,0.043153,0.000000,29.296427
0.000000,0.000000,13.730851,0.000000,0.000000,5.086067,0.038163,0.000000,29.378725
0.000000,0.000000,13.673593,0.000000,0.000000,5.412348,0.035618,0.000000,31.403029
0.000000,0.000000,13.355036,0.000000,0.000000,8.063328,0.051037,0.000000,30.088065
0.000000,0.000000,12.795005,0.000000,0.000000,0.000000,0.000000,0.000000,27.696150
0.000000,0.000000,13.697538,0.000000,0.000000,0.000000,0.000000,0.000000,29.144608
0.000000,0.000000,13.508097,0.000000,0.000000,0.000000,0.000000,0.000000,27.959069
0.000000,0.000000,13.571928,0.000000,0.000000,0.000000,0.000000,0.000000,28.049793
0.000000,0.000000,13.229988,0.000000,0.000000,0.000000,0.000000,0.000000,28.024995
0.000000,0.000000,13.339236,0.000000,0.000000,0.000000,0.000000,0.000000,30.353221
