1697610541.400664 12119126.806542795 4048169.821069056 408.9621887207031 0.5792970468773883 -0.42177070459097754 -0.5228860619181663 -0.4616433368734775
1697610541.401664 12119126.80776731 4048169.82053104 408.9693908691406 0.5548947862070379 -0.4484917519029389 -0.501409994432939 -0.48942307076601776
1697610541.470664 12119126.813667243 4048169.829677325 408.9602966308594 0.5586654447839762 -0.4445359274939693 -0.49361463957612617 -0.49661385156631466
1697610541.565664 12119126.81867662 4048169.830618855 408.97021484375 0.5478289526346126 -0.45408506272229193 -0.48461682419179974 -0.5087599907402408
1697610541.675664 12119126.8185653 4048169.8318293924 408.968994140625 0.5472401029909101 -0.4518270342465607 -0.46949805041677445 -0.5253115089709184
1697610541.769664 12119126.81867662 4048169.839227122 408.9642944335938 0.5289801073280633 -0.46999488104972453 -0.4620543163825397 -0.5345939267804205
1697610541.879664 12119126.82090301 4048169.844876299 408.9736938476563 0.5168741713612883 -0.4774966387872695 -0.4431426039149176 -0.5553941695066197
1697610541.991664 12119126.822572801 4048169.840034147 408.9718017578125 0.51686102691642 -0.47345037159703696 -0.43961139486463685 -0.5616415636281735
1697610542.084664 12119126.822795441 4048169.846086836 408.9760131835938 0.5016655600568769 -0.48626706719860724 -0.4281576564659684 -0.573198941398582
1697610542.194664 12119126.824131276 4048169.8486424154 408.9735107421875 0.48718181235297175 -0.4937547695192575 -0.41231926973663163 -0.5906377308412574
1697610542.289664 12119126.830699127 4048169.8470283663 408.9739074707031 0.47062767704427005 -0.5046114641510885 -0.3959277080867785 -0.6059027230639913
1697610542.398664 12119126.828361416 4048169.841244686 408.981689453125 0.46490091199773315 -0.5035223468756056 -0.3880193602546425 -0.6162575470435525
1697610542.493664 12119126.830365166 4048169.8435312575 408.9786987304688 0.45426052185402993 -0.5087095082126771 -0.38122598919776374 -0.6241223916020856
1697610542.603664 12119126.832702877 4048169.8479698957 408.9749145507813 0.43601323234099965 -0.5155731824612269 -0.36036512087235617 -0.643594386558031
1697610542.7126641 12119126.828918014 4048169.8479698957 408.9728088378906 0.4190529736905593 -0.5257023315740015 -0.3483969810201481 -0.6531854311256525
1697610542.822664 12119126.830699127 4048169.838958114 408.96630859375 0.4059307646545342 -0.526807783824837 -0.33450277293475317 -0.667683808480863
1697610542.932664 12119126.83403871 4048169.8646484157 408.9920043945313 0.3952738202248687 -0.5298726129124725 -0.3269684240989836 -0.675340855251905
1697610543.010664 12119126.842498992 4048169.867607507 408.9894104003906 0.37820393138143876 -0.5338060738280864 -0.31081252980036134 -0.6894986824867521
1697610543.1206641 12119126.843166908 4048169.8661279622 408.9948120117188 0.3591338572362874 -0.5412990396054539 -0.2973927506276997 -0.6996969159449612
1697610543.230664 12119126.848510243 4048169.869221557 409.0195007324219 0.34686301596432584 -0.5410350616696549 -0.2853258697687941 -0.7110247943925204
1697610543.324664 12119126.86476289 4048169.8770228005 409.0374145507813 0.32683274078482477 -0.5494349924772626 -0.2724335317590977 -0.7190838055232887
1697610543.435664 12119126.861979902 4048169.877695322 409.0292053222656 0.284077716450217 -0.5659816397884477 -0.23122843692927172 -0.738578394210158
1697610543.545664 12119126.855189413 4048169.881999456 409.0228881835938 0.23356546618192522 -0.5922805968164333 -0.1885041637796292 -0.7477412974282833
1697610543.655664 12119126.848732883 4048169.8822684647 409.0143127441406 0.22303347181124158 -0.5803321535843506 -0.17723847811855348 -0.7629267224591052
1697610543.749664 12119126.851738509 4048169.877291808 409.0126953125 0.19938135059815704 -0.5930615701413241 -0.16127358699531544 -0.7632272801681202
1697610543.859664 12119126.853853578 4048169.883613506 409.0065002441406 0.18194171905358353 -0.5891235080408777 -0.14722781603147758 -0.7734045987243923
1697610543.953664 12119126.844280103 4048169.893028801 409.0101928710938 0.16499888080430644 -0.5883428919266165 -0.13545545754418342 -0.7799229640639181
1697610544.0646641 12119126.849623438 4048169.892087271 409.0140991210938 0.14206853845447961 -0.593573696399146 -0.11688156912608724 -0.7834701628799186
1697610544.159664 12119126.861423304 4048169.883613506 409.0141906738281 0.12226869330220638 -0.5938308331667352 -0.10267988452288027 -0.7885887074597507
1697610544.253664 12119126.852629064 4048169.8891281774 409.0105895996094 0.11488413590646455 -0.5898610013158665 -0.10109545612993145 -0.7928715805182761
1697610544.362664 12119126.842387673 4048169.899485002 409.0075073242188 0.09107721195118187 -0.5882335272150746 -0.08380882241911698 -0.7991635253238429
1697610544.472664 12119126.843500867 4048169.891414748 408.998291015625 0.07006353414307208 -0.590525050755934 -0.06927964823043749 -0.8009816452042776
1697610544.582664 12119126.855189413 4048169.882806481 408.9945068359375 0.06516624669596628 -0.5855487850201869 -0.0717104844146056 -0.8048251903848227
1697610544.707664 12119126.848621562 4048169.8863035897 408.9845886230469 0.048473758741446986 -0.5839322406015146 -0.06204423391143384 -0.8079752138140835
1697610544.786664 12119126.848287605 4048169.884689539 408.9693908691406 0.021225645574570844 -0.5818026992412216 -0.042560131135994696 -0.8119382528020577
1697610544.8966641 12119126.846729133 4048169.889397187 408.9588012695313 0.0014643132450222057 -0.5794843543107577 -0.029066661366751338 -0.814463546202502
1697610545.006664 12119126.858306358 4048169.8791748676 408.9605102539063 -0.010414079395410579 -0.577473832667147 -0.024145499895051797 -0.8159856091683725
1697610545.086664 12119126.8494008 4048169.8791748676 408.9755859375 -0.03530461615542027 -0.5777183452486946 -0.006410878033836449 -0.8154471155654818
1697610545.196664 12119126.852629064 4048169.8754087505 408.9621887207031 -0.04671823697840867 -0.5700391300529208 -0.00538535459942123 -0.8202705617648223
1697610545.290664 12119126.845059339 4048169.8743327176 408.9501953125 -0.060262992565412926 -0.571771290154658 0.0014511941730275396 -0.8181954885706784
1697610545.401664 12119126.837823572 4048169.8763502794 408.9509887695313 -0.08132302672862443 -0.5632873761368276 0.010259396365200263 -0.8221852844674401
1697610545.511664 12119126.839048086 4048169.8735256926 408.9332885742188 -0.10080907453771862 -0.5621246720659135 0.021120919035614083 -0.8206139715632003
1697610545.605664 12119126.835708503 4048169.866934986 408.9278869628906 -0.11538453200866071 -0.5554608030891222 0.025883500185028177 -0.8230915808237267
1697610545.715664 12119126.847619688 4048169.8736601956 408.9490051269531 -0.1341206376318245 -0.5576042708468646 0.039266066843033076 -0.8182587046217399
1697610545.809664 12119126.846729133 4048169.8786368505 408.9504089355469 -0.1550073304774848 -0.5486108476270385 0.04668107123282399 -0.8202559008948014
1697610545.9196641 12119126.848510243 4048169.8775608176 408.9771118164063 -0.16872506638919163 -0.5482505898219175 0.05422811056426269 -0.8173202889666404
1697610546.014664 12119126.849178161 4048169.8837480084 408.9796142578125 -0.18753434395529928 -0.546303531543363 0.06445782203494925 -0.8137742380040153
1697610546.124664 12119126.856525246 4048169.880923423 408.98388671875 -0.20065732883423826 -0.5418905589100371 0.0659042733207909 -0.8134788782183189
1697610546.233664 12119126.857749762 4048169.88724512 408.9789123535156 -0.2117548603323639 -0.5378725272936371 0.0634047515950192 -0.8135311063404709
1697610546.343664 12119126.857304482 4048169.8775608176 408.9638977050781 -0.28016234984128585 -0.527261462291095 0.14406602286990566 -0.7891447200409524
1697610546.440664 12119126.850736633 4048169.8837480084 408.9815063476563 -0.30050215226187266 -0.5189544877501759 0.15440470535205877 -0.7852030839821496
1697610546.548664 12119126.855300732 4048169.8898006976 408.9769897460938 -0.3175847310830716 -0.5146696101000147 0.163494170232103 -0.7794387643186012
1697610546.659664 12119126.856302608 4048169.875946768 408.9526062011719 -0.3349069290551528 -0.5104377848550397 0.17310768700113102 -0.7728676117966425
1697610546.753664 12119126.849289479 4048169.881730448 408.9075012207031 -0.3465721498082761 -0.5070362511189567 0.17608526289398632 -0.7692827602514304
1697610546.848664 12119126.84706309 4048169.8751397426 408.9117126464844 -0.35796351572016316 -0.5038725204388665 0.1780585137400973 -0.7656825518741511
1697610546.941664 12119126.849512119 4048169.8746017255 408.9146118164063 -0.37545727492614145 -0.4985654321322274 0.18685937795141855 -0.7586487444525631
1697610547.052664 12119126.844502741 4048169.8705666 408.9027099609375 -0.38960143958410726 -0.49300645775210006 0.18623073794988446 -0.755296937059432
1697610547.193664 12119126.86031011 4048169.890607723 408.9218139648438 -0.39980218309830745 -0.4921994046779516 0.18860754829602316 -0.7498834263739004
1697610547.256664 12119126.854410177 4048169.881999456 408.9244995117188 -0.4201532023345068 -0.4837997230799134 0.19537949365774188 -0.7424526705278273
1697610547.366664 12119126.859196914 4048169.879443876 408.9399108886719 -0.4297741940251035 -0.4863416097498619 0.2025100659697347 -0.7333182487548768
1697610547.460664 12119126.862870459 4048169.8824029677 408.9522094726563 -0.43706488336845156 -0.48114951700139785 0.1910637421308383 -0.7355026012587609
1697610547.570664 12119126.866432682 4048169.8770228005 408.9714965820313 -0.44921922660724256 -0.48209812065161395 0.19716723145126147 -0.7258846818554702
1697610547.695664 12119126.874225046 4048169.888590161 408.9989929199219 -0.4818842559178738 -0.45068324896395423 0.17333683243369413 -0.731181588610945
1697610547.774664 12119126.87077414 4048169.889397187 409.019287109375 -0.49594205899296434 -0.4426401688733267 0.1521564772555082 -0.7314092981708707
1697610547.885664 12119126.878789144 4048169.888455656 409.0205078125 -0.5093391101042855 -0.45351458274986656 0.19868950378419087 -0.7038612613558022
1697610547.979664 12119126.898381375 4048169.890607723 409.0224914550781 -0.5306659582880628 -0.4442372202536254 0.16970004503922523 -0.7016044666115152
1697610548.090664 12119126.909847284 4048169.888590161 409.0006103515625 -0.5576397239408097 -0.44202369781749756 0.19680496875920536 -0.6744781635625066
1697610548.200664 12119126.926322568 4048169.8898006976 409.0220947265625 -0.5812845228503208 -0.43826672322041527 0.20329370616181094 -0.6547535810114442
1697610548.293664 12119126.940237505 4048169.8857655735 408.9800109863281 -0.6205626435684111 -0.42558521398448335 0.23536549059666137 -0.6151278866068091
1697610548.388664 12119126.958159942 4048169.888590161 408.9508056640625 -0.6612348282806145 -0.41483229008673195 0.21292878747987543 -0.5876597692818981
1697610548.499664 12119126.983318146 4048169.881730448 408.9502868652344 -0.7023596244754967 -0.40578857328578055 0.2326794900782328 -0.5365508797814642
1697610548.592664 12119126.995006694 4048169.8837480084 408.9114990234375 -0.7608625046501123 -0.36532068471963974 0.2745350076964648 -0.4607163724924843
1697610548.7026641 12119127.024951637 4048169.879847388 408.9103088378906 -0.8122843924397092 -0.33976560696267893 0.2779478310860103 -0.3840552060820393
1697610548.797664 12119127.065360611 4048169.8779643294 408.9101867675781 -0.8687202569050879 -0.3070669313833735 0.2707770758550896 -0.278773725600035
1697610548.891664 12119127.09641875 4048169.877291808 408.8573913574219 -0.9121523526708596 -0.3136494366772327 0.2109499378449805 -0.15843686475145047
1697610549.001664 12119127.162319887 4048169.889531689 408.8638916015625 -0.9228382809860539 -0.36540491598105346 0.11667952303225873 -0.035137493202403086
1697610549.111664 12119127.218870189 4048169.88186495 408.8710021972656 -0.8782791776601799 -0.4153806602642059 -0.2066854597743428 0.1156101807147574
1697610549.206664 12119127.304586198 4048169.897601942 408.8901062011719 -0.8089465258363183 -0.5345680555231878 -0.10342102061907774 0.2216903354808616
1697610549.315664 12119127.437946947 4048169.8974674386 408.9238891601563 -0.6658798322849382 -0.5075487800661258 0.05009492968899165 0.5445078354156395
1697610549.410664 12119127.593682915 4048169.9055376896 408.9266052246094 -0.3665606359708304 -0.5730883550421877 0.20255379326216724 0.7043969039588454
1697610549.504664 12119127.747415133 4048169.9068827312 408.9027099609375 -0.0002625870437411859 -0.4373790090619395 0.4112389803446734 0.7997387289140834
1697610549.614664 12119128.143935159 4048169.956649284 408.960205078125 0.37771562389848706 -0.19533806844482923 0.577781418064089 0.6966653281304234
1697610549.724664 12119128.376815531 4048169.991889383 408.9725036621094 0.6917250813062492 0.17456983970686502 0.521570563937273 0.4679806938226592
1697610549.849664 12119128.59800736 4048170.0171761713 408.99951171875 0.6563774998007518 0.5055856657199966 0.39484499835980447 -0.3970505504895163
1697610549.9426641 12119128.823095372 4048170.057796436 409.0075073242188 0.4131983267851843 0.5816043904327964 -0.004180981735731837 -0.7007039283199037
1697610550.036664 12119129.069222765 4048170.0795861175 409.0505981445313 -0.19153300257583492 0.5661035678335401 -0.35735432716484694 -0.7177323625607119
1697610550.150664 12119129.34162156 4048170.127873124 409.0539855957031 -0.592757011302807 0.4335683483187406 -0.5763893261370914 -0.35837544224284223
1697610550.256664 12119129.620588204 4048170.1645927704 409.0380859375 -0.7386709800331163 0.015782048411602412 -0.6651000651885036 -0.1084343741213914
1697610550.366664 12119129.937737431 4048170.242605203 409.0968933105469 -0.4706643595781493 -0.30634978002295543 -0.749506270126915 0.35052136018111296
1697610550.460664 12119130.2162588 4048170.2775762947 409.1046142578125 -0.3332149184217716 -0.6345224593951049 -0.4328044098419015 0.5468358158403334
1697610550.5546641 12119130.543538101 4048170.3171205292 409.1250915527344 0.3602690433042846 -0.8987883642097063 -0.044929787399249174 0.2456969820777496
1697610550.665664 12119130.874602266 4048170.3589513344 409.0943908691406 0.5501404177023064 -0.7932297908429735 0.1209526231395705 0.23130603685421042
1697610550.774664 12119131.21958137 4048170.4079108643 409.1011962890625 0.4947794495897895 -0.3489121944623715 0.7956883343790984 -0.018266125809634548
1697610550.884664 12119131.568901932 4048170.4676307277 409.1004943847656 0.24047801518380355 -0.3055499063927329 0.8104501880781059 -0.43815530529803415
1697610550.978664 12119131.949725911 4048170.5420115497 409.1192932128906 -0.3947705729305874 0.6126950847114662 -0.6730270096286318 0.12568043693752293
1697610551.088664 12119132.337006418 4048170.5944681903 409.122802734375 -0.4452954678792944 0.41802425412478794 -0.6797306577021994 0.4061205513505939
1697610551.198664 12119132.760020483 4048170.66454488 409.1370849609375 -0.06174804173029507 0.17289815879810225 -0.9076771208802566 0.3773799812618945
1697610551.292664 12119133.167449819 4048170.7464579395 409.1813049316406 -0.053463265840935865 -0.17915432967076977 -0.9310756473096877 0.3132787007644865
1697610551.402664 12119133.580556449 4048170.8247393863 409.2232971191406 -0.07685555327269976 -0.2734380770809349 -0.7449315117884333 0.6036570919636637
1697610551.497664 12119134.031400388 4048170.886073303 409.268310546875 0.12699091476847418 -0.4427579324377741 -0.8220616590253086 0.33474370731987013
1697610551.607664 12119134.471891612 4048170.9784776927 409.2959899902344 0.22240856239306736 -0.48861906981890074 -0.7782279321728307 0.3258022737329516
1697610551.716664 12119134.898579221 4048171.0345659466 409.4075927734375 0.36963557025089067 -0.45420970986536513 -0.64029152360357 0.4970813308410797
1697610551.826664 12119135.352874061 4048171.1034321007 409.4690856933594 0.46082032318625976 -0.44047165142736905 -0.6596295872892155 0.398143393264307
1697610551.920664 12119136.287178548 4048171.2595914872 409.5830078125 0.37702017910310676 -0.5371093522668461 -0.5253794659490797 0.5416140184814369
1697610552.014664 12119136.782772921 4048171.3024983294 409.614990234375 0.5825178309109287 -0.0685739683973694 -0.5727268894610132 0.5726731158500246
1697610552.140664 12119137.257995829 4048171.3911366044 409.6510925292969 0.5886567193984741 -0.5127751826644807 -0.5064416841786051 0.36614436944567746
1697610552.252664 12119137.754703395 4048171.4774883087 409.7716979980469 0.7137526161318 -0.5032082563769293 -0.4351826840293995 0.21898558217396324
1697610552.345664 12119138.23927714 4048171.523623251 409.7986145019531 0.804114593991627 -0.3933945075587812 -0.37468872292849265 0.24134796883852158
1697610552.455664 12119138.768712638 4048171.603787763 409.8526000976563 0.8502265965875344 -0.41166085498024735 -0.2756010015460453 0.17802854512388333
1697610552.552664 12119139.266867358 4048171.668887804 409.8540954589844 0.8704979609065827 -0.2609538225587566 -0.38864309518335793 0.15196363747868744
1697610552.706664 12119139.81077439 4048171.773801091 409.9338073730469 0.7771801582697361 -0.6094507431525361 -0.13180738558555993 -0.08477975210950561
1697610552.753664 12119140.379060391 4048171.890147239 410.0134887695313 0.8009688638010429 -0.5559039207268658 -0.18413628819971428 -0.12455335206166394
1697610552.863664 12119140.87064726 4048171.953767734 410.0281066894531 0.6953475683638227 -0.6327803843480719 -0.10750576276041313 -0.32330056499815596
1697610552.973664 12119141.395073384 4048172.02949361 410.0335083007813 0.7925792893981206 -0.2182004954073721 -0.5555580271192417 -0.12474731389702802
1697610553.0676641 12119141.914378807 4048172.106833535 410.0415954589844 0.8917672856991938 -0.11114738301097282 -0.43314537004893205 0.069155302122674
1697610553.162664 12119142.494130718 4048172.184307966 410.0793151855469 0.829251439226559 -0.30833366847796917 -0.3979594532792395 -0.2426946084470915
1697610553.272664 12119143.098150274 4048172.2627239255 410.052490234375 0.8583785825145483 0.15303982633579394 -0.4283050811009679 0.23731788415228672
1697610553.382664 12119143.718645114 4048172.333742155 409.9453125 0.7506954951548709 -0.3058821319570293 -0.5101729171849084 -0.28742997316676366
1697610553.476664 12119144.326783493 4048172.3954795934 409.9570922851563 0.948689743437762 -0.05591687483000172 -0.293003414641358 -0.10492889408424917
1697610553.585664 12119144.930357773 4048172.5076561146 409.9605102539063 0.6590842109516745 -0.37931973657129414 -0.5142517518789 -0.3965724095435472
1697610553.695664 12119145.5056569 4048172.543568744 409.9172058105469 0.9081170278986623 -0.1286749697716168 -0.34659302895005056 -0.19656929586790267
1697610553.790664 12119146.15097599 4048172.633552071 409.9354858398438 0.6485158836268649 -0.3064985757495685 -0.6212532005471565 -0.3154841240967087
1697610553.900664 12119146.773474582 4048172.629516944 409.910888671875 0.8497192322602348 -0.16144827751732235 -0.4015873209997993 -0.30106362056211794
1697610553.9956641 12119147.424582282 4048172.765097204 409.8499145507813 0.7752618149807403 -0.15833152320561517 -0.527925310548338 -0.308537053649313
1697610554.105664 12119148.023815103 4048172.7953606555 409.8250122070313 0.6897259249538664 -0.23433784334017305 -0.6279958979480703 -0.27383402963402237
1697610554.200664 12119148.670692662 4048172.823068527 409.8857116699219 0.7426083503333173 0.14543276562181331 -0.6476339628295142 0.08917622378503692
1697610554.2946641 12119149.267142495 4048172.846203252 409.9815979003906 0.7333637389493941 -0.18993601190371223 -0.5906819733709041 -0.27784302062663413
1697610554.404664 12119149.909567276 4048172.876870218 410.0185852050781 0.765988022580633 0.04723513941828783 -0.6409675456462717 -0.013849053951126483
1697610554.4986641 12119150.57781818 4048172.911303301 410.060302734375 0.7200019967363865 -0.30386216264130145 -0.4080922691510382 -0.471938142842602
1697610554.608664 12119151.198313022 4048172.9176249993 410.1376037597656 0.5741854892293355 -0.32801136108618684 -0.7074373281060812 -0.24950350249843123
1697610554.7026641 12119151.830607727 4048172.881308857 410.1087951660156 0.4050906396343155 0.44330178755812444 -0.585227905912954 0.5448792498977836
1697610554.812664 12119152.461789241 4048172.8170158365 409.9887084960938 0.5165827675999182 0.4818022588029409 -0.517779348140238 0.48261099683975606
1697610554.9066641 12119153.073044565 4048172.685470702 409.9258117675781 0.08484733182543593 0.29144706044032964 -0.7371065401268536 0.603766088601384
1697610555.016664 12119153.813319178 4048172.725149448 409.689208984375 0.6257653886394777 0.3494082128744118 -0.6048951075559568 0.3470352835255523
1697610555.1106641 12119154.529214824 4048172.681166568 409.5855102539063 0.21715794776515923 -0.48434871835817056 -0.8265644453541028 -0.1871896429391502
1697610555.220664 12119155.897442687 4048172.6365111647 409.710205078125 -0.11738677220012414 0.24603612546784961 -0.693781275432812 0.6665989142925641
1697610555.3146641 12119156.620796736 4048172.6066512256 409.6163024902344 -0.8115568159995896 0.3130356344610855 0.032233559192374875 0.49228571340629584
1697610555.423664 12119157.368195798 4048172.6293824394 409.6282043457031 -0.012647807159597013 0.5477293756603608 -0.543421555413929 0.6360232520311431
1697610555.533664 12119158.136188965 4048172.746670126 409.6231994628906 0.5780912010215739 0.12142956675578512 -0.7897961690539302 0.16518908852182768
1697610555.627664 12119158.927781865 4048172.7306641224 409.598388671875 0.5226417635305024 0.21547788486367558 -0.7735173384614873 0.2865061871022333
1697610555.737664 12119159.658149043 4048172.628978927 409.5935974121094 -0.22761196302129064 0.5746006489828227 -0.39206835630938236 0.6814024452986451
1697610555.863664 12119160.43727416 4048172.698921124 409.4602966308594 -0.22892960033438403 0.6342779190246836 -0.43820022336144204 0.5943595913034789
1697610555.941664 12119161.189571278 4048172.721921347 409.4526062011719 -0.17998749122607535 0.6469589707634704 -0.5384760634332695 0.5090109254821786
1697610556.035664 12119161.973260494 4048172.7415589658 409.5661010742188 -0.4019013309277406 0.7335942559656387 -0.2763582436039844 0.47322395227297254
1697610556.145664 12119162.785447497 4048172.7831207714 409.5627136230469 0.01924297879443898 0.7082022326766686 -0.543938559999671 0.4496778272767995
1697610556.255664 12119163.560565112 4048172.754336866 409.5331115722656 -0.33255445764886066 0.7744918224689633 -0.25918785041189896 0.47158414713117214
1697610556.349664 12119164.390229277 4048172.815267282 409.5115051269531 -0.598122606019456 0.7647654362080218 -0.005753822761020114 0.23947874493090895
1697610556.443664 12119165.160671473 4048172.8073315327 409.4945983886719 -0.6545763684662711 0.6988231204377474 0.22659010338502883 0.17841790615047604
1697610556.553664 12119166.004918491 4048172.934976045 409.5 -0.6102254049786954 0.7620594290159718 0.16997495917668784 0.1341599605669353
1697610556.663664 12119166.79896042 4048172.9692746243 409.4884948730469 -0.6143076210137975 0.5324028086571763 0.2246932156413331 -0.5372954075209244
1697610556.757664 12119167.552148094 4048172.9133208655 409.5499877929688 -0.6190558305352847 0.21264859923640178 0.5821343910771889 -0.48235879037108453
1697610556.867664 12119168.332052447 4048172.873911126 409.6192932128906 -0.5261704595464229 0.6597435543545627 0.38729442305578443 -0.3713302032668516
1697610556.964664 12119169.163275084 4048172.9083442083 409.6126098632813 0.7669701312915996 -0.5972636232808338 -0.15849774089051696 0.17294926465469376
1697610557.073664 12119170.00139953 4048172.9540756466 409.6365051269531 0.6492167127536359 -0.754857113479438 -0.08697618469865082 -0.03381628906488854
1697610557.214664 12119170.894849762 4048173.0431174464 409.6618041992188 0.33047693273079437 -0.3556029185622788 -0.2997129130011327 0.8212817610438032
1697610557.261664 12119171.784515135 4048173.1172292777 409.6971130371094 0.40266466728481803 -0.7070960831472269 -0.4581283500304701 0.35776348306753736
1697610557.371664 12119172.62686972 4048173.087638346 409.7175903320313 0.6461813769074549 -0.27965956021275523 -0.6703836352498025 0.23414939698588516
1697610557.484664 12119173.497722097 4048173.0702872993 409.6643981933594 0.2985437169402492 0.321519377174769 -0.5261770872167999 0.7284467118909198
1697610557.5776641 12119174.384047884 4048173.092615004 409.6792907714844 0.43086859168544206 -0.2706478414941743 -0.8503709052032077 0.1340571750314965
1697610557.670664 12119175.236532545 4048173.0881763627 409.6733093261719 0.26220599575546494 -0.05216957127139071 -0.8388567317099981 0.4741790118595137
1697610557.780664 12119176.037921557 4048173.072439368 409.7276000976563 -0.6411533748611207 0.06375968715917113 -0.41335488405070786 0.6434242706247454
1697610557.890664 12119176.888847746 4048173.135925366 409.7497863769531 -0.5280560624056271 0.579802549341977 -0.40213201187797676 0.4725205220476455
1697610557.999664 12119177.739439974 4048173.1519313687 409.7385864257813 0.021159802275630163 0.35363825241665126 -0.8621514612474518 0.36219760775609294
1697610558.094664 12119178.619865827 4048173.1595981084 409.7060852050781 -0.44685652609157733 0.6751177828363356 -0.5358696718952577 0.23953897204919797
1697610558.220664 12119179.50663689 4048172.93578307 409.6723022460938 -0.4330182544701659 0.8031854167933304 -0.1918818641480977 0.3613443340598905
1697610558.298664 12119180.421460465 4048172.936724601 409.6643981933594 -0.7648728882748351 0.6371737341124439 -0.09049444019810099 0.02810433476438829
1697610558.410664 12119181.276505474 4048172.791056521 409.6418151855469 -0.5479124182156623 0.09977876340607829 0.33678297608273017 -0.759218945600726
1697610558.504664 12119182.152923826 4048172.6605874207 409.5780029296875 -0.5033332417923533 0.7245740772300713 0.4067700853824553 0.2370361827884953
1697610558.615664 12119183.005965084 4048172.5995225017 409.5274047851563 -0.41375276042439185 0.6866605970497769 0.3783290674398804 0.46278828251211185
1697610558.711664 12119183.97544653 4048172.575177237 409.5307006835938 -0.4946213447568687 0.13970814832843478 0.6725066452456783 -0.5325093151316231
1697610558.822664 12119184.901068095 4048172.466228815 409.5198974609375 0.19154823808798577 -0.09933954723608232 0.6132346883643088 -0.7598579760896423
1697610558.933664 12119185.756113105 4048172.406105428 409.5671081542969 -0.09344772134179782 -0.5448679058960872 0.4914637852539768 -0.6729411833765796
1697610559.011664 12119186.648784101 4048172.332262607 409.5831909179688 0.06220105943884696 -0.6734042949747192 0.28040403443577744 -0.681198400751518
1697610559.121664 12119187.596892202 4048172.340332861 409.5521850585938 -0.014837818807614866 -0.7227972022963194 0.1314139990126646 -0.6782878477085856
1697610559.216664 12119189.487653755 4048172.1851149914 409.5595092773438 0.22495199654540945 -0.7268691157556396 -0.09063895453548568 -0.6425281843869285
1697610559.3276641 12119190.395241562 4048172.099839315 409.5660095214844 0.30881787820821327 -0.6075714157869609 -0.34190267764584314 -0.6469861295547285
1697610559.437664 12119191.357153283 4048172.1716645677 409.5353088378906 0.6709767342837407 -0.09038311906225382 -0.7010984572272317 -0.22379023015337485
1697610559.534664 12119192.290567214 4048172.066616772 409.5357971191406 0.6788452351976881 -0.12941998621489942 -0.6572472882347266 -0.3007417761562714
1697610559.629664 12119193.18557592 4048172.0366223324 409.5968933105469 0.7005929555461633 -0.15501789542219652 -0.6236954440763955 -0.3100692757696457
1697610559.739664 12119194.119769087 4048171.893778852 409.55810546875 0.6714344501207037 0.15559667241138359 -0.6952399288145656 0.20397768531761157
1697610559.8506641 12119195.072441287 4048171.8328484427 409.5873107910156 0.39705355938688675 0.5856741052530468 -0.3961415169517192 0.5851548615208096
1697610559.961664 12119196.027785158 4048171.8284098045 409.543701171875 0.8031690102499632 0.2600088640139828 -0.489052363725778 0.2194144870843352
1697610560.0546641 12119196.880937735 4048171.711660145 409.6167907714844 0.8218517565542268 0.3320594431792248 -0.36949966842440274 0.2788659381826534
1697610560.164664 12119197.842960775 4048171.668215283 409.716796875 0.15213340784004423 0.5190530533437938 0.3925056893775331 0.7438942383428754
1697610560.259664 12119198.793517906 4048171.6492501884 409.6364135742188 0.3859574812072432 0.35212493889601293 0.012403451266396942 0.8525790312365897
1697610560.353664 12119199.71323954 4048171.6184487236 409.6377868652344 0.5078605584147455 -0.13066601874530287 0.043978721004483065 0.8503351791209892
1697610560.463664 12119200.652998682 4048171.6106474786 409.6477966308594 0.15812501399648357 -0.18548672604157562 0.4522806260980446 0.8579238833762296
1697610560.574664 12119201.579176845 4048171.612665043 409.5925903320313 -0.028846675279395967 -0.5730204302369589 0.10034950101375908 0.8128624936006491
1697610560.717664 12119202.524947237 4048171.634992742 409.6234130859375 -0.2840193376501647 -0.3839170485896643 -0.1687136440813269 0.8622507883114764
1697610560.780664 12119203.383220512 4048171.4672659882 409.6510925292969 -0.609566450722876 -0.20687341727134828 -0.0005197190893391213 0.765265876197063
1697610560.875664 12119204.329324866 4048171.3794347374 409.69970703125 -0.9211410641911386 -0.2590956404639261 -0.14202497278268833 0.25337224800573843
1697610560.986664 12119205.22422225 4048171.2161466284 409.7820129394531 -0.8783588128000486 0.04258086407684396 -0.4647551113486794 0.1033215972884431
1697610561.080664 12119206.176560495 4048171.253807806 409.8280029296875 -0.770584851383251 0.21680446337378612 -0.5497701193159567 -0.23863702015231478
1697610561.191664 12119207.061773084 4048171.2675272343 409.8575134277344 -0.6579243649066217 0.32086932241924415 -0.5131148451686702 -0.4482092855575007
1697610561.285664 12119207.94175366 4048171.2571704113 409.8949890136719 -0.36493730750112197 0.5155523994176519 -0.043679628739380694 -0.7740275027941341
1697610561.395664 12119208.840658547 4048171.2505797055 409.9341125488281 0.06766697157490231 0.7994056944782368 -0.0025360675452792414 -0.5969633866118216
1697610561.489664 12119209.713848636 4048171.2227373337 409.9885864257813 0.01926694229623925 0.8957872685382824 0.34977436265916406 -0.27359066081584765
1697610561.599664 12119210.693794113 4048171.2360532507 409.9831848144531 0.034893356582499986 0.6679196002811555 0.727345074404298 0.15373680095043668
1697610561.710664 12119211.633219296 4048171.16987718 409.8362121582031 -0.012096015992817677 0.6144605797312499 0.635482158779495 0.46739095864852853
1697610561.805664 12119212.564629473 4048171.1728362725 409.7043151855469 0.5822157915635581 -0.23034698363447478 0.7498515201320927 0.21374689925261653
1697610561.9166641 12119213.412104758 4048171.133830053 409.6843872070313 0.024022700528671052 -0.8928225903299051 0.4165926059549792 -0.1695326892358754
1697610562.012664 12119214.226406831 4048171.1004730086 409.6881103515625 -0.37754313481171564 -0.5314088912254936 0.7525830767884933 0.09319058007437703
1697610562.122664 12119215.153141594 4048171.164900523 409.5657958984375 -0.10665049976003813 -0.8288271591637475 0.26324023145708275 -0.482053722810962
1697610562.216664 12119216.943492962 4048171.0617357963 409.435791015625 0.13151663977809247 -0.9349576156054201 -0.32819515492928975 -0.02907869948685189
1697610562.3276641 12119217.746217811 4048171.1148649566 409.4985046386719 -0.09313768682836007 -0.4288294380828482 -0.858661259288084 -0.2648235754679194
1697610562.437664 12119218.639222767 4048171.197047028 409.3526000976563 -0.008626430657716788 -0.5993741247131009 -0.4411750089572754 -0.6678629011930964
1697610562.547664 12119219.495158331 4048171.2182986946 409.322509765625 0.6032678305356213 0.13697964797940834 -0.7856768967521222 -0.004039132361956049
1697610562.642664 12119220.423562886 4048171.239146847 409.2532043457031 0.5299780892028129 0.24745114326553674 -0.4542414743411709 0.6719790470318799
1697610562.740664 12119221.338163821 4048171.2696793005 409.2561950683594 0.3951511987677165 -0.3099611625171266 -0.7243912919718349 0.4722677883985353
1697610562.831664 12119222.24363656 4048171.3322237604 409.3135986328125 0.09885319646161028 -0.44186755486237383 -0.7607703474453541 0.4649834276155922
1697610562.941664 12119223.074636558 4048171.3370659123 409.3497009277344 0.07697117536327042 0.3531408494318059 -0.6852845604003613 0.6322594798835861
1697610563.035664 12119223.907306349 4048171.340294013 409.3138122558594 -0.4831860571826426 0.6007691769307731 -0.395811738220804 0.49893957357663976
1697610563.1466641 12119224.63511318 4048171.3428495936 409.21728515625 -0.685322116824401 0.6639245315235991 -0.1870548508260584 0.23355576510746323
1697610563.241664 12119225.49839583 4048171.2492346633 409.1145935058594 -0.715415964551115 0.5785779397259607 -0.1771893415155248 -0.34933007683443906
1697610563.351664 12119226.411215656 4048171.297656178 409.1944885253906 -0.4158086518984984 0.7512238564415913 0.2312311775187166 -0.45749101090915945
1697610563.446664 12119227.21683481 4048171.3493057946 409.2301025390625 0.1007150031350591 0.6423539243759657 0.3327727419534002 -0.6830082182485924
1697610563.557664 12119228.013882363 4048171.2840712536 409.2059936523438 0.3277562957694236 0.28644181587561063 0.7775674008880317 -0.4537794990715426
1697610563.652664 12119228.877610292 4048171.276404513 409.1322021484375 0.6923379569437565 0.052796849377406585 0.7135161058996984 -0.09367717273965348
1697610563.762664 12119229.736328844 4048171.2465445786 409.1763916015625 0.6896987391363254 0.08169576149729521 0.5415405625620161 0.47368266897486894
1697610563.8736641 12119230.562987383 4048171.2201817534 409.1614990234375 0.5324508829807342 -0.28524593845421087 0.5681443188346045 0.5588764128001614
1697610563.982664 12119231.400109956 4048171.2043102575 409.2333984375 0.08414316964103036 -0.2783743670064442 0.3331618012274487 0.8969006929417572
1697610564.0776641 12119232.225989258 4048171.22327535 409.3035888671875 -0.4338056168594223 0.016267911975300017 0.2664063639947213 0.8605670752732131
1697610564.171664 12119233.072796624 4048171.256228882 409.3406066894531 -0.7250336078643208 -0.2686578444549522 0.21115666227653682 0.5979649605589757
1697610564.267664 12119233.91069843 4048171.2024271963 409.2886962890625 -0.9040855169211123 -0.2814121062607276 0.20791596830373163 0.24537227770819597
1697610564.375664 12119234.706521472 4048171.2304040734 409.3272094726563 -0.954318969294964 -0.24050959507522984 0.17367122042957225 -0.03561947101024533
1697610564.482664 12119235.489765408 4048171.2048482727 409.3685913085938 -0.8402359335466807 -0.3024098624436598 -0.26857242569183093 -0.36113806671652715
1697610564.588664 12119236.28714692 4048171.209152409 409.3070068359375 -0.5985143043087063 -0.1748304524705759 -0.33334979477866733 -0.70717243636034
1697610564.683664 12119237.092209479 4048171.1627484574 409.3185119628906 -0.4856791472525084 -0.4848673705096364 0.2786595743394499 -0.6718394455285457
1697610564.793664 12119237.904953081 4048171.1505085733 409.301513671875 -0.16084062560301676 -0.4779910751828771 -0.12590116365439874 -0.8542855039104992
1697610564.903664 12119238.69198188 4048171.0813734108 409.0570068359375 0.30844940099309354 -0.6061220154153362 -0.31850873705908356 -0.6603235978464501
1697610564.997664 12119239.405094538 4048171.053665545 409.1734924316406 0.3333595958533105 -0.661248661977108 -0.36048330558220726 -0.5671625633647965
1697610565.108664 12119240.15227096 4048171.119034588 409.0885925292969 0.3417023814625009 -0.6268614271908121 -0.35002094541725226 -0.606440080611734
1697610565.2026641 12119240.916256627 4048171.100742017 409.2131958007813 0.7784786562716008 -0.14070446801914627 -0.4993297649183914 -0.3533313179942525
1697610565.313664 12119241.649072833 4048170.984126869 409.09228515625 0.7973032283045832 -0.10659340419512477 -0.5727082838460728 -0.15795768398932192
1697610565.407664 12119242.369421259 4048170.927366094 408.8034973144531 0.6701607189636563 0.2984177828424307 -0.6126371281913997 0.29412104107478887
1697610565.516664 12119243.836723467 4048170.8185521928 408.8114929199219 0.42378900920908813 0.5128694888307855 -0.610850871039127 0.4292190308581013
1697610565.611664 12119244.59636767 4048170.8260844285 408.7427062988281 0.32805919979514064 0.605672425259948 -0.6499346555996409 0.32112772873123374
1697610565.721664 12119245.332968744 4048170.8579619243 408.8918151855469 0.2903678231208252 0.6991430019688845 -0.593762162936763 0.27263910937109986
1697610565.847664 12119246.051313417 4048170.862535068 408.9660949707031 0.19348867644263745 0.8349785871448042 -0.3109604700166476 0.410702419258967
1697610565.941664 12119246.749509262 4048170.8454530337 408.9195861816406 -0.08870174003058151 0.8822845452299001 0.11694860445321587 0.4472460245552339
1697610566.051664 12119247.457612544 4048170.868587757 408.8995056152344 0.24910695001316654 0.9168571114083134 0.3118564322312057 0.008020622866383859
1697610566.130664 12119248.148906581 4048170.8988512023 408.9366149902344 0.32123301817252925 0.8011698343016262 -0.0518536759944101 0.5022424125128612
1697610566.241664 12119248.823502697 4048170.8866113196 408.8781127929688 -0.5022136447004799 0.5160394317000052 0.27909722199496245 0.6352869435791123
1697610566.354664 12119249.487968737 4048170.860786513 408.8569946289063 -0.28686876178775955 0.5533279829716979 0.6650361620103644 0.41141385488259175
1697610566.447664 12119250.165570477 4048170.8601139924 408.8594970703125 -0.6926754789851693 0.2215377405698349 0.6436562751477448 0.23838689095419952
1697610566.558664 12119250.844174093 4048170.9137811693 408.8536071777344 -0.3811052520191492 0.28348949818388847 0.8115849685429177 0.3401798496943333
1697610566.653664 12119251.543037856 4048170.913377657 408.8216857910156 0.20939605415097678 0.5602245743773862 0.6301735200925505 0.49515962410503717
1697610566.763664 12119252.217300013 4048170.9090735223 408.7925109863281 -0.3538089560100601 0.2934151788123553 0.7756651795654794 0.4325162247814959
1697610566.858664 12119252.889892375 4048170.8519092356 408.8500061035156 -0.330446138761168 -0.36820836090764963 0.8679556616113764 -0.04336959548225881
1697610566.968664 12119253.573616687 4048170.874371438 409.0151062011719 -0.4580019544587069 -0.3499482148384324 0.8164170067831579 0.03512445983396703
1697610567.079664 12119254.272146491 4048170.8948160773 409.0060119628906 -0.16534405057687732 -0.27130774727167906 0.7997620707473782 0.5093467202241154
1697610567.174664 12119254.974795118 4048170.882172681 408.8185119628906 -0.2999292306542602 -0.42820300033814995 0.7921149609000492 0.31502148469408203
1697610567.283664 12119255.638815882 4048170.866570193 408.7514953613281 -0.34369696548063056 -0.5164758894732706 0.722920653388174 0.3041558488949637
1697610567.379664 12119256.236601545 4048170.8252774025 408.7673950195313 -0.20236028434275488 -0.7278420974962806 0.6309570195051938 0.1766053112736329
1697610567.488664 12119256.878692368 4048170.789633788 408.6546020507813 -0.4813957926513416 -0.5853743881944021 0.617284018730303 0.2110813982419646
1697610567.598664 12119257.515217217 4048170.795686477 408.439208984375 -0.5078150282475891 -0.6745067284750449 0.3813103767422919 0.3765195438704929
1697610567.710664 12119258.208515005 4048170.811557974 408.4075927734375 -0.38913023988259676 -0.7923629079690079 0.44003667384805495 0.16464022641065243
1697610567.8046641 12119258.88311112 4048170.8256809157 408.3836059570313 -0.33773139932146007 -0.8498166050322775 0.36983757976839127 -0.16422364115693405
1697610567.915664 12119259.511620965 4048170.7966280067 408.3005981445313 -0.3695777190953105 -0.8455519509597613 0.17041931845409564 -0.3455596383753328
1697610568.024664 12119260.136568587 4048170.8461255543 408.2184143066406 -0.599776774977662 -0.6265233460590521 0.49324047208586763 -0.06670947261727297
1697610568.103664 12119260.816953314 4048170.8527162606 408.2596130371094 -0.3554834452611332 -0.7988383067442081 0.2766165754618392 -0.39871311742039073
1697610568.198664 12119261.481530676 4048170.8731608996 408.25830078125 -0.4212212697260728 -0.7881815432330305 0.3166960816816527 -0.3178774743272027
1697610568.308664 12119262.16024561 4048170.8991202107 408.2049865722656 -0.1269515194000265 -0.8906154467840933 0.04137837884157715 -0.4347128563040636
1697610568.418664 12119262.840296378 4048170.8505641925 408.2011108398438 -0.15381716777300644 -0.9253140631224098 0.09950104879764574 -0.3320146153023331
1697610568.512664 12119263.533816805 4048170.8181486805 408.1520080566406 -0.004223355736040699 -0.9196286986568187 -0.07418718769624325 -0.38569609935130983
1697610568.622664 12119264.907276684 4048170.878675571 408.1323852539063 -0.4382817738931093 -0.7859772215080121 0.25255849411616127 -0.35547587962255855
1697610568.733664 12119265.574080434 4048170.8519092356 408.0809936523438 -0.5508895246069228 -0.6223767335335512 0.4676938528457551 -0.300716466534107
1697610568.8276641 12119266.282072395 4048170.8016046626 408.0824890136719 -0.1903947915448554 -0.8244602377040394 0.2005737023098339 -0.4937462199747113
1697610568.938664 12119267.0154452 4048170.8020081734 408.1191101074219 0.16071266411282467 -0.8698638992484816 -0.061528670448627365 -0.4623012644270076
1697610569.048664 12119267.687592287 4048170.7947449484 408.0635986328125 0.4333311995074147 -0.5558656245659938 -0.4321448032668076 -0.562572971239123
1697610569.142664 12119268.380110838 4048170.8088678885 407.9776000976563 -0.13511296216490645 -0.7405905275698221 0.1092789960504911 -0.6490980349308368
1697610569.253664 12119269.066952096 4048170.785867671 407.9580993652344 -0.5213599003706149 -0.5420760851512113 0.5381738880710354 -0.38040273183980144
1697610569.347664 12119269.825817065 4048170.792323871 407.9609985351563 -0.33821429771769046 -0.692983265413076 0.535760469463233 -0.3440145375377262
1697610569.4426641 12119270.514216797 4048170.801470158 407.9587097167969 0.21000536035893624 -0.7683562441584753 -0.14558894483849344 -0.5867966341280505
1697610569.552664 12119271.244472656 4048170.797704041 407.9953002929688 0.06778269833666734 -0.9349410713837293 0.14969859246126443 -0.314453542293867
1697610569.662664 12119271.970275735 4048170.8368447637 407.8218078613281 -0.31095859904079176 -0.7166493848173743 0.5434345752789504 -0.30724138932580963
1697610569.756664 12119272.701310832 4048170.9096115394 407.8749084472656 -0.408318589792101 -0.5760681278470535 0.6178198792053464 -0.3460058354532072
1697610569.882664 12119273.384255907 4048170.8883598745 407.8646850585938 -0.484014778860403 -0.49229383713461367 0.5848121019228212 -0.4258770681882339
1697610569.963664 12119274.117406074 4048170.875178463 407.8436889648438 -0.4199518196103043 -0.5700032034268548 0.2799596500178203 -0.6483513026523641
1697610570.072664 12119274.851446796 4048170.9354363466 407.8858947753906 -0.7369200312853299 -0.2774746763410214 0.45253791328298487 -0.4185285038337957
1697610570.167664 12119275.59417044 4048170.977670668 407.8324890136719 -0.841131107668516 -0.08954596860778957 0.4951189985832666 -0.1983359686499944
1697610570.277664 12119276.337895956 4048171.0290512736 407.7544860839844 -0.7989088699281913 -0.14022730838746233 0.5690154756028528 -0.13528602313959448
1697610570.388664 12119277.09175155 4048171.065905427 407.8328857421875 -0.7609250274813492 -0.03537213077033609 0.6478684785059786 0.0028895459197406798
1697610570.482664 12119277.80853775 4048171.042770703 407.6763000488281 -0.7441255736980219 -0.04199805469416183 0.6666543861254302 -0.009231653710021215
1697610570.591664 12119278.570074387 4048171.027302718 407.652099609375 -0.7281101193128873 0.22745989579050613 0.4943718920233209 0.4167902138227659
1697610570.686664 12119279.343744848 4048171.0574316615 407.8270874023438 -0.8371407100118748 -0.23725405543762734 0.4753422841307047 0.13021389225661653
1697610570.797664 12119280.111738015 4048171.0898471754 407.856201171875 -0.7102070663051632 0.12532502828369507 0.2805407345495124 0.6334007076995768
1697610570.892664 12119280.873942569 4048171.0769347716 407.8858947753906 -0.24237038387442364 0.2719835767201904 0.0972070867335961 0.9261923738100114
1697610571.002664 12119281.640154622 4048171.1397482366 407.9883117675781 -0.5197773537251735 -0.04173965515442238 0.49073608274877356 0.6980454145902217
1697610571.098664 12119282.398908272 4048171.123607732 408.0351867675781 -0.41035413768021817 -0.14146753077448174 0.503688354177574 0.7469233302630078
1697610571.240664 12119283.180148458 4048171.1659765574 408.1520080566406 -0.2180422039333917 0.2770450569734941 0.2915992146343077 0.8891982522109889
1697610571.303664 12119283.952149127 4048171.2356497375 408.1578063964844 0.24768700083518466 0.09811582568905522 0.22216215499462258 0.9379063979176021
1697610571.413664 12119284.723593198 4048171.2684687646 408.1625061035156 0.04664101655723309 0.1276131153626939 0.4587401371020325 0.8781212871656991
1697610571.523664 12119285.450954752 4048171.240088376 408.12939453125 -0.18800580842773193 0.16900881204606027 0.7361280636049972 0.6278577159049423
1697610571.619664 12119286.223178059 4048171.1935499203 408.0716857910156 -0.16588480712927964 0.3105989560331105 0.4761106181241965 0.8058096540649158
1697610571.744664 12119287.741130635 4048171.263895621 408.0552062988281 0.799473244173664 0.16763094457986652 -0.49097901664325017 0.3027903622735142
1697610571.839664 12119288.461033782 4048171.2312110984 408.0267944335938 0.8432166266821083 0.28468252753392065 -0.38130684144294036 0.25009332592564854
1697610571.933664 12119289.161789976 4048171.2324216366 408.0427856445313 0.6414362080914215 0.19876390395919968 0.7281544177241683 0.1372721580691949
1697610572.043664 12119289.88024597 4048171.2394158556 408.0451049804688 0.39014266883255816 -0.24955773377493803 0.7346483773630585 0.49578361924044156
1697610572.138664 12119290.613507457 4048171.2784220763 408.0284118652344 0.8021025071542731 0.11567285811940778 0.582266931013933 0.06493519045119034
1697610572.2486641 12119291.346212344 4048171.308954532 408.0053100585938 0.8156216009641933 0.37430644716787587 0.38688143075759585 0.21208216847279737
1697610572.343664 12119292.127452532 4048171.319580365 407.9381103515625 0.7211990760012417 0.6751865915705793 0.15187291146083404 0.030488983300016127
1697610572.453664 12119292.859934779 4048171.331954753 407.9324035644531 0.41940680032569405 0.6681127079219722 0.6143358083798515 -0.01774429192746918
1697610572.548664 12119293.577500219 4048171.287971875 407.9328002929688 0.5809159138217208 0.7582490851651253 0.2770603891977343 0.10407961689267306
1697610572.658664 12119294.28515822 4048171.2964456407 407.8869018554688 0.7061246588391872 0.7080339451846104 -0.0005173360381155716 -0.008696609050737169
1697610572.754664 12119295.036008187 4048171.2839367497 407.8634948730469 0.6890674856235367 0.6097114528868872 -0.24948181560471028 -0.30198802651362744
1697610572.863664 12119295.770605506 4048171.3076094906 407.8717041015625 0.3892559362995129 0.7754037072505127 -0.04145074944539373 -0.49549040576802894
1697610572.974664 12119296.441973355 4048171.26766174 407.872802734375 0.4644180328955352 0.7197452376486975 0.05501307087279836 -0.5130850276870356
1697610573.069664 12119297.117014747 4048171.2610710342 407.8902893066406 0.05017290988058981 0.6825621213378616 0.14864457227519 -0.7137901797881492
1697610573.163664 12119297.806638991 4048171.267392732 407.9071044921875 0.13427487301230154 0.7104958670834437 0.10280540774942679 -0.6830790067571613
1697610573.274664 12119298.53288735 4048171.294562582 407.9577941894531 0.16947164382293817 0.7576867302803586 -0.030015319570404708 -0.6295151001271508
1697610573.369664 12119299.24566605 4048171.2715623593 408.0078125 0.19871107235585023 0.7570469087153364 -0.09464530646023528 -0.6151716457158841
1697610573.480664 12119299.95410329 4048171.2321526287 408.0078125 0.024873005106946455 0.6665193155637114 -0.34811671239394537 -0.6587473644345476
1697610573.575664 12119300.658755666 4048171.2308075866 407.9844970703125 -0.27347413242643714 0.6450037814350703 -0.15026816927747758 -0.6975682748878871
1697610573.687664 12119301.338806435 4048171.167456103 407.9581909179688 -0.2450264708603177 0.6693184743015475 -0.1858387117821227 -0.6763422075691772
1697610573.7816641 12119302.048022911 4048171.149567045 407.9372863769531 -0.47887318111438726 0.5510700777155063 -0.17542774369789826 -0.6604750961217825
1697610573.892664 12119302.804772811 4048171.1271048416 408.01708984375 -0.5768668918914637 0.5183563528318191 -0.1878783198641351 -0.6026881593688452
1697610573.986664 12119303.512208173 4048171.1281808754 407.9999084472656 -0.47297367878594343 0.5498438456773062 -0.39607084015523464 -0.563112363676388
1697610574.096664 12119304.251146954 4048171.0712855957 408.0874938964844 -0.6005586945367754 0.5037655431500094 -0.40400608383009257 -0.4715173551199704
1697610574.190664 12119304.954463497 4048171.0263611893 408.0911865234375 -0.699488027829806 0.42363292318981216 -0.386866406845618 -0.4261291219416761
1697610574.300664 12119305.673698727 4048170.993945677 408.0844116210938 -0.8668396721760251 0.3578497223972863 -0.2105562895272387 -0.2760409532342402
1697610574.410664 12119306.376681311 4048170.9755186005 408.0815124511719 -0.8917994696642115 0.26714757859852406 -0.2777846638794074 -0.23698429835957707
1697610574.506664 12119307.089126052 4048170.9716179785 408.1329956054688 -0.9730818460535751 0.16548874469508032 -0.160339577997577 0.004051664814847894
1697610574.616664 12119307.822276218 4048170.948752264 408.2432861328125 -0.9480673074508805 0.13106274384424232 -0.23006765890178865 0.17623793588869074
1697610574.7126641 12119309.27310314 4048170.8956230995 408.2344055175781 -0.9456247879867826 -0.1808985696912833 -0.15989334047096437 0.21795317731484554
1697610574.8376641 12119309.959165165 4048170.943103086 408.2579956054688 -0.8360620914183508 0.058218805663165465 -0.009858339307818282 0.5454480388693497
1697610574.932664 12119310.637212181 4048170.9464656906 408.2781066894531 -0.7717869397269893 0.17878778587043254 0.30461313144171615 0.5287633567520242
1697610575.042664 12119311.33718914 4048170.936243372 408.2370910644531 -0.565769042988815 0.4073116157499572 0.36536939378022515 0.6168531784463382
1697610575.152664 12119312.056869648 4048170.9332842794 408.2344970703125 -0.6118849704141835 0.2357180757210841 0.28182292524858005 0.7004353007693973
1697610575.246664 12119312.774991684 4048170.928038615 408.2356872558594 -0.47052719344713734 0.35665505305274536 0.313014507448942 0.7439242242898129
1697610575.341664 12119313.46227822 4048170.985202903 408.118896484375 -0.38898799024851455 0.24035050115101586 0.21311276444463828 0.863425115264573
1697610575.450664 12119314.148117602 4048170.986547945 408.1561889648438 -0.06405166792478162 0.23165493589094727 -0.1366001133832264 0.9610274624260767
1697610575.5446641 12119314.81993073 4048170.993676668 408.1258850097656 -0.10448507224712833 0.3799651399355145 -0.03832644036618081 0.9182812456323798
1697610575.654664 12119315.527254773 4048171.0061855586 408.0429077148438 -0.07540252642601472 0.29434345265804285 -0.15195446739576063 0.9405244445118837
1697610575.765664 12119316.20808478 4048170.9877584823 408.0527954101563 -0.22317732801684953 0.5374307597770968 0.11856184182567144 0.8045515200206735
1697610575.8606641 12119316.884795966 4048170.985740919 408.0028076171875 -0.2581789677812418 0.4420506997963804 -0.06173042728271305 0.8568104538066962
1697610575.971664 12119317.571971182 4048170.9605886335 407.99560546875 0.03612262837402008 0.4767180262329597 -0.17327627767659082 0.8610519210700645
1697610576.065664 12119318.244229587 4048170.902213808 407.9747009277344 -0.5923950291377549 0.3545576477950979 0.6932816376362126 0.2066823039336873
1697610576.177664 12119318.911589934 4048170.884190244 407.8887023925781 -0.6947883291959677 0.22769887002595954 0.5824606064228286 0.35519296750854673
1697610576.270664 12119319.569710763 4048170.859979487 407.9036865234375 -0.7480257290327765 0.19498810057267266 0.435048722355115 0.46170310646261253
1697610576.380664 12119320.255327506 4048170.835365218 407.8051147460938 -0.7962480214289002 0.13623602761421666 0.46673670358331915 0.3599801142822152
1697610576.474664 12119320.900423957 4048170.810885453 407.7655944824219 -0.669681298466026 0.1637795620694277 0.13007997172364408 0.7125885309837507
