#Stereo rect[ms], MP culling[ms], MP creation[ms], LBA[ms], KF culling[ms], Total[ms]
8.212123,0.080509,0.909972,0.008718,0.008718,9.220744
7.666750,0.146536,2.364357,0.001824,0.001824,10.181660
6.850609,0.535924,3.706587,0.476878,0.476878,26.511920
7.713030,0.609095,5.155174,0.719305,0.719305,35.229577
7.768484,0.520932,5.434394,0.565464,0.565464,32.725807
7.625162,0.758410,7.628049,1.349005,1.349005,41.377199
8.647071,0.904229,10.537081,2.131992,2.131992,64.498675
8.995090,0.663831,9.194600,2.136389,2.136389,59.707749
8.059125,0.840417,10.359724,2.250128,2.250128,63.157303
8.102517,0.867590,10.500169,2.236384,2.236384,65.603546
7.814483,0.731659,10.601685,1.868623,1.868623,72.355289
7.354269,0.895457,11.186852,3.180000,3.180000,81.293577
7.465674,0.960322,13.994498,5.047261,5.047261,105.317582
8.963159,0.695997,12.479062,2.028099,2.028099,81.430650
7.056313,0.981253,12.534011,3.161642,3.161642,75.988415
8.325046,0.830103,12.384675,1.721424,1.721424,70.094804
6.864038,0.752906,11.367477,1.662041,1.662041,55.440753
6.390711,0.643085,10.406568,1.217233,1.217233,47.110528
6.456011,0.724951,12.312611,1.313071,1.313071,50.282496
7.471103,0.733233,12.717427,0.889985,0.889985,47.645953
6.998502,0.807946,13.829050,1.639862,1.639862,75.367736
6.766995,0.758594,13.961051,1.886861,1.886861,60.992177
8.102832,0.884123,13.554390,1.731564,1.731564,56.593339
6.100798,0.803864,13.221324,1.480136,1.480136,50.734143
6.469657,0.670931,12.817280,2.059994,2.059994,74.065509
7.969269,0.867036,13.924313,1.708928,1.708928,58.420556
6.282975,0.715821,13.175479,1.424248,1.424248,56.839968
6.853877,0.641434,13.270155,4.452424,4.452424,69.961903
6.880778,0.621275,13.619126,1.377090,1.377090,59.630123
7.693015,0.595274,13.542241,1.926833,1.926833,62.750340
8.020022,0.832123,14.207136,2.431503,2.431503,76.300441
9.362024,1.356235,18.306792,2.614059,2.614059,83.740051
7.184924,0.737859,12.101296,1.748391,1.748391,57.189664
7.589771,0.709296,15.226593,1.754003,1.754003,68.248198
7.016567,0.816326,11.616896,2.680954,2.680954,59.462189
6.536944,0.771306,11.113422,0.923998,0.923998,53.545728
7.119016,0.852565,9.585323,1.606968,1.606968,50.133896
6.334694,1.043784,10.510711,1.157155,1.157155,48.008819
6.974109,0.990795,7.247619,1.374235,1.374235,40.225146
7.256574,0.776745,7.407530,1.421209,1.421209,43.462119
6.885360,1.046151,9.175266,1.160195,1.160195,43.888233
6.958997,1.167295,8.517134,1.263284,1.263284,42.707369
7.297440,1.149252,9.802739,1.519152,1.519152,45.568207
6.787471,0.987159,10.803489,1.213064,1.213064,43.901164
6.173579,1.070588,15.005919,1.501370,1.501370,53.717755
7.307891,1.024027,12.536128,2.157612,2.157612,56.465755
6.608442,0.969735,11.323997,2.238491,2.238491,58.409905
7.211424,0.921534,11.345287,1.696130,1.696130,60.376081
7.001076,0.928752,10.743337,1.336737,1.336737,56.303033
7.273304,1.212630,11.383967,2.672454,2.672454,73.960281
9.191134,1.261464,15.685926,1.933607,1.933607,75.040227
6.099717,1.029194,11.271073,1.594896,1.594896,59.638117
6.608974,0.908549,11.912683,1.516167,1.516167,62.612454
6.625149,0.943626,12.826269,1.935931,1.935931,60.061458
8.679757,0.811593,13.922675,1.614611,1.614611,63.299668
7.150792,0.946459,13.064724,1.986097,1.986097,65.320180
7.146743,0.887760,12.748312,2.027436,2.027436,67.698888
7.390029,0.707288,15.769267,1.756229,1.756229,76.144469
7.443507,0.798023,12.893968,1.692101,1.692101,66.221640
7.681798,0.793301,13.606294,1.716181,1.716181,68.281049
6.848330,0.848081,12.053204,2.739219,2.739219,64.005557
6.794180,0.852488,12.704073,2.205282,2.205282,65.858090
6.819518,0.895218,10.909087,2.146279,2.146279,57.135416
6.926526,1.199722,10.555090,1.452919,1.452919,53.966066
7.311029,1.033199,7.571490,0.704324,0.704324,38.448388
6.298500,0.926017,7.603743,0.782380,0.782380,34.343610
6.729107,0.897986,9.157071,1.058592,1.058592,40.570610
6.479297,0.954667,10.389655,1.053837,1.053837,48.817645
7.438404,1.322635,12.767190,1.067852,1.067852,51.339123
7.356636,0.722476,13.169703,1.431468,1.431468,54.287051
6.802809,0.869783,11.143776,1.587015,1.587015,49.572569
6.785886,0.743667,10.662946,1.449500,1.449500,51.118461
7.019422,0.722433,11.589463,1.423869,1.423869,52.124205
7.067515,0.635996,12.231972,1.414358,1.414358,55.792828
7.240204,0.688105,12.394000,3.362285,3.362285,67.146246
6.701413,0.664906,11.980739,2.936486,2.936486,71.623021
7.304017,0.723571,13.085340,1.835664,1.835664,79.702134
9.438541,0.897139,15.721662,3.793957,3.793957,103.805263
7.864588,0.634041,15.770159,2.902615,2.902615,88.022807
7.273510,0.626203,14.323569,4.646901,4.646901,98.398094
7.408684,0.629591,13.909234,8.243638,8.243638,107.048419
7.305145,0.564801,14.071956,6.123260,6.123260,121.249360
7.238326,0.612014,14.578439,3.184570,3.184570,126.018657
7.305275,0.714648,15.063359,3.771105,3.771105,139.907879
8.462886,0.781479,14.248987,4.742023,4.742023,141.606550
7.564573,0.706105,14.707690,5.224654,5.224654,150.501087
7.309966,0.880356,14.903188,3.557586,3.557586,167.289487
8.384711,0.776061,15.458989,4.335722,4.335722,163.051284
7.213606,0.765238,14.998994,9.191702,9.191702,181.506599
7.394632,0.757921,14.984729,3.980401,3.980401,183.339766
7.600214,0.653148,15.964832,4.012296,4.012296,173.942253
8.043753,1.014472,15.187869,6.214245,6.214245,169.926550
7.958623,1.048735,15.712653,4.057056,4.057056,171.700868
7.586546,0.946861,15.067529,6.698157,6.698157,171.638713
7.395511,0.828171,14.629299,3.989281,3.989281,159.168275
7.698148,0.859925,14.296243,4.656857,4.656857,196.700167
8.415102,1.024851,17.741925,6.915345,6.915345,201.738231
10.754250,0.784432,16.011870,4.842475,4.842475,202.532259
8.499569,0.861499,14.595298,6.266083,6.266083,177.884755
7.405564,0.763664,14.215235,7.027173,7.027173,186.036916
8.391483,0.791531,16.948277,4.946303,4.946303,207.305432
8.207311,0.886316,15.092498,10.157430,10.157430,217.250107
7.556594,0.695389,14.896556,7.113090,7.113090,204.697901
7.195422,0.829637,17.043094,4.738788,4.738788,187.698382
6.958270,0.766486,15.532409,8.427752,8.427752,187.186981
7.561046,0.786092,14.723792,8.011054,8.011054,159.132168
7.879489,0.810530,14.370379,5.403814,5.403814,175.348731
10.119336,0.831503,17.846572,3.407620,3.407620,165.173478
8.408348,0.842675,13.660291,4.793720,4.793720,146.201659
7.585553,0.903317,13.025849,2.901757,2.901757,144.735084
7.539105,1.026447,13.214170,4.086780,4.086780,118.224962
7.656666,1.085961,13.011899,5.762652,5.762652,107.707944
7.290197,0.967390,13.336724,9.207280,9.207280,93.034277
6.878901,0.796276,13.117799,2.319749,2.319749,71.423063
7.417856,1.040723,12.313513,3.320934,3.320934,74.620544
7.835087,1.108747,13.498763,2.814408,2.814408,74.736647
6.815772,0.976357,12.981426,2.330974,2.330974,61.660849
7.319443,1.133456,12.428772,1.748684,1.748684,53.136214
7.795452,1.054097,12.278447,1.403861,1.403861,55.447777
7.774509,1.370576,13.103046,1.498320,1.498320,58.882895
6.807772,1.162529,13.581215,3.023487,3.023487,64.619331
7.251797,0.907443,12.725655,1.960726,1.960726,67.571350
8.669443,0.956501,13.100451,2.415804,2.415804,66.914040
6.867935,1.010326,12.696180,3.231620,3.231620,74.917531
7.177520,1.078872,12.557254,2.193883,2.193883,63.089386
6.754250,1.080305,13.219728,2.464635,2.464635,67.202589
6.762784,1.518762,12.901351,1.944235,1.944235,61.458384
8.412656,1.899160,13.890441,1.682321,1.682321,66.399420
7.617957,0.884004,13.740985,2.258521,2.258521,61.914951
6.351000,1.067450,13.735947,1.575344,1.575344,62.184060
6.747943,1.121731,13.496103,1.723117,1.723117,63.759057
7.433193,1.024874,14.443507,2.118444,2.118444,68.659602
7.592647,0.944603,13.602851,2.210558,2.210558,73.383115
7.584358,0.896000,13.499838,2.951772,2.951772,75.405965
7.520411,0.742787,12.919448,2.332364,2.332364,61.100293
7.442670,0.838658,9.864544,1.015852,1.015852,46.549506
7.637734,0.790478,9.558758,1.364714,1.364714,45.271120
7.646972,0.981254,9.131092,1.127095,1.127095,42.331552
6.341196,0.983642,8.692623,0.987332,0.987332,38.029212
6.796287,1.138797,8.018577,1.421643,1.421643,40.510805
7.499654,1.088556,8.114361,0.869490,0.869490,38.337070
7.210013,1.088348,9.366420,1.208711,1.208711,42.826807
7.536934,1.177294,9.708214,1.101593,1.101593,46.342327
8.232119,0.997765,11.066425,1.342154,1.342154,51.357817
8.368581,0.853368,11.801838,1.826729,1.826729,56.997124
8.072967,0.866221,12.117213,2.236928,2.236928,61.099143
7.277190,0.815719,11.982487,2.224367,2.224367,61.083563
7.918301,0.819899,12.321036,2.244309,2.244309,63.215645
7.948667,0.744405,12.191479,2.565695,2.565695,67.271931
8.475917,0.833349,12.771316,2.151424,2.151424,72.678546
7.267951,0.972514,12.021841,2.594909,2.594909,76.039708
7.450096,0.773944,12.173556,3.190997,3.190997,79.861924
8.147961,1.133314,13.566821,8.097751,8.097751,122.997545
9.339855,1.241659,13.250158,2.395123,2.395123,121.466864
7.507677,1.134411,15.723250,11.978318,11.978318,113.465852
9.053785,0.995496,14.679412,4.677853,4.677853,121.044116
7.589803,1.200482,15.516473,3.439244,3.439244,88.969674
8.168533,1.105230,14.198311,16.247091,16.247091,107.790006
8.278422,1.158056,14.312171,16.236278,16.236278,111.311337
8.267881,0.940217,14.847595,3.661155,3.661155,96.735135
7.984522,1.106619,14.021259,2.913394,2.913394,86.033244
7.912620,1.058962,15.203577,9.135597,9.135597,113.202350
8.955170,1.096871,14.275139,6.313915,6.313915,128.082874
8.897609,1.065671,18.481531,5.004427,5.004427,149.378814
7.666469,0.804950,14.492174,17.483865,17.483865,108.179219
8.411483,0.784344,15.492524,3.973029,3.973029,82.517637
7.950694,0.734851,16.248882,4.875141,4.875141,92.549875
8.601609,0.767463,16.967774,7.385806,7.385806,139.728886
7.847018,0.629373,16.118066,6.391112,6.391112,145.835176
7.133151,0.758811,16.729027,3.812576,3.812576,132.161878
8.097337,0.659076,16.017115,3.584609,3.584609,126.590848
9.271201,0.702924,17.710019,4.276132,4.276132,105.656059
8.437963,0.698875,15.791915,13.053423,13.053423,113.746638
8.180009,0.785560,15.934174,3.820501,3.820501,130.487734
8.798188,1.086200,16.460185,2.953595,2.953595,145.440653
9.395645,1.070697,18.146197,4.906157,4.906157,145.456559
8.975352,0.762339,15.093345,4.532912,4.532912,100.124852
9.448807,0.947708,15.468066,7.457652,7.457652,122.560217
8.419487,0.856223,13.967629,2.406456,2.406456,87.248266
8.208115,0.795320,13.570783,3.444291,3.444291,76.639846
8.314331,0.934496,10.438116,1.528479,1.528479,50.947825
8.320087,0.817782,10.492754,1.730500,1.730500,49.301873
8.677175,0.949857,11.299962,1.123045,1.123045,51.046169
8.566150,0.676380,12.431540,1.692081,1.692081,54.991852
8.235711,1.044794,13.146786,1.560710,1.560710,57.937468
7.976064,0.688811,12.131194,2.934303,2.934303,69.889785
8.240632,0.661009,14.328498,2.743800,2.743800,73.878007
8.649336,0.690038,14.326174,3.090882,3.090882,74.657600
8.046148,0.864289,15.809882,6.654342,6.654342,97.898177
8.238816,0.746348,14.958760,2.652675,2.652675,83.370865
9.308275,0.710164,13.957293,3.031064,3.031064,91.983370
8.148819,0.698114,14.303039,4.096984,4.096984,86.577744
8.525700,0.841719,14.618118,4.281745,4.281745,101.750165
9.344697,0.904359,15.728972,15.528415,15.528415,124.323709
8.100162,0.760103,15.225681,3.687589,3.687589,104.557844
8.371901,1.321919,14.992252,4.356457,4.356457,94.227408
8.636236,0.928645,15.088318,8.296213,8.296213,121.395973
9.683570,1.011868,17.662181,9.142056,9.142056,127.683012
8.800632,1.024493,14.603168,3.144261,3.144261,84.065071
8.961902,1.114208,14.644932,1.580903,1.580903,64.654875
8.203371,1.124022,14.322276,1.912047,1.912047,56.772845
8.120929,1.600454,12.860769,1.233006,1.233006,49.655672
8.191537,1.032397,11.832282,0.742223,0.742223,42.956908
9.274072,1.070273,13.625900,1.387370,1.387370,49.969572
8.625598,1.178259,10.991866,0.984987,0.984987,45.446892
8.451541,1.549007,11.748202,1.652445,1.652445,53.009935
9.215726,1.193642,14.785410,1.321767,1.321767,57.559782
8.264848,1.046618,11.117471,1.150229,1.150229,45.446892
8.484305,1.622492,11.329469,1.031333,1.031333,46.789013
8.469302,1.356496,11.686223,0.982882,0.982882,48.280949
8.245221,1.080609,12.510584,1.850807,1.850807,55.279812
8.160283,1.100670,13.464773,1.602083,1.602083,54.902051
8.211252,0.884232,14.510576,1.805200,1.805200,67.027610
7.940315,1.075637,13.865494,1.418332,1.418332,58.101037
8.306427,1.515918,13.705941,1.865127,1.865127,61.043927
8.300402,1.074942,14.581141,2.366452,2.366452,69.503306
8.683732,0.781468,14.068482,2.857106,2.857106,66.822473
8.973092,0.756335,15.068876,1.986477,1.986477,72.073139
9.912799,0.891864,14.627399,2.113700,2.113700,90.123683
8.547008,0.733082,14.260940,3.091034,3.091034,88.193471
8.801793,1.083876,14.745200,3.526224,3.526224,87.851961
8.705695,1.028401,15.798201,3.312021,3.312021,94.705827
8.130221,0.839103,14.979844,3.504761,3.504761,84.840904
8.523300,1.105969,15.675493,4.651516,4.651516,92.992535
9.768209,0.808890,15.832299,8.779072,8.779072,140.187548
9.136737,0.846876,16.481995,5.453665,5.453665,147.954370
8.551820,0.817521,16.956875,5.744458,5.744458,137.915282
9.216215,0.943115,16.805194,10.748036,10.748036,126.318307
11.142787,0.780882,20.599357,3.417977,3.417977,153.610956
8.928472,0.794951,16.484688,11.180013,11.180013,128.836472
9.306422,0.570664,16.246276,3.463572,3.463572,152.266960
8.943693,0.569588,16.381968,6.881126,6.881126,153.784339
10.925632,0.716353,21.145952,4.584295,4.584295,172.930255
9.507615,0.771046,17.162632,4.416068,4.416068,157.656092
9.364260,0.758767,17.277012,7.061392,7.061392,157.377771
8.795084,0.674611,17.573731,3.344285,3.344285,162.095206
9.166985,0.611992,16.321662,4.353427,4.353427,156.551809
9.017605,0.555834,17.041672,3.486414,3.486414,166.055037
9.596374,0.712260,16.764245,4.408208,4.408208,164.848474
8.869535,0.752916,15.316645,3.303618,3.303618,156.917169
9.198350,1.302703,15.031952,3.142633,3.142633,161.298784
9.371455,0.897303,14.388184,9.528665,9.528665,129.820718
10.567380,1.060036,16.794727,10.122790,10.122790,125.837139
9.154204,1.097360,10.512480,1.855617,1.855617,56.348444
8.916089,1.181961,10.736117,2.231553,2.231553,59.179531
8.334719,1.007232,10.767577,1.668468,1.668468,51.626038
8.770766,1.093017,12.971547,2.998051,2.998051,62.948442
9.163801,1.741513,14.359719,3.459056,3.459056,72.579049
7.652498,1.878240,12.219195,1.173733,1.173733,52.885192
8.877710,1.204705,12.153009,1.035024,1.035024,56.468877
8.530199,1.388434,13.205322,1.733985,1.733985,60.718672
7.909929,1.865811,13.422596,2.105405,2.105405,64.174271
8.552623,1.213662,12.634116,2.015354,2.015354,65.575332
7.717476,1.382734,13.001693,1.490905,1.490905,63.257268
7.956133,1.800272,11.468927,1.005376,1.005376,54.118042
8.284740,1.417398,11.084848,1.772296,1.772296,48.031858
9.906948,1.711187,20.300521,1.730293,1.730293,68.521318
8.281241,1.468368,12.179950,1.526600,1.526600,53.125575
9.455766,1.248336,13.112349,1.976521,1.976521,58.552738
8.951847,1.139937,14.090476,1.648862,1.648862,61.520979
8.736299,1.230760,15.348789,2.383736,2.383736,64.995593
9.314550,1.335684,15.379446,2.302889,2.302889,67.532051
8.737666,1.167610,14.828867,2.754396,2.754396,71.298837
8.689453,1.016503,14.245350,1.891160,1.891160,72.545118
8.487921,1.081802,14.543937,2.082629,2.082629,75.452739
9.318838,1.047182,12.967258,5.192075,5.192075,86.377687
8.864422,1.203262,13.959443,4.358096,4.358096,92.798948
9.606157,1.156199,14.165851,18.205157,18.205157,126.242877
8.701280,1.255197,14.527067,3.705643,3.705643,101.013264
9.071860,1.157600,15.130516,2.689552,2.689552,90.415647
8.543417,1.037564,16.423872,7.850373,7.850373,100.394615
8.056964,1.149904,14.916106,6.191523,6.191523,99.324133
7.755978,1.176370,15.525679,5.900861,5.900861,106.575313
8.419418,0.971526,15.183688,4.426317,4.426317,104.561467
9.894419,1.436429,18.591288,14.397401,14.397401,140.650917
8.663236,1.133532,14.933054,16.249175,16.249175,129.444425
8.765208,1.920743,14.493694,3.367018,3.367018,158.976761
7.261840,1.036315,16.076790,6.077219,6.077219,162.828799
8.599362,1.623436,20.963114,4.742306,4.742306,143.802162
8.002945,1.189604,15.300110,4.845851,4.845851,107.730687
9.190984,0.845248,15.923925,16.022500,16.022500,129.478166
10.655849,1.069926,16.170447,17.883891,17.883891,137.577116
9.642614,1.043252,15.943521,3.979467,3.979467,163.456850
8.793879,0.834076,15.891575,18.112998,18.112998,132.496063
9.118151,0.869739,16.232761,19.568479,19.568479,127.874423
8.775043,1.012562,17.007465,5.685551,5.685551,106.516016
10.366801,0.843728,16.577762,15.783334,15.783334,131.677531
9.231523,0.942214,16.219962,3.415968,3.415968,137.537033
9.424924,0.759148,15.440642,7.834805,7.834805,139.597764
9.262769,1.324655,16.340540,21.286800,21.286800,131.345696
9.257077,1.077178,15.148613,5.324162,5.324162,140.716673
9.914003,1.299880,15.202123,7.737968,7.737968,157.461918
9.611313,1.159261,14.948045,7.050449,7.050449,166.926673
9.092445,1.710980,16.145054,3.363088,3.363088,167.028689
9.292935,1.366645,19.163156,7.087273,7.087273,166.236149
8.682484,1.364540,14.671377,9.572881,9.572881,153.125470
8.771319,1.663322,14.645562,6.943136,6.943136,162.734763
8.772080,1.424629,14.953028,7.156893,7.156893,140.047143
9.697847,1.446623,14.714248,7.750333,7.750333,146.687317
8.668577,1.312636,14.676003,2.360568,2.360568,86.110757
8.821866,1.436690,15.524289,2.882122,2.882122,141.396897
8.259106,1.900897,15.622754,6.051490,6.051490,98.497081
8.949024,1.569558,15.501035,2.682604,2.682604,74.816028
8.030356,1.666058,16.268553,2.442641,2.442641,69.844450
8.165797,1.443258,15.987651,1.916564,1.916564,63.296206
7.072998,1.132446,29.072221,1.996302,1.996302,82.343018
6.912957,1.219067,14.214769,1.867211,1.867211,57.518096
7.977486,1.601150,14.710806,2.860916,2.860916,70.424905
16.176525,1.026925,14.041212,1.446819,1.446819,71.719804
6.648468,1.251962,13.422738,2.874378,2.874378,69.431309
7.943409,1.128690,14.220218,2.316579,2.316579,64.369442
8.751887,1.747381,18.991141,3.253582,3.253582,93.221468
9.451912,1.354238,14.971191,3.197717,3.197717,79.724182
9.296554,2.189029,17.163750,5.321655,5.321655,90.324784
7.899843,0.985584,15.602877,3.437257,3.437257,78.874352
7.568084,1.326739,15.166818,1.785703,1.785703,71.222140
8.407791,1.967749,13.562098,2.008624,2.008624,68.313107
7.557550,1.678770,11.720420,1.298729,1.298729,49.969696
6.882559,1.155896,8.608999,1.202881,1.202881,39.431347
7.902189,1.617194,9.396470,1.593105,1.593105,45.624769
8.121114,1.787570,9.882869,0.952115,0.952115,42.863057
7.210241,1.660206,28.158818,1.318955,1.318955,71.687083
6.696182,1.405977,8.239587,1.458923,1.458923,41.818513
8.052177,1.537011,8.783229,1.099422,1.099422,46.448858
7.154701,1.560732,10.084195,1.361152,1.361152,48.477479
7.279113,1.481254,11.048870,1.224941,1.224941,50.946837
8.067593,1.423695,12.025652,2.184080,2.184080,56.736628
7.974697,1.467151,12.407787,1.970051,1.970051,59.629764
6.773835,1.415140,12.771880,2.076898,2.076898,63.291678
9.161240,1.577135,15.292718,1.307263,1.307263,68.392086
8.257054,1.642945,12.629610,2.233475,2.233475,64.164967
8.097034,1.555716,13.170898,2.284281,2.284281,66.748792
8.661304,1.437287,13.721954,2.686252,2.686252,71.525501
8.536154,1.292412,13.316684,2.494283,2.494283,73.818002
7.051209,1.037043,15.226842,1.477020,1.477020,66.611745
7.772045,1.924171,15.687753,2.390172,2.390172,88.328117
7.682736,1.116368,14.894591,2.615655,2.615655,76.217189
9.186339,1.590901,15.315320,2.259812,2.259812,89.066371
8.368079,1.304538,14.850276,2.786443,2.786443,92.048127
7.274021,1.520575,15.743192,1.757705,1.757705,73.129267
8.863097,1.159207,14.705411,3.014824,3.014824,85.700829
7.987137,1.400821,15.689802,5.110677,5.110677,85.552066
7.457207,1.113177,15.131742,4.512514,4.512514,91.665719
7.081752,1.203717,14.053913,2.915294,2.915294,115.824524
6.843075,1.117335,13.103100,2.585149,2.585149,100.941693
8.647582,1.061262,14.356234,2.665408,2.665408,72.976075
8.426866,1.621081,14.467640,3.571189,3.571189,76.045397
24.490770,1.168761,14.065421,2.873259,2.873259,102.411042
6.965033,1.183297,13.272901,5.343561,5.343561,84.600473
7.641946,1.325674,13.472069,1.839061,1.839061,61.396525
7.498015,1.151271,16.288908,2.529750,2.529750,75.578778
6.939011,1.176327,13.230996,2.814636,2.814636,65.708926
6.985103,1.517003,12.591430,2.042896,2.042896,53.513755
7.544382,1.137407,13.284974,2.294270,2.294270,63.214340
9.371360,2.069874,18.223953,2.377351,2.377351,72.575999
6.639761,1.150185,9.886766,1.260679,1.260679,40.939729
8.006183,1.407801,10.113615,1.002358,1.002358,42.549990
6.894415,1.324654,11.813581,0.744578,0.744578,43.775302
6.498383,1.103797,9.487053,1.391723,1.391723,51.960223
7.208157,1.822929,11.061854,0.902536,0.902536,44.280900
7.821702,1.799946,13.040699,1.163864,1.163864,47.269234
7.164917,1.286972,13.298544,1.340341,1.340341,48.443217
7.639981,1.506223,11.409544,1.179562,1.179562,45.312916
6.861975,1.153518,10.973703,1.086384,1.086384,43.200496
6.251742,1.195423,11.508650,1.581640,1.581640,60.289629
6.519204,1.057626,12.130956,1.442161,1.442161,48.410626
7.532060,1.767508,13.160019,1.500447,1.500447,61.596526
7.019553,1.469562,13.238541,1.702111,1.702111,55.192029
7.113805,1.243016,13.828454,1.338463,1.338463,56.227127
8.616132,1.612461,14.885352,1.494270,1.494270,58.048766
7.236328,1.284877,13.185368,2.443248,2.443248,62.287855
7.537836,1.380628,13.748649,1.775618,1.775618,59.062662
24.094540,1.279460,14.798169,1.695076,1.695076,89.115939
7.456754,1.672268,13.716992,1.505832,1.505832,59.766773
7.336020,1.622242,15.818614,1.415748,1.415748,65.449653
7.610174,1.510044,15.628128,1.655038,1.655038,66.854806
6.279896,1.058853,14.551276,2.099424,2.099424,78.526982
22.812022,1.153811,12.944243,4.927197,4.927197,89.551890
7.600454,1.681885,12.935607,1.191851,1.191851,53.133927
7.104405,1.070957,8.887372,2.306580,2.306580,45.552685
8.771103,1.108639,11.669852,1.574606,1.574606,55.188478
10.836995,1.203804,10.458460,2.151056,2.151056,55.732004
11.092209,2.416303,14.222932,2.850440,2.850440,69.233957
8.327076,1.562729,11.291266,2.288625,2.288625,56.895561
10.360157,1.363845,12.136135,1.816013,1.816013,64.600082
8.350134,1.221759,11.980250,2.351753,2.351753,58.023077
8.927333,1.341579,13.085850,2.494304,2.494304,76.110511
8.171139,0.997504,14.194826,3.736333,3.736333,72.394969
8.289745,1.467413,13.866341,2.445843,2.445843,70.553751
9.783101,1.400799,13.621307,2.157308,2.157308,76.616506
8.012769,1.618562,13.788035,3.001785,3.001785,80.956677
7.967597,1.205997,14.394459,2.006386,2.006386,78.821864
7.526296,1.188887,12.408634,4.317387,4.317387,84.556203
7.717520,1.502434,14.527675,3.481366,3.481366,86.708348
7.762894,1.108672,12.494951,4.141766,4.141766,125.760605
8.281133,1.409093,13.600290,28.692396,28.692396,121.516280
25.525844,1.079555,14.650709,2.449859,2.449859,137.446687
7.671930,1.067939,13.872381,4.091426,4.091426,115.903360
8.781807,1.746187,14.584333,5.125712,5.125712,95.019559
7.747674,1.231041,15.066498,4.026919,4.026919,103.888574
6.993336,1.367536,13.483434,1.292769,1.292769,61.164725
7.977943,1.320312,14.842762,3.099599,3.099599,72.923770
23.973498,1.062750,13.702565,2.071882,2.071882,83.576861
7.701571,1.448327,15.100358,1.556129,1.556129,64.106729
7.242690,1.120559,13.296774,1.550483,1.550483,59.648134
7.092375,1.180247,12.174163,1.602463,1.602463,64.718691
8.139384,1.035773,13.626897,1.533168,1.533168,58.400732
7.132152,0.941596,10.225673,1.724431,1.724431,61.734357
7.940804,0.936797,10.405037,1.372247,1.372247,52.130393
23.398219,0.735525,10.763023,1.393656,1.393656,71.972256
7.023928,1.028803,9.844535,1.187747,1.187747,46.783271
8.500351,1.021963,11.280248,1.191069,1.191069,54.750140
6.879292,0.939240,9.442923,1.610953,1.610953,62.106191
8.678413,0.809617,19.504538,1.680388,1.680388,69.132526
7.171065,0.866971,11.053897,2.396664,2.396664,58.607567
23.541733,0.751016,12.457954,3.266621,3.266621,97.966258
8.056248,1.369197,14.474191,2.663410,2.663410,79.933362
7.520845,0.981764,14.263296,2.616382,2.616382,80.281233
23.274286,0.625009,12.583233,3.151318,3.151318,141.979744
7.174518,0.977496,12.594990,24.984242,24.984242,115.214872
22.314461,0.848483,12.447044,4.187297,4.187297,135.351812
7.344184,0.917311,11.852257,2.898250,2.898250,70.079421
8.724574,0.952354,17.439235,7.200687,7.200687,94.355619
7.978789,0.905315,12.362430,4.877724,4.877724,103.262932
8.131351,1.012888,14.415433,2.099240,2.099240,72.320094
7.731303,1.140892,15.214087,3.798973,3.798973,84.614544
7.503324,1.182916,12.527379,5.473954,5.473954,112.005692
8.723804,1.174687,14.576310,3.019123,3.019123,77.851347
7.968672,1.252548,14.967564,2.419354,2.419354,78.885925
27.922338,1.451150,13.605186,2.102148,2.102148,117.760069
8.031854,1.169097,13.276907,4.396408,4.396408,84.143343
7.405955,1.159684,16.703939,3.001438,3.001438,93.392245
8.550995,1.340048,14.317804,3.240425,3.240425,91.884482
7.689344,1.017795,14.945342,3.457385,3.457385,100.832007
30.393057,1.147569,18.857242,3.323713,3.323713,145.141529
7.073269,1.096599,13.082637,4.119946,4.119946,118.967641
7.686782,1.074779,15.530271,2.807417,2.807417,74.546112
8.027457,1.140741,15.132969,1.669565,1.669565,70.432875
25.346603,0.974750,14.330386,3.746343,3.746343,121.158713
7.372170,1.135574,14.367416,5.504102,5.504102,94.775416
7.813709,1.543167,16.052744,2.315852,2.315852,80.625152
30.248770,1.060612,16.726002,4.798421,4.798421,145.826458
7.593419,1.439262,15.942935,2.966949,2.966949,139.928734
7.812516,1.449142,16.198141,7.978258,7.978258,104.243795
8.623426,1.098478,21.874193,3.503784,3.503784,108.871603
7.191774,1.019510,13.625639,4.269857,4.269857,106.226374
8.801524,1.155429,15.277518,28.403254,28.403254,136.274304
25.859608,0.952224,15.093811,25.407375,25.407375,174.527812
7.407290,1.208961,13.622577,9.349353,9.349353,138.945115
7.384427,1.215898,15.521836,31.282156,31.282156,150.260532
7.514267,1.240259,14.137429,3.806453,3.806453,126.888763
7.849884,0.906009,16.724761,8.945962,8.945962,177.416053
24.755910,0.990556,14.736916,2.541301,2.541301,142.211964
8.549963,1.069970,15.334220,2.774403,2.774403,141.768871
7.139132,1.203185,15.126846,3.401584,3.401584,140.662979
9.491515,1.277647,18.331055,5.062311,5.062311,92.151215
7.472980,1.157492,16.946387,4.036147,4.036147,91.792996
7.454146,1.130145,15.327956,8.270819,8.270819,111.193098
7.390322,1.013681,24.244629,5.240298,5.240298,100.571873
28.751867,1.055694,11.862538,1.532463,1.532463,82.109024
7.197637,0.947632,12.667987,2.551148,2.551148,70.942376
6.618766,0.983587,11.374848,2.968827,2.968827,74.288930
7.232713,1.089022,11.844017,1.943692,1.943692,55.519656
8.194489,1.152997,9.015041,2.236255,2.236255,49.452630
6.986637,1.081184,9.674636,2.619150,2.619150,69.187189
7.253198,1.053664,10.244768,1.699734,1.699734,51.974324
7.350387,1.013474,11.120402,2.695328,2.695328,57.570990
6.445329,1.153909,10.238537,2.032833,2.032833,54.850386
27.721196,1.456643,11.558470,6.149715,6.149715,94.835765
9.593835,1.298578,15.602648,3.873957,3.873957,85.686011
32.095989,1.130493,13.139773,3.700659,3.700659,116.189797
7.732866,1.205356,12.052639,2.849028,2.849028,69.590352
25.603199,1.008274,12.360063,4.499508,4.499508,106.785010
7.420382,1.156319,10.649463,1.824156,1.824156,56.357682
7.425138,1.182960,13.787374,2.475198,2.475198,68.008278
32.989422,1.083225,12.658206,3.683279,3.683279,101.897710
8.767774,1.828867,12.966161,2.100900,2.100900,63.287025
34.782064,1.131643,11.995037,5.394455,5.394455,101.133656
7.269461,1.518360,12.712834,1.988419,1.988419,55.312162
7.655125,1.453766,14.050819,2.728580,2.728580,72.240105
6.924378,1.227448,10.454433,1.473482,1.473482,46.050906
7.002480,1.425149,11.680666,1.045815,1.045815,49.315728
6.604621,1.282945,9.450164,1.516482,1.516482,43.506695
30.715948,1.376221,8.523018,1.485738,1.485738,70.756247
7.370955,1.326641,8.716279,0.969398,0.969398,41.182875
6.068545,1.434898,8.115121,0.775160,0.775160,36.389654
8.253660,1.710015,8.690094,1.471212,1.471212,49.388486
7.202630,1.520445,6.887085,1.274010,1.274010,37.034540
36.793524,1.372519,8.977152,1.130134,1.130134,72.694924
6.867499,1.557485,8.142653,1.077764,1.077764,39.965379
6.030602,1.363823,7.836129,1.246772,1.246772,38.488025
29.117198,1.817784,8.490642,0.999883,0.999883,68.053036
8.889793,1.437384,8.435924,0.943984,0.943984,40.687014
27.609092,1.174525,7.616086,1.133337,1.133337,72.344706
8.215681,2.220144,11.888440,1.402845,1.402845,55.648669
34.789069,1.482677,8.305612,1.281338,1.281338,74.090337
7.074073,1.380302,11.178742,1.246610,1.246610,49.469196
6.776722,1.346193,8.062838,0.972785,0.972785,40.488321
7.107076,1.427060,10.610967,0.929318,0.929318,47.516918
6.842185,1.576050,10.384171,1.016948,1.016948,47.394644
7.099063,1.328107,12.980404,1.411623,1.411623,53.640340
7.042123,1.215561,10.321858,2.087275,2.087275,70.833314
7.803930,1.356908,13.415377,2.189150,2.189150,54.714043
31.398287,0.865136,12.085859,2.521217,2.521217,85.286623
8.889372,1.032994,18.315933,1.754807,1.754807,79.172682
7.946439,1.319107,13.087977,2.475284,2.475284,59.908137
8.081228,1.214779,15.136139,1.405392,1.405392,64.902098
30.023341,0.946318,12.840079,2.273165,2.273165,91.342049
8.351752,1.489982,17.782212,2.206835,2.206835,76.623410
7.942074,1.241040,13.578751,1.828162,1.828162,63.653796
6.894295,1.315437,10.833301,1.459335,1.459335,48.200072
33.453256,1.023157,7.327009,3.324593,3.324593,72.326651
8.686913,1.609530,12.277785,1.882127,1.882127,55.112757
28.318613,1.101061,7.708733,2.235842,2.235842,68.554497
7.039495,1.112830,8.118617,0.949813,0.949813,41.610682
9.611454,1.485694,55.299449,15.907445,15.907445,318.892025
9.887865,1.066962,26.093460,11.441873,11.441873,239.099487
29.581069,0.895174,17.861398,9.033073,9.033073,224.547469
8.282610,1.062912,17.713873,5.829526,5.829526,190.585831
12.889116,1.680768,19.675186,8.168620,8.168620,240.058850
39.618366,1.056443,22.095766,12.484757,12.484757,262.919410
8.963029,1.013799,18.301353,12.401751,12.401751,221.467206
9.675429,1.788428,20.424475,5.555017,5.555017,235.765706
26.742928,1.249931,21.545382,13.965555,13.965555,246.649239
9.036078,1.073509,31.178060,8.533484,8.533484,240.965163
12.027887,1.054435,24.249275,15.106524,15.106524,234.639771
8.840094,1.003638,50.754537,16.424393,16.424393,266.763414
8.887264,1.024233,18.015933,8.264078,8.264078,211.786368
9.351885,1.172874,20.768506,9.050323,9.050323,221.922369
9.315082,1.092985,18.622346,18.404986,18.404986,231.954347
8.274141,1.389606,16.518613,44.421953,44.421953,252.258415
11.018561,1.744428,25.125462,12.726979,12.726979,218.508821
8.061687,1.026838,15.373649,10.656150,10.656150,206.266513
9.319576,1.213574,21.654910,7.417115,7.417115,216.143532
8.141023,1.263762,16.195980,9.778172,9.778172,191.983037
8.384472,1.100920,20.573422,11.930334,11.930334,199.239123
8.216224,1.209124,19.229584,15.837922,15.837922,221.726980
9.140420,1.264859,16.055002,15.126065,15.126065,219.601126
30.743999,1.093961,17.401620,6.942648,6.942648,215.959488
8.193458,1.596698,16.473006,6.963394,6.963394,187.095519
32.461916,1.065474,15.258608,11.620198,11.620198,222.089086
7.894611,1.532669,17.427716,10.551867,10.551867,180.699196
7.543154,1.325035,13.927266,5.695583,5.695583,106.417965
29.428280,1.262514,15.939829,2.725562,2.725562,152.675571
7.991242,1.830148,15.932371,8.444181,8.444181,115.885531
6.808651,1.218894,13.637645,9.876800,9.876800,116.974587
31.974259,1.059167,14.689095,4.668982,4.668982,143.072410
6.725862,1.280274,14.196117,4.151547,4.151547,136.223624
8.139906,1.403600,19.428947,3.989063,3.989063,121.004339
33.354616,1.316849,20.183111,3.836990,3.836990,152.175006
7.140241,1.088294,14.837943,3.941872,3.941872,127.808321
33.917525,1.382734,14.991720,4.444337,4.444337,149.136049
7.611374,1.475381,15.761669,4.036700,4.036700,117.005492
7.764793,1.184925,13.746945,9.603171,9.603171,142.266960
32.378531,0.972004,14.190147,5.197590,5.197590,151.739729
7.861251,1.205877,15.646693,8.573065,8.573065,186.128728
7.530247,1.033699,13.885383,3.574500,3.574500,130.694379
32.112144,1.075788,14.926399,4.885346,4.885346,161.741461
9.035092,1.172321,14.216635,9.881467,9.881467,183.500403
7.767844,1.237534,15.723869,11.300680,11.300680,187.372819
38.255844,1.036337,14.534232,36.275252,36.275252,206.653373
7.421089,1.281946,14.244037,10.356499,10.356499,166.496317
7.737186,1.346041,16.437854,32.074623,32.074623,169.101894
7.929546,1.355572,15.878200,4.477774,4.477774,173.682141
9.903256,1.380976,19.210228,4.906016,4.906016,188.950454
38.723582,1.078719,15.185307,6.317606,6.317606,215.028478
7.714714,1.334750,14.989354,9.149482,9.149482,171.854369
39.084460,1.520445,15.976002,11.090505,11.090505,242.704261
7.825794,1.458022,17.415713,8.942966,8.942966,194.275834
38.036687,1.050700,14.637235,50.515305,50.515305,225.606223
9.678436,1.967631,20.392743,8.072652,8.072652,193.140443
8.589718,1.388326,19.048743,8.091998,8.091998,183.962354
8.512542,1.322917,13.929708,6.664709,6.664709,158.649894
8.240818,1.469768,16.271832,7.703467,7.703467,182.579298
7.817304,1.391876,47.414250,34.656414,34.656414,215.194972
8.223856,1.614632,13.531412,9.995165,9.995165,154.683558
7.756695,1.611267,15.458816,8.559679,8.559679,173.584815
8.201985,1.557215,16.230155,9.293543,9.293543,187.002939
7.331547,1.363422,13.998253,6.218903,6.218903,155.833098
7.710387,1.472200,15.765610,33.396542,33.396542,155.376938
34.937407,1.124174,14.653335,4.613097,4.613097,151.628506
7.665959,1.298752,14.223258,7.313949,7.313949,133.985460
7.886567,1.338811,18.733850,6.805980,6.805980,118.149361
7.365765,33.152157,14.241626,4.257276,4.257276,163.467336
7.830255,1.160532,13.051165,8.675103,8.675103,150.876113
8.286094,1.556487,16.454876,31.516510,31.516510,166.419333
7.545750,1.321256,13.938035,9.072556,9.072556,140.750014
8.107482,1.465675,16.815116,5.292918,5.292918,182.171681
9.495684,1.459423,17.147704,6.345907,6.345907,176.017197
8.140112,1.383169,14.756065,5.286068,5.286068,134.473150
7.490622,1.274173,13.445937,40.628299,40.628299,130.052543
7.674659,1.533048,13.256683,3.439059,3.439059,69.565343
7.197353,1.053696,11.254194,7.475250,7.475250,101.786357
35.214730,1.742604,12.323663,3.346663,3.346663,103.992382
7.915074,1.598381,14.656472,3.265883,3.265883,78.860001
7.412871,1.459401,12.443547,4.056079,4.056079,100.161033
7.171163,1.587709,12.556788,4.833444,4.833444,100.920290
34.880012,1.166394,12.370956,4.316257,4.316257,103.982667
7.009012,1.340449,12.627950,2.305342,2.305342,56.972803
8.308784,1.447795,16.187523,3.394821,3.394821,74.421082
9.175187,1.983808,14.962159,6.566657,6.566657,106.005221
7.323127,1.662269,19.371615,5.178580,5.178580,95.319266
36.652340,1.525960,12.480436,4.352310,4.352310,126.199865
8.133066,1.618714,12.639034,3.268835,3.268835,75.248350
6.744046,1.588892,12.376707,6.658971,6.658971,113.982919
7.564824,36.478887,12.475074,4.201898,4.201898,139.517180
7.396499,1.475110,14.493347,3.749914,3.749914,80.342308
7.360012,1.765913,13.119482,6.337549,6.337549,124.025512
41.136291,1.691092,13.352433,5.267526,5.267526,157.804246
8.406770,1.467933,16.209138,8.518003,8.518003,105.546541
39.355587,1.184589,14.327492,4.072743,4.072743,146.050106
8.525787,1.327271,12.930011,44.726386,44.726386,137.730598
37.929690,1.502391,13.814200,8.005496,8.005496,165.511610
8.184557,1.297807,13.307826,43.557056,43.557056,133.963149
7.639177,1.394796,17.184179,4.964867,4.964867,108.488770
7.569308,1.431923,14.572902,7.794301,7.794301,145.576606
36.441455,1.172701,14.820371,4.962956,4.962956,161.286578
8.033071,1.468932,16.317613,5.663925,5.663925,121.120140
7.879999,1.467357,13.592419,11.226933,11.226933,128.424058
8.686142,1.234853,16.799744,39.789481,39.789481,155.492575
8.016688,1.559834,49.454951,5.135536,5.135536,158.417165
8.286593,1.192166,13.990166,48.709897,48.709897,155.260859
8.745069,1.290229,15.295421,6.635756,6.635756,118.273510
7.684903,1.219068,12.949214,10.651721,10.651721,137.698746
8.299376,1.283433,15.863088,39.567603,39.567603,159.887336
7.433996,1.174948,13.285418,5.012873,5.012873,107.293445
7.853781,1.421187,14.573281,40.140393,40.140393,164.988919
34.194511,1.633718,13.817347,5.177995,5.177995,152.646953
7.888217,1.621776,17.919151,4.051584,4.051584,153.845242
37.775320,1.383603,14.879152,5.498142,5.498142,163.612220
9.423350,1.817588,16.273590,39.822895,39.822895,149.188343
34.680298,1.171518,14.024840,4.656400,4.656400,154.340270
7.145147,1.371412,13.542882,4.301927,4.301927,71.769937
7.136484,1.506288,12.538962,7.990123,7.990123,115.474007
8.370221,1.416357,16.292838,8.396099,8.396099,93.276523
8.725528,2.245981,52.545901,4.974702,4.974702,145.581684
7.898161,1.592637,13.708297,2.447570,2.447570,69.271301
7.682623,1.402146,15.922731,6.536466,6.536466,105.790567
7.457088,1.662757,14.265901,6.688539,6.688539,106.108327
45.716536,1.664983,14.247359,3.744171,3.744171,138.556215
7.272804,1.437070,15.116583,2.435508,2.435508,76.035996
7.674887,1.722695,15.592194,3.610911,3.610911,80.330185
37.698651,1.560601,15.736031,4.041934,4.041934,134.975421
7.376155,1.652813,12.843107,3.145585,3.145585,64.734807
8.580002,1.608934,14.150272,3.650298,3.650298,69.648466
7.365901,1.542764,13.666806,9.312334,9.312334,108.961908
7.036456,1.615511,10.573720,1.837541,1.837541,49.699444
6.544195,1.405847,5.484366,1.200558,1.200558,33.629200
7.639807,1.564000,9.041680,1.480005,1.480005,46.198897
6.675609,1.222552,7.551157,1.756913,1.756913,42.476101
41.933718,1.365572,6.622685,2.095852,2.095852,83.874416
7.832568,1.853967,7.818130,1.965416,1.965416,49.439646
6.608822,1.201502,45.231593,6.671624,6.671624,100.772484
7.967575,1.189669,10.042378,5.782507,5.782507,62.918629
40.714107,1.242083,9.767076,4.929335,4.929335,113.371013
7.922349,1.117769,10.066868,2.913991,2.913991,62.996403
41.943238,1.357418,11.441472,3.385104,3.385104,137.208643
9.180695,1.339972,12.726980,4.221537,4.221537,75.724187
38.827594,1.182960,11.369008,3.089905,3.089905,136.303733
8.648884,1.720143,11.425774,4.228876,4.228876,81.350440
40.638265,1.763644,11.934557,2.622157,2.622157,147.537742
8.172227,1.377121,13.269840,6.020908,6.020908,92.685123
7.494397,1.483946,12.116279,7.465838,7.465838,121.138788
38.557525,1.342209,14.040006,4.231264,4.231264,154.514620
8.145811,1.515234,14.527012,3.562059,3.562059,118.452561
7.108193,1.365648,51.566771,4.267253,4.267253,142.847874
8.883268,1.298816,14.867646,5.309962,5.309962,95.758697
41.065466,1.260940,14.553143,3.152479,3.152479,158.392811
8.337954,1.938514,14.311745,4.496327,4.496327,94.186088
42.120992,1.140458,14.217710,2.380543,2.380543,136.351835
8.210187,1.342111,15.322007,3.302305,3.302305,89.626059
38.009866,1.131470,14.691732,3.101358,3.101358,144.923685
7.681342,1.194533,13.316315,3.307972,3.307972,79.303659
38.146144,1.215724,14.502055,4.230743,4.230743,156.278960
9.095321,1.366776,13.314492,6.905911,6.905911,101.220472
41.451163,1.385134,14.399236,2.911147,2.911147,157.963504
8.428125,1.306058,13.624270,46.558407,46.558407,139.859526
8.134173,1.649687,16.004641,48.425272,48.425272,172.526702
7.395609,1.253134,13.990101,9.761378,9.761378,127.305671
7.756717,1.626759,18.962621,6.980948,6.980948,183.794227
8.145030,1.329073,15.843047,3.378949,3.378949,149.906086
8.028858,1.567072,15.625697,41.580633,41.580633,161.497773
35.802496,1.085504,14.541212,46.764312,46.764312,208.025604
8.827102,1.161161,13.215668,39.830701,39.830701,140.234165
7.982398,1.307154,15.361144,5.708632,5.708632,123.140773
7.292887,1.431577,52.721223,47.644319,47.644319,236.154774
9.821379,1.413023,14.312832,8.124099,8.124099,164.278712
8.824818,1.293889,13.220433,5.438282,5.438282,124.192013
8.451629,1.539204,13.230617,7.498394,7.498394,126.851874
8.432445,1.647483,17.142690,46.790891,46.790891,172.325765
7.885551,1.656428,13.478940,2.615698,2.615698,79.561235
7.193143,42.222934,13.692600,4.561030,4.561030,142.104847
7.452875,1.448056,12.868880,2.319977,2.319977,60.372378
8.479007,1.883084,13.069294,1.845771,1.845771,58.138067
45.265823,1.547032,12.049047,2.855673,2.855673,115.908754
7.241061,1.593897,10.613355,1.981961,1.981961,52.588566
8.423805,1.536728,12.708947,1.799849,1.799849,51.362908
6.910236,1.311779,54.916651,5.693531,5.693531,115.213205
7.026881,1.389411,12.776581,1.793813,1.793813,50.905464
7.876080,0.988053,15.840615,3.367224,3.367224,62.673937
8.046499,1.490102,15.386406,1.874626,1.874626,57.857741
8.655399,1.177912,15.456102,2.004878,2.004878,62.186188
10.239318,1.717179,17.743630,3.243769,3.243769,77.688895
8.012910,1.718829,15.424380,4.058749,4.058749,76.624634
7.574604,1.192568,11.547830,5.767722,5.767722,123.773434
7.679866,1.283792,11.298290,10.727070,10.727070,126.647764
7.571932,1.209329,11.733926,8.496442,8.496442,127.355748
7.595655,42.054915,13.057201,2.688575,2.688575,153.900716
8.330854,1.536381,15.045349,7.150358,7.150358,88.452196
7.391886,1.457891,13.253296,6.934766,6.934766,87.938300
7.602028,1.376373,10.175419,3.084357,3.084357,64.112718
6.924421,1.239444,9.697338,46.990272,46.990272,102.521273
7.007937,1.291424,10.154749,2.783143,2.783143,61.781299
6.773858,1.206148,9.812520,2.497192,2.497192,54.664702
7.001619,1.192578,13.125584,7.101267,7.101267,88.778119
7.319779,1.178314,11.578575,4.965063,4.965063,110.824828
7.396966,1.496029,16.451142,6.721769,6.721769,92.556497
8.311097,1.170834,14.425724,3.829001,3.829001,77.311461
7.119158,1.492012,53.764175,5.672903,5.672903,143.101080
7.166002,1.789231,14.967208,2.114655,2.114655,74.546795
44.689721,0.937731,13.398474,3.491440,3.491440,137.897389
9.385082,1.427668,14.133032,4.018885,4.018885,87.203122
7.151574,1.073270,52.505158,4.652351,4.652351,175.000824
7.692285,1.205650,15.749933,4.147824,4.147824,106.730447
7.136083,1.009446,13.199753,3.778520,3.778520,118.420325
8.085484,1.224203,16.214240,4.104790,4.104790,122.001029
9.063870,1.018566,15.117141,5.697993,5.697993,167.867369
7.032960,1.473763,17.501397,4.405321,4.405321,162.692793
7.759346,1.430437,15.788680,48.361632,48.361632,167.790498
7.833990,1.177532,13.713432,7.294983,7.294983,148.232805
43.176376,0.988820,15.582228,44.332021,44.332021,230.205549
9.934336,1.255479,15.491748,7.131621,7.131621,186.264161
7.238260,1.666536,55.155030,48.705095,48.705095,233.487782
7.879542,1.519403,16.670439,11.430735,11.430735,191.391110
48.034903,1.043111,14.663202,6.207796,6.207796,260.862802
8.129267,1.375580,16.784414,5.185723,5.185723,194.165011
7.869241,1.292292,14.404697,6.479362,6.479362,149.808760
44.661047,1.423314,15.292384,3.949623,3.949623,180.763281
7.384970,1.926811,17.487815,44.481402,44.481402,166.948863
8.217352,1.369827,17.202625,3.846425,3.846425,120.469781
7.824007,1.439121,15.646269,46.217644,46.217644,168.710123
7.459204,1.579915,13.958878,10.917121,10.917121,148.029699
9.078355,1.521465,19.569085,6.759342,6.759342,207.171689
7.633215,1.331971,14.095970,6.494648,6.494648,153.103801
41.932149,1.195423,14.078915,4.594575,4.594575,149.375805
7.980169,1.317294,17.220827,8.279103,8.279103,111.253840
7.093042,1.316860,14.858341,5.010072,5.010072,127.571791
7.974382,1.510403,17.721332,45.777179,45.777179,172.956180
7.396749,1.089782,14.823493,8.251289,8.251289,137.957816
7.511281,1.301889,15.695739,4.125416,4.125416,100.409302
7.203608,1.202175,14.663540,9.050539,9.050539,128.667931
7.633445,1.174504,16.232054,8.910604,8.910604,111.715030
7.587264,1.098998,15.444096,5.355720,5.355720,139.226974
44.583906,1.001347,15.762159,51.600386,51.600386,226.355569
9.656577,1.040071,17.174942,10.173149,10.173149,176.827827
44.222054,0.763034,15.946939,4.141441,4.141441,178.848707
8.900812,1.098097,17.644188,8.963582,8.963582,194.032000
46.524776,1.000783,16.327220,44.511505,44.511505,235.596015
47.020260,0.926136,16.107079,51.984889,51.984889,234.755240
7.878621,1.100953,15.471974,9.423784,9.423784,159.837469
7.693621,1.056236,15.118694,5.986993,5.986993,170.334207
47.036062,0.823101,15.169501,14.653324,14.653324,270.202180
47.166597,1.235102,14.753059,7.325729,7.325729,258.357076
8.362836,1.051036,16.689315,10.077258,10.077258,200.652828
8.532442,1.195900,20.041894,11.128077,11.128077,203.562870
8.225043,1.379543,18.411206,11.824248,11.824248,230.538199
7.821441,1.304635,14.991134,6.264531,6.264531,208.231691
7.375905,1.311258,14.978726,4.639639,4.639639,191.227169
7.594927,1.345683,15.210884,7.931164,7.931164,197.879828
7.939600,1.490883,17.232328,7.418385,7.418385,203.634946
7.927310,1.251082,15.454593,10.171816,10.171816,192.004824
50.648998,1.083018,17.805662,11.934124,11.934124,279.414497
43.976013,1.413924,17.140304,10.843387,10.843387,278.651572
8.407596,1.791555,18.208450,6.730378,6.730378,203.249371
8.490178,1.423597,17.353330,5.564353,5.564353,207.396007
7.482263,1.300716,16.688326,6.947273,6.947273,213.207229
7.716766,1.255957,14.388998,10.122300,10.122300,177.517210
7.667903,1.359470,14.635965,10.143441,10.143441,163.204291
7.336826,1.367070,14.386024,8.736059,8.736059,143.953399
6.515383,1.171279,59.970246,2.651306,2.651306,153.056826
50.829318,1.285550,15.089426,3.274436,3.274436,149.455814
6.773639,1.307491,14.459618,56.054547,56.054547,125.802205
6.786503,1.193491,15.077592,2.298427,2.298427,69.248460
7.376622,1.390366,16.763473,2.846641,2.846641,72.782174
53.136475,1.306285,16.176027,5.818321,5.818321,166.931245
7.405390,1.279971,16.387232,6.561510,6.561510,132.786551
7.675079,1.579155,15.841993,2.127954,2.127954,66.732672
46.631220,1.425768,12.988970,5.526845,5.526845,135.780031
6.850631,1.056910,57.992108,3.740219,3.740219,136.360705
6.895837,47.466952,13.826728,5.342563,5.342563,145.795041
7.161074,1.659453,60.587149,4.673923,4.673923,146.930332
7.859328,1.498125,58.763043,4.233370,4.233370,148.596246
8.013888,1.286050,15.556195,6.674599,6.674599,91.877827
7.835042,1.374365,15.271222,4.017083,4.017083,82.292795
7.945386,1.388488,13.594829,4.978372,4.978372,134.046016
48.016017,1.185349,13.194270,4.265743,4.265743,143.391766
8.635488,1.573412,18.504998,6.550178,6.550178,122.584795
7.022451,1.388109,12.825347,14.370174,14.370174,137.305874
7.460247,1.312387,14.851458,6.804720,6.804720,106.822995
8.034916,1.310867,13.402318,4.465887,4.465887,129.241905
7.932130,1.266466,15.969781,8.365658,8.365658,125.398672
7.407431,1.548117,14.208200,11.316377,11.316377,149.831524
7.571934,1.250485,13.183794,6.215330,6.215330,141.741622
6.830493,1.483284,13.525903,5.251979,5.251979,133.972976
7.200307,1.619920,59.897760,5.721811,5.721811,164.869469
8.555159,1.577982,15.212993,6.812201,6.812201,117.409004
7.321321,1.470061,13.320853,5.256137,5.256137,137.079804
7.350860,1.832022,59.122772,3.103431,3.103431,157.320689
7.241506,48.632907,13.037356,2.646074,2.646074,144.492003
7.966425,1.766900,15.466621,6.191491,6.191491,94.234378
7.022419,1.511010,13.430685,54.331604,54.331604,129.400752
6.993097,1.474653,13.802301,3.742976,3.742976,70.000736
53.325816,1.243602,14.000979,2.694796,2.694796,140.933980
8.169782,1.545109,14.916260,3.245636,3.245636,74.069603
7.478214,2.117162,14.055498,3.066640,3.066640,72.974208
7.399054,1.693057,10.470684,4.496501,4.496501,69.963610
6.927634,1.538151,51.950659,5.889169,5.889169,118.220610
7.649761,1.479007,8.559159,2.579829,2.579829,52.241864
6.987255,1.439730,8.603050,2.330735,2.330735,52.630513
6.895315,1.009566,51.182751,7.383732,7.383732,109.605074
9.177538,1.175828,22.342341,11.040805,11.040805,224.775124
11.459341,1.343229,27.532962,23.688468,23.688468,252.971577
9.297375,1.116238,19.245489,10.742468,10.742468,207.359726
50.235073,0.698245,17.606300,12.395269,12.395269,278.471022
45.925982,0.850850,18.089669,16.081675,16.081675,285.744229
49.680903,1.380002,19.101678,9.267764,9.267764,288.646870
53.751259,1.281990,18.153545,20.148034,20.148034,295.981908
9.367819,1.879838,21.670925,10.577067,10.577067,228.981722
9.348453,1.142293,16.873592,13.333597,13.333597,203.198240
54.199471,1.228287,18.514720,12.734112,12.734112,287.551797
54.572089,0.944375,17.431169,12.574607,12.574607,303.022034
52.152287,1.424520,17.766996,14.351566,14.351566,279.522766
7.550917,1.353195,65.810693,11.966938,11.966938,301.295590
53.550376,1.226656,18.405876,19.241496,19.241496,302.526994
59.305561,1.516699,22.581565,16.972584,16.972584,303.823380
60.578460,1.345053,17.841725,8.757587,8.757587,313.826716
7.184055,1.415932,70.090757,57.212647,57.212647,280.094742
57.609581,1.765913,17.447789,2.521228,2.521228,183.172974
7.834740,50.707014,16.350690,7.170746,7.170746,197.922232
8.403887,1.981743,74.746588,7.718079,7.718079,184.326984
8.005658,1.763014,14.946754,8.329964,8.329964,93.976653
8.670478,1.474979,16.353459,4.095519,4.095519,68.336014
8.546425,1.351415,13.313036,4.490270,4.490270,70.730594
8.761972,1.508416,14.345281,8.319237,8.319237,133.533713
9.392150,1.561481,14.460887,56.212624,56.212624,145.966632
55.084585,1.229197,14.348172,4.258307,4.258307,171.093110
7.690017,1.453332,14.558669,4.342365,4.342365,85.405760
6.639913,1.296559,12.904314,57.271434,57.271434,125.548640
7.009272,1.286300,64.825921,3.914026,3.914026,159.635620
7.939913,1.988225,14.529915,9.205821,9.205821,101.862459
7.443413,1.467423,13.054672,3.672944,3.672944,87.039048
7.380942,1.521313,14.090477,5.603652,5.603652,89.693106
7.727948,1.406770,12.100125,4.460297,4.460297,97.224819
8.325513,1.397574,14.620669,4.906113,4.906113,103.433320
9.227790,1.641230,14.991231,6.201219,6.201219,124.858496
7.212346,2.016049,13.118636,6.062986,6.062986,111.839364
8.399565,1.473220,15.687207,7.361293,7.361293,103.470625
7.480667,1.359166,13.573214,7.965111,7.965111,102.038884
7.003453,0.965480,12.873080,9.975134,9.975134,142.934646
52.246694,1.126432,15.510329,5.227770,5.227770,170.470473
51.094932,1.474122,14.629058,5.298357,5.298357,172.712254
51.838928,1.090672,14.112025,2.530499,2.530499,146.721830
50.028197,1.330267,13.187934,3.994828,3.994828,149.058915
7.676870,1.417224,14.016200,7.532961,7.532961,83.649477
7.329170,1.278005,13.331438,62.151417,62.151417,137.729576
7.170409,1.024135,13.516296,57.029005,57.029005,136.638404
7.298088,1.161574,14.078372,3.879862,3.879862,77.266950
6.702793,1.136865,13.819497,4.506651,4.506651,81.079483
6.334617,1.031170,62.132429,4.533912,4.533912,156.704563
8.059602,0.958781,16.302174,4.551086,4.551086,103.717534
6.695161,0.865093,15.106415,48.530338,48.530338,140.158658
7.686402,0.810008,14.915966,6.633878,6.633878,162.184944
7.806317,1.276877,16.762344,6.754641,6.754641,111.763969
7.431640,1.009924,60.242496,2.573294,2.573294,162.924625
54.443379,0.792465,14.545968,6.072182,6.072182,170.807938
7.339916,1.585147,62.899719,4.274439,4.274439,177.328812
7.698376,1.375298,16.273613,54.635891,54.635891,193.469537
7.804255,1.143976,16.195296,9.862036,9.862036,209.153485
8.507505,1.066485,15.262042,7.743494,7.743494,129.947115
7.777354,1.200612,13.750984,46.523565,46.523565,186.053956
7.743309,1.217189,14.354129,5.786361,5.786361,197.628931
8.542700,1.520553,15.772515,4.560086,4.560086,201.540384
7.328410,1.161650,13.372788,10.124482,10.124482,159.106242
7.806568,1.291662,14.387957,10.580668,10.580668,209.882136
8.799057,1.193860,13.689256,11.045680,11.045680,189.916519
8.408063,1.307935,64.327256,51.952472,51.952472,275.201383
7.800194,1.314254,14.501056,6.996993,6.996993,204.895535
7.575060,1.087361,14.603082,12.109243,12.109243,168.058502
7.034447,1.235287,63.059597,59.439239,59.439239,260.336821
7.669325,1.508188,15.231619,15.292913,15.292913,215.729012
7.426038,1.751995,14.517778,14.386827,14.386827,191.992376
7.425887,1.181635,66.989874,46.136289,46.136289,282.148082
10.139099,1.356137,22.165332,18.132443,18.132443,223.980196
7.905945,1.115087,14.628399,11.649606,11.649606,199.583394
7.732051,1.048279,64.855842,6.576427,6.576427,297.698599
56.138856,1.358146,14.099997,41.176817,41.176817,259.715993
7.153561,1.101799,65.371106,56.917147,56.917147,278.342649
58.230335,1.419809,14.755336,55.490280,55.490280,278.290072
7.421023,1.364562,16.994221,9.628682,9.628682,210.498702
7.555965,1.199668,64.785353,13.660813,13.660813,299.056351
7.651608,1.697117,67.690117,6.436872,6.436872,205.151100
6.804265,1.296385,13.856820,11.467158,11.467158,163.864322
7.683807,1.353054,17.151249,8.279721,8.279721,198.222489
7.860675,1.248380,13.564518,58.465260,58.465260,154.431299
8.140384,1.691896,65.403044,6.445904,6.445904,187.835225
8.718060,1.833763,16.269813,7.308793,7.308793,118.612875
7.621275,1.335499,14.323124,59.879672,59.879672,145.354531
7.235106,1.467575,61.057538,4.147063,4.147063,144.085640
6.988776,1.095557,11.482682,2.915544,2.915544,59.121589
8.010598,1.164689,8.663095,2.453193,2.453193,57.169495
7.202758,1.325403,8.254102,2.087189,2.087189,45.805543
6.893936,1.102788,6.460614,1.620191,1.620191,48.334209
9.270712,1.299120,9.998041,1.794312,1.794312,60.946623
7.622101,1.237002,8.779972,2.606003,2.606003,60.277876
9.121767,1.398552,12.056005,2.944335,2.944335,70.871082
8.257966,1.177716,12.402131,2.982016,2.982016,72.190047
7.602635,1.110680,11.947911,2.348160,2.348160,71.548462
7.053760,1.279319,11.986450,6.645624,6.645624,149.989428
7.306719,1.231367,64.654711,5.013806,5.013806,153.056230
7.571251,1.224333,60.059222,3.208291,3.208291,168.762838
7.527316,1.271111,61.890447,4.053050,4.053050,159.156269
8.726347,1.710286,13.083256,5.555082,5.555082,99.926317
7.155276,1.472689,11.380189,62.734541,62.734541,143.592027
6.821320,1.280839,61.521630,3.076139,3.076139,168.400948
7.531007,1.651370,12.715623,10.177829,10.177829,117.832427
6.816467,1.322852,11.662775,9.885104,9.885104,160.815455
6.747769,1.344630,64.279825,3.108501,3.108501,176.967716
7.347115,1.504008,13.761742,57.611253,57.611253,189.644910
7.485324,1.720719,14.134715,54.232343,54.232343,195.078779
7.352673,1.304896,12.952190,7.923380,7.923380,91.110938
7.179435,1.250898,65.054948,4.291320,4.291320,169.235885
7.900083,1.254817,13.966087,5.699035,5.699035,124.013702
7.508893,1.569318,13.888672,5.073364,5.073364,127.837501
7.838105,1.689387,14.350775,58.850468,58.850468,195.932617
7.697041,1.474338,13.842219,50.097492,50.097492,194.175442
7.959933,1.658459,13.703151,13.079880,13.079880,225.757861
8.841288,1.816828,13.997135,6.293137,6.293137,218.861396
8.636378,1.810694,13.483955,47.668980,47.668980,195.572433
8.025222,1.743440,13.617855,8.242256,8.242256,128.846960
7.717938,1.520087,13.090290,8.711687,8.711687,108.221299
7.807198,1.578579,12.733026,4.507911,4.507911,108.979252
7.756369,1.632925,13.226470,8.079643,8.079643,125.072262
7.537163,1.753004,13.373212,8.166894,8.166894,100.465157
7.606955,1.812008,13.719034,7.111656,7.111656,104.765063
7.561980,1.711154,13.589205,9.190562,9.190562,99.265553
8.042353,1.504844,13.553836,9.908115,9.908115,94.735932
7.615728,1.364138,18.090278,4.038589,4.038589,135.839079
8.371640,1.471766,13.200295,10.840204,10.840204,95.444054
7.174263,1.363215,67.667254,3.216162,3.216162,163.633467
7.796471,1.521530,14.108585,6.290998,6.290998,90.446435
7.855888,1.678075,13.991991,5.355698,5.355698,85.796092
7.621779,1.528750,13.992804,8.039464,8.039464,90.497962
7.239052,1.520803,63.989457,3.534821,3.534821,156.703390
7.454819,1.602039,13.007545,3.917793,3.917793,72.184501
7.964256,1.456861,12.632585,61.791818,61.791818,156.858148
8.370435,1.321289,14.253754,3.598754,3.598754,74.795108
6.784604,1.305569,13.109875,4.156617,4.156617,80.487346
8.484038,1.210611,13.153614,7.947220,7.947220,86.137641
7.303537,1.609367,13.169183,65.429588,65.429588,152.160522
8.706953,1.463157,15.593757,10.052441,10.052441,171.659447
8.364215,1.726038,14.386969,6.762295,6.762295,116.840349
9.269052,1.555499,12.539743,8.752886,8.752886,182.308988
8.032604,2.049116,67.767966,5.779989,5.779989,181.033295
7.034817,1.497592,68.312173,3.102096,3.102096,180.418176
7.858547,1.548443,12.410306,8.804920,8.804920,173.882394
7.086340,1.587123,67.879914,3.308113,3.308113,161.421423
6.777352,1.141967,67.630397,4.263648,4.263648,156.529115
7.717775,1.894938,63.463749,3.390620,3.390620,152.217593
7.076623,1.273273,9.760128,4.729550,4.729550,133.358019
6.865646,1.184718,9.855619,5.377031,5.377031,139.808807
7.043925,1.090922,65.881301,3.289397,3.289397,142.791378
6.770882,1.364323,9.134392,7.986334,7.986334,91.181309
6.824402,1.460291,9.452194,9.265219,9.265219,107.287257
7.305341,1.355963,10.680577,4.346545,4.346545,138.820671
6.434994,1.349406,10.863708,6.223211,6.223211,154.730940
6.783345,1.305982,11.469969,4.978839,4.978839,148.127350
7.142552,1.230532,64.345045,2.841170,2.841170,147.028818
6.498199,1.212337,66.442537,2.785108,2.785108,155.603666
6.467768,1.162268,11.328622,2.666993,2.666993,158.789665
6.768473,1.319095,10.890318,5.673012,5.673012,171.662368
6.624672,1.422804,10.716467,5.689645,5.689645,103.047929
7.201643,1.353911,66.635010,4.972412,4.972412,162.333369
7.205921,1.535925,71.395282,3.956788,3.956788,155.024935
6.992977,1.471744,65.495646,3.917456,3.917456,154.161144
7.169953,1.711176,12.637319,3.370155,3.370155,75.873696
7.125084,1.605546,12.368815,3.756906,3.756906,77.536075
7.298338,1.687304,13.353193,3.998053,3.998053,80.799721
7.282672,1.668598,13.884580,4.110718,4.110718,79.057017
8.235950,1.615707,13.297990,6.774476,6.774476,86.672750
7.716289,1.486943,11.455563,2.649656,2.649656,73.449751
6.936731,1.484055,10.309818,3.052202,3.052202,65.112957
7.294299,1.546652,11.336873,3.187013,3.187013,70.059251
6.870372,1.662388,10.257090,3.445215,3.445215,72.466537
7.190754,1.649480,10.974246,4.059140,4.059140,71.927124
10.092831,1.366320,12.018648,6.547322,6.547322,71.032083
6.808553,1.210882,10.793709,7.831277,7.831277,100.472725
6.764434,1.218535,11.057220,2.388316,2.388316,69.177288
10.075163,1.623795,15.104189,3.797236,3.797236,74.734931
7.106837,1.278266,13.069999,3.530577,3.530577,67.858170
8.324101,1.814982,18.336430,11.489759,11.489759,100.100000
9.111873,1.137354,13.956968,4.308104,4.308104,71.890969
6.286113,1.164124,69.142722,2.967339,2.967339,167.446378
6.864027,1.611940,13.040949,2.241639,2.241639,75.929474
7.827965,1.365560,7.556139,1.434887,1.434887,49.166506
6.871215,1.549213,7.593528,2.715151,2.715151,44.418414
8.705133,1.881791,6.445567,2.623667,2.623667,49.948248
7.108345,1.563131,5.574840,2.085473,2.085473,55.127564
6.616519,1.523593,6.289098,2.417009,2.417009,56.468677
7.623457,1.698692,7.093581,3.165756,3.165756,57.716426
7.041688,1.613395,7.915455,2.120344,2.120344,61.295366
7.096154,1.760473,7.936472,2.002771,2.002771,59.248378
8.079982,1.360078,7.977770,3.367550,3.367550,56.360183
7.403546,1.529704,9.134848,5.452698,5.452698,141.561476
7.622078,1.630439,9.932242,3.602814,3.602814,71.517815
9.932633,1.410819,10.083555,2.601628,2.601628,69.333984
7.843295,1.764935,70.241112,2.963322,2.963322,161.795188
8.037546,1.586211,10.784199,2.705435,2.705435,78.152554
8.271189,1.463743,10.808788,6.404304,6.404304,83.840296
7.075994,1.435886,70.181696,3.204318,3.204318,165.611552
7.734603,1.563011,11.491725,5.829460,5.829460,102.415820
8.238990,1.627301,11.463282,68.378254,68.378254,157.584963
7.305764,1.513388,70.655404,3.470032,3.470032,171.725812
7.661443,1.692623,14.888522,5.044638,5.044638,113.770365
9.081408,1.766216,13.070927,4.862591,4.862591,85.157738
7.478387,1.447003,12.433559,3.117533,3.117533,162.442430
7.558940,1.772492,13.317139,2.810500,2.810500,76.374436
7.126649,1.691972,12.848936,2.340951,2.340951,63.441418
6.662245,1.389585,12.283094,3.905471,3.905471,150.848385
6.818497,1.738447,13.364028,2.300186,2.300186,73.660902
7.565996,1.657220,14.245307,6.353540,6.353540,86.526318
6.878868,1.400018,12.805067,2.642958,2.642958,77.299802
7.812018,1.593376,14.545262,4.238147,4.238147,84.262544
6.978430,1.544991,12.822752,3.867116,3.867116,82.430811
7.326792,1.542558,13.186672,6.872561,6.872561,93.006289
7.702338,1.621309,13.792552,5.296978,5.296978,115.772660
7.491632,1.689768,13.796221,5.065384,5.065384,85.408485
7.157535,1.571186,12.541719,9.660697,9.660697,93.371294
8.036913,1.403557,12.207872,2.058649,2.058649,74.990366
7.688084,1.541701,12.657217,3.501385,3.501385,68.125360
8.036729,1.184680,73.149378,3.720321,3.720321,159.572377
7.116694,1.196856,68.345295,3.028165,3.028165,162.035749
8.384614,1.373822,74.010045,2.515051,2.515051,170.537597
7.260353,1.148329,13.477659,6.616671,6.616671,188.236087
7.324187,1.195618,70.452238,4.496402,4.496402,176.222639
7.575810,1.326771,13.539137,3.137650,3.137650,75.764657
6.949488,1.231259,11.624333,4.148779,4.148779,160.526052
8.041919,1.231693,11.458657,9.199008,9.199008,84.217502
8.968328,1.345954,12.042794,2.983362,2.983362,74.451655
7.453450,1.627454,10.044993,3.062721,3.062721,60.962930
7.384808,2.057313,8.492003,2.687869,2.687869,56.100003
8.783587,1.289600,7.920210,3.246190,3.246190,56.376225
7.298663,1.345617,9.874672,4.278845,4.278845,171.557878
7.891660,1.535089,11.287901,7.555520,7.555520,86.870990
9.457102,1.712381,11.137067,5.953296,5.953296,84.200968
7.162224,1.104177,89.667768,7.208016,7.208016,202.694837
9.462150,1.820823,18.276111,5.971969,5.971969,107.796616
7.804907,1.174492,12.402023,5.188058,5.188058,77.187570
7.190212,1.150804,72.316587,3.569301,3.569301,176.173080
8.105567,1.181408,12.811570,9.826872,9.826872,106.070829
8.627303,1.225342,12.453199,5.909829,5.909829,104.343185
62.420041,0.932900,12.419674,5.965563,5.965563,192.258392
8.322376,1.209275,12.592320,7.357136,7.357136,134.712462
8.439491,1.144530,12.510844,10.208694,10.208694,198.994774
7.950379,1.233050,13.555302,9.881959,9.881959,229.026482
59.348901,1.372486,13.659803,6.315012,6.315012,203.354910
7.175360,1.636041,13.137406,5.495809,5.495809,195.264195
7.568547,1.518220,13.360173,5.611491,5.611491,126.819469
8.164744,1.372074,13.261959,8.598631,8.598631,184.203523
6.944494,1.375580,70.517191,4.159255,4.159255,197.370219
7.503432,1.496659,14.402179,5.476006,5.476006,125.126204
8.187900,1.647863,14.494813,64.610298,64.610298,174.459146
7.792108,1.461713,77.183640,3.233206,3.233206,180.772063
7.801368,1.393493,14.793454,12.204484,12.204484,233.993367
8.188740,1.676469,14.775043,58.006610,58.006610,171.632595
7.454938,1.328595,68.732356,6.176477,6.176477,203.871880
7.773369,1.630049,14.964113,64.916267,64.916267,215.738402
9.346109,2.087840,18.094337,66.020921,66.020921,203.986705
7.803462,1.436570,13.566712,5.367618,5.367618,130.991370
8.229451,1.757846,15.380500,8.971702,8.971702,122.921916
8.164017,1.536261,14.562361,11.228345,11.228345,234.761893
8.811827,1.697313,13.983381,70.694638,70.694638,218.225404
7.684773,1.673289,13.694933,17.989435,17.989435,238.345461
8.304213,1.587992,12.375924,71.431682,71.431682,209.363676
7.374516,1.860589,12.973131,5.137024,5.137024,127.043539
7.556008,1.885525,13.404141,73.318608,73.318608,218.481800
8.196390,1.745112,14.303431,72.943638,72.943638,209.866505
7.259886,1.868460,14.074019,10.874544,10.874544,117.832514
60.929983,1.643585,13.895490,3.859105,3.859105,181.095153
7.058395,1.530508,13.174535,10.361298,10.361298,113.764373
8.609748,1.548932,13.046617,2.850853,2.850853,76.308887
7.769570,1.472884,15.385037,4.236128,4.236128,87.759717
6.438316,1.341286,13.617595,7.068134,7.068134,112.721501
7.616999,1.495215,13.681124,3.303369,3.303369,82.449505
8.234332,1.296440,13.499642,2.635967,2.635967,69.992182
8.322680,2.339869,14.433010,4.518973,4.518973,71.120941
7.793193,1.537380,13.787884,3.853319,3.853319,78.197289
7.361294,1.489743,12.080649,4.627729,4.627729,77.134082
7.238597,1.519641,10.690174,3.783112,3.783112,77.888628
7.861249,1.792673,12.754652,4.036657,4.036657,72.718828
6.580378,1.594353,12.333065,4.512861,4.512861,166.556350
6.756226,1.553926,12.689623,10.800690,10.800690,121.304032
7.473122,1.398856,12.127449,4.964498,4.964498,70.070530
8.331169,1.489179,13.332133,3.316060,3.316060,64.211280
7.160781,1.134997,15.553119,4.179925,4.179925,76.732546
8.869123,1.560764,13.717774,3.135175,3.135175,79.236676
6.581258,1.419624,10.481258,11.438661,11.438661,110.003159
7.937753,1.889401,10.716022,5.952786,5.952786,117.347319
8.054250,2.209027,9.199063,3.046339,3.046339,61.985198
6.831709,1.943432,69.929314,2.449165,2.449165,143.018726
7.481040,1.363715,7.480341,2.952661,2.952661,59.967428
7.010205,1.506929,7.845585,8.002960,8.002960,104.526881
9.457122,1.449815,19.833087,13.340928,13.340928,402.177008
11.365003,1.053447,23.126631,13.732268,13.732268,258.244609
9.836990,1.470615,21.075225,75.194912,75.194912,385.496406
9.674941,1.395545,20.513973,14.312149,14.312149,314.891065
10.332323,1.616325,97.662407,11.585164,11.585164,394.274611
11.791257,1.622558,21.908118,8.974872,8.974872,306.779254
74.612638,2.110746,38.315586,14.168499,14.168499,435.034761
11.520166,1.801499,113.033246,15.726163,15.726163,466.992114
11.434133,2.572169,28.238631,13.521837,13.521837,352.275458
13.074477,1.820291,25.510399,10.156866,10.156866,342.965869
12.021797,2.250172,112.694593,14.642978,14.642978,416.048369
11.624618,2.139060,22.382736,26.187311,26.187311,303.095217
78.686878,1.904470,39.961799,17.642939,17.642939,375.267361
11.339196,3.190932,30.274084,12.224970,12.224970,316.361986
10.140408,2.324949,27.132598,13.804113,13.804113,294.712556
10.377278,1.667578,100.565987,21.436734,21.436734,377.380856
9.848183,1.490275,32.365427,23.128553,23.128553,309.549576
10.413255,1.047421,22.024158,17.180653,17.180653,262.603104
10.103801,0.975413,21.906923,19.006035,19.006035,276.684496
10.323139,1.167544,26.076069,60.066181,60.066181,420.958072
11.057014,1.024027,24.971924,57.410913,57.410913,432.026951
11.645264,0.731681,24.580616,20.720468,20.720468,473.573768
11.575675,0.869251,30.394703,48.941470,48.941470,459.612118
70.555266,0.848786,32.764010,18.730322,18.730322,600.356875
11.589582,0.989145,37.662830,13.153929,13.153929,531.796272
75.313908,0.818053,36.427676,68.492837,68.492837,540.482529
10.532380,1.459075,100.955669,25.908037,25.908037,606.620114
10.181065,0.918613,28.082652,49.982634,49.982634,455.274646
10.821794,0.825185,20.889382,13.811658,13.811658,378.916218
10.052919,1.237414,20.616542,10.020002,10.020002,361.685734
12.503074,1.718471,22.826960,16.657843,16.657843,468.797819
9.656897,0.917755,95.404648,14.910387,14.910387,424.064411
10.911964,1.425432,25.457214,80.082375,80.082375,443.038828
10.848651,1.447415,24.211735,16.596799,16.596799,454.839720
11.744098,1.624783,23.390469,67.731858,67.731858,431.233181
69.374717,0.902742,23.831602,10.728995,10.728995,439.498064
12.269036,1.313526,22.580340,9.480855,9.480855,325.362139
10.522251,1.386968,92.814493,15.241611,15.241611,426.613952
9.938658,0.968030,98.786028,12.847362,12.847362,417.313992
9.635207,0.907757,86.753790,24.947281,24.947281,373.021759
9.655280,1.309282,83.519747,11.582352,11.582352,365.822897
8.927463,1.076961,91.308126,12.487428,12.487428,401.958669
9.315332,1.045217,22.607568,9.838163,9.838163,333.383896
11.671310,1.058060,22.720916,12.982957,12.982957,326.620735
9.434857,1.212120,23.999063,9.810849,9.810849,382.060608
9.843573,1.380183,23.326439,58.658954,58.658954,455.527829
9.299040,2.085789,24.924103,61.233607,61.233607,425.957789
8.985305,1.851166,27.643304,16.291568,16.291568,466.030230
10.046611,1.197507,20.841948,16.050577,16.050577,464.204380
11.119447,1.344423,24.854634,71.182470,71.182470,443.643301
9.897773,1.095319,24.768448,80.125501,80.125501,444.069874
11.472227,1.203706,24.053615,17.621379,17.621379,462.971494
75.958006,1.375884,47.345010,13.089183,13.089183,462.577199
11.360962,1.279873,26.717721,71.670538,71.670538,450.919179
12.266910,1.201904,23.935011,17.107395,17.107395,478.859834
10.829881,0.804830,91.589028,13.111709,13.111709,459.273351
10.900587,0.763729,25.598888,13.480123,13.480123,360.891466
10.211549,0.772272,21.544112,77.479710,77.479710,451.117391
13.445470,1.089109,26.565062,19.073822,19.073822,477.812172
10.440906,0.889236,23.898861,53.690517,53.690517,445.668903
9.446126,0.909570,90.224873,20.045183,20.045183,402.867176
9.026678,0.918331,87.186551,14.104698,14.104698,452.876420
9.710191,0.854660,89.638764,56.164597,56.164597,581.668976
11.200781,1.646224,26.867557,19.536532,19.536532,483.110529
10.269487,1.101876,22.311206,11.096464,11.096464,348.040487
10.233629,1.137538,21.591434,17.587258,17.587258,370.618724
10.083087,1.243147,22.669306,9.934945,9.934945,347.497769
9.137246,1.260397,91.729132,10.830956,10.830956,455.190297
9.882227,1.214845,94.524215,81.937030,81.937030,565.900416
11.838440,1.778984,23.729864,16.970164,16.970164,499.566009
9.997758,1.492024,95.852571,20.414998,20.414998,598.716015
10.617351,1.444571,24.560194,12.557095,12.557095,533.850729
10.368442,1.815014,98.156167,16.959557,16.959557,618.044012
10.792438,1.590846,24.416840,12.993411,12.993411,520.047356
10.644278,1.218818,26.692632,16.478511,16.478511,489.801289
11.468948,1.719698,28.260290,18.687483,18.687483,482.806642
10.091762,1.447958,90.969440,10.988175,10.988175,421.836689
10.122680,1.094244,91.191883,12.303102,12.303102,487.534088
10.807463,1.120982,31.453416,82.338219,82.338219,459.729952
11.364370,1.306883,24.070105,82.704326,82.704326,446.171494
9.739165,1.813582,21.633555,78.962146,78.962146,404.144148
11.407341,1.649800,22.666755,13.799554,13.799554,322.184696
8.569721,1.570524,90.990425,14.435539,14.435539,396.253684
10.414308,1.609346,23.285814,13.979592,13.979592,316.440405
9.109520,1.248911,94.064122,23.312683,23.312683,378.069664
9.106193,1.698887,22.683212,16.389870,16.389870,238.073549
9.764406,1.219057,84.777423,17.790061,17.790061,358.528901
9.274013,1.341264,19.238965,21.461410,21.461410,238.324561
9.578494,1.948415,17.927370,21.488995,21.488995,237.974103
8.285693,1.209221,83.955924,19.863387,19.863387,365.118779
9.234648,1.452171,92.848701,22.010329,22.010329,374.096559
8.108911,1.381204,15.737091,74.138061,74.138061,335.252464
7.476032,1.431989,77.854885,86.911765,86.911765,309.168645
7.158858,1.490200,84.664949,83.171481,83.171481,318.477778
6.791357,1.304103,83.199350,78.326324,78.326324,344.188851
8.851101,1.687836,16.235952,19.781793,19.781793,231.296443
7.888749,1.362684,15.926650,93.052971,93.052971,363.154753
8.088689,1.327651,18.533587,67.934434,67.934434,203.007128
8.352826,1.280535,15.686372,16.931179,16.931179,206.185006
7.241561,1.516992,83.096422,75.927976,75.927976,302.702299
8.314940,1.462918,16.235116,84.049960,84.049960,240.044684
8.317830,1.734387,17.943209,15.984611,15.984611,229.610143
8.551049,1.456903,14.219415,15.624948,15.624948,195.098052
7.809043,1.373822,14.827597,18.324781,18.324781,223.775152
6.735046,1.440815,86.415075,18.984312,18.984312,232.311283
8.775340,1.763969,15.629464,84.267950,84.267950,236.072961
8.203110,2.040779,17.596986,71.513310,71.513310,198.862460
7.753037,62.024420,16.991083,89.076977,89.076977,297.249512
8.158581,1.894166,21.400854,17.332921,17.332921,256.974995
9.213522,1.611756,20.056495,18.496959,18.496959,271.985711
7.846953,1.424509,86.158393,22.090611,22.090611,246.554366
8.522750,1.675731,16.394104,12.933896,12.933896,229.251357
8.388445,1.315123,16.819436,20.931891,20.931891,238.903171
9.219081,1.573271,16.067303,16.578006,16.578006,229.991519
8.820074,1.063728,16.938973,16.218637,16.218637,234.945667
8.419321,1.005060,87.108730,75.175495,75.175495,324.233123
7.572726,1.031062,15.459554,83.046016,83.046016,318.501215
7.805570,1.090020,15.854826,81.582437,81.582437,324.386977
8.559646,1.180626,17.283005,22.692267,22.692267,262.164266
8.316177,1.159966,15.208692,18.744012,18.744012,371.518217
9.173561,1.319020,14.431511,14.902841,14.902841,230.147552
8.366528,1.425432,16.389414,15.019881,15.019881,274.193892
8.469969,1.660195,15.052330,15.711949,15.711949,364.147322
9.819946,1.505452,13.289816,16.727886,16.727886,225.821675
10.274688,1.597827,18.661027,24.657314,24.657314,255.638257
9.421482,1.665798,17.054483,82.742024,82.742024,205.371071
9.096807,1.524586,13.573909,75.095800,75.095800,190.080591
71.980765,1.461485,12.789423,6.520530,6.520530,176.305861
7.669900,1.724942,9.483254,4.532077,4.532077,65.623610
10.009125,1.908182,8.003303,9.802598,9.802598,152.025831
10.639138,1.797982,9.518330,7.210447,7.210447,72.694542
8.246327,2.568409,9.300502,4.655326,4.655326,66.459639
7.577036,1.979605,10.189033,6.013623,6.013623,82.261064
7.454313,2.155083,8.346411,3.096190,3.096190,75.038094
68.975996,1.678836,7.744579,5.348089,5.348089,153.685274
7.473088,1.738805,7.660944,15.821943,15.821943,126.890077
71.654895,1.653672,9.561298,7.838855,7.838855,161.967659
7.723236,1.821898,9.789245,5.645916,5.645916,82.168874
7.544121,1.659870,10.984404,6.064680,6.064680,74.604681
8.141208,1.698127,11.074046,3.861320,3.861320,77.313794
7.013527,1.511684,9.719223,13.450910,13.450910,124.687639
77.237689,1.725431,13.236364,4.749764,4.749764,167.440657
7.520085,1.756696,11.693139,8.338822,8.338822,90.646513
7.366667,1.714791,10.861005,8.549366,8.549366,85.918648
7.407322,1.549811,14.786800,10.368767,10.368767,86.912504
7.402449,1.627486,11.463087,11.693280,11.693280,131.581076
7.091323,1.519413,83.326600,4.050944,4.050944,183.074431
74.361839,1.461702,13.015611,4.588311,4.588311,177.010173
7.591714,1.861762,13.246478,10.744086,10.744086,106.206433
7.503530,2.413980,13.748584,14.201796,14.201796,104.448292
7.974299,1.588350,11.440669,14.978118,14.978118,134.708547
8.147559,2.166352,85.938894,6.225871,6.225871,213.925332
7.942346,1.652227,12.746358,14.973710,14.973710,105.476826
7.686727,1.906630,13.378987,14.258421,14.258421,100.514367
9.012437,1.999254,14.288406,14.227622,14.227622,99.934099
7.258127,1.781231,12.821264,11.622172,11.622172,92.837954
6.948813,1.510425,12.021852,7.065453,7.065453,184.244568
7.060437,67.304432,14.452072,4.517584,4.517584,177.910225
7.920311,1.642478,13.202326,11.701759,11.701759,116.826361
7.894806,1.853467,13.805036,16.452349,16.452349,120.119367
8.257043,2.210938,12.738160,8.661141,8.661141,87.487890
7.392048,1.735255,10.200811,13.155742,13.155742,127.648756
79.518403,2.006137,16.931636,5.227965,5.227965,190.570731
7.784584,1.768127,12.077077,11.411715,11.411715,91.581355
7.961778,1.873867,13.416017,7.852674,7.852674,80.960413
7.479444,2.676590,12.270903,3.969046,3.969046,73.791625
6.892362,1.817392,10.887081,12.439086,12.439086,133.986577
7.353617,1.870793,11.140464,14.402037,14.402037,129.045519
8.147842,2.378187,11.610513,15.302011,15.302011,100.527167
8.069850,2.489051,11.717088,11.159355,11.159355,91.627137
7.634303,1.984946,9.768683,6.078163,6.078163,79.410701
7.541331,2.181323,12.455311,11.331652,11.331652,90.303558
10.078594,1.913849,12.085902,6.377934,6.377934,77.660550
8.528370,1.741106,10.517019,14.199005,14.199005,131.498451
77.057087,1.755958,15.258230,7.819421,7.819421,181.879964
7.679280,1.788277,11.231015,14.392115,14.392115,100.967764
7.777684,1.804040,11.670374,13.007262,13.007262,94.532861
8.050990,1.717484,15.281774,15.686870,15.686870,101.031506
9.395941,1.767562,13.247260,14.681593,14.681593,100.944523
7.415324,1.722944,12.139402,9.553427,9.553427,209.093712
78.430334,1.440717,15.679036,4.811124,4.811124,186.250100
7.581285,1.667318,12.543435,86.615534,86.615534,233.960813
9.233609,2.400301,20.095329,11.327494,11.327494,123.686870
9.225408,1.692233,13.090486,15.833831,15.833831,107.920430
8.008113,1.652357,12.402121,6.498382,6.498382,203.154530
7.258269,1.796679,87.901356,9.037372,9.037372,202.748555
73.071110,2.062220,16.878287,8.141328,8.141328,194.203007
7.676663,1.694773,13.347026,12.896172,12.896172,114.143707
7.452333,1.790501,17.545690,9.342460,9.342460,107.405633
7.317109,1.679324,13.303114,11.246192,11.246192,135.060923
6.736859,1.836239,86.921254,7.964710,7.964710,205.763572
70.532904,1.546542,13.762568,8.419386,8.419386,184.538114
8.146541,1.917692,13.078903,14.401734,14.401734,119.822857
7.533732,1.598642,12.087216,6.481555,6.481555,106.725888
7.407507,2.128399,16.229041,11.571996,11.571996,103.367429
7.364463,1.510359,14.677935,9.123645,9.123645,84.980558
9.156680,1.729175,12.926173,9.725281,9.725281,90.034731
6.787742,1.724485,10.716555,10.823498,10.823498,135.208555
6.904684,1.775651,10.272505,13.538106,13.538106,132.026687
78.393286,1.552133,13.056115,9.916316,9.916316,177.574292
7.939468,1.730695,11.430182,4.075435,4.075435,79.733452
7.680398,1.679292,11.813859,5.543748,5.543748,79.620354
7.538584,1.647907,12.325357,5.583330,5.583330,81.272625
7.064323,1.463874,14.284290,9.316374,9.316374,86.595646
8.461377,1.560601,14.150294,10.508128,10.508128,88.520970
6.875210,1.292737,11.330066,12.952146,12.952146,132.046282
6.816532,1.363162,85.563695,11.453033,11.453033,189.324165
7.284736,2.228221,88.189891,7.086231,7.086231,185.454129
76.169907,1.439696,15.193122,7.620940,7.620940,183.239552
7.466358,2.267467,12.348902,7.741822,7.741822,107.433033
7.373386,1.761820,12.242795,8.199365,8.199365,94.184243
7.021528,1.488137,13.877567,7.776713,7.776713,90.765996
7.923564,1.671845,13.925310,5.368759,5.368759,83.029092
6.612057,1.421197,12.388095,14.806157,14.806157,131.888327
6.440389,1.341264,13.391711,15.329487,15.329487,129.604566
7.180419,1.360870,12.744588,6.486994,6.486994,180.780499
6.490219,1.316946,83.928306,5.603034,5.603034,174.348621
73.762831,1.617390,13.720184,6.449117,6.449117,168.079541
7.157143,1.567788,13.218480,11.549404,11.549404,104.026760
7.886752,1.607923,13.396977,16.441796,16.441796,107.382512
7.496777,1.817110,13.862064,6.108441,6.108441,84.249473
7.025578,1.340363,11.270650,17.589505,17.589505,135.503460
6.770448,1.722238,87.603105,5.482715,5.482715,186.322195
70.174901,1.260766,11.782028,8.006559,8.006559,167.269152
7.253177,1.884853,13.687833,13.158088,13.158088,100.246472
7.374569,1.655853,12.568936,5.497990,5.497990,85.872595
7.189006,1.412578,13.163178,5.713864,5.713864,76.884044
9.090740,1.606978,13.498438,3.972844,3.972844,78.825163
7.058960,1.532354,12.247887,15.213663,15.213663,135.556884
7.116074,1.495530,12.698796,8.035557,8.035557,193.949322
7.110483,1.506777,90.852125,6.731007,6.731007,191.439623
80.705128,1.569286,16.876985,6.524969,6.524969,184.225453
7.688421,1.614556,13.155231,9.250422,9.250422,120.662944
7.818341,1.697443,13.006969,6.562249,6.562249,122.512271
7.876915,1.661499,14.888293,6.650965,6.650965,121.382032
7.096610,1.593528,15.887318,12.280271,12.280271,103.731984
8.806385,1.436506,14.366309,83.497253,83.497253,195.558159
6.964393,1.310574,12.950952,11.831424,11.831424,139.672052
7.957815,1.368752,14.157644,12.508608,12.508608,243.108968
7.668119,1.418223,91.107313,8.573771,8.573771,213.128186
79.953757,1.394872,15.852416,7.128255,7.128255,202.222183
7.254881,1.570481,14.312821,7.632197,7.632197,141.374793
8.411516,2.254904,13.591583,7.526024,7.526024,110.748735
7.618573,1.344184,15.949589,15.323461,15.323461,121.473269
7.854878,1.857223,13.265302,90.100985,90.100985,194.643571
7.641837,1.490710,90.539981,17.052485,17.052485,236.104960
85.781317,1.828151,20.318291,8.504476,8.504476,209.997755
7.970202,1.671377,13.430978,89.935958,89.935958,236.856834
8.257271,1.753059,14.945354,90.049709,90.049709,232.842639
9.675157,2.070927,21.681974,16.633938,16.633938,241.774509
7.515903,1.948155,14.365853,17.779390,17.779390,176.293982
7.669162,1.609562,12.968387,17.574111,17.574111,151.487701
9.776945,2.416325,93.726592,92.184750,92.184750,327.707451
9.589850,1.893135,14.119919,78.808664,78.808664,203.741053
7.654919,1.682548,12.982956,91.428043,91.428043,217.084711
8.750672,1.548899,15.041017,17.603923,17.603923,229.672882
8.060818,1.700570,13.197614,89.742904,89.742904,185.905688
6.967205,1.449565,12.627916,9.426780,9.426780,216.223584
6.835520,1.566301,91.980070,7.540180,7.540180,198.572698
78.342609,1.744200,17.214220,9.782894,9.782894,185.927042
7.481275,1.470962,14.497462,10.091719,10.091719,133.278953
7.644898,1.476988,13.720738,9.602975,9.602975,148.903651
7.496018,1.469985,14.336042,11.869725,11.869725,138.887394
7.564205,1.518653,13.233810,10.957919,10.957919,132.144977
8.994782,1.782284,19.336701,76.106973,76.106973,220.501257
8.376298,1.460051,14.695668,80.086310,80.086310,204.447193
8.667784,1.702676,13.563520,84.019649,84.019649,177.310422
7.342328,1.441792,13.644963,5.877152,5.877152,195.900289
9.247187,1.747501,100.334547,14.364887,14.364887,219.795316
8.129831,1.511195,14.598349,15.522054,15.522054,247.278191
8.766033,2.240586,18.051054,14.377329,14.377329,167.439551
7.405640,1.421068,11.780694,14.048452,14.048452,140.625720
7.628213,2.524973,12.726122,14.159739,14.159739,116.091777
6.724712,1.759637,12.296784,13.877902,13.877902,240.831208
6.635951,1.872651,94.341627,18.417230,18.417230,223.383584
6.931054,1.664331,92.143107,11.240814,11.240814,218.450087
7.044500,1.539779,12.766973,10.884552,10.884552,150.147481
7.803724,1.586634,12.230832,17.360213,17.360213,143.114835
6.769026,1.594907,12.333543,16.556739,16.556739,135.627374
7.101657,1.527382,13.396987,16.288492,16.288492,226.683236
6.988210,1.767693,12.818345,14.598175,14.598175,146.303239
7.265336,1.780557,12.325129,9.761410,9.761410,191.915599
6.936428,1.719155,91.477573,4.879756,4.879756,182.513246
83.125711,1.980625,16.370112,16.670523,16.670523,203.749260
79.428381,1.822126,16.364966,6.070542,6.070542,176.904067
76.417043,1.735276,15.226995,3.125534,3.125534,178.446028
7.574120,1.769094,13.490490,16.154390,16.154390,110.476424
7.913011,1.625478,14.218373,10.950666,10.950666,111.195758
7.615652,1.719328,13.203737,7.141543,7.141543,113.067105
7.850112,1.677837,15.860601,11.641388,11.641388,120.840313
7.678509,1.621504,14.465176,11.562789,11.562789,114.059865
7.468084,1.623480,14.410288,96.084248,96.084248,206.691679
8.086743,1.773903,13.084005,15.221914,15.221914,171.012617
7.940348,1.583974,12.607475,9.219493,9.219493,148.665606
6.996288,1.622948,12.673144,10.158385,10.158385,152.709159
7.450845,1.808642,12.878531,16.539924,16.539924,146.818447
6.919286,1.652010,12.738606,14.572229,14.572229,139.932307
85.242580,1.605362,16.469657,7.340753,7.340753,205.225443
81.712536,1.673146,16.919911,15.551322,15.551322,216.483153
90.312829,2.694025,19.353822,17.018180,17.018180,233.600006
7.830810,1.698941,96.133614,13.858643,13.858643,250.247991
7.488722,1.583117,13.071879,73.469594,73.469594,227.305588
85.673797,1.632480,15.473758,8.637854,8.637854,202.470867
7.330754,2.111876,13.063921,14.573238,14.573238,104.331861
6.914796,1.628539,93.267515,4.580126,4.580126,186.659282
6.738900,1.582411,92.333688,5.452264,5.452264,187.458235
83.524510,1.418864,16.567683,14.769560,14.769560,203.439696
7.041721,1.293073,93.676167,9.676102,9.676102,195.682167
85.036709,1.483165,19.371159,9.268466,9.268466,190.540185
7.020758,1.676578,98.064995,7.980559,7.980559,195.511691
6.710631,1.273250,92.851046,6.991946,6.991946,181.493495
7.001336,1.396109,98.236806,6.846430,6.846430,177.714195
6.419199,1.163213,15.653715,9.044786,9.044786,184.051364
6.096934,1.064661,14.679584,18.217765,18.217765,146.283415
6.337527,1.085961,15.123242,16.472268,16.472268,143.564888
6.692218,0.947209,15.067191,13.557680,13.557680,136.540135
7.120471,1.013388,14.202773,17.430485,17.430485,140.447930
7.415871,1.065323,14.526329,6.190469,6.190469,193.865309
7.684968,1.275541,14.268409,7.463872,7.463872,197.535927
6.914216,1.171550,13.300551,12.432376,12.432376,149.554302
7.819075,1.122328,12.617919,14.409267,14.409267,102.186190
6.460658,1.364377,13.208340,14.915010,14.915010,138.721023
7.089954,1.292911,12.677617,12.091536,12.091536,116.239398
6.957922,1.109713,13.235644,7.212574,7.212574,190.446644
6.770647,1.040614,14.630483,15.394711,15.394711,104.890348
7.134747,1.134607,12.792594,16.044081,16.044081,107.047111
8.788498,1.485933,16.338142,11.641877,11.641877,126.730029
7.237782,1.073661,13.477356,13.428600,13.428600,136.728933
7.125226,2.000666,96.969342,14.228827,14.228827,219.540980
7.346486,1.005321,11.620316,14.244743,14.244743,143.014972
7.423959,1.189213,97.979298,11.890482,11.890482,232.470127
7.718525,1.311475,95.871159,14.710948,14.710948,219.888266
8.221522,1.322276,12.249625,87.264896,87.264896,225.920716
7.495084,1.423630,94.836457,10.221515,10.221515,214.022754
7.268658,1.288991,93.910648,11.438465,11.438465,212.465223
6.878954,1.109985,12.322415,19.936655,19.936655,147.259641
7.651217,1.396022,13.337213,91.985488,91.985488,231.716414
9.303193,1.401679,19.733961,20.412501,20.412501,311.703400
8.900106,86.391745,33.546791,17.995438,17.995438,503.039149
9.418441,1.297873,114.821292,14.027164,14.027164,445.600619
8.678836,1.061806,20.636322,14.415629,14.415629,325.430206
8.687689,1.402981,22.183494,12.126429,12.126429,473.928094
10.257144,1.581238,24.026150,17.128446,17.128446,352.632609
8.927898,1.211273,107.664671,16.816798,16.816798,483.474025
9.613375,1.247934,22.131321,12.872082,12.872082,311.544475
10.105843,1.056996,21.939807,15.575260,15.575260,342.132586
9.857129,1.390171,114.508029,17.473193,17.473193,483.403158
11.358770,2.865592,33.026471,24.615545,24.615545,340.004581
11.935643,1.580186,28.215085,20.492490,20.492490,369.651950
13.271328,1.484011,31.563445,30.969535,30.969535,393.646382
10.871421,1.359947,108.863524,32.832490,32.832490,463.882793
12.219582,1.864971,28.556953,34.602855,34.602855,419.757764
11.254714,1.500958,26.950726,18.972349,18.972349,340.630734
10.398339,1.937038,120.368407,13.687334,13.687334,424.064953
9.809796,1.533505,115.179123,23.772300,23.772300,428.151896
9.042506,1.526068,18.884913,21.489267,21.489267,424.002985
7.087393,1.363476,19.543979,132.782970,132.782970,389.354234
