#Stereo rect[ms], MP culling[ms], MP creation[ms], LBA[ms], KF culling[ms], Total[ms]
6.490350,0.041141,0.401538,0.007450,0.007450,6.945891
6.183890,0.227285,2.253800,0.001742,0.001742,8.668899
6.516998,0.295263,2.445598,0.077863,0.077863,18.269830
6.099392,0.241745,4.388540,0.157875,0.157875,20.274677
5.427168,0.222767,5.449474,0.402497,0.402497,23.705287
6.501470,0.415072,7.321188,0.263192,0.263192,30.123747
5.550139,0.367759,6.818688,0.405869,0.405869,30.708630
5.108298,0.283239,5.256773,0.378064,0.378064,24.208846
4.901842,0.291560,4.907628,0.291427,0.291427,22.767324
6.632283,0.404536,8.107325,0.534264,0.534264,31.791655
6.055418,0.344273,8.479845,0.607873,0.607873,33.195788
5.689930,0.308047,8.215199,0.565376,0.565376,34.871968
5.942899,0.426721,10.282468,0.371528,0.371528,36.171917
5.813574,0.402795,10.230383,0.341209,0.341209,36.695068
5.392662,0.410432,10.233987,0.492979,0.492979,34.393724
7.260716,0.461834,19.252924,0.839886,0.839886,77.795627
5.627177,0.382791,13.586292,0.761274,0.761274,44.622685
6.196718,0.425487,14.054749,0.761703,0.761703,46.278862
6.063883,0.391895,12.954801,0.735926,0.735926,46.510512
6.413611,0.393999,12.560834,0.652166,0.652166,49.571432
6.296998,0.526725,14.474957,0.993122,0.993122,55.231782
6.464154,0.473306,13.971365,1.198983,1.198983,58.033470
6.702118,0.371318,13.298623,0.753790,0.753790,52.592545
5.713493,0.376708,14.444495,0.852307,0.852307,56.833626
6.174952,0.330597,15.051959,1.632558,1.632558,70.303591
5.726586,0.302217,14.101864,1.089402,1.089402,64.264241
6.449208,0.374350,15.505759,1.930031,1.930031,82.501180
6.050062,0.426820,14.516760,1.343181,1.343181,60.395571
6.504964,0.422643,13.918210,1.497872,1.497872,53.266577
5.421824,0.416515,10.465527,0.734570,0.734570,34.751839
5.206032,0.446471,8.908340,1.036798,1.036798,32.281610
5.491013,0.432385,5.258680,0.452191,0.452191,21.197927
5.307469,0.425895,6.499563,0.241514,0.241514,20.951828
5.787532,0.427912,7.825761,0.236290,0.236290,26.476642
6.805561,0.514888,9.767899,0.325450,0.325450,33.327631
5.850748,0.527849,9.019344,0.401042,0.401042,29.385650
6.523755,0.587738,11.792837,0.490422,0.490422,39.792060
6.598587,0.595375,12.455099,0.891619,0.891619,39.185191
5.586123,0.510249,12.025568,0.685515,0.685515,36.956077
5.785702,0.455926,12.808112,0.927613,0.927613,39.909995
6.064544,0.524698,13.644195,0.681350,0.681350,43.670947
6.417099,0.644628,14.713307,1.518966,1.518966,54.937737
6.444095,0.592256,14.719832,0.783768,0.783768,47.244079
6.183387,0.530330,13.598360,1.063270,1.063270,51.013201
5.922770,0.462980,14.549811,0.983831,0.983831,55.285421
6.558460,0.482773,13.493893,1.198244,1.198244,44.705287
7.083554,0.652530,15.257809,1.290269,1.290269,63.276089
6.229814,0.557264,16.383756,1.121946,1.121946,55.224023
5.705712,0.475445,14.351224,1.323851,1.323851,50.079092
5.547825,0.486609,11.829704,1.191213,1.191213,35.910540
6.093407,0.520400,10.803914,1.596619,1.596619,36.771619
6.943878,0.581004,13.583150,1.806888,1.806888,44.569943
6.191870,0.506634,12.060207,1.020079,1.020079,37.730951
7.190512,0.640660,14.588815,1.222865,1.222865,45.728298
6.421259,0.421046,14.187464,1.591583,1.591583,40.029629
5.961112,0.511649,12.377899,0.945169,0.945169,36.870038
5.841745,0.583560,12.449280,0.884852,0.884852,36.082467
5.912785,0.665832,10.714910,0.745900,0.745900,32.912593
5.648601,0.645652,10.850590,1.005509,1.005509,34.047731
5.457927,0.521105,9.603984,0.595860,0.595860,30.023455
5.866519,0.644451,12.154337,0.987115,0.987115,37.202914
7.789095,0.717245,15.447470,0.975532,0.975532,51.689300
6.880001,0.566103,13.152563,0.763698,0.763698,38.782357
7.109663,0.516410,14.619783,0.913242,0.913242,43.319125
5.945561,0.571162,11.648199,0.983005,0.983005,38.824188
6.675073,0.616535,11.089986,0.772868,0.772868,39.852654
6.387304,0.587384,10.891554,0.986785,0.986785,41.609087
5.923244,0.758077,8.102587,0.621275,0.621275,30.647629
5.768610,0.658393,5.644402,0.748765,0.748765,25.969325
6.005624,0.770740,4.598656,0.287394,0.287394,18.306231
8.187899,0.801247,5.742567,0.534925,0.534925,38.630428
5.832233,0.537295,5.297264,0.166339,0.166339,20.508257
5.978790,0.572617,6.132543,0.166990,0.166990,23.606649
6.226927,0.558268,6.966808,0.289344,0.289344,26.756894
6.397873,0.592289,6.977985,0.409705,0.409705,31.555779
5.656746,0.558697,7.775715,0.506127,0.506127,30.724301
6.141051,0.543180,9.293832,0.770212,0.770212,38.181422
6.765130,0.620679,11.108843,0.919413,0.919413,42.184509
5.713949,0.560152,11.758805,0.874800,0.874800,42.687572
5.518863,0.524676,12.309291,0.853376,0.853376,42.447839
5.899146,0.595540,12.449974,1.140517,1.140517,46.647761
6.333996,0.684788,12.932571,1.447208,1.447208,55.736984
7.217878,0.716319,14.785495,1.574246,1.574246,64.930867
5.396044,0.543180,12.879031,1.345032,1.345032,47.779653
6.322600,0.528069,14.038703,1.099927,1.099927,57.764523
5.479474,0.525502,13.188931,0.956632,0.956632,53.859308
6.395262,0.590901,14.155844,1.474286,1.474286,54.188758
6.110865,0.600224,14.218014,1.652055,1.652055,51.820791
6.169409,0.475720,14.437573,1.217035,1.217035,48.626737
5.704378,0.438591,14.218080,1.344448,1.344448,42.800786
5.926054,0.417518,15.219236,1.457987,1.457987,48.669046
6.759923,0.495966,16.129977,1.779766,1.779766,54.466408
5.768686,0.374757,14.600079,1.751982,1.751982,52.313704
6.229252,0.421211,15.039737,1.521313,1.521313,52.854051
5.737353,0.368343,14.841625,1.436441,1.436441,53.666265
6.212026,0.463752,14.424105,1.516629,1.516629,51.480066
5.752309,0.450306,14.412534,2.106197,2.106197,50.690591
6.966649,0.579328,15.555497,2.889115,2.889115,78.346107
6.807181,0.577918,13.094315,2.777406,2.777406,57.337053
6.719510,0.611432,8.448358,0.866006,0.866006,37.472918
6.060764,0.477241,6.972010,0.698972,0.698972,25.167946
7.201588,0.585710,8.068036,0.421387,0.421387,29.782781
6.489347,0.533151,6.130262,0.414906,0.414906,23.222270
6.369450,0.478961,6.755217,0.338102,0.338102,23.935327
6.355575,0.627017,8.569974,0.445070,0.445070,29.305484
6.297320,0.797258,10.184393,0.375936,0.375936,31.555716
6.090355,0.629958,12.178947,0.927415,0.927415,37.543528
6.991033,0.526340,11.739386,0.476305,0.476305,35.280934
6.378277,0.686816,12.350664,0.759919,0.759919,43.051292
6.146793,0.568198,12.677050,0.768526,0.768526,38.993700
6.000357,0.564572,11.423106,1.170765,1.170765,37.187734
7.016811,0.661754,12.539035,1.075702,1.075702,42.913728
6.254689,0.651361,13.048567,0.922654,0.922654,41.828979
6.550582,0.513930,13.628656,0.772207,0.772207,42.162432
7.082176,0.528147,14.830671,1.066224,1.066224,46.298170
7.345434,0.435241,16.924709,0.899113,0.899113,50.188376
5.780302,0.395895,14.297795,0.811893,0.811893,39.162113
5.973698,0.328998,15.721627,1.190850,1.190850,47.281594
6.806453,0.306064,16.840268,1.268392,1.268392,49.328586
6.120178,0.275723,16.402084,1.176665,1.176665,52.482876
6.597066,0.463167,17.373705,1.157842,1.157842,60.243449
6.609366,0.409429,15.547452,1.162823,1.162823,50.783166
5.927735,0.368122,16.394811,1.599132,1.599132,51.320929
6.190591,0.454824,15.734368,0.997299,0.997299,52.875090
6.839541,0.465780,15.329192,1.053197,1.053197,51.143369
6.484432,0.512277,15.622527,0.960886,0.960886,54.899908
5.396419,0.464170,13.650026,0.754055,0.754055,45.807737
5.943115,0.586261,13.333041,0.890263,0.890263,46.197736
5.631897,0.679608,12.651571,0.837649,0.837649,42.542888
6.011240,0.636407,14.829435,1.113691,1.113691,49.704505
6.254131,0.510404,14.728263,1.003371,1.003371,49.988228
6.940094,0.584310,15.282860,1.309953,1.309953,54.518482
6.221736,0.485617,13.459463,1.263070,1.263070,48.544344
6.573900,0.609592,14.356360,0.880951,0.880951,43.523707
5.852475,0.471687,13.278223,1.191731,1.191731,40.136551
5.898634,0.434194,13.400015,1.018723,1.018723,39.919199
5.500998,0.453932,12.655758,1.066047,1.066047,37.690207
6.336563,0.440916,13.597037,1.299781,1.299781,38.760740
6.154060,0.383673,13.925065,1.426654,1.426654,39.917759
7.634525,0.543047,17.591687,1.561352,1.561352,49.521749
6.962150,0.431218,15.077341,1.473130,1.473130,48.327950
6.114149,0.462925,14.786102,1.338233,1.338233,45.427293
6.446035,0.516046,14.519812,1.598207,1.598207,47.489968
6.226453,0.489056,15.246558,1.694441,1.694441,51.914448
6.827251,0.405054,14.750448,2.205407,2.205407,53.969132
6.138528,0.399631,15.431832,2.080319,2.080319,53.848661
6.764695,0.335501,15.776236,2.194728,2.194728,62.331713
7.007003,0.310582,18.001007,2.213143,2.213143,72.964871
6.651003,0.268460,17.436745,3.067687,3.067687,78.797896
7.175953,0.258057,18.516238,2.295624,2.295624,77.938018
7.198525,0.273242,19.391556,2.085312,2.085312,78.827035
7.050932,0.306559,16.730608,2.692584,2.692584,75.206304
7.654947,0.386925,17.600362,2.621989,2.621989,94.121412
7.932147,0.323906,17.186128,8.776020,8.776020,109.842948
7.636498,0.400073,17.388361,4.418396,4.418396,120.190829
6.793940,0.375859,16.896000,1.906485,1.906485,67.319216
7.040988,0.461360,16.415243,1.752445,1.752445,71.596337
6.240791,0.570214,16.162798,1.344746,1.344746,74.532812
7.244593,1.095705,17.421612,6.472519,6.472519,134.912008
6.894379,0.713828,16.855521,3.109491,3.109491,138.726871
7.823683,0.716848,16.619385,5.690895,5.690895,114.703091
6.569118,0.591275,14.568657,1.950778,1.950778,77.758806
5.711531,0.583979,6.408960,0.948091,0.948091,24.413759
6.520815,0.627380,8.414006,0.817999,0.817999,36.001278
10.446056,0.605625,7.643772,0.846355,0.846355,32.987787
6.766867,0.620447,8.787441,0.588002,0.588002,29.841302
5.575543,0.505576,9.339703,0.553606,0.553606,28.670874
6.160415,0.491282,9.103015,0.507273,0.507273,27.666169
6.502890,0.595959,10.399302,0.668654,0.668654,32.069509
7.059253,0.578546,12.073310,0.591694,0.591694,35.527231
6.967735,0.531949,10.964171,0.614872,0.614872,34.381247
6.199716,0.541185,11.167993,0.730536,0.730536,35.247617
6.936808,0.616216,11.396170,0.743420,0.743420,35.430806
6.142664,0.618695,12.187907,0.793444,0.793444,38.870943
6.275309,0.470948,13.832258,0.745150,0.745150,40.481169
6.490923,0.549781,15.495357,0.951859,0.951859,44.869192
6.300238,0.498005,11.796883,0.808466,0.808466,40.828704
6.163115,0.467763,13.290192,0.993066,0.993066,42.243466
7.116871,0.572616,13.013610,2.401473,2.401473,41.294507
7.080632,0.540523,13.006458,1.324280,1.324280,42.381845
6.410205,0.461261,12.928295,0.901516,0.901516,40.476617
6.328937,0.526340,12.714445,1.100686,1.100686,41.575915
7.036484,0.682951,15.137427,1.503525,1.503525,51.335641
6.433497,0.532092,14.501473,1.126101,1.126101,45.316161
6.418409,0.622674,14.587139,1.307562,1.307562,45.238906
7.180698,0.486995,16.909854,1.647801,1.647801,52.927678
6.179856,0.410388,13.637033,1.350135,1.350135,39.740240
6.459116,0.467091,12.797686,1.585279,1.585279,44.926390
6.370497,0.479390,11.839644,1.405439,1.405439,39.009813
6.540581,0.513809,12.690727,1.886404,1.886404,41.351459
6.630482,0.481859,16.937737,1.812311,1.812311,53.591390
6.720688,0.537471,15.336074,2.234051,2.234051,51.655458
7.266513,0.733832,16.415067,2.154820,2.154820,62.970974
6.947428,0.624173,14.661509,1.545394,1.545394,48.184900
6.149328,0.527166,14.876374,1.990719,1.990719,50.215774
6.691002,0.433312,14.956661,1.934731,1.934731,50.657951
6.396617,0.577312,15.214904,2.121130,2.121130,52.288037
6.898071,0.677570,14.273691,1.774454,1.774454,46.772756
6.565543,0.628130,15.306292,2.352317,2.352317,48.541719
7.048873,0.549032,15.768247,2.322482,2.322482,51.263882
7.261247,0.540468,14.994806,1.964455,1.964455,49.054936
6.149394,0.419381,15.120467,2.821535,2.821535,54.553331
6.545626,0.597039,15.839871,3.020066,3.020066,62.188688
6.753912,0.523805,15.523370,2.135975,2.135975,56.589230
7.312736,0.447451,16.059233,2.505949,2.505949,62.031945
9.505545,0.690497,21.255147,3.093002,3.093002,84.756914
9.587272,0.545472,18.803151,2.762628,2.762628,73.833454
8.012503,0.508530,16.365142,3.197207,3.197207,73.789869
6.659348,0.477054,14.726885,2.842926,2.842926,60.550198
7.590047,0.590702,14.129835,2.411235,2.411235,55.432135
6.381984,0.561051,9.155937,1.042639,1.042639,36.384639
5.931642,0.507350,6.840917,0.655385,0.655385,25.673412
5.903253,0.524179,6.829400,0.483920,0.483920,23.554685
6.649813,0.412879,8.104548,0.477451,0.477451,26.206772
7.428525,0.477264,9.845079,0.524410,0.524410,33.333994
7.227336,0.475103,11.165393,0.900083,0.900083,37.797388
10.783669,0.433818,11.982751,0.628129,0.628129,40.167919
6.843616,0.565145,11.070456,1.061187,1.061187,37.720051
5.570732,0.462340,11.367186,0.637783,0.637783,36.675543
7.056674,0.603112,14.452540,1.085441,1.085441,48.346823
7.794924,0.763137,14.129449,0.804972,0.804972,49.695407
7.465811,0.945357,14.837977,0.688789,0.688789,49.470773
7.111801,0.768856,14.378545,1.101480,1.101480,55.043489
9.872898,0.652484,18.834622,1.267500,1.267500,70.581386
6.965719,0.622277,14.309323,1.298182,1.298182,60.032673
5.519523,0.517733,12.849903,0.954913,0.954913,47.564877
6.217680,0.601811,13.235792,1.096840,1.096840,49.935830
7.315797,0.864794,15.763055,2.415555,2.415555,65.727385
5.656514,0.558620,14.376661,1.349695,1.349695,64.151353
5.527680,0.490565,15.563378,1.173414,1.173414,56.652254
6.567861,0.520675,14.329160,0.978310,0.978310,59.321137
7.327372,0.743078,16.297858,1.473515,1.473515,66.084851
5.699474,0.476866,14.660969,1.172389,1.172389,80.691574
5.901919,0.483270,14.376836,1.915148,1.915148,54.899060
7.304358,0.546243,16.045505,1.339886,1.339886,54.342393
6.215896,0.615929,27.387834,2.973051,2.973051,93.945122
8.264749,0.771733,18.365591,4.357693,4.357693,138.341953
7.103155,0.585479,32.126521,7.643188,7.643188,150.202080
6.397190,0.536490,19.254654,8.296276,8.296276,104.787623
8.058623,0.781431,19.782107,8.851605,8.851605,111.344504
