#Image Rect[ms], Image Resize[ms], ORB ext[ms], Stereo match[ms], IMU preint[ms], Pose pred[ms], LM track[ms], KF dec[ms], Total[ms]
0.000000,0.000000,32.085077,4.767629,0.000000,9.094595,3.476951,0.065288,40.549360
0.000000,0.000000,17.828046,5.028373,0.000000,2.478877,2.243220,0.054598,38.026878
0.000000,0.000000,12.315127,4.628611,0.000000,1.887562,2.003778,0.052835,22.766664
0.000000,0.000000,10.833726,3.923962,0.000000,2.028200,1.440749,0.065938,19.532922
0.000000,0.000000,11.052699,4.362061,0.000000,1.742459,1.658866,0.047070,19.586065
0.000000,0.000000,8.963805,3.498799,0.000000,2.046375,2.365261,0.057551,16.680694
0.000000,0.000000,13.907223,4.862497,0.000000,1.932109,1.714103,0.051589,24.083378
0.000000,0.000000,11.632207,4.218311,0.000000,1.777970,1.738063,0.070181,20.223849
0.000000,0.000000,11.496705,4.111021,0.000000,1.570103,1.530107,0.050189,20.124595
0.000000,0.000000,10.895449,3.964398,0.000000,1.706300,1.423722,0.051071,18.727586
0.000000,0.000000,11.082338,4.178448,0.000000,1.505620,1.488118,0.559866,19.217777
0.000000,0.000000,12.328204,4.701040,0.000000,2.159030,2.116247,0.320666,21.324161
0.000000,0.000000,11.212098,3.662247,0.000000,2.584804,2.226899,0.054664,20.315742
0.000000,0.000000,11.010337,3.988335,0.000000,1.838993,2.040114,0.043908,20.848254
0.000000,0.000000,10.603103,3.725836,0.000000,1.869929,1.833526,0.045451,19.057587
0.000000,0.000000,10.852253,3.468940,0.000000,1.689427,1.933398,0.045825,19.217359
0.000000,0.000000,10.649500,3.644713,0.000000,1.640009,1.782036,0.353905,18.895700
0.000000,0.000000,10.822099,3.615893,0.000000,2.369366,2.203379,0.054774,19.021318
0.000000,0.000000,10.575383,3.726291,0.000000,1.984194,2.181977,0.048426,20.149798
0.000000,0.000000,11.437158,3.659371,0.000000,1.999601,2.141012,0.047798,20.180140
0.000000,0.000000,10.106728,3.681832,0.000000,1.848989,2.232452,0.065178,18.977222
0.000000,0.000000,11.155627,4.057372,0.000000,1.720682,1.861046,0.066048,20.457901
0.000000,0.000000,10.425002,4.246469,0.000000,1.513179,1.508948,0.358721,19.169253
0.000000,0.000000,10.316027,3.423874,0.000000,2.683155,3.153596,0.069675,17.959303
0.000000,0.000000,13.205837,4.343311,0.000000,2.090700,2.226049,0.049562,24.569685
0.000000,0.000000,10.852738,3.575534,0.000000,2.060999,2.453004,0.088586,19.864951
0.000000,0.000000,13.068670,4.008316,0.000000,1.666956,2.241412,0.064241,22.810339
0.000000,0.000000,12.517797,4.714629,0.000000,1.146082,1.424703,0.351779,22.237325
0.000000,0.000000,13.469272,3.253358,0.000000,1.664949,1.717178,0.037350,20.574967
0.000000,0.000000,10.738613,3.438789,0.000000,1.178406,1.491468,0.036710,18.585935
0.000000,0.000000,11.808280,3.186391,0.000000,1.021942,1.305886,0.036403,18.655178
0.000000,0.000000,11.099046,3.042956,0.000000,0.732939,1.029788,0.326122,17.303445
0.000000,0.000000,9.906031,3.900294,0.000000,1.497056,1.573112,0.035521,16.707232
0.000000,0.000000,9.752822,3.440362,0.000000,1.295581,1.417232,0.035631,17.255658
0.000000,0.000000,9.552857,3.649474,0.000000,1.024057,1.199699,0.036358,16.766074
0.000000,0.000000,11.430491,3.507281,0.000000,0.837043,1.149818,0.034463,17.888064
0.000000,0.000000,9.284938,3.269427,0.000000,0.862039,1.106505,0.340438,15.226918
0.000000,0.000000,9.952545,3.468917,0.000000,1.480657,1.840778,0.035554,16.441208
0.000000,0.000000,8.486006,3.308981,0.000000,1.417584,1.540346,0.035234,15.929924
0.000000,0.000000,9.286899,3.462613,0.000000,1.130432,1.361223,0.044283,16.437307
0.000000,0.000000,9.327229,3.561524,0.000000,1.009268,1.433906,0.034661,16.407848
0.000000,0.000000,10.147425,3.784130,0.000000,0.903830,1.162845,0.293654,17.114964
0.000000,0.000000,9.469848,3.259078,0.000000,1.426313,1.867294,0.035036,15.936669
0.000000,0.000000,9.818122,3.209253,0.000000,1.337902,1.536853,0.042475,17.124134
0.000000,0.000000,10.350666,3.152494,0.000000,1.138444,1.526945,0.035079,17.172471
0.000000,0.000000,10.334951,3.151160,0.000000,0.947242,1.408712,0.230912,16.959724
0.000000,0.000000,9.651902,3.434909,0.000000,1.463652,1.775688,0.041703,16.446884
0.000000,0.000000,12.100544,3.539925,0.000000,1.454625,1.801070,0.038585,19.831414
0.000000,0.000000,13.234752,4.416801,0.000000,1.260314,1.744311,0.323411,21.893945
0.000000,0.000000,11.795958,4.800965,0.000000,1.949621,2.345384,0.042431,20.757407
0.000000,0.000000,11.482367,3.561108,0.000000,1.410111,2.119884,0.053540,20.403812
0.000000,0.000000,9.664223,3.203988,0.000000,1.146964,1.672774,0.039576,17.383259
0.000000,0.000000,10.454198,3.496393,0.000000,1.094350,1.604257,0.391972,17.568214
0.000000,0.000000,10.093558,3.517817,0.000000,1.924250,2.255850,0.046685,17.464538
0.000000,0.000000,9.905260,3.340108,0.000000,1.287613,2.032599,0.043720,18.538544
0.000000,0.000000,11.590267,3.118300,0.000000,1.201010,1.888819,0.047996,19.081183
0.000000,0.000000,9.593025,3.306097,0.000000,1.033161,1.795438,0.402541,16.888516
0.000000,0.000000,9.356916,3.206486,0.000000,1.699874,2.241865,0.048085,16.730477
0.000000,0.000000,10.406926,3.576639,0.000000,1.365179,2.060084,0.048911,18.893111
0.000000,0.000000,10.040195,3.540608,0.000000,1.099893,1.904887,0.049694,18.075322
0.000000,0.000000,9.262478,3.498057,0.000000,1.069541,1.882900,0.057684,16.726828
0.000000,0.000000,9.859822,3.438910,0.000000,1.043201,1.637375,0.371242,17.206758
0.000000,0.000000,9.964150,3.582080,0.000000,1.595749,2.110748,0.045604,17.493966
0.000000,0.000000,9.263227,3.292207,0.000000,1.283392,1.956741,0.043015,17.421645
0.000000,0.000000,9.929169,3.656814,0.000000,1.334662,1.642698,0.038684,18.005624
0.000000,0.000000,10.329594,3.227150,0.000000,1.004551,1.574566,0.038441,17.479858
0.000000,0.000000,10.866630,3.263773,0.000000,0.978255,1.578952,0.066953,17.622266
0.000000,0.000000,10.379557,3.332236,0.000000,1.007989,1.505751,0.370073,17.199677
0.000000,0.000000,10.925960,3.523306,0.000000,1.682704,2.127467,0.038121,18.257795
0.000000,0.000000,9.876610,3.587161,0.000000,1.250825,2.485582,0.076893,18.259570
0.000000,0.000000,10.131822,3.645573,0.000000,1.067492,1.965558,0.051545,18.664326
0.000000,0.000000,10.483399,3.667713,0.000000,1.000814,1.726116,0.053132,18.217646
0.000000,0.000000,9.878087,3.539882,0.000000,1.156530,2.097887,0.468578,17.151279
0.000000,0.000000,15.323366,5.725276,0.000000,1.856318,2.651459,0.049341,25.886750
0.000000,0.000000,12.029940,4.289541,0.000000,1.359547,2.023671,0.041064,22.014669
0.000000,0.000000,12.530009,3.881565,0.000000,0.913220,1.636494,0.309601,20.851108
0.000000,0.000000,11.513621,3.344557,0.000000,1.471223,2.378888,0.038816,18.597605
0.000000,0.000000,10.984882,4.103056,0.000000,1.529556,2.194562,0.051788,19.968498
0.000000,0.000000,12.054800,3.920391,0.000000,1.059182,1.782455,0.320138,20.727225
0.000000,0.000000,10.772781,3.480798,0.000000,1.792726,2.282113,0.039069,18.277612
0.000000,0.000000,11.774463,5.111651,0.000000,1.185604,2.031330,0.037218,22.046012
0.000000,0.000000,10.515001,3.491653,0.000000,0.971697,1.961216,0.036821,18.280036
0.000000,0.000000,11.704973,3.625089,0.000000,0.919932,1.795394,0.357598,19.196639
0.000000,0.000000,11.076144,3.478241,0.000000,2.067457,2.536279,0.046828,18.497578
0.000000,0.000000,10.048326,3.385546,0.000000,1.497288,2.437729,0.045440,19.190413
0.000000,0.000000,10.308120,4.356000,0.000000,1.230228,2.015615,0.039786,19.738056
0.000000,0.000000,9.675390,3.451140,0.000000,1.042330,1.946182,0.040887,17.357471
0.000000,0.000000,10.657633,3.747230,0.000000,0.883055,1.679277,0.386561,18.342205
0.000000,0.000000,9.909122,3.426531,0.000000,2.200172,3.105192,0.076221,17.202923
0.000000,0.000000,11.819552,3.676464,0.000000,1.627776,2.309963,0.044437,22.047753
0.000000,0.000000,10.399696,3.616182,0.000000,1.279623,2.143183,0.042156,19.058127
0.000000,0.000000,10.819289,3.652307,0.000000,1.082557,2.353728,0.062665,18.851550
0.000000,0.000000,14.841515,3.870588,0.000000,1.245679,1.935779,0.047324,23.372552
0.000000,0.000000,11.376372,4.256811,0.000000,0.856671,1.891464,0.485749,19.862834
0.000000,0.000000,14.964129,4.194797,0.000000,2.220528,2.804794,0.046663,23.502589
0.000000,0.000000,11.675685,3.947889,0.000000,1.839918,2.550308,0.074193,21.851603
0.000000,0.000000,12.455794,3.794289,0.000000,1.569585,2.712107,0.059547,22.063019
0.000000,0.000000,11.813320,3.747742,0.000000,0.994643,2.192766,0.051721,21.033869
0.000000,0.000000,11.452895,4.353141,0.000000,0.905020,2.143007,0.417078,20.058799
0.000000,0.000000,11.275764,4.341473,0.000000,1.759366,2.728947,0.046597,20.146416
0.000000,0.000000,11.069947,3.873885,0.000000,1.129562,2.205727,0.041329,20.591949
0.000000,0.000000,9.587486,2.957247,0.000000,0.821018,1.784637,0.272339,17.025112
0.000000,0.000000,9.883256,2.762429,0.000000,1.428009,2.158159,0.039213,16.437285
0.000000,0.000000,10.946395,2.975905,0.000000,1.131325,1.867239,0.273408,18.565160
0.000000,0.000000,10.857345,2.768832,0.000000,1.374029,2.577464,0.038882,18.036329
0.000000,0.000000,10.057983,3.041678,0.000000,1.139260,2.031452,0.280892,18.276652
0.000000,0.000000,11.546530,3.590831,0.000000,1.459309,2.572240,0.039962,19.756659
0.000000,0.000000,11.385657,3.562662,0.000000,1.174054,2.148924,0.037306,20.315698
0.000000,0.000000,10.615577,3.379218,0.000000,1.104048,1.892576,0.333175,18.274074
0.000000,0.000000,10.166330,3.150897,0.000000,1.691070,2.635048,0.039709,17.553038
0.000000,0.000000,11.210588,3.794301,0.000000,1.442447,2.265074,0.037141,20.421907
0.000000,0.000000,9.597085,3.239174,0.000000,1.260568,2.456674,0.041175,17.527435
0.000000,0.000000,10.976425,3.790267,0.000000,1.152540,2.354289,0.067657,19.679898
0.000000,0.000000,12.651404,3.729001,0.000000,1.125837,1.991413,0.366458,21.140628
0.000000,0.000000,10.808409,4.513256,0.000000,2.202519,3.280944,0.050068,19.786856
0.000000,0.000000,11.571030,4.343090,0.000000,1.660728,2.999589,0.047588,22.508265
0.000000,0.000000,10.420550,4.744650,0.000000,1.574831,3.079679,0.082944,21.106473
0.000000,0.000000,9.621397,3.544687,0.000000,1.161038,2.107584,0.041858,18.959788
0.000000,0.000000,10.089218,3.644426,0.000000,1.025557,2.372639,0.046784,17.946739
0.000000,0.000000,9.450338,3.585665,0.000000,0.917221,2.137055,0.380444,17.470335
0.000000,0.000000,9.264086,3.271124,0.000000,2.231030,2.788681,0.043488,17.012480
0.000000,0.000000,9.993739,3.671630,0.000000,1.813104,2.944264,0.041626,19.784995
0.000000,0.000000,12.187135,3.381741,0.000000,1.386427,2.662545,0.041560,21.360497
0.000000,0.000000,10.833308,3.439734,0.000000,1.318681,2.355359,0.040535,19.293645
0.000000,0.000000,10.277498,3.735657,0.000000,1.243849,2.951736,0.053484,18.675281
0.000000,0.000000,9.445654,4.209815,0.000000,1.133430,2.554541,0.042463,18.863232
0.000000,0.000000,10.429278,3.363744,0.000000,1.033348,2.691619,0.072386,18.481411
0.000000,0.000000,9.270309,4.268802,0.000000,0.967884,2.553890,0.442470,18.372678
0.000000,0.000000,9.760427,3.235295,0.000000,2.022051,2.946115,0.044591,17.961509
0.000000,0.000000,13.023351,4.018732,0.000000,1.814537,2.587559,0.048404,23.237049
0.000000,0.000000,12.329218,3.989923,0.000000,1.469471,2.480005,0.060064,21.894629
0.000000,0.000000,11.667264,3.844579,0.000000,1.607761,2.623663,0.049054,20.502062
0.000000,0.000000,12.592340,3.976625,0.000000,1.230227,2.366291,0.043037,21.862514
0.000000,0.000000,11.673679,3.580075,0.000000,1.077355,1.927491,0.043423,19.938802
0.000000,0.000000,11.488438,3.770825,0.000000,0.836977,1.538682,0.438657,19.355793
0.000000,0.000000,10.424436,3.935825,0.000000,2.059710,2.073805,0.044569,18.188783
0.000000,0.000000,11.472910,3.448948,0.000000,1.219129,1.670669,0.037262,20.273421
0.000000,0.000000,11.352627,4.152813,0.000000,0.998236,1.634333,0.053474,19.402203
0.000000,0.000000,10.186520,2.946732,0.000000,0.741259,1.492769,0.037151,16.907737
0.000000,0.000000,10.750398,3.205241,0.000000,0.642997,1.282367,0.393019,17.037311
0.000000,0.000000,10.113268,3.414605,0.000000,1.289200,1.743143,0.035366,16.723095
0.000000,0.000000,10.885603,3.769635,0.000000,0.943561,1.531849,0.064550,18.537739
0.000000,0.000000,9.571329,3.595702,0.000000,0.918675,1.317756,0.036270,16.627342
0.000000,0.000000,10.232006,3.336597,0.000000,0.799385,1.237820,0.034595,16.722111
0.000000,0.000000,10.037248,3.572562,0.000000,0.801897,1.167947,0.379617,16.528660
0.000000,0.000000,9.861500,3.319153,0.000000,1.257945,1.910232,0.045429,16.306091
0.000000,0.000000,9.489620,3.186901,0.000000,1.254330,1.412349,0.034187,16.954157
0.000000,0.000000,10.450372,3.442998,0.000000,1.015638,1.203424,0.039752,17.448460
0.000000,0.000000,9.864477,3.391968,0.000000,0.830034,1.120469,0.345651,16.360612
0.000000,0.000000,11.554581,3.233029,0.000000,1.721696,2.072814,0.096401,17.907417
0.000000,0.000000,11.195280,3.374181,0.000000,1.472864,1.882261,0.043466,19.594672
0.000000,0.000000,14.533291,3.741356,0.000000,1.174879,1.640439,0.069928,22.556207
0.000000,0.000000,11.485868,3.460005,0.000000,1.010061,1.377280,0.041703,18.999010
0.000000,0.000000,12.271421,3.504661,0.000000,0.904182,1.762628,0.432022,19.135186
0.000000,0.000000,12.897657,3.862675,0.000000,2.589697,2.773196,0.060230,20.735895
0.000000,0.000000,14.238733,3.729674,0.000000,1.399421,2.117063,0.049771,24.549372
0.000000,0.000000,11.405709,3.385868,0.000000,1.139954,1.616810,0.045417,19.240744
0.000000,0.000000,10.455355,3.558683,0.000000,0.946514,1.410365,0.046244,17.775727
0.000000,0.000000,11.505235,3.451052,0.000000,0.981914,1.682297,0.483170,18.270668
0.000000,0.000000,11.566985,3.625459,0.000000,2.294335,2.803185,0.060560,19.506394
0.000000,0.000000,12.752859,3.803089,0.000000,1.590342,2.257183,0.093336,22.951519
0.000000,0.000000,11.016636,3.597499,0.000000,1.222083,1.676201,0.060053,19.547547
0.000000,0.000000,11.122917,3.182648,0.000000,0.989948,1.499469,0.045958,18.204807
0.000000,0.000000,10.952434,3.141682,0.000000,0.993430,1.661974,0.044106,17.496809
0.000000,0.000000,11.455673,3.155657,0.000000,0.892137,1.372298,0.495172,18.238333
0.000000,0.000000,11.548757,3.723998,0.000000,1.902815,2.252015,0.043864,19.104030
0.000000,0.000000,11.970266,3.348213,0.000000,1.256964,1.892521,0.041263,20.584885
0.000000,0.000000,11.120335,3.976580,0.000000,1.053131,1.785155,0.046078,19.382828
0.000000,0.000000,12.253377,3.754422,0.000000,0.935394,1.497751,0.041857,19.910500
0.000000,0.000000,10.366449,3.055741,0.000000,0.906211,1.873665,0.484658,16.813685
0.000000,0.000000,13.047134,3.717297,0.000000,1.734811,2.373918,0.043875,21.116552
0.000000,0.000000,13.091681,3.705460,0.000000,1.631171,2.719261,0.060329,22.059513
0.000000,0.000000,13.628757,4.320605,0.000000,1.270927,2.334981,0.076552,23.777893
0.000000,0.000000,13.470516,3.854542,0.000000,1.045890,1.783723,0.430810,22.107631
0.000000,0.000000,13.076472,3.473381,0.000000,1.582402,2.194165,0.047931,20.879785
0.000000,0.000000,11.217499,3.312684,0.000000,1.128415,1.797356,0.037901,19.525350
0.000000,0.000000,11.475220,3.389968,0.000000,0.863328,1.543707,0.039774,18.813551
0.000000,0.000000,11.408955,3.392266,0.000000,0.722591,1.345022,0.386671,18.264761
0.000000,0.000000,9.991349,3.594028,0.000000,1.665600,2.121978,0.039874,16.977908
0.000000,0.000000,11.183752,3.754614,0.000000,1.412933,2.144627,0.045252,19.959797
0.000000,0.000000,11.901328,4.132083,0.000000,0.852428,1.487292,0.108899,20.965882
0.000000,0.000000,11.615204,3.864215,0.000000,0.671530,1.380057,0.444256,18.960635
0.000000,0.000000,8.992971,3.330042,0.000000,2.013918,1.949765,0.041373,15.681059
0.000000,0.000000,9.477119,3.643867,0.000000,1.205694,1.729566,0.045417,18.172625
0.000000,0.000000,10.024192,3.197030,0.000000,0.947308,1.726535,0.064076,17.284269
0.000000,0.000000,9.836468,3.412118,0.000000,0.964071,1.519858,0.368773,16.899692
0.000000,0.000000,9.442196,3.484910,0.000000,1.529171,2.157069,0.041891,16.757732
0.000000,0.000000,10.692493,3.752795,0.000000,1.331609,1.798105,0.039069,19.250234
0.000000,0.000000,11.261233,3.896054,0.000000,1.079614,1.894731,0.454197,19.206469
0.000000,0.000000,12.912349,3.990408,0.000000,2.390735,2.912436,0.060880,21.337784
0.000000,0.000000,17.147697,4.495658,0.000000,1.533701,2.635060,0.069939,28.440607
0.000000,0.000000,14.196055,4.248357,0.000000,1.137960,2.025930,0.074822,23.863535
0.000000,0.000000,13.921781,3.915917,0.000000,0.907213,1.924791,0.437852,22.458682
0.000000,0.000000,14.855412,4.477942,0.000000,1.794567,2.315837,0.058334,23.617648
0.000000,0.000000,13.222644,3.650610,0.000000,1.273606,2.318923,0.055622,22.100071
0.000000,0.000000,12.072195,3.732596,0.000000,1.045394,2.018337,0.080894,20.592753
0.000000,0.000000,12.292761,3.310314,0.000000,1.214037,2.034891,0.482840,19.973409
0.000000,0.000000,13.553658,3.357385,0.000000,1.379485,2.026195,0.048547,21.728972
0.000000,0.000000,13.304023,3.530888,0.000000,1.166383,2.132052,0.073895,21.653975
0.000000,0.000000,17.313045,3.854982,0.000000,0.832635,1.842717,0.428683,25.844403
0.000000,0.000000,11.447154,3.484203,0.000000,1.673083,2.386394,0.079417,19.189938
0.000000,0.000000,11.814207,3.558804,0.000000,1.253372,2.088011,0.051237,20.739575
0.000000,0.000000,10.856108,3.813413,0.000000,0.976547,1.903774,0.044546,19.203329
0.000000,0.000000,11.168341,3.625497,0.000000,0.787713,1.715811,0.443286,18.724887
0.000000,0.000000,11.125518,3.562099,0.000000,1.889293,2.366754,0.061772,18.658440
0.000000,0.000000,11.982200,3.632282,0.000000,1.294358,2.260021,0.052757,21.098705
0.000000,0.000000,13.094211,3.512296,0.000000,1.156794,2.072185,0.051589,21.406730
0.000000,0.000000,12.775342,3.469728,0.000000,0.928837,1.871449,0.060857,20.582043
0.000000,0.000000,11.250584,3.500547,0.000000,1.024686,2.077607,0.591253,18.684164
0.000000,0.000000,15.742016,4.055145,0.000000,2.387958,2.760037,0.053507,24.695730
0.000000,0.000000,12.984183,3.975078,0.000000,1.578853,2.488690,0.061122,23.373345
0.000000,0.000000,12.350256,3.869034,0.000000,1.068946,2.203522,0.049474,21.638413
0.000000,0.000000,13.437188,3.697261,0.000000,0.976437,1.806558,0.046950,21.567492
0.000000,0.000000,11.973687,3.574184,0.000000,0.939880,2.009366,0.491182,19.512445
0.000000,0.000000,14.706805,3.815726,0.000000,2.346199,2.649508,0.052240,23.108589
0.000000,0.000000,15.040575,3.825259,0.000000,1.457227,2.684467,0.061762,25.286641
0.000000,0.000000,12.885236,3.355721,0.000000,0.971168,1.967365,0.047676,21.632131
0.000000,0.000000,11.832513,3.064415,0.000000,0.762827,1.616424,0.417287,19.093262
0.000000,0.000000,12.740146,3.583452,0.000000,2.124690,2.791359,0.050024,20.091691
0.000000,0.000000,14.003169,4.331708,0.000000,1.183631,2.196315,0.042794,24.599991
0.000000,0.000000,11.179223,3.383174,0.000000,0.952752,1.882978,0.039852,19.363276
0.000000,0.000000,14.027642,3.225475,0.000000,0.713542,1.494796,0.375209,21.218739
0.000000,0.000000,11.893161,2.955957,0.000000,1.434853,2.145728,0.057662,18.368093
0.000000,0.000000,11.733138,2.713749,0.000000,1.019980,1.975818,0.036501,19.041597
0.000000,0.000000,13.083316,3.175848,0.000000,0.745194,1.483798,0.034991,20.296036
0.000000,0.000000,11.373063,4.280577,0.000000,0.607157,1.355425,0.394914,18.973774
0.000000,0.000000,12.763686,2.955924,0.000000,1.672113,2.885533,0.071404,18.944061
0.000000,0.000000,15.044873,3.429231,0.000000,1.130586,2.352482,0.052702,24.563830
0.000000,0.000000,19.499628,3.662104,0.000000,1.301015,3.281869,0.111125,27.868293
0.000000,0.000000,17.563672,4.006917,0.000000,0.773661,2.801652,0.642358,27.791994
0.000000,0.000000,15.225795,3.811008,0.000000,1.836865,2.769075,0.103784,24.459871
0.000000,0.000000,14.743637,4.047970,0.000000,1.123467,2.197736,0.059403,24.854598
0.000000,0.000000,15.454927,3.544206,0.000000,0.779348,1.530493,0.332701,23.696326
0.000000,0.000000,13.691112,2.864142,0.000000,1.428450,2.182781,0.040128,20.200044
0.000000,0.000000,12.838845,2.822487,0.000000,1.071724,1.663913,0.034220,20.664280
0.000000,0.000000,13.297675,2.883230,0.000000,0.881314,1.778730,0.036777,19.956579
0.000000,0.000000,14.134196,3.426227,0.000000,0.843909,1.574302,0.037956,21.476670
0.000000,0.000000,16.709383,3.499390,0.000000,0.989385,1.615333,0.394242,23.623610
0.000000,0.000000,14.904356,3.427770,0.000000,1.794578,2.513785,0.071416,22.475086
0.000000,0.000000,14.936594,4.123892,0.000000,1.127953,1.889887,0.040446,24.810513
0.000000,0.000000,14.978440,3.736363,0.000000,0.867692,1.570533,0.038022,22.750319
0.000000,0.000000,11.029955,3.798984,0.000000,0.754551,1.549406,0.382670,18.422834
0.000000,0.000000,11.521733,3.714685,0.000000,2.126927,2.816685,0.062930,18.828473
0.000000,0.000000,11.158857,3.667725,0.000000,1.303164,1.992118,0.038188,20.939915
0.000000,0.000000,10.773784,3.318040,0.000000,1.026151,1.784957,0.050233,18.434682
0.000000,0.000000,11.431240,3.924634,0.000000,0.847116,1.729829,0.054388,19.110499
0.000000,0.000000,11.172905,3.823024,0.000000,0.711988,1.207745,0.434733,18.647728
0.000000,0.000000,10.488231,3.124964,0.000000,2.250648,2.000098,0.043489,16.788391
0.000000,0.000000,10.339116,3.272413,0.000000,1.676797,2.569397,0.050376,19.061996
0.000000,0.000000,13.202254,3.982594,0.000000,1.419072,2.374667,0.048966,22.914145
0.000000,0.000000,13.573651,4.018842,0.000000,1.128040,1.984557,0.066104,22.516928
0.000000,0.000000,13.595169,3.863353,0.000000,0.814328,1.859271,0.444123,21.833143
0.000000,0.000000,12.948596,3.745886,0.000000,2.023748,2.766176,0.046751,20.806539
0.000000,0.000000,10.992318,3.184720,0.000000,1.335731,2.170206,0.046784,20.293204
0.000000,0.000000,13.575976,3.692180,0.000000,1.030803,2.393152,0.044084,22.146536
0.000000,0.000000,10.942845,3.099980,0.000000,0.840911,1.585621,0.040689,18.630017
0.000000,0.000000,11.455882,3.208370,0.000000,0.804829,1.852515,0.559524,18.176109
0.000000,0.000000,13.979031,3.829097,0.000000,2.045878,2.398516,0.071460,22.288771
0.000000,0.000000,11.896843,3.035760,0.000000,1.397382,2.022646,0.090416,20.687920
0.000000,0.000000,13.215729,3.556098,0.000000,0.954824,1.709397,0.040910,21.588223
0.000000,0.000000,11.748545,2.811835,0.000000,0.946889,1.806316,0.076243,18.215695
0.000000,0.000000,13.041565,3.200263,0.000000,0.815155,1.701517,0.550597,20.311631
0.000000,0.000000,13.536488,3.497902,0.000000,2.472599,2.715777,0.088300,21.061266
0.000000,0.000000,13.422775,3.712734,0.000000,1.625395,2.268833,0.045781,24.008507
0.000000,0.000000,12.906876,3.589388,0.000000,1.025006,1.864087,0.048592,21.630494
0.000000,0.000000,11.496528,3.536762,0.000000,0.938282,1.765813,0.069278,19.075353
0.000000,0.000000,11.770092,3.329383,0.000000,0.804509,1.439846,0.043554,18.885797
0.000000,0.000000,10.354013,3.172621,0.000000,0.675630,1.487424,0.454274,16.732118
0.000000,0.000000,10.876499,3.247550,0.000000,1.681305,2.192082,0.049948,17.703958
0.000000,0.000000,10.915348,3.245026,0.000000,1.249150,2.010777,0.042485,19.268528
0.000000,0.000000,10.221437,4.013560,0.000000,1.018283,1.983125,0.040778,18.511642
0.000000,0.000000,10.105547,3.375230,0.000000,0.994334,2.290081,0.078965,17.494527
0.000000,0.000000,14.479288,4.397401,0.000000,0.983281,1.754087,0.060549,23.579361
0.000000,0.000000,11.124702,4.407959,0.000000,0.681747,1.563942,0.501752,19.365833
0.000000,0.000000,10.833295,3.843597,0.000000,1.803759,2.699742,0.065796,18.452931
0.000000,0.000000,11.167450,4.151272,0.000000,1.290522,2.241512,0.047688,21.056120
0.000000,0.000000,11.439374,4.236881,0.000000,1.209221,1.786588,0.043621,20.744304
0.000000,0.000000,11.315045,3.966602,0.000000,1.096080,2.086193,0.434502,19.365061
0.000000,0.000000,12.502401,4.474449,0.000000,1.656838,2.613536,0.041571,21.808665
0.000000,0.000000,9.999527,4.893930,0.000000,1.463618,2.148319,0.040976,20.303245
0.000000,0.000000,9.021545,3.924681,0.000000,1.065872,1.702277,0.041527,17.725075
0.000000,0.000000,9.417693,4.476989,0.000000,1.028334,1.613944,0.360044,17.803909
0.000000,0.000000,9.122709,3.847113,0.000000,1.667341,2.413163,0.046167,17.090156
0.000000,0.000000,9.597284,3.870532,0.000000,1.438931,1.946679,0.065574,18.723895
0.000000,0.000000,8.538300,3.814017,0.000000,1.334177,2.000219,0.040072,16.850163
0.000000,0.000000,11.418587,3.683617,0.000000,1.194233,1.813898,0.041846,19.460427
0.000000,0.000000,11.120073,3.959560,0.000000,1.302579,2.143006,0.461878,19.169869
0.000000,0.000000,11.843480,4.259985,0.000000,2.094095,2.714940,0.051887,21.367865
0.000000,0.000000,10.311878,4.445370,0.000000,1.478364,2.401118,0.122046,20.850910
0.000000,0.000000,11.290479,4.140932,0.000000,1.393789,2.331079,0.043280,21.054246
0.000000,0.000000,10.563316,3.481559,0.000000,1.205981,2.036654,0.044249,18.815050
0.000000,0.000000,12.227335,3.965461,0.000000,0.988140,2.079283,0.478839,20.497577
0.000000,0.000000,10.490646,3.675958,0.000000,2.202807,2.912513,0.049880,18.849854
0.000000,0.000000,12.109139,3.638001,0.000000,1.865476,3.145253,0.063062,22.085027
0.000000,0.000000,11.367530,3.901356,0.000000,1.962659,2.831354,0.052262,21.650800
0.000000,0.000000,13.893774,4.464565,0.000000,1.739638,2.447978,0.051699,24.483014
0.000000,0.000000,12.939790,4.166920,0.000000,1.467266,2.675198,0.049275,22.583748
0.000000,0.000000,10.978774,3.463969,0.000000,1.339985,1.980050,0.046123,19.748834
0.000000,0.000000,11.251046,4.116146,0.000000,1.204042,1.980722,0.044954,19.910557
0.000000,0.000000,12.735932,4.344603,0.000000,1.016166,1.928394,0.505344,21.546122
0.000000,0.000000,11.006940,3.454759,0.000000,3.034449,3.189315,0.072540,18.987869
0.000000,0.000000,12.308219,3.706378,0.000000,2.486497,3.777417,0.107311,23.736960
0.000000,0.000000,12.266426,4.160907,0.000000,1.836679,2.715722,0.077489,24.293751
0.000000,0.000000,11.471419,3.980735,0.000000,1.897756,2.643579,0.051623,21.440091
0.000000,0.000000,11.360404,3.485233,0.000000,1.789695,3.037050,0.090846,20.590571
0.000000,0.000000,13.630717,3.996006,0.000000,1.754980,2.786047,0.070005,23.950624
0.000000,0.000000,13.025263,3.907762,0.000000,1.625681,2.692115,0.116635,23.044739
0.000000,0.000000,14.741549,4.171862,0.000000,1.340624,2.321270,0.082195,24.795624
0.000000,0.000000,13.521832,3.712770,0.000000,1.155494,2.289805,0.131270,22.147245
0.000000,0.000000,14.157792,4.134664,0.000000,1.257564,2.352250,0.070280,23.270971
0.000000,0.000000,13.347572,3.523614,0.000000,1.123941,2.408986,0.052305,21.726018
0.000000,0.000000,13.873786,3.612775,0.000000,1.091033,2.103529,0.532412,22.304974
0.000000,0.000000,13.456375,3.549960,0.000000,2.920316,3.135808,0.052559,22.018211
0.000000,0.000000,12.748547,3.727036,0.000000,2.297608,2.988480,0.103597,24.074313
0.000000,0.000000,18.428103,4.230202,0.000000,2.073772,2.844028,0.057199,29.628883
0.000000,0.000000,16.549456,4.256234,0.000000,1.760413,2.661179,0.054609,27.047198
0.000000,0.000000,13.984843,3.925043,0.000000,1.698971,2.531000,0.094758,23.594890
0.000000,0.000000,15.304604,4.091878,0.000000,1.341252,2.278696,0.052196,25.226389
0.000000,0.000000,14.205396,4.199200,0.000000,1.214323,2.323420,0.091474,23.295791
0.000000,0.000000,12.305760,4.050332,0.000000,1.080298,2.145310,0.056339,21.281410
0.000000,0.000000,13.210687,3.475244,0.000000,0.870591,1.799031,0.051347,21.166407
0.000000,0.000000,11.514078,3.370252,0.000000,0.927558,1.670846,0.554685,18.759933
0.000000,0.000000,13.061647,3.826947,0.000000,2.878656,2.488106,0.051865,21.144387
0.000000,0.000000,12.499442,3.900179,0.000000,2.163560,2.902329,0.077235,23.136367
0.000000,0.000000,12.087241,3.550208,0.000000,1.685977,2.958812,0.092544,21.945446
0.000000,0.000000,11.631533,3.678022,0.000000,1.514888,2.088916,0.046376,21.352905
0.000000,0.000000,10.755082,3.459938,0.000000,1.420086,1.944055,0.046288,19.054496
0.000000,0.000000,10.405207,3.260279,0.000000,1.268514,2.446671,0.106088,18.207980
0.000000,0.000000,10.318029,3.521586,0.000000,1.296519,2.048336,0.109538,18.892350
0.000000,0.000000,9.212894,3.995742,0.000000,1.055622,1.747133,0.048933,17.868954
0.000000,0.000000,10.050721,3.967581,0.000000,0.957767,1.365279,0.065575,17.915660
0.000000,0.000000,10.623600,3.335443,0.000000,0.921221,1.513709,0.054234,17.284049
0.000000,0.000000,11.607124,3.717848,0.000000,0.778885,1.428384,0.471598,18.999056
0.000000,0.000000,10.743200,3.823329,0.000000,1.855612,2.113580,0.073224,18.258060
0.000000,0.000000,12.807928,4.351301,0.000000,1.218930,1.919281,0.038529,22.622204
0.000000,0.000000,12.838300,4.446315,0.000000,1.266960,1.829283,0.045682,21.622779
0.000000,0.000000,14.319444,4.442786,0.000000,0.973813,1.505696,0.046333,23.114853
0.000000,0.000000,11.797716,3.950648,0.000000,0.761153,1.162988,0.036325,19.390312
0.000000,0.000000,10.742480,3.256790,0.000000,0.682772,1.052690,0.041075,16.988818
0.000000,0.000000,12.745903,3.635995,0.000000,0.553253,0.938259,0.560285,19.141727
0.000000,0.000000,10.882141,3.410584,0.000000,2.108345,3.104223,0.086471,17.382179
0.000000,0.000000,16.832802,4.372729,0.000000,1.311617,1.325040,0.036733,28.474524
0.000000,0.000000,12.989282,4.146347,0.000000,0.873875,1.191223,0.039202,20.955609
0.000000,0.000000,10.753633,3.401924,0.000000,0.812489,0.982982,0.036964,17.364303
0.000000,0.000000,11.132903,3.520021,0.000000,0.603145,1.068803,0.037978,17.422573
0.000000,0.000000,9.645016,3.346563,0.000000,0.581268,1.167937,0.779855,15.601333
0.000000,0.000000,12.644688,3.875525,0.000000,1.841572,2.546396,0.073720,20.952258
0.000000,0.000000,10.239034,3.801860,0.000000,1.546882,1.791096,0.044348,19.804346
0.000000,0.000000,9.184801,3.336864,0.000000,1.327311,1.626067,0.043004,17.010012
0.000000,0.000000,9.439042,3.488779,0.000000,1.114529,1.414850,0.042629,16.858418
0.000000,0.000000,9.404205,4.191797,0.000000,1.023143,1.259885,0.040976,17.091072
0.000000,0.000000,9.071856,3.987655,0.000000,0.870261,1.229477,0.408294,16.381452
0.000000,0.000000,9.633509,3.561240,0.000000,1.719382,2.027154,0.041307,16.624862
0.000000,0.000000,9.305041,3.715026,0.000000,1.589588,1.884531,0.042695,17.696739
0.000000,0.000000,9.270181,3.294489,0.000000,1.385810,1.564978,0.042254,17.247117
0.000000,0.000000,9.090088,3.319693,0.000000,1.135590,1.569640,0.046795,16.445154
0.000000,0.000000,9.916584,3.755386,0.000000,1.094217,1.814284,0.517281,17.540408
0.000000,0.000000,10.776219,3.495765,0.000000,1.789277,2.163781,0.057188,18.856090
0.000000,0.000000,9.585083,3.482958,0.000000,1.520862,1.956432,0.079769,18.117884
0.000000,0.000000,10.979638,3.586942,0.000000,1.311992,2.070687,0.050024,19.486497
0.000000,0.000000,9.994323,5.021885,0.000000,1.092542,1.701352,0.421398,19.528579
0.000000,0.000000,10.418146,3.297369,0.000000,2.257547,2.361861,0.049903,18.019645
0.000000,0.000000,11.022909,3.588410,0.000000,1.895894,2.549846,0.078546,20.438295
0.000000,0.000000,12.619907,4.086213,0.000000,1.403907,1.969261,0.055337,22.603188
0.000000,0.000000,10.120736,3.484766,0.000000,1.181294,1.832226,0.422092,18.098598
0.000000,0.000000,9.575892,3.287766,0.000000,2.089621,2.501342,0.049771,17.408728
0.000000,0.000000,11.795394,3.670590,0.000000,1.478320,2.134598,0.095905,21.388281
0.000000,0.000000,12.724383,3.533800,0.000000,1.165864,1.722644,0.044601,21.205156
0.000000,0.000000,10.221611,3.279952,0.000000,0.901868,1.724473,0.498622,17.475890
0.000000,0.000000,10.421120,3.511054,0.000000,1.672510,2.061847,0.046310,18.295047
0.000000,0.000000,10.433585,3.416758,0.000000,1.292298,1.814625,0.066578,18.780377
0.000000,0.000000,10.699365,3.706825,0.000000,1.003493,1.599452,0.041417,18.632194
0.000000,0.000000,10.392506,3.534955,0.000000,0.947627,1.664795,0.488979,17.608577
0.000000,0.000000,11.794369,3.692279,0.000000,1.775677,2.176190,0.089369,19.968967
0.000000,0.000000,10.626973,4.018413,0.000000,1.478133,2.170713,0.057121,20.062734
0.000000,0.000000,15.285170,3.833910,0.000000,1.137739,2.007705,0.048757,24.049438
0.000000,0.000000,13.035735,4.079281,0.000000,0.930247,1.581465,0.553935,21.513203
0.000000,0.000000,14.513717,3.840071,0.000000,2.402165,2.821425,0.073995,22.543742
0.000000,0.000000,13.700034,4.777542,0.000000,1.269109,1.712483,0.044877,25.082303
0.000000,0.000000,10.435582,3.717484,0.000000,0.973901,1.504429,0.040943,18.374143
0.000000,0.000000,10.830056,3.541777,0.000000,0.848571,1.488426,0.404569,17.787983
0.000000,0.000000,11.656663,3.707466,0.000000,1.609272,2.162226,0.038485,19.007254
0.000000,0.000000,9.977132,3.390723,0.000000,1.500549,1.962869,0.041350,18.118909
0.000000,0.000000,12.992850,3.903155,0.000000,1.122057,1.671793,0.041439,21.403352
0.000000,0.000000,10.301231,3.711224,0.000000,0.953953,1.506391,0.041924,17.745567
0.000000,0.000000,9.638305,3.704589,0.000000,0.790799,1.426324,0.405726,16.773756
0.000000,0.000000,9.732836,3.619437,0.000000,2.029699,2.409096,0.050013,16.856721
0.000000,0.000000,10.847854,3.730853,0.000000,1.366865,1.942083,0.041218,20.209467
0.000000,0.000000,9.543644,3.626715,0.000000,1.199357,1.739529,0.058566,17.743820
0.000000,0.000000,9.476218,3.554870,0.000000,0.986972,1.525061,0.039467,17.015963
0.000000,0.000000,9.464400,4.026881,0.000000,0.946162,1.459739,0.490775,16.949431
0.000000,0.000000,9.958111,3.644250,0.000000,1.916745,2.284428,0.047335,17.463844
0.000000,0.000000,9.727254,3.718653,0.000000,1.358313,2.105744,0.041516,18.739235
0.000000,0.000000,9.367717,3.873697,0.000000,1.113328,1.873786,0.041858,18.029310
0.000000,0.000000,9.313625,3.281870,0.000000,0.902607,1.649002,0.042409,16.649758
0.000000,0.000000,10.698103,3.404467,0.000000,0.793907,1.434104,0.380235,17.617247
0.000000,0.000000,12.443653,3.616218,0.000000,2.036510,2.812354,0.047842,19.742829
0.000000,0.000000,11.086030,4.097123,0.000000,1.645806,2.230888,0.044943,21.409838
0.000000,0.000000,10.617947,3.724119,0.000000,1.351425,2.337560,0.050862,19.538522
0.000000,0.000000,11.291830,4.047182,0.000000,0.946261,2.310680,0.526406,20.305404
0.000000,0.000000,12.055537,4.162795,0.000000,2.045493,2.700657,0.059337,21.339888
0.000000,0.000000,14.273030,4.018875,0.000000,1.093875,1.753415,0.046321,24.679496
0.000000,0.000000,10.645716,3.312221,0.000000,0.807849,1.462351,0.371197,18.046225
0.000000,0.000000,10.098469,2.953042,0.000000,1.579823,2.230237,0.037945,16.693612
0.000000,0.000000,10.350672,3.212567,0.000000,1.246715,2.058530,0.047048,18.536542
0.000000,0.000000,10.192219,3.513508,0.000000,0.997178,2.060404,0.055545,18.224888
0.000000,0.000000,12.925514,4.008755,0.000000,0.856870,1.944386,0.529227,21.221891
0.000000,0.000000,10.871413,4.002817,0.000000,1.986012,2.634211,0.046574,19.444296
0.000000,0.000000,11.538556,3.713749,0.000000,1.317072,2.139755,0.041020,21.152592
0.000000,0.000000,10.454363,3.660208,0.000000,1.147592,1.840833,0.040767,18.644136
0.000000,0.000000,11.500524,3.481122,0.000000,0.855822,1.628139,0.040976,19.177693
0.000000,0.000000,9.741652,3.055267,0.000000,0.710324,1.589819,0.414465,16.304135
0.000000,0.000000,9.612949,4.068745,0.000000,1.780824,2.349109,0.041604,17.352725
0.000000,0.000000,10.458627,3.302192,0.000000,1.249569,2.101083,0.041141,19.047360
0.000000,0.000000,9.717205,3.223062,0.000000,0.990576,2.045426,0.042298,17.462776
0.000000,0.000000,12.225146,3.321457,0.000000,0.845000,1.824213,0.045858,19.806110
0.000000,0.000000,11.456776,3.521873,0.000000,0.782566,1.693119,0.417045,18.766602
0.000000,0.000000,10.916571,3.166160,0.000000,1.664861,2.365850,0.041273,18.034908
0.000000,0.000000,11.908767,3.657629,0.000000,1.067480,1.956443,0.037702,20.699458
0.000000,0.000000,10.614873,3.054485,0.000000,0.954791,1.823586,0.038618,17.757664
0.000000,0.000000,10.936901,3.284485,0.000000,0.757130,1.795625,0.359327,17.967889
0.000000,0.000000,11.906758,3.240126,0.000000,1.554883,2.321380,0.038882,19.127352
0.000000,0.000000,12.819983,3.467075,0.000000,1.038638,1.772669,0.037449,21.613528
0.000000,0.000000,11.924858,3.173533,0.000000,0.835444,1.519064,0.324336,18.998526
0.000000,0.000000,11.639349,3.067975,0.000000,1.368871,2.452178,0.044338,18.349512
0.000000,0.000000,13.124854,3.434400,0.000000,1.027529,1.914563,0.035454,21.827764
0.000000,0.000000,11.329369,3.270655,0.000000,0.839919,1.832865,0.036391,18.657803
0.000000,0.000000,12.603529,3.306798,0.000000,0.730613,1.692171,0.351944,19.585315
0.000000,0.000000,13.159416,3.111100,0.000000,1.406651,2.218169,0.036546,20.024755
0.000000,0.000000,12.647458,3.077981,0.000000,0.985947,1.979169,0.035686,20.457218
0.000000,0.000000,12.564145,2.983532,0.000000,1.233743,2.595352,0.492715,19.582885
0.000000,0.000000,14.617589,5.973676,0.000000,1.544931,2.452177,0.041516,26.235161
0.000000,0.000000,15.034626,3.559959,0.000000,1.157720,2.360880,0.040050,24.187729
0.000000,0.000000,16.859749,3.650436,0.000000,1.025325,2.116446,0.330783,25.264820
0.000000,0.000000,12.936308,3.335244,0.000000,1.719988,2.798048,0.041472,20.949481
0.000000,0.000000,14.729593,3.709773,0.000000,1.291967,2.392157,0.039289,24.260766
0.000000,0.000000,13.176033,3.431702,0.000000,1.027655,1.981075,0.310659,21.354843
0.000000,0.000000,11.949606,3.272766,0.000000,1.458240,2.550903,0.038739,19.820448
0.000000,0.000000,12.610241,3.796350,0.000000,1.052922,2.218996,0.036590,21.670274
0.000000,0.000000,13.180566,3.097107,0.000000,0.868232,2.035783,0.314858,20.726873
0.000000,0.000000,13.293111,2.918199,0.000000,1.456642,2.618319,0.037604,20.469561
0.000000,0.000000,13.049147,3.042851,0.000000,1.012254,2.424360,0.050542,21.472646
0.000000,0.000000,12.439306,2.947780,0.000000,1.050441,2.397017,0.322816,20.053608
0.000000,0.000000,11.914946,3.766234,0.000000,1.604113,2.626585,0.038077,20.640045
0.000000,0.000000,11.643933,2.995060,0.000000,1.216275,2.373191,0.038033,20.068464
0.000000,0.000000,11.911953,3.777460,0.000000,1.212020,2.406727,0.037680,20.486127
0.000000,0.000000,12.779909,3.117756,0.000000,1.079416,2.022073,0.347546,20.622278
0.000000,0.000000,11.851908,3.347414,0.000000,1.843710,2.925463,0.042188,19.752174
0.000000,0.000000,11.824222,3.223131,0.000000,1.547257,2.685899,0.042177,21.103191
0.000000,0.000000,11.838145,3.245005,0.000000,1.352781,2.504218,0.041593,20.570160
0.000000,0.000000,11.727251,3.268656,0.000000,1.226348,2.366523,0.041913,20.104932
0.000000,0.000000,12.136000,5.073022,0.000000,1.022262,2.137980,0.430909,21.844179
0.000000,0.000000,12.715605,3.479574,0.000000,2.103826,3.202398,0.049131,20.914074
0.000000,0.000000,11.100875,3.182042,0.000000,1.684632,2.971166,0.065112,20.836693
0.000000,0.000000,11.554568,3.497735,0.000000,1.434104,2.667605,0.074248,21.039049
0.000000,0.000000,12.449854,3.643379,0.000000,1.307550,3.531362,0.070335,21.600656
0.000000,0.000000,13.185872,3.680752,0.000000,1.199214,2.572406,0.056229,23.003498
0.000000,0.000000,12.583471,3.688841,0.000000,1.837212,2.458493,0.059547,21.368719
0.000000,0.000000,10.958963,3.493340,0.000000,1.370292,2.616864,0.510690,20.008785
0.000000,0.000000,12.758642,4.351100,0.000000,3.027451,4.205009,0.085732,23.035455
0.000000,0.000000,13.957707,4.758781,0.000000,1.917285,3.495082,0.064109,27.356922
0.000000,0.000000,13.461645,3.956154,0.000000,1.780450,3.478308,0.092422,24.295879
0.000000,0.000000,13.157597,3.948947,0.000000,1.576329,2.834770,0.065123,23.923624
0.000000,0.000000,11.957640,3.488198,0.000000,1.254022,2.730203,0.053044,21.270764
0.000000,0.000000,12.742681,3.583061,0.000000,1.074523,2.933728,0.093304,21.546597
0.000000,0.000000,12.132261,3.253248,0.000000,1.067977,2.787876,0.435086,20.693441
0.000000,0.000000,13.487409,3.441864,0.000000,2.197571,2.806028,0.049572,22.370096
0.000000,0.000000,13.522404,3.603980,0.000000,1.445665,3.083910,0.107785,23.638379
0.000000,0.000000,15.010966,3.639379,0.000000,1.264062,2.388002,0.119379,24.999263
0.000000,0.000000,16.332002,3.712194,0.000000,0.959761,1.746803,0.058897,25.483851
0.000000,0.000000,13.838065,3.327772,0.000000,0.878228,2.044832,0.516090,21.158638
0.000000,0.000000,16.169894,3.628446,0.000000,1.506777,2.118804,0.047964,24.760754
0.000000,0.000000,16.654244,3.125857,0.000000,1.037956,1.476711,0.036865,24.818922
0.000000,0.000000,12.587776,2.836781,0.000000,0.806912,1.355007,0.033206,19.197962
0.000000,0.000000,12.859718,2.760847,0.000000,0.805545,1.370590,0.034793,18.812095
0.000000,0.000000,12.862177,2.846854,0.000000,0.719350,1.187620,0.033239,18.982337
0.000000,0.000000,16.556201,2.940760,0.000000,0.619279,1.193693,0.432970,22.405153
0.000000,0.000000,13.543045,2.996084,0.000000,1.561881,1.732067,0.036777,19.725040
0.000000,0.000000,13.556271,2.822725,0.000000,1.144528,1.424285,0.043522,20.794625
0.000000,0.000000,15.471617,2.931722,0.000000,1.146302,1.299471,0.067636,22.029172
0.000000,0.000000,15.245256,3.268005,0.000000,0.815607,1.438446,0.554542,22.396711
0.000000,0.000000,20.185321,3.840956,0.000000,1.764910,2.219128,0.059160,28.178946
0.000000,0.000000,18.664063,4.112939,0.000000,1.243673,2.068791,0.085490,28.473941
0.000000,0.000000,17.460664,3.546306,0.000000,1.066775,1.474044,0.085887,25.805060
0.000000,0.000000,18.287133,3.616477,0.000000,0.937995,1.247310,0.040039,25.793783
0.000000,0.000000,15.106987,3.018017,0.000000,0.749834,1.387695,0.513665,21.452599
0.000000,0.000000,13.528031,2.986776,0.000000,1.838617,1.820169,0.038463,20.231056
0.000000,0.000000,14.085310,3.122275,0.000000,1.439659,1.852206,0.038695,22.060913
0.000000,0.000000,13.807075,3.253678,0.000000,1.242703,1.553439,0.045605,21.578878
0.000000,0.000000,13.375681,2.940065,0.000000,1.091495,1.848956,0.089116,20.191481
0.000000,0.000000,17.679636,4.095526,0.000000,0.824446,1.689262,0.063767,26.174679
0.000000,0.000000,15.143147,3.399959,0.000000,0.760789,1.336117,0.411181,22.331488
0.000000,0.000000,16.007219,3.291480,0.000000,1.586017,1.920923,0.038055,22.902953
0.000000,0.000000,13.846066,3.106338,0.000000,1.312532,2.289321,0.075284,21.561343
0.000000,0.000000,17.261375,3.921088,0.000000,1.083890,1.588001,0.046729,26.152085
0.000000,0.000000,14.839914,3.696823,0.000000,0.982222,1.671970,0.039819,22.258508
0.000000,0.000000,15.539580,3.314043,0.000000,0.852108,1.398716,0.038562,22.556967
0.000000,0.000000,13.977014,3.318144,0.000000,0.851910,1.547256,0.513302,20.574679
0.000000,0.000000,14.397304,3.301883,0.000000,1.899586,2.043090,0.044800,21.753781
0.000000,0.000000,14.449385,3.181945,0.000000,1.345716,1.872045,0.059855,23.055115
0.000000,0.000000,12.986717,2.942522,0.000000,0.993397,1.800716,0.091033,20.276650
0.000000,0.000000,13.553935,3.252256,0.000000,0.956878,1.482122,0.052294,20.870781
0.000000,0.000000,14.836506,3.314139,0.000000,0.735176,1.139723,0.354655,21.656851
0.000000,0.000000,17.961927,3.037280,0.000000,1.396577,1.854047,0.079836,24.240553
0.000000,0.000000,13.690385,2.992051,0.000000,1.022294,1.558708,0.057298,21.535169
0.000000,0.000000,14.184138,3.517863,0.000000,0.909087,1.308244,0.061585,21.602710
0.000000,0.000000,12.813650,3.158302,0.000000,0.762596,1.500616,0.406938,19.359909
0.000000,0.000000,13.398525,3.629595,0.000000,2.355557,2.318438,0.062709,20.745009
0.000000,0.000000,19.362656,5.103540,0.000000,1.548546,2.253745,0.063833,30.480561
0.000000,0.000000,18.536488,4.748849,0.000000,1.234095,1.721883,0.059777,28.719382
0.000000,0.000000,15.097079,4.839045,0.000000,1.003173,1.429773,0.457073,24.275820
0.000000,0.000000,13.188754,4.313068,0.000000,1.457435,1.800441,0.039929,21.595398
0.000000,0.000000,11.005086,3.376662,0.000000,1.146820,1.490156,0.052867,18.826682
0.000000,0.000000,12.801321,4.337009,0.000000,0.937609,1.515329,0.043367,20.964448
0.000000,0.000000,12.445721,3.604156,0.000000,0.813854,1.347732,0.483700,19.484386
0.000000,0.000000,12.130487,3.988578,0.000000,1.774806,2.094801,0.041626,19.785334
0.000000,0.000000,11.807546,3.569278,0.000000,1.255300,1.803472,0.040734,20.496298
0.000000,0.000000,13.301775,3.868384,0.000000,1.159759,1.651702,0.041638,21.265805
0.000000,0.000000,13.541233,4.011143,0.000000,0.760778,1.422609,0.493034,21.435494
0.000000,0.000000,11.600651,4.474286,0.000000,1.816752,2.207843,0.045043,19.821628
0.000000,0.000000,12.619862,4.015965,0.000000,1.164608,2.162547,0.046773,21.828777
0.000000,0.000000,13.494344,3.599240,0.000000,0.990213,1.628294,0.042111,21.616051
0.000000,0.000000,12.586309,3.646415,0.000000,0.721333,1.528267,0.455200,19.974895
0.000000,0.000000,13.319331,3.158566,0.000000,1.794517,2.323563,0.040425,20.203042
0.000000,0.000000,12.231247,3.480401,0.000000,1.159131,1.890273,0.041119,21.075031
0.000000,0.000000,12.320196,3.309059,0.000000,1.013588,1.947814,0.068098,19.974857
0.000000,0.000000,15.321330,3.500188,0.000000,0.889756,1.845087,0.464644,23.197419
0.000000,0.000000,17.261279,3.860272,0.000000,1.629362,2.290698,0.042100,25.664132
0.000000,0.000000,15.297044,3.532387,0.000000,1.362115,2.414453,0.046806,24.036753
0.000000,0.000000,19.565715,4.137129,0.000000,0.910442,1.909483,0.052162,28.953313
0.000000,0.000000,16.231998,3.509970,0.000000,0.742131,2.050892,0.432937,23.693450
0.000000,0.000000,14.261823,3.280437,0.000000,1.494565,2.023065,0.037913,21.799386
0.000000,0.000000,16.070372,3.574170,0.000000,0.930192,1.520883,0.034617,24.309908
0.000000,0.000000,14.460012,2.854168,0.000000,0.784187,1.425563,0.334200,20.854193
0.000000,0.000000,14.580087,3.099560,0.000000,1.400424,1.887033,0.035267,21.231013
0.000000,0.000000,16.174449,3.099572,0.000000,0.987678,1.799394,0.294326,23.917466
0.000000,0.000000,14.335508,3.248608,0.000000,1.157345,1.724451,0.032325,21.750429
0.000000,0.000000,14.018922,3.434921,0.000000,1.744190,3.697294,0.598020,21.509428
0.000000,0.000000,20.472295,4.722697,0.000000,1.249470,2.038229,0.033349,33.268173
0.000000,0.000000,13.268362,3.178581,0.000000,0.863317,1.636780,0.217036,20.919452
0.000000,0.000000,12.763642,2.840358,0.000000,1.048866,1.718599,0.199766,19.418371
0.000000,0.000000,12.773613,3.233435,0.000000,1.252082,2.190021,0.278775,20.085954
0.000000,0.000000,14.108597,3.269592,0.000000,1.536445,2.439526,0.038298,22.320313
0.000000,0.000000,14.946213,3.305377,0.000000,1.035950,2.166591,0.269848,23.646974
0.000000,0.000000,13.968213,3.261106,0.000000,1.641011,2.896158,0.048018,21.932165
0.000000,0.000000,17.830230,3.793297,0.000000,1.160916,2.450767,0.069079,27.758539
0.000000,0.000000,15.809554,4.177029,0.000000,1.008408,2.065220,0.424286,25.207867
0.000000,0.000000,14.174238,3.222047,0.000000,1.651911,2.438908,0.054388,22.034154
0.000000,0.000000,16.191308,3.694847,0.000000,1.136891,2.538152,0.071504,25.321743
0.000000,0.000000,11.699479,3.190054,0.000000,0.769496,1.757812,0.404393,20.128276
0.000000,0.000000,12.310603,2.814294,0.000000,1.573971,2.279799,0.035984,18.960923
0.000000,0.000000,13.390659,3.502873,0.000000,1.016233,2.615773,0.063646,21.934966
0.000000,0.000000,12.025855,3.301564,0.000000,0.782092,1.946370,0.333539,20.197323
0.000000,0.000000,12.885369,3.455902,0.000000,1.414796,2.452287,0.039631,20.527532
0.000000,0.000000,13.955431,3.605476,0.000000,1.202057,2.159406,0.048955,22.726414
0.000000,0.000000,13.873465,3.373983,0.000000,0.979764,1.787198,0.333583,21.640617
0.000000,0.000000,12.640471,3.605963,0.000000,1.735484,2.420492,0.126411,20.352027
0.000000,0.000000,14.370512,3.531362,0.000000,1.105998,2.210675,0.098351,24.102781
0.000000,0.000000,13.036698,2.978781,0.000000,0.913903,1.685503,0.447529,20.962794
0.000000,0.000000,12.260626,3.014664,0.000000,1.659230,2.394163,0.044723,20.819336
0.000000,0.000000,12.142232,3.312618,0.000000,1.146809,1.851887,0.038761,20.589884
0.000000,0.000000,12.506236,3.885368,0.000000,1.077289,2.660331,0.090967,20.849454
0.000000,0.000000,13.777440,4.172188,0.000000,0.808168,1.724716,0.491966,23.132284
0.000000,0.000000,12.121480,3.763698,0.000000,2.522558,3.019250,0.052603,20.055349
0.000000,0.000000,13.620261,4.357601,0.000000,1.441279,2.538692,0.184802,24.966615
0.000000,0.000000,14.309543,4.657970,0.000000,1.015275,1.866490,0.055337,25.671957
0.000000,0.000000,10.914253,3.242320,0.000000,0.831664,1.613646,0.039742,18.212797
0.000000,0.000000,12.445166,3.456301,0.000000,0.743122,1.716538,0.465868,19.533055
0.000000,0.000000,13.887231,3.408446,0.000000,1.723779,2.156099,0.040557,21.410478
0.000000,0.000000,11.330475,3.509474,0.000000,1.177315,2.074456,0.056240,19.876214
0.000000,0.000000,10.684379,3.313404,0.000000,1.037305,1.744488,0.045759,18.453958
0.000000,0.000000,10.866614,3.771620,0.000000,0.770256,1.471972,0.464743,18.422516
0.000000,0.000000,12.062025,3.275929,0.000000,1.665611,2.032047,0.057033,18.964659
0.000000,0.000000,10.280021,3.000790,0.000000,1.038066,1.812564,0.037317,18.487251
0.000000,0.000000,10.401021,2.910992,0.000000,0.663319,2.075349,0.419822,18.125533
0.000000,0.000000,10.488384,2.779952,0.000000,1.470859,1.977582,0.050465,17.704375
0.000000,0.000000,10.517863,2.999203,0.000000,0.823796,1.727350,0.447936,19.125047
0.000000,0.000000,10.913146,3.817552,0.000000,1.360231,2.060679,0.055414,18.747635
0.000000,0.000000,10.279776,3.341078,0.000000,0.930182,1.933803,0.067272,18.513395
0.000000,0.000000,9.634172,3.917667,0.000000,0.803715,1.710962,0.465371,17.567255
0.000000,0.000000,10.906384,4.588663,0.000000,1.680842,2.639799,0.066831,19.556738
0.000000,0.000000,10.633982,3.096641,0.000000,1.089853,1.882095,0.050498,19.300403
0.000000,0.000000,10.898464,3.719898,0.000000,0.934468,1.839886,0.039742,18.705655
0.000000,0.000000,11.712992,3.419621,0.000000,1.237225,1.889612,0.423779,19.026575
0.000000,0.000000,13.527208,5.296657,0.000000,1.558949,2.319651,0.062181,23.499007
0.000000,0.000000,10.275868,3.139169,0.000000,0.968975,1.936529,0.042012,18.545080
0.000000,0.000000,9.883058,3.218620,0.000000,0.672114,1.632934,0.380301,17.188960
0.000000,0.000000,10.199489,3.249702,0.000000,1.376751,2.043895,0.038122,17.069867
0.000000,0.000000,9.546311,3.365266,0.000000,0.790479,1.481682,0.044260,19.960646
0.000000,0.000000,9.733260,2.747390,0.000000,0.594140,1.464549,0.328700,15.902276
0.000000,0.000000,10.705284,2.729785,0.000000,1.079945,1.852350,0.039444,16.732427
0.000000,0.000000,12.487906,2.977649,0.000000,0.669028,1.555015,0.345562,20.049156
0.000000,0.000000,11.161248,2.864737,0.000000,1.367549,2.055036,0.035333,17.562075
0.000000,0.000000,13.525964,3.432350,0.000000,0.964622,2.045228,0.132561,21.457758
0.000000,0.000000,13.024024,3.184135,0.000000,0.800906,1.740718,0.304796,20.520136
0.000000,0.000000,12.033933,2.943040,0.000000,1.327586,2.365552,0.035014,19.783715
0.000000,0.000000,12.615499,3.155768,0.000000,0.891289,1.739275,0.283416,20.554909
0.000000,0.000000,11.891026,3.227093,0.000000,1.112886,2.143557,0.033669,19.183292
0.000000,0.000000,12.847432,3.185791,0.000000,0.901461,1.954482,0.280275,20.526120
0.000000,0.000000,11.456202,2.971894,0.000000,1.271159,2.101226,0.034782,18.827988
0.000000,0.000000,11.809639,2.810525,0.000000,0.787383,1.808685,0.325593,19.141772
0.000000,0.000000,11.779889,2.689867,0.000000,1.150094,2.278123,0.037395,18.502165
0.000000,0.000000,11.724188,2.755177,0.000000,1.097529,2.070301,0.058059,19.274965
0.000000,0.000000,16.130208,3.409955,0.000000,0.842939,3.387620,0.851315,23.955489
0.000000,0.000000,16.658219,4.495773,0.000000,1.541624,2.445344,0.047148,27.451932
0.000000,0.000000,14.328389,2.922067,0.000000,0.971752,2.151371,0.045936,24.728914
0.000000,0.000000,12.845792,3.199962,0.000000,0.832635,2.188159,0.044437,20.367971
0.000000,0.000000,13.178403,3.050024,0.000000,0.722612,1.847666,0.389085,20.223684
0.000000,0.000000,12.171207,2.983818,0.000000,1.622464,2.255299,0.053298,20.406969
0.000000,0.000000,12.393905,3.041937,0.000000,0.778886,1.989395,0.049594,23.040159
0.000000,0.000000,11.336735,4.150135,0.000000,0.768525,1.782289,0.439505,19.552958
0.000000,0.000000,11.168048,2.791712,0.000000,1.340139,2.379350,0.034507,17.957517
0.000000,0.000000,13.197466,3.391033,0.000000,0.924847,2.245352,0.049109,21.421868
0.000000,0.000000,12.330724,3.289604,0.000000,0.826363,2.072890,0.320523,20.163993
0.000000,0.000000,11.738174,3.214751,0.000000,1.165810,2.575392,0.042431,19.198204
0.000000,0.000000,12.621388,3.151106,0.000000,0.824214,1.787690,0.390319,20.741466
0.000000,0.000000,12.764943,2.735957,0.000000,1.497904,3.077507,0.052911,19.487097
0.000000,0.000000,12.072839,2.949752,0.000000,0.817547,1.992283,0.246021,21.093184
0.000000,0.000000,11.826385,2.637881,0.000000,1.218479,2.421815,0.264966,18.971811
0.000000,0.000000,13.478219,3.417945,0.000000,1.321657,2.745214,0.219538,22.071647
0.000000,0.000000,12.332778,3.501506,0.000000,1.396291,2.659956,0.275171,21.276242
0.000000,0.000000,13.502754,3.227228,0.000000,1.434777,2.914066,0.250066,22.393416
0.000000,0.000000,13.744145,3.713738,0.000000,1.784979,3.274981,0.226669,23.416283
0.000000,0.000000,13.292286,3.529445,0.000000,1.725785,3.741918,0.251487,23.603321
0.000000,0.000000,15.786673,3.735581,0.000000,1.875197,3.695983,0.049000,26.507932
0.000000,0.000000,15.841522,3.880190,0.000000,1.488802,3.112719,0.273166,26.612552
0.000000,0.000000,12.519623,3.780220,0.000000,1.603397,3.621811,0.087815,22.885216
0.000000,0.000000,12.840213,3.480765,0.000000,1.554976,2.941839,0.458296,23.367582
0.000000,0.000000,13.366067,3.495058,0.000000,1.563788,3.200711,0.079274,23.149146
0.000000,0.000000,12.370689,3.343246,0.000000,1.226645,3.063621,0.332921,21.759325
0.000000,0.000000,12.097465,3.559601,0.000000,1.757493,3.812657,0.052680,21.558257
0.000000,0.000000,13.554838,4.214982,0.000000,1.625703,3.805597,0.327720,24.972947
0.000000,0.000000,10.887577,3.413645,0.000000,2.075789,4.853394,0.091143,21.434381
0.000000,0.000000,13.341893,4.648997,0.000000,1.296224,2.505751,0.338156,27.333743
0.000000,0.000000,10.950358,3.143644,0.000000,1.526537,2.673699,0.082260,19.668404
0.000000,0.000000,10.674480,3.183853,0.000000,1.229180,2.285640,0.512695,19.775691
0.000000,0.000000,10.311292,3.557072,0.000000,1.613239,2.444518,0.081203,19.187614
0.000000,0.000000,10.474476,3.330009,0.000000,0.837572,2.232673,0.521844,19.646879
0.000000,0.000000,10.370272,3.651160,0.000000,1.490829,3.178945,0.059701,19.174796
0.000000,0.000000,10.977552,4.147675,0.000000,0.979852,2.676641,0.068517,21.411569
0.000000,0.000000,9.660056,4.026758,0.000000,0.867119,4.339458,0.196151,19.197774
0.000000,0.000000,10.432310,4.636116,0.000000,0.855194,3.989889,0.512078,22.793114
0.000000,0.000000,9.677915,3.997161,0.000000,2.050463,5.867253,0.114629,20.584411
0.000000,0.000000,12.225268,4.494750,0.000000,1.874899,4.753203,0.181681,27.294613
0.000000,0.000000,11.029806,3.990843,0.000000,1.509080,3.990650,0.092830,24.797939
0.000000,0.000000,11.523188,3.536851,0.000000,1.511009,4.245256,0.106627,22.347249
0.000000,0.000000,10.552622,3.379331,0.000000,1.452664,3.778899,0.112865,25.287413
0.000000,0.000000,10.587932,3.417648,0.000000,1.429299,4.066397,0.172820,24.389198
0.000000,0.000000,10.538439,3.430083,0.000000,1.541383,4.248304,0.057419,21.422363
0.000000,0.000000,10.851714,3.970041,0.000000,1.959242,5.104507,0.098891,22.547588
0.000000,0.000000,10.721115,5.051265,0.000000,1.262882,4.249213,0.117957,24.621482
0.000000,0.000000,10.601646,3.365365,0.000000,1.611905,5.396716,0.173282,22.689483
0.000000,0.000000,11.100365,5.669483,0.000000,1.140483,3.936052,0.076794,25.858822
0.000000,0.000000,11.183862,3.535638,0.000000,1.176753,3.281329,0.120074,21.447783
0.000000,0.000000,11.019298,3.725034,0.000000,1.195357,3.815296,0.091342,21.167961
0.000000,0.000000,11.543004,3.657409,0.000000,1.142776,3.590148,0.079516,21.698698
0.000000,0.000000,12.884343,4.692564,0.000000,1.162988,3.760444,0.059921,24.092453
0.000000,0.000000,12.242251,3.785093,0.000000,1.044138,3.253225,0.068274,22.714572
0.000000,0.000000,10.778125,3.997130,0.000000,1.125165,3.423489,0.090405,21.705409
0.000000,0.000000,11.558185,3.308534,0.000000,1.246219,4.672319,0.111720,23.269969
0.000000,0.000000,14.763089,4.373805,0.000000,1.322406,3.689866,0.122653,26.794079
0.000000,0.000000,11.855757,3.832875,0.000000,1.417826,3.907045,0.104005,22.466607
0.000000,0.000000,12.079571,3.870279,0.000000,1.356693,3.563697,0.124713,22.966787
0.000000,0.000000,12.141713,3.764919,0.000000,1.514447,3.720361,0.082194,22.853178
0.000000,0.000000,12.148098,3.912644,0.000000,1.341021,4.090446,0.127535,22.830199
0.000000,0.000000,12.317985,4.076065,0.000000,1.358941,3.917713,0.117638,23.917925
0.000000,0.000000,12.350870,3.716034,0.000000,1.428175,3.841879,0.056494,23.415854
0.000000,0.000000,12.242072,4.279446,0.000000,1.281309,3.753996,0.108975,23.322176
0.000000,0.000000,12.538914,3.584021,0.000000,1.248632,3.887488,0.056967,22.609999
0.000000,0.000000,12.656735,3.868031,0.000000,1.198597,4.513585,0.137840,23.281056
0.000000,0.000000,13.560238,3.753545,0.000000,1.281485,5.109587,0.127116,25.001231
0.000000,0.000000,12.957991,4.176375,0.000000,1.372618,4.490958,0.112315,25.760019
0.000000,0.000000,14.382142,4.296143,0.000000,1.317050,3.562794,0.067107,26.494413
0.000000,0.000000,12.922716,3.933674,0.000000,1.239937,3.832026,0.081544,23.255983
0.000000,0.000000,12.496814,3.491306,0.000000,1.255377,3.628280,0.061982,22.677773
0.000000,0.000000,11.655572,3.685987,0.000000,1.105437,3.408864,0.651185,21.754684
0.000000,0.000000,10.318201,4.110501,0.000000,3.144295,7.399083,0.131833,21.458368
0.000000,0.000000,14.549643,4.647261,0.000000,3.200314,4.702528,0.074216,32.433864
0.000000,0.000000,11.750991,3.704568,0.000000,2.724913,5.756861,0.102958,27.466678
0.000000,0.000000,12.743969,3.889632,0.000000,3.319206,4.823373,0.081511,27.363600
0.000000,0.000000,12.007514,3.994861,0.000000,3.453929,4.605081,0.095199,30.410897
0.000000,0.000000,11.421706,3.798114,0.000000,2.636922,4.782033,0.158162,26.919817
0.000000,0.000000,10.950318,3.446832,0.000000,2.316597,4.446268,0.054344,24.722594
0.000000,0.000000,10.381715,4.927298,0.000000,2.480545,4.259375,0.058510,23.665026
0.000000,0.000000,11.162592,3.342672,0.000000,2.526502,4.459735,0.051006,22.486256
0.000000,0.000000,15.148526,3.901567,0.000000,2.676503,4.024132,0.059425,27.714187
0.000000,0.000000,10.822031,3.738270,0.000000,3.152318,4.482340,0.044866,22.849915
0.000000,0.000000,10.243310,3.681678,0.000000,2.872694,4.895383,0.046144,23.172940
0.000000,0.000000,11.131391,5.174898,0.000000,2.402308,3.633846,0.075460,25.685898
0.000000,0.000000,10.834685,3.274507,0.000000,2.640967,4.128644,0.062400,21.841650
0.000000,0.000000,11.235276,3.802654,0.000000,2.223835,4.146840,0.060605,23.513002
0.000000,0.000000,11.275381,3.391605,0.000000,2.764898,5.524759,0.091717,22.541263
0.000000,0.000000,11.703975,3.693117,0.000000,2.353044,5.737353,0.059028,29.601528
0.000000,0.000000,11.952539,3.379872,0.000000,2.377080,3.922276,0.059778,25.195818
0.000000,0.000000,13.227176,3.472728,0.000000,2.634101,5.934239,0.116172,24.504781
0.000000,0.000000,15.199505,4.119411,0.000000,1.971134,4.362156,0.053805,31.183523
0.000000,0.000000,16.126611,4.043114,0.000000,2.000196,4.062341,0.045495,27.864315
0.000000,0.000000,14.485016,3.864144,0.000000,1.986696,4.618769,0.092796,25.971761
0.000000,0.000000,12.780720,4.231705,0.000000,2.471927,4.835750,0.049253,25.059091
0.000000,0.000000,12.983533,3.936262,0.000000,2.278124,4.089630,0.102462,25.796638
0.000000,0.000000,11.900314,3.291072,0.000000,2.876606,5.955580,0.071890,25.097037
0.000000,0.000000,11.725819,5.316120,0.000000,2.192755,4.027923,0.044338,27.713999
0.000000,0.000000,10.781443,3.599119,0.000000,2.126915,4.394713,0.101922,22.281575
0.000000,0.000000,11.172048,3.333855,0.000000,2.290940,5.277349,0.140396,22.790711
0.000000,0.000000,11.697116,3.921719,0.000000,1.996383,4.638276,0.109857,25.272502
0.000000,0.000000,11.758723,3.650896,0.000000,1.801158,4.811635,0.081809,24.058476
0.000000,0.000000,10.759398,3.573411,0.000000,1.950778,3.949013,0.060406,22.524014
0.000000,0.000000,12.291842,4.013103,0.000000,1.974330,4.209493,0.054289,23.978606
0.000000,0.000000,13.890537,3.827914,0.000000,2.007812,3.699332,0.045373,25.556005
0.000000,0.000000,15.290128,4.033699,0.000000,2.338651,4.119882,0.047236,26.547589
0.000000,0.000000,13.745610,4.312628,0.000000,2.311880,3.994055,0.048779,25.985249
0.000000,0.000000,14.565591,4.306999,0.000000,2.356769,4.174017,0.045605,26.662049
0.000000,0.000000,13.865505,4.666570,0.000000,2.431238,4.564898,0.069884,26.476654
0.000000,0.000000,13.024310,4.336389,0.000000,2.305500,3.900201,0.049143,25.915564
0.000000,0.000000,12.557505,4.060534,0.000000,2.487632,4.737266,0.085258,24.408424
0.000000,0.000000,12.234490,4.068019,0.000000,2.383782,4.614206,0.064782,25.139291
0.000000,0.000000,13.041470,3.817125,0.000000,2.452127,4.688245,0.059150,25.464366
0.000000,0.000000,13.902614,4.439620,0.000000,2.307076,4.627111,0.049595,27.186723
0.000000,0.000000,12.350800,3.965751,0.000000,2.270199,4.237553,0.056196,24.804662
0.000000,0.000000,12.283678,3.983762,0.000000,2.038065,4.394271,0.048592,24.484204
0.000000,0.000000,14.214676,3.869375,0.000000,1.817083,4.592472,0.052581,26.141003
0.000000,0.000000,13.743423,4.658263,0.000000,1.868529,3.784107,0.084035,26.469071
0.000000,0.000000,13.664067,4.238402,0.000000,1.772977,5.021522,0.099795,25.406991
0.000000,0.000000,13.108192,3.806005,0.000000,1.982783,5.003941,0.121969,25.266919
0.000000,0.000000,13.115817,3.925209,0.000000,1.530229,3.585960,0.054818,26.068261
0.000000,0.000000,12.048700,3.254218,0.000000,1.571976,3.564381,0.076067,23.236035
0.000000,0.000000,11.339160,3.145859,0.000000,2.011239,3.587845,0.089370,21.419824
0.000000,0.000000,11.735682,3.145683,0.000000,1.602614,3.568756,0.119081,24.501260
0.000000,0.000000,12.363380,3.312907,0.000000,1.481450,3.490265,0.069619,22.589081
0.000000,0.000000,11.913452,3.102481,0.000000,1.683974,3.813521,0.114288,21.352012
0.000000,0.000000,13.505450,4.151185,0.000000,1.706620,3.717803,0.136782,25.647644
0.000000,0.000000,13.051130,3.467721,0.000000,1.520508,3.538294,0.090515,23.763995
0.000000,0.000000,12.066864,3.479905,0.000000,1.705043,4.074189,0.061684,22.331897
0.000000,0.000000,12.507217,3.760389,0.000000,1.463067,4.118395,0.077720,23.447682
0.000000,0.000000,12.161581,3.590520,0.000000,1.811264,3.597664,0.101348,22.804642
0.000000,0.000000,12.709317,4.445852,0.000000,1.528851,3.676640,0.106540,24.436725
0.000000,0.000000,12.262370,3.714404,0.000000,1.812267,3.602017,0.120129,22.847292
0.000000,0.000000,13.104994,3.887021,0.000000,1.233842,3.710056,0.074072,26.008511
0.000000,0.000000,11.690177,3.567974,0.000000,1.599319,4.820981,0.058896,21.601911
0.000000,0.000000,16.735441,4.866145,0.000000,2.094492,4.234846,0.073488,29.692854
0.000000,0.000000,15.332769,4.121051,0.000000,1.233115,3.094535,0.074337,27.841831
0.000000,0.000000,14.010561,3.768180,0.000000,1.389634,4.364548,0.082414,25.376876
0.000000,0.000000,13.504098,5.282793,0.000000,1.947911,3.235994,0.101657,26.803569
0.000000,0.000000,11.955557,3.803162,0.000000,1.185163,2.912402,0.516245,28.993160
0.000000,0.000000,14.265118,4.055101,0.000000,2.653862,5.100342,0.102859,26.698610
0.000000,0.000000,13.199313,3.910891,0.000000,2.084507,3.890932,0.115081,29.063799
0.000000,0.000000,11.543951,3.804242,0.000000,1.717828,6.971520,0.085534,27.050647
0.000000,0.000000,11.128170,3.843415,0.000000,1.427392,5.930205,0.044128,25.118975
0.000000,0.000000,10.732708,3.399121,0.000000,1.615366,6.170918,0.065035,22.792541
0.000000,0.000000,11.558640,3.624426,0.000000,1.216219,2.750042,0.095243,24.290665
0.000000,0.000000,16.051360,4.237800,0.000000,1.192050,2.337527,0.059954,25.627367
0.000000,0.000000,14.579011,3.891935,0.000000,0.991337,4.966976,0.076893,24.416657
0.000000,0.000000,11.887706,3.418529,0.000000,0.964699,1.762518,0.568396,22.541008
0.000000,0.000000,11.082594,3.275805,0.000000,1.760237,2.179276,0.059877,20.489212
0.000000,0.000000,12.145648,3.555501,0.000000,1.462076,2.482618,0.054630,20.968602
0.000000,0.000000,12.329765,3.651726,0.000000,1.075956,1.886647,0.040976,21.396469
0.000000,0.000000,12.610812,3.584420,0.000000,0.842134,1.433156,0.059425,21.807156
0.000000,0.000000,12.442645,3.572283,0.000000,0.749614,1.118519,0.557507,19.494095
0.000000,0.000000,10.330576,3.229167,0.000000,1.500264,1.670823,0.047985,17.129877
0.000000,0.000000,10.515160,3.473673,0.000000,1.121814,1.373577,0.037935,18.457474
0.000000,0.000000,11.672831,3.292086,0.000000,0.884411,1.327190,0.089270,19.877879
0.000000,0.000000,11.902705,3.431898,0.000000,0.829162,1.118915,0.476018,18.937305
0.000000,0.000000,12.232176,3.517600,0.000000,1.893106,2.714951,0.063801,19.088667
0.000000,0.000000,12.548314,3.431876,0.000000,1.215018,2.292781,0.098362,21.932199
0.000000,0.000000,11.761670,3.233366,0.000000,1.069916,2.057340,0.087871,20.190907
0.000000,0.000000,14.842209,3.892729,0.000000,1.411665,1.900511,0.882438,23.344163
0.000000,0.000000,24.893115,5.853812,0.000000,2.559708,2.703136,0.179047,36.859685
0.000000,0.000000,18.451945,5.310434,0.000000,1.177580,1.701462,0.045858,33.581239
0.000000,0.000000,14.979199,4.254901,0.000000,0.729434,1.476403,0.062334,23.592995
0.000000,0.000000,11.883066,2.810138,0.000000,0.734383,1.468997,0.482421,18.115801
0.000000,0.000000,14.803944,3.643413,0.000000,1.315497,1.557980,0.034650,23.009344
0.000000,0.000000,11.892949,3.070414,0.000000,0.994963,1.576451,0.410432,18.901112
0.000000,0.000000,12.328013,3.341210,0.000000,1.427910,2.090756,0.056008,19.645269
0.000000,0.000000,15.240924,3.429718,0.000000,1.257206,1.860770,0.045627,23.710752
0.000000,0.000000,11.070220,3.178630,0.000000,0.827224,1.223449,0.490334,18.816306
0.000000,0.000000,11.712682,3.062652,0.000000,1.645232,1.817347,0.065894,18.275638
0.000000,0.000000,12.914476,3.547188,0.000000,1.096631,1.887926,0.044359,21.622577
0.000000,0.000000,12.149223,3.253072,0.000000,0.937477,1.459640,0.058158,19.624187
0.000000,0.000000,11.826440,3.448341,0.000000,0.754363,1.330022,0.406244,18.946694
0.000000,0.000000,11.902420,3.356360,0.000000,2.091770,2.452894,0.063866,20.567307
0.000000,0.000000,15.528286,4.051144,0.000000,1.020454,5.349547,0.034782,27.936723
0.000000,0.000000,11.694615,2.882516,0.000000,0.730933,1.236365,0.378504,22.054322
0.000000,0.000000,14.223360,3.355291,0.000000,1.550364,1.868308,0.039488,20.961021
0.000000,0.000000,13.609942,3.504901,0.000000,0.961932,1.590051,0.037162,22.497817
0.000000,0.000000,12.942585,3.223738,0.000000,1.039134,1.279116,0.396942,19.899578
0.000000,0.000000,12.640516,3.567941,0.000000,1.754307,2.026261,0.077687,22.269639
0.000000,0.000000,12.120811,3.372329,0.000000,1.078942,1.559633,0.037758,20.526495
0.000000,0.000000,11.739607,2.942225,0.000000,0.750099,1.421265,0.520466,18.276840
0.000000,0.000000,12.028522,3.040334,0.000000,1.457766,1.901371,0.064483,18.856774
0.000000,0.000000,11.670440,3.041249,0.000000,1.316268,2.166546,0.066611,19.360346
0.000000,0.000000,15.890668,4.832806,0.000000,0.819443,1.366909,0.338631,25.422376
0.000000,0.000000,11.875613,3.503724,0.000000,1.177690,1.666559,0.037713,22.026605
0.000000,0.000000,12.575720,3.018821,0.000000,0.840514,1.525325,0.333649,19.501497
0.000000,0.000000,13.789084,3.279512,0.000000,1.430070,2.145607,0.041439,20.872353
0.000000,0.000000,11.171426,3.778170,0.000000,1.348471,2.058211,0.582613,19.724588
0.000000,0.000000,10.636045,5.343320,0.000000,1.482090,2.130608,0.074568,21.275262
0.000000,0.000000,13.190897,3.387703,0.000000,1.293245,2.047388,0.402541,21.814831
0.000000,0.000000,14.183254,3.934223,0.000000,1.684688,2.013576,0.044690,23.175740
0.000000,0.000000,10.664726,3.105042,0.000000,1.237083,2.178802,0.041229,18.815281
0.000000,0.000000,14.413414,4.652248,0.000000,0.962065,1.789541,0.388743,23.536594
0.000000,0.000000,12.310062,3.431247,0.000000,1.690099,2.152396,0.071228,19.942869
0.000000,0.000000,12.963051,3.544312,0.000000,1.027276,1.746186,0.039819,21.495808
0.000000,0.000000,11.593689,3.063555,0.000000,0.735859,1.412591,0.444398,18.742729
0.000000,0.000000,11.383111,2.988028,0.000000,1.772414,2.454910,0.047423,17.978436
0.000000,0.000000,11.920459,3.491909,0.000000,0.999966,1.711513,0.037791,24.770949
0.000000,0.000000,11.169987,3.015845,0.000000,1.447881,1.538891,0.311277,20.839062
0.000000,0.000000,10.595739,3.159361,0.000000,6.395338,1.958956,0.035311,21.386836
0.000000,0.000000,11.593237,3.237620,0.000000,0.851866,1.637364,0.343094,24.392598
0.000000,0.000000,11.749642,3.234584,0.000000,2.196844,2.039475,0.061806,21.323763
0.000000,0.000000,12.268029,3.192909,0.000000,1.033801,2.464102,0.042607,24.758693
0.000000,0.000000,11.918851,2.998785,0.000000,0.828347,1.595286,0.390616,22.912834
0.000000,0.000000,11.001036,3.163592,0.000000,1.738734,2.423225,0.057904,17.885121
0.000000,0.000000,10.956906,3.270377,0.000000,1.183410,5.773413,0.040513,21.976481
0.000000,0.000000,10.693089,3.065417,0.000000,0.846334,5.761015,0.129122,21.874758
0.000000,0.000000,11.596440,3.147880,0.000000,0.696294,1.461855,0.508419,22.417441
0.000000,0.000000,10.635588,3.135360,0.000000,1.376585,2.036235,0.042816,19.080324
0.000000,0.000000,10.898817,3.002300,0.000000,1.001278,1.706355,0.034937,18.702305
0.000000,0.000000,10.413900,2.997991,0.000000,0.655461,5.558483,0.328006,18.007333
0.000000,0.000000,9.947476,2.971982,0.000000,1.387342,2.069409,0.041913,20.404825
0.000000,0.000000,10.676049,3.269978,0.000000,1.009510,1.944706,0.036369,18.837775
0.000000,0.000000,11.051772,3.257231,0.000000,0.695644,1.479963,0.299649,18.509844
0.000000,0.000000,9.749137,2.866081,0.000000,1.996526,1.768083,0.030979,18.253868
0.000000,0.000000,10.511044,2.873421,0.000000,0.734008,1.575625,0.256017,22.459101
0.000000,0.000000,10.849724,2.733565,0.000000,1.371251,2.852702,0.057992,17.847374
0.000000,0.000000,12.326602,2.993509,0.000000,0.967873,2.052921,0.539587,21.001799
0.000000,0.000000,16.432976,3.666314,0.000000,1.272085,2.258330,0.051259,25.065153
0.000000,0.000000,12.411606,3.242266,0.000000,0.985341,1.832612,0.033173,20.543160
0.000000,0.000000,11.371142,2.915113,0.000000,0.597194,1.639226,0.288209,22.778323
0.000000,0.000000,11.111557,2.933417,0.000000,1.174869,2.057638,0.034352,18.156545
0.000000,0.000000,11.757997,3.060537,0.000000,0.795593,1.707336,0.032820,18.958794
0.000000,0.000000,10.930502,2.919103,0.000000,0.629551,1.457700,0.331356,17.256728
0.000000,0.000000,10.834815,2.991691,0.000000,1.498709,2.139920,0.035278,17.271000
0.000000,0.000000,10.560861,3.101299,0.000000,0.947627,1.861629,0.034187,22.268747
0.000000,0.000000,10.824723,3.019592,0.000000,0.808443,2.074764,0.045749,17.652303
0.000000,0.000000,10.767117,3.287412,0.000000,0.538231,1.504882,0.371285,17.960175
0.000000,0.000000,10.621992,3.326570,0.000000,1.559015,2.139104,0.033360,17.178557
0.000000,0.000000,11.480465,3.014765,0.000000,0.830463,1.784538,0.040866,22.856450
0.000000,0.000000,11.163472,2.901638,0.000000,0.930324,1.906418,0.334773,17.881672
0.000000,0.000000,12.028253,3.007514,0.000000,1.809952,2.978220,0.076310,22.197012
0.000000,0.000000,11.425046,5.300184,0.000000,0.873202,2.283115,0.036733,22.953821
0.000000,0.000000,11.322111,2.932471,0.000000,0.773650,1.766067,0.358358,21.421554
0.000000,0.000000,11.211785,2.829634,0.000000,1.450768,2.374656,0.036270,19.597241
0.000000,0.000000,10.873998,5.023911,0.000000,1.020531,2.007768,0.034947,24.953532
0.000000,0.000000,11.517148,3.104806,0.000000,0.666659,1.750605,0.384499,22.731397
0.000000,0.000000,11.400656,3.020606,0.000000,1.513808,2.793541,0.182871,18.097980
0.000000,0.000000,16.509947,3.522192,0.000000,1.078744,2.311429,0.047930,26.278916
0.000000,0.000000,13.231454,3.606040,0.000000,0.928704,1.951219,0.047633,21.735964
0.000000,0.000000,14.063930,3.624732,0.000000,0.682782,1.967817,0.411457,21.628417
0.000000,0.000000,11.602858,3.392664,0.000000,1.680908,2.774927,0.075019,19.021009
0.000000,0.000000,13.797709,3.467518,0.000000,0.973009,2.109028,0.063029,23.113858
0.000000,0.000000,10.957543,3.623370,0.000000,0.953160,1.861883,0.305722,18.901300
0.000000,0.000000,10.965626,2.847312,0.000000,1.382856,2.374304,0.035521,20.667047
0.000000,0.000000,10.507139,3.092122,0.000000,0.995061,2.132063,0.034364,18.704383
0.000000,0.000000,10.801711,2.888189,0.000000,0.709332,1.908899,0.467311,19.435079
0.000000,0.000000,10.770786,2.954789,0.000000,1.604014,2.273494,0.058499,17.970523
0.000000,0.000000,9.448992,3.141567,0.000000,0.988416,2.162722,0.035510,17.774681
0.000000,0.000000,10.180679,2.936417,0.000000,0.765837,1.897977,0.342366,19.449731
0.000000,0.000000,9.675985,4.155039,0.000000,1.518447,2.510281,0.069708,18.539657
0.000000,0.000000,9.789541,3.256259,0.000000,1.197826,2.639854,0.074711,18.361227
0.000000,0.000000,11.098776,3.168501,0.000000,0.762519,2.099462,0.040679,19.449152
0.000000,0.000000,10.105204,3.112102,0.000000,0.798546,2.335597,0.429785,17.024612
0.000000,0.000000,11.088223,4.285648,0.000000,1.531673,2.373223,0.036656,20.170077
0.000000,0.000000,9.533879,3.247583,0.000000,1.308454,2.662105,0.044800,19.943255
0.000000,0.000000,11.787306,3.741554,0.000000,0.975620,2.204911,0.040138,25.788261
0.000000,0.000000,10.885746,3.871734,0.000000,1.638190,2.046396,0.457084,22.310555
0.000000,0.000000,10.824613,3.858949,0.000000,1.961491,2.574665,0.043114,24.725586
0.000000,0.000000,10.012559,3.755357,0.000000,2.054967,2.387528,0.050620,23.815176
0.000000,0.000000,10.264152,3.319792,0.000000,0.942315,2.148241,0.041042,19.897535
0.000000,0.000000,9.916186,3.280084,0.000000,0.705298,1.984106,0.354898,17.366529
0.000000,0.000000,9.110605,2.856529,0.000000,1.355470,2.404743,0.051666,15.955614
0.000000,0.000000,10.224108,3.015834,0.000000,0.853861,6.479230,0.048338,18.219096
0.000000,0.000000,9.603962,2.733532,0.000000,0.736123,2.066289,0.319057,20.871970
0.000000,0.000000,10.704508,3.056775,0.000000,1.096421,2.366037,0.033338,19.268534
0.000000,0.000000,9.339622,3.022537,0.000000,0.800685,2.106681,0.043841,17.324606
0.000000,0.000000,10.067758,3.022259,0.000000,1.067315,2.178637,0.363041,17.291223
0.000000,0.000000,9.742341,2.907939,0.000000,1.344769,2.450270,0.037648,23.305864
0.000000,0.000000,9.589471,2.863701,0.000000,1.649365,2.057042,0.294535,19.092889
0.000000,0.000000,9.972005,3.048790,0.000000,2.053002,2.558662,0.050575,19.683600
0.000000,0.000000,8.169267,3.151787,0.000000,1.014128,2.560844,0.361841,20.481310
0.000000,0.000000,9.161734,3.173202,0.000000,1.397173,3.532040,0.052350,17.864126
0.000000,0.000000,9.244652,3.419856,0.000000,1.156816,2.447075,0.054323,19.162000
0.000000,0.000000,9.183910,3.138652,0.000000,1.129716,2.318019,0.313216,17.495123
0.000000,0.000000,8.684997,3.314329,0.000000,1.478971,2.893633,0.050630,16.892649
0.000000,0.000000,8.914504,3.260100,0.000000,1.960488,2.503965,0.139073,18.547614
0.000000,0.000000,8.952100,3.378253,0.000000,1.112435,2.551487,0.356231,20.938218
0.000000,0.000000,9.595671,3.521721,0.000000,1.657246,3.157828,0.051204,20.342831
0.000000,0.000000,8.938891,3.298390,0.000000,2.273858,2.866665,0.053915,19.095379
0.000000,0.000000,9.378303,3.570619,0.000000,1.609381,3.183430,0.132758,22.173774
0.000000,0.000000,11.452866,4.809485,0.000000,2.160126,3.998387,0.493894,23.091561
0.000000,0.000000,11.146299,5.913293,0.000000,2.484171,4.202584,0.087341,26.805857
0.000000,0.000000,11.722777,4.473138,0.000000,2.865502,6.995850,0.274235,29.334057
0.000000,0.000000,13.246728,7.631986,0.000000,1.428009,3.245919,0.070027,36.732314
0.000000,0.000000,10.451052,4.574314,0.000000,1.109614,3.159250,0.435175,21.465362
0.000000,0.000000,8.844934,4.047632,0.000000,1.875682,3.657884,0.060328,18.948922
0.000000,0.000000,9.227504,4.503835,0.000000,1.580892,3.127686,0.043213,20.642172
0.000000,0.000000,9.228568,3.587644,0.000000,1.560989,3.095317,0.052140,18.797085
0.000000,0.000000,8.612802,3.837051,0.000000,1.409483,2.649089,0.040998,18.480012
0.000000,0.000000,8.767368,4.071570,0.000000,1.610418,2.741412,0.514371,18.035591
0.000000,0.000000,10.625240,3.862654,0.000000,2.046341,4.143445,0.068430,27.411341
0.000000,0.000000,10.817776,4.191500,0.000000,2.180720,2.653332,0.068440,26.743461
0.000000,0.000000,9.563527,3.289739,0.000000,1.567183,2.759288,0.043930,24.501563
0.000000,0.000000,10.084521,3.533589,0.000000,1.089611,2.210201,0.362656,19.830951
0.000000,0.000000,9.332251,3.201417,0.000000,8.308833,2.642995,0.038782,17.227676
0.000000,0.000000,9.174063,4.106959,0.000000,1.651834,2.483163,0.043632,25.466316
0.000000,0.000000,8.695030,3.104443,0.000000,1.236211,2.015439,0.036326,21.582603
0.000000,0.000000,8.153305,3.064371,0.000000,1.293069,2.121614,0.039312,18.589560
0.000000,0.000000,10.151241,3.505154,0.000000,1.181515,2.039045,0.423161,23.543773
0.000000,0.000000,10.686129,3.854238,0.000000,2.243661,2.404677,0.080597,24.153234
0.000000,0.000000,10.413497,4.519183,0.000000,1.417793,1.934291,0.041064,24.877642
0.000000,0.000000,9.420099,3.783996,0.000000,1.373643,1.869223,0.040370,20.512730
0.000000,0.000000,8.246604,3.750680,0.000000,0.921133,5.771437,0.083748,18.309392
0.000000,0.000000,7.980701,3.794724,0.000000,0.810217,1.379764,0.363439,19.734800
0.000000,0.000000,8.798209,3.347841,0.000000,1.626794,1.697042,0.039587,18.180463
0.000000,0.000000,10.627577,4.132361,0.000000,1.063623,1.233147,0.034309,19.041507
0.000000,0.000000,9.293361,3.236769,0.000000,0.868739,1.316610,0.036171,15.988181
0.000000,0.000000,9.580074,3.449917,0.000000,0.795241,1.243893,0.046046,16.571383
0.000000,0.000000,9.802086,3.188411,0.000000,0.620988,1.005862,0.312665,16.088493
0.000000,0.000000,9.775875,3.912503,0.000000,1.405152,1.803340,0.035124,16.485524
0.000000,0.000000,9.153646,3.258384,0.000000,1.336051,2.037943,0.076254,16.594280
0.000000,0.000000,12.771292,4.374613,0.000000,1.146633,1.724981,0.046465,23.208344
0.000000,0.000000,15.570141,4.237644,0.000000,0.917716,6.368282,0.048173,24.797233
0.000000,0.000000,10.467187,3.098848,0.000000,0.709288,1.158117,0.305843,21.793446
0.000000,0.000000,10.166334,2.903476,0.000000,1.377622,1.622915,0.033240,20.080073
0.000000,0.000000,11.209308,3.641035,0.000000,1.167077,1.542374,0.032655,19.498845
0.000000,0.000000,10.336979,2.799956,0.000000,0.910002,1.362952,0.320005,17.620992
0.000000,0.000000,10.890452,3.033809,0.000000,1.578412,1.845847,0.045825,17.368954
0.000000,0.000000,11.390705,3.118318,0.000000,1.255432,1.688203,0.034727,22.460279
0.000000,0.000000,11.066512,3.366543,0.000000,1.093258,1.351117,0.273915,22.131172
0.000000,0.000000,10.768559,3.037038,0.000000,1.564901,7.026807,0.040259,22.915247
0.000000,0.000000,10.945325,3.117579,0.000000,2.259486,1.880982,0.043125,23.807649
0.000000,0.000000,11.705073,3.311329,0.000000,1.094173,1.641244,0.315762,25.467409
0.000000,0.000000,12.615983,3.315726,0.000000,1.631964,7.892835,0.045141,22.631567
0.000000,0.000000,10.910542,3.263818,0.000000,1.298160,1.569585,0.036094,24.811352
0.000000,0.000000,11.194774,3.424877,0.000000,1.157819,1.898947,0.379099,18.693918
0.000000,0.000000,12.565364,3.409625,0.000000,2.489792,3.163538,0.052404,20.544141
0.000000,0.000000,10.686597,5.644501,0.000000,1.203589,1.846134,0.040249,23.458350
0.000000,0.000000,10.804698,3.071060,0.000000,1.115422,1.790732,0.042464,18.139397
0.000000,0.000000,11.021469,3.450997,0.000000,0.983732,1.575691,0.388005,18.526167
0.000000,0.000000,10.095948,3.436341,0.000000,2.063049,2.388630,0.049319,17.582586
0.000000,0.000000,10.923634,3.808450,0.000000,1.348493,2.026812,0.043059,20.713919
0.000000,0.000000,9.664092,3.361496,0.000000,1.078193,1.980667,0.081103,17.666277
0.000000,0.000000,10.572585,3.257832,0.000000,0.965701,1.669159,0.044458,18.286395
0.000000,0.000000,9.088191,3.402615,0.000000,0.812984,1.410288,0.380687,16.294167
0.000000,0.000000,9.909781,3.895332,0.000000,1.798546,2.463430,0.046012,17.450895
0.000000,0.000000,11.663151,3.933443,0.000000,1.365752,2.244047,0.066589,21.195777
0.000000,0.000000,9.785188,3.627137,0.000000,1.105073,1.948706,0.040050,18.351595
0.000000,0.000000,9.479436,3.498045,0.000000,0.935350,1.540974,0.051677,17.145118
0.000000,0.000000,10.003558,3.226932,0.000000,0.742836,1.655439,0.487193,16.885971
0.000000,0.000000,10.849839,3.581000,0.000000,2.210301,2.882084,0.052482,18.451578
0.000000,0.000000,13.723491,3.995202,0.000000,1.435890,2.323044,0.046068,24.404457
0.000000,0.000000,13.338452,3.713605,0.000000,1.280064,2.179044,0.069829,22.228045
0.000000,0.000000,11.220134,4.002144,0.000000,0.855558,1.913153,0.059260,19.995704
0.000000,0.000000,10.373601,3.364570,0.000000,1.097909,1.558652,0.041670,18.087356
0.000000,0.000000,10.758288,3.646387,0.000000,0.770741,1.383308,0.399841,23.150457
0.000000,0.000000,9.667851,3.174944,0.000000,2.165445,2.335686,0.043279,19.716443
0.000000,0.000000,10.213048,3.464222,0.000000,1.304718,1.932825,0.040932,23.271446
0.000000,0.000000,9.419478,3.352044,0.000000,0.918256,1.609514,0.052074,20.068178
0.000000,0.000000,10.701096,3.251015,0.000000,0.895641,1.545416,0.425663,17.499068
0.000000,0.000000,11.284944,4.229588,0.000000,2.184654,2.514413,0.070688,23.404061
0.000000,0.000000,10.887131,3.295615,0.000000,1.589202,2.071535,0.042673,24.156799
0.000000,0.000000,11.756786,4.822075,0.000000,1.065982,7.962658,0.092598,24.548402
0.000000,0.000000,11.892044,3.412225,0.000000,0.900171,1.714687,6.489149,25.764798
0.000000,0.000000,10.104138,3.382336,0.000000,0.810449,10.060341,0.527674,23.992559
0.000000,0.000000,12.221079,3.519724,0.000000,1.917583,2.426422,0.042067,28.450609
0.000000,0.000000,10.920427,3.627192,0.000000,1.121781,1.872827,0.041990,20.326740
0.000000,0.000000,10.669196,3.149474,0.000000,0.911236,1.779656,0.065178,18.011665
0.000000,0.000000,10.316964,3.554683,0.000000,0.869973,1.790137,0.402773,18.014001
0.000000,0.000000,12.514200,3.563069,0.000000,1.740510,3.029280,0.057243,20.381030
0.000000,0.000000,13.930136,3.632943,0.000000,1.126751,2.035871,0.039477,23.993694
0.000000,0.000000,12.882624,3.707698,0.000000,0.941092,2.228441,0.066081,21.154603
0.000000,0.000000,10.996848,3.500338,0.000000,0.947903,1.755575,0.399576,18.988883
0.000000,0.000000,9.812297,3.575760,0.000000,1.647007,2.319584,0.042166,17.645404
0.000000,0.000000,10.136860,3.233322,0.000000,1.197484,2.015758,0.039125,18.640112
0.000000,0.000000,9.810870,3.097323,0.000000,0.997420,1.778355,0.038738,17.632421
0.000000,0.000000,9.638976,3.029478,0.000000,0.951253,1.679893,0.037912,16.589848
0.000000,0.000000,9.753098,2.907817,0.000000,0.767126,1.812421,0.387067,16.413678
0.000000,0.000000,11.353081,3.274119,0.000000,1.847226,2.440209,0.042849,18.719828
0.000000,0.000000,10.623978,3.176969,0.000000,1.251861,2.059798,0.053805,19.350966
0.000000,0.000000,11.066269,2.785969,0.000000,1.068582,1.891861,0.039918,18.432511
0.000000,0.000000,10.191954,2.921499,0.000000,0.911048,1.653432,0.039157,17.213883
0.000000,0.000000,10.128186,3.003546,0.000000,0.807540,1.676565,0.397802,16.859256
0.000000,0.000000,10.595684,3.640580,0.000000,1.577222,2.452244,0.048173,18.112329
0.000000,0.000000,9.882925,3.174515,0.000000,1.205838,2.038065,0.037957,18.349844
0.000000,0.000000,10.193978,2.878471,0.000000,1.334662,1.803858,0.036865,17.602928
0.000000,0.000000,10.306933,2.926104,0.000000,0.851613,1.804927,8.394884,21.907094
0.000000,0.000000,10.148925,3.016696,0.000000,1.185448,2.037502,0.436916,25.635598
0.000000,0.000000,14.101750,4.571686,0.000000,1.960917,9.432752,0.141487,30.778970
0.000000,0.000000,13.086651,3.890867,0.000000,1.479136,2.380188,0.042585,30.220837
0.000000,0.000000,10.287381,3.723835,0.000000,1.217189,2.257932,0.044315,19.377152
0.000000,0.000000,11.677645,3.845893,0.000000,1.071922,1.975774,0.041681,20.325970
0.000000,0.000000,9.906554,2.996205,0.000000,0.789664,1.673645,0.314671,17.128355
0.000000,0.000000,9.722609,3.309945,0.000000,1.697836,2.417561,0.038253,16.895438
0.000000,0.000000,10.148057,3.114858,0.000000,1.275743,2.176069,0.041416,18.694810
0.000000,0.000000,9.934570,3.136789,0.000000,1.091903,1.892764,0.035024,17.961640
0.000000,0.000000,8.939052,3.730394,0.000000,1.070627,1.950359,0.036215,16.805451
0.000000,0.000000,9.661079,3.430113,0.000000,0.870238,1.569960,0.036777,17.251514
0.000000,0.000000,8.811444,3.089235,0.000000,0.774620,1.592839,0.385326,15.539925
0.000000,0.000000,9.956766,3.160892,0.000000,1.737985,2.445906,0.039797,17.004193
0.000000,0.000000,10.493770,3.335996,0.000000,1.433090,2.247694,0.038981,19.223420
0.000000,0.000000,10.445171,3.476687,0.000000,1.209530,2.138510,0.054003,18.815214
0.000000,0.000000,11.496732,4.063592,0.000000,1.639502,3.033788,0.061387,20.024127
0.000000,0.000000,10.443089,5.427134,0.000000,0.976811,2.091429,0.049264,21.996099
0.000000,0.000000,9.920584,3.123156,0.000000,0.911005,1.766618,0.038121,17.150771
0.000000,0.000000,10.433765,3.474208,0.000000,0.907952,1.811550,0.038507,17.650551
0.000000,0.000000,11.612678,3.391230,0.000000,0.892313,1.811694,0.389073,20.781522
0.000000,0.000000,11.104236,3.212845,0.000000,2.705881,2.779236,0.083517,18.358912
0.000000,0.000000,9.995081,3.240623,0.000000,1.779810,3.012991,0.080552,20.309614
0.000000,0.000000,9.900383,4.440835,0.000000,1.391883,1.913274,0.047886,20.849224
0.000000,0.000000,10.087604,3.126264,0.000000,1.264756,1.991567,0.057937,17.755260
0.000000,0.000000,10.666870,3.290874,0.000000,1.209342,2.165908,0.043455,18.450774
0.000000,0.000000,10.243994,3.077001,0.000000,1.052591,1.828610,0.036854,17.852874
0.000000,0.000000,11.230382,3.628126,0.000000,1.007074,1.979884,0.096224,18.808392
0.000000,0.000000,15.748916,3.732197,0.000000,1.663208,1.973492,0.368486,24.129957
0.000000,0.000000,10.888068,4.094272,0.000000,1.829184,2.982054,0.043654,21.781972
0.000000,0.000000,11.335189,4.127512,0.000000,1.672002,2.467463,0.040480,23.014844
0.000000,0.000000,9.962285,3.307122,0.000000,2.519064,2.834517,0.053110,21.623844
0.000000,0.000000,15.725385,4.217396,0.000000,1.357574,2.627609,0.069619,31.804280
0.000000,0.000000,10.809687,3.591374,0.000000,1.212968,2.548005,0.068143,19.746134
0.000000,0.000000,11.798668,3.234887,0.000000,1.129496,2.101710,0.040932,20.425036
0.000000,0.000000,10.996119,3.184786,0.000000,0.998235,1.892521,0.300233,18.599169
0.000000,0.000000,9.980769,2.859755,0.000000,1.674758,3.066090,0.045231,17.088846
0.000000,0.000000,15.875566,3.549208,0.000000,1.673226,2.738006,0.042662,25.650488
0.000000,0.000000,11.911744,3.161597,0.000000,1.740201,2.934753,0.049308,20.699768
0.000000,0.000000,12.857152,3.951892,0.000000,1.394230,2.315892,0.079891,22.869080
0.000000,0.000000,12.935712,3.368020,0.000000,1.226712,2.214598,0.039676,21.536711
0.000000,0.000000,10.734754,3.190400,0.000000,1.029998,2.154567,0.039202,18.580380
0.000000,0.000000,11.502016,3.190351,0.000000,1.068924,2.083757,0.062897,19.167709
0.000000,0.000000,12.521303,3.138993,0.000000,0.946404,1.979444,0.343380,20.067506
0.000000,0.000000,10.525613,3.028651,0.000000,2.139722,2.640680,0.040568,17.919980
0.000000,0.000000,10.720254,3.054011,0.000000,1.599948,2.920129,0.053474,19.739421
0.000000,0.000000,11.633859,3.249160,0.000000,1.435791,2.936924,0.062621,21.127701
0.000000,0.000000,13.320426,3.115827,0.000000,1.574666,2.835961,0.059623,22.301152
0.000000,0.000000,14.225508,3.728362,0.000000,1.653950,3.493483,0.057595,23.757926
0.000000,0.000000,16.176489,4.105940,0.000000,1.118838,2.229620,0.038992,26.960643
0.000000,0.000000,15.121329,3.655875,0.000000,1.187874,2.311120,0.047533,23.331653
0.000000,0.000000,14.209120,3.558341,0.000000,1.217333,2.878039,0.048757,22.639127
0.000000,0.000000,10.485290,3.787303,0.000000,1.221520,2.241086,0.042849,19.778370
0.000000,0.000000,10.348353,3.236441,0.000000,1.018074,2.135644,0.400689,21.691810
0.000000,0.000000,11.307426,3.480284,0.000000,2.142301,2.938588,0.052328,22.693494
0.000000,0.000000,10.297644,3.361771,0.000000,1.731946,2.858951,0.050674,23.833118
0.000000,0.000000,11.123614,4.301799,0.000000,1.768503,2.826659,0.046398,24.566680
0.000000,0.000000,10.475498,3.838200,0.000000,1.538671,9.469429,0.083099,26.143516
0.000000,0.000000,11.452246,3.988975,0.000000,1.672851,2.731636,0.047534,27.919233
0.000000,0.000000,12.622124,4.338619,0.000000,1.350411,2.349671,0.043511,28.824715
0.000000,0.000000,14.502206,3.767745,0.000000,1.211215,7.954111,0.057816,24.634761
0.000000,0.000000,10.421649,4.113703,0.000000,1.398043,2.624072,0.046542,24.983080
0.000000,0.000000,11.208315,3.690332,0.000000,1.460235,2.328743,0.044480,25.472863
0.000000,0.000000,11.822285,4.010796,0.000000,1.232960,9.643340,0.081886,26.232648
0.000000,0.000000,10.278444,3.997530,0.000000,1.050376,2.124259,0.044690,26.508968
0.000000,0.000000,10.737988,3.738248,0.000000,1.051830,2.153751,0.046552,18.930351
0.000000,0.000000,11.115276,3.690266,0.000000,1.082072,2.209364,0.506689,19.322311
0.000000,0.000000,11.304608,3.897479,0.000000,2.074610,2.663581,0.046949,20.250696
0.000000,0.000000,10.284122,3.674668,0.000000,2.275754,4.734908,0.103244,19.966068
0.000000,0.000000,13.298137,5.035207,0.000000,1.732166,4.483409,0.092334,38.452175
0.000000,0.000000,14.888056,4.413988,0.000000,1.792330,3.944681,0.056681,27.510872
0.000000,0.000000,12.971718,4.272854,0.000000,2.298181,4.221925,0.086151,24.549460
0.000000,0.000000,11.906640,4.298223,0.000000,1.692744,4.382148,0.106716,24.892796
0.000000,0.000000,13.523200,4.299017,0.000000,1.537470,3.812926,0.092124,25.790226
0.000000,0.000000,18.633815,4.543584,0.000000,1.621670,4.139886,0.101095,30.306358
0.000000,0.000000,15.696719,4.714772,0.000000,1.215062,4.514267,0.112954,27.990769
0.000000,0.000000,13.404800,4.171778,0.000000,1.427326,3.449432,0.095805,25.310634
0.000000,0.000000,12.299073,4.869366,0.000000,1.987346,3.809488,0.110397,24.207368
0.000000,0.000000,14.605059,4.747582,0.000000,2.086502,5.089750,0.763357,31.541866
0.000000,0.000000,16.227020,5.994230,0.000000,3.323792,4.134253,0.110331,36.007683
0.000000,0.000000,16.965159,4.164669,0.000000,1.982496,3.895671,0.045946,39.107863
0.000000,0.000000,10.246195,3.437180,0.000000,1.903730,3.429088,0.045153,21.202445
0.000000,0.000000,10.022330,3.330946,0.000000,1.647085,3.419015,0.045814,20.162771
0.000000,0.000000,10.051138,3.401403,0.000000,1.579812,3.318768,0.104357,20.016413
0.000000,0.000000,10.661452,3.709168,0.000000,1.392908,3.035429,0.051732,21.009302
0.000000,0.000000,11.369587,3.895895,0.000000,1.438491,3.344976,0.483821,21.272661
0.000000,0.000000,11.881452,4.186046,0.000000,3.109490,5.596549,0.112535,22.822362
0.000000,0.000000,12.442899,4.134622,0.000000,4.173500,7.345589,0.120095,27.431571
0.000000,0.000000,18.070102,4.794023,0.000000,2.673545,5.848996,0.107057,36.956777
0.000000,0.000000,17.564995,5.150575,0.000000,2.522084,4.922617,0.099431,33.530616
0.000000,0.000000,20.486391,4.791626,0.000000,1.618133,3.805773,0.076221,34.752043
0.000000,0.000000,12.382128,3.318658,0.000000,1.480194,3.050352,0.046420,22.723900
0.000000,0.000000,12.283420,3.312089,0.000000,1.300893,2.846199,0.045450,21.620475
0.000000,0.000000,12.892455,3.142708,0.000000,1.706366,3.337856,0.473086,21.516158
0.000000,0.000000,13.892678,3.955711,0.000000,2.913559,4.703795,0.089093,24.835486
0.000000,0.000000,13.455903,3.705229,0.000000,1.913450,4.245785,0.076970,26.604596
0.000000,0.000000,12.050658,3.509309,0.000000,1.787833,3.482043,0.045979,23.445759
0.000000,0.000000,12.273286,3.158071,0.000000,1.811704,3.390580,0.047742,22.181935
0.000000,0.000000,12.458485,3.404200,0.000000,2.137257,3.171406,0.053760,22.477154
0.000000,0.000000,12.321399,3.221336,0.000000,1.321084,2.880651,0.043037,23.171882
0.000000,0.000000,11.857736,2.972169,0.000000,1.445037,3.256070,0.044998,21.317380
0.000000,0.000000,11.685663,3.192037,0.000000,2.441664,3.903351,0.823069,23.986049
0.000000,0.000000,12.509164,3.334516,0.000000,2.813582,3.859732,0.078425,30.392808
0.000000,0.000000,13.043398,3.568089,0.000000,1.977901,8.368253,0.055314,29.876276
0.000000,0.000000,11.032017,3.083208,0.000000,1.808420,10.602606,0.046895,25.901722
0.000000,0.000000,11.150589,3.115732,0.000000,1.816377,7.905575,0.052868,28.191650
0.000000,0.000000,11.311232,2.801399,0.000000,2.376728,3.513012,0.055921,25.112818
0.000000,0.000000,11.247517,3.577301,0.000000,2.197758,3.492116,0.053628,27.600946
0.000000,0.000000,11.228432,3.002797,0.000000,1.577531,7.942375,0.050884,27.707774
0.000000,0.000000,11.158103,3.199624,0.000000,1.871262,3.462948,0.041284,25.228505
0.000000,0.000000,11.004293,3.064657,0.000000,2.262697,3.771189,0.052317,26.476278
0.000000,0.000000,13.061101,3.106486,0.000000,2.404703,8.393540,0.060174,27.533675
0.000000,0.000000,11.879612,3.262737,0.000000,1.702068,12.197737,0.051424,27.254149
0.000000,0.000000,12.468961,3.552117,0.000000,1.889259,11.404349,0.097128,31.377008
0.000000,0.000000,13.198508,3.341647,0.000000,1.761846,3.475640,0.044139,31.600106
0.000000,0.000000,13.845258,3.601955,0.000000,1.850829,3.311064,0.043709,24.058551
0.000000,0.000000,12.074799,3.113039,0.000000,-nan,0.077887,140274.532211,21.705795
