#LBA time[ms], KF opt[#], KF fixed[#], MP[#], Edges[#]
0.012123,3,1,0,3120
0.001533,4,1,0,4066
0.613428,5,1,0,4815
0.703649,6,1,0,5623
0.572559,7,1,0,6179
1.441492,8,1,0,6965
1.134038,9,1,0,7811
0.947934,9,1,0,8442
1.587532,10,1,0,9088
2.258718,11,1,0,9823
1.977262,11,2,0,10343
3.349072,11,3,0,10467
6.670672,12,3,0,11163
3.417672,12,4,0,11092
3.687456,13,4,0,11775
3.364128,14,4,0,12443
3.085161,15,4,0,13043
2.511709,16,4,0,13701
3.414056,16,5,0,13743
2.361032,15,7,0,13117
3.546749,15,8,0,13018
3.166505,15,9,0,13115
4.461980,15,9,0,13228
6.204546,15,10,0,13076
5.947807,16,10,0,13506
8.787952,17,10,0,13894
6.655263,18,10,0,14443
7.576357,19,10,0,15087
5.383875,20,10,0,15561
7.181135,20,11,0,15416
2.800508,20,11,0,15343
8.059697,21,11,0,15767
3.888279,21,12,0,16203
4.440429,21,12,0,15978
7.361458,20,13,0,14498
3.889591,22,13,0,16154
3.622633,23,13,0,16640
2.412390,22,14,0,15282
6.991463,23,14,0,15745
5.597010,16,20,0,11763
7.948233,14,23,0,11007
6.976666,14,23,0,10619
2.329953,15,23,0,10604
4.173582,15,24,0,11011
3.877378,15,25,0,10547
1.644008,15,26,0,10614
6.771185,15,27,0,10805
6.307102,14,27,0,10705
6.376704,12,30,0,9859
4.538385,11,28,0,9414
6.553790,11,23,0,9292
6.992345,11,22,0,9232
2.119383,8,28,0,7807
4.082769,9,25,0,8136
1.225441,8,25,0,7167
1.834591,9,25,0,7545
1.019019,9,24,0,7309
2.402939,10,26,0,7690
4.012125,11,26,0,8084
1.527592,11,27,0,7804
1.841636,12,27,0,8073
3.772172,12,22,0,7704
3.494623,12,27,0,7550
4.053203,13,21,0,7917
1.056909,13,22,0,7908
6.645034,14,22,0,8455
1.450104,13,11,0,8163
2.844196,13,12,0,8184
4.389308,10,15,0,7852
4.879591,9,17,0,7554
5.898324,11,16,0,8075
4.910633,8,19,0,7117
5.273527,10,18,0,8022
1.756891,9,19,0,7149
4.233092,9,18,0,6998
3.182267,9,19,0,6770
2.555941,11,18,0,7655
2.084489,8,19,0,6042
3.498563,9,19,0,6283
0.848953,9,20,0,6021
3.166940,10,20,0,6609
3.282088,9,17,0,6232
2.413820,9,18,0,6356
1.398199,10,18,0,6891
1.190080,10,19,0,7090
3.716682,11,19,0,7394
2.567000,12,19,0,7728
3.888578,12,15,0,7764
4.467538,13,15,0,8072
1.291775,13,16,0,8417
1.349382,12,14,0,7999
2.780351,16,15,0,9347
1.804481,13,15,0,8469
5.675047,13,15,0,8237
3.050567,13,13,0,7972
1.387488,14,13,0,8725
3.493340,15,13,0,9416
3.929171,15,14,0,9660
3.948780,14,16,0,9707
4.007413,15,16,0,10235
3.698937,14,16,0,9995
5.348551,15,16,0,10584
4.801099,15,16,0,11009
4.834366,13,19,0,9829
7.514622,14,19,0,10322
6.771821,14,20,0,10375
2.315525,14,21,0,10518
4.205178,14,20,0,10670
6.178664,14,21,0,10853
6.953979,15,21,0,11308
5.328612,14,23,0,10933
2.121609,15,23,0,11303
3.575853,15,21,0,11347
6.563824,15,19,0,11264
4.024701,16,19,0,11786
4.050312,13,18,0,10015
4.881399,15,18,0,10882
3.384246,16,18,0,11327
4.058184,16,18,0,11328
6.368492,16,19,0,11498
2.520739,16,19,0,11677
4.235222,15,21,0,12139
2.576656,17,20,0,12747
6.609244,15,21,0,11351
2.569684,14,23,0,10804
4.098917,15,23,0,11409
6.636728,17,22,0,12514
6.215519,16,24,0,11999
3.274389,16,25,0,12246
8.962251,16,25,0,12197
3.250374,16,22,0,12255
2.753457,16,23,0,12229
3.555615,16,24,0,12369
3.783247,17,24,0,12884
3.842088,18,24,0,13304
3.657420,19,24,0,13683
7.529191,17,25,0,12577
7.949354,18,25,0,13105
7.881905,15,29,0,11098
5.525778,14,31,0,10611
2.029752,15,31,0,11262
12.622371,16,31,0,11629
6.879659,17,31,0,12222
6.374045,18,31,0,13008
4.131728,17,33,0,12655
7.438750,18,33,0,13226
3.106430,18,34,0,13136
7.486948,19,34,0,13720
3.011536,20,34,0,14386
2.970028,21,34,0,14928
3.363962,22,34,0,15477
10.921522,23,34,0,16108
3.452251,22,36,0,16734
6.731033,25,34,0,17369
3.413096,25,35,0,18008
6.190353,25,36,0,18568
5.785142,22,25,0,15914
3.779865,24,30,0,17333
4.199078,21,28,0,16088
7.886417,18,26,0,14957
4.470712,16,29,0,14061
6.097948,12,32,0,11655
13.264051,10,33,0,10271
1.939250,10,34,0,10075
2.073980,9,36,0,9283
6.239914,10,36,0,9882
9.434753,9,36,0,9068
5.736575,10,36,0,9646
3.436486,11,36,0,10187
2.580298,10,26,0,9139
3.031660,11,26,0,9617
3.266574,12,26,0,10063
2.075888,12,27,0,9923
3.031232,13,27,0,10385
2.438924,14,27,0,10940
4.497893,15,27,0,11546
3.270951,16,27,0,12177
5.966060,17,27,0,12708
3.692776,18,27,0,13201
3.893070,16,30,0,11849
9.042476,17,30,0,12222
5.618197,16,32,0,11442
3.872141,15,16,0,11039
4.613044,14,18,0,10591
3.617140,13,20,0,10286
2.508638,12,20,0,9964
4.818295,11,22,0,9716
9.587462,10,24,0,9063
2.809372,10,25,0,8830
3.287462,11,25,0,9301
2.427832,12,25,0,10289
2.193538,13,25,0,10627
2.900839,11,28,0,9212
3.069232,12,27,0,8953
2.041998,11,20,0,8203
4.890841,12,20,0,8745
3.863555,13,20,0,9470
2.806496,14,20,0,10289
3.087317,15,20,0,10997
2.535113,14,21,0,10374
4.005208,13,23,0,10111
3.713646,12,25,0,9931
2.085988,13,25,0,10448
2.849745,12,27,0,10283
12.162876,13,27,0,10784
2.484950,13,28,0,10764
5.936628,13,29,0,10785
2.451458,11,32,0,9641
3.844901,12,32,0,10193
3.176928,11,34,0,10014
1.917152,10,25,0,8731
4.132604,10,23,0,8789
2.289665,10,22,0,8687
8.721690,10,21,0,8594
2.275920,11,21,0,9230
1.896035,11,21,0,9451
2.129270,10,19,0,9088
2.041746,11,19,0,9772
2.023159,11,18,0,9826
2.347168,10,18,0,9134
6.651960,11,18,0,9733
2.568105,12,18,0,10191
5.369195,13,18,0,10538
7.563088,14,18,0,10991
2.321351,14,18,0,10799
2.396575,15,18,0,11118
2.656094,15,12,0,11143
3.025120,15,13,0,10995
2.667861,15,14,0,10973
6.212616,17,13,0,11911
4.877680,17,14,0,11531
3.450941,13,16,0,10280
5.286097,12,18,0,8924
3.763368,12,19,0,9043
2.249429,9,20,0,7362
2.672754,10,20,0,7908
1.578711,10,21,0,8802
4.748326,9,22,0,8358
2.124665,9,23,0,8559
5.895872,10,23,0,9334
2.357041,11,23,0,9888
2.142438,12,23,0,10535
14.838028,12,24,0,10748
2.303782,13,24,0,11293
4.045587,14,24,0,11833
2.547494,14,25,0,11630
3.698911,16,24,0,12749
2.574444,17,24,0,13391
4.337164,17,25,0,13456
2.594209,16,27,0,13423
13.888457,16,28,0,12700
2.863438,14,31,0,12154
3.184537,15,31,0,12640
2.748027,16,31,0,12989
3.590810,15,32,0,11690
4.572884,15,32,0,11643
4.332183,13,26,0,10157
4.481088,12,25,0,9736
1.946790,12,26,0,9804
1.876063,13,26,0,10387
2.530613,13,27,0,10191
10.706192,14,27,0,10735
1.445738,15,27,0,11247
3.956581,15,19,0,11224
3.286795,16,19,0,11826
1.816460,17,19,0,12489
3.189401,17,20,0,12900
3.529710,15,22,0,11385
5.699845,17,21,0,12701
2.444143,19,21,0,13980
2.282948,16,24,0,12119
2.789798,17,24,0,12928
3.442347,13,17,0,11044
3.967949,15,20,0,12339
2.868260,17,27,0,14725
7.609440,15,30,0,14335
3.127473,13,20,0,11208
4.668902,11,23,0,9967
5.652762,11,23,0,9965
2.589361,12,23,0,10518
1.844376,12,20,0,10396
5.103660,10,23,0,8657
2.915541,10,24,0,8472
2.298057,11,24,0,9106
1.863632,9,26,0,7924
6.916898,9,27,0,8045
1.957000,10,27,0,8663
2.967150,10,28,0,8664
2.417396,11,28,0,9178
4.324975,9,29,0,8314
5.434743,8,31,0,7262
1.799583,8,32,0,6988
1.395339,8,27,0,6400
1.450013,6,30,0,5208
1.054724,6,19,0,5074
1.433024,7,19,0,5380
0.734714,6,20,0,4717
1.396201,7,20,0,5080
1.080307,6,16,0,4736
0.923558,6,17,0,4891
0.653303,7,17,0,5357
1.039738,7,18,0,5455
0.896442,8,18,0,5958
1.327894,9,18,0,6506
1.303923,9,16,0,6687
2.134541,10,16,0,7159
1.170252,11,16,0,7802
1.955724,12,16,0,8451
1.729374,13,16,0,9109
1.974586,12,13,0,9036
1.503395,13,13,0,9698
1.881657,14,13,0,10424
2.294117,15,13,0,10939
6.580278,14,15,0,10398
2.847616,14,11,0,10498
1.799774,12,14,0,9713
1.807679,10,16,0,8995
1.450689,6,21,0,7765
2.437149,3,15,0,4327
1.969838,3,16,0,4068
1.073662,4,16,0,4828
0.750117,4,2,0,4735
0.904872,5,2,0,5270
0.743524,5,2,0,5274
1.009340,6,2,0,5483
0.705372,6,3,0,5287
0.622725,6,4,0,5038
0.721793,7,4,0,5436
0.924720,7,4,0,5295
0.927295,7,5,0,5561
0.992618,7,6,0,5581
0.990524,6,7,0,5262
15.969150,6,8,0,5081
0.856800,7,8,0,5369
1.249948,7,9,0,5233
1.264807,7,10,0,5171
1.147199,9,9,0,6110
0.986914,9,10,0,6418
1.456677,9,11,0,6441
1.245285,10,11,0,6897
1.251066,10,12,0,6733
1.593146,10,13,0,6911
2.507412,11,13,0,7334
1.736057,11,11,0,7786
1.877475,11,12,0,8227
2.301612,10,14,0,8365
3.275993,8,14,0,7676
2.109770,7,16,0,7259
1.359395,7,17,0,7120
1.602501,8,17,0,7553
1.455735,9,17,0,8096
1.252676,10,17,0,8578
1.356169,11,17,0,8880
2.187956,12,17,0,9152
2.574340,13,17,0,9423
2.531137,14,17,0,9855
2.177066,15,17,0,10402
4.388807,14,16,0,9574
2.361897,12,18,0,8477
1.838845,15,16,0,9837
1.315303,16,16,0,10214
2.309159,15,18,0,9694
5.217208,17,17,0,10781
1.845179,17,18,0,10964
3.043562,16,19,0,11318
22.789782,16,20,0,10878
3.655572,16,21,0,11243
17.752880,16,22,0,11829
3.162272,17,21,0,12299
5.319145,17,22,0,12148
2.955845,18,22,0,12662
4.491129,17,24,0,12220
4.064428,15,27,0,11632
5.659091,15,28,0,12032
5.516620,15,29,0,12501
4.833857,14,31,0,12079
3.113699,14,31,0,11826
3.395647,15,31,0,12391
2.245406,15,32,0,12429
3.884266,13,33,0,11256
4.798489,17,32,0,13352
5.671842,15,33,0,12148
3.912811,16,33,0,12632
3.885824,16,34,0,12563
5.591539,16,35,0,12484
4.107429,16,36,0,12423
3.451649,17,36,0,12863
5.278750,17,36,0,12701
5.448931,16,27,0,11922
4.269472,17,27,0,12566
8.002018,17,28,0,13115
2.982571,16,29,0,12111
5.854120,18,29,0,14574
5.502678,18,29,0,13724
19.173470,19,29,0,14240
7.775015,19,30,0,14310
3.310482,19,31,0,14507
2.960303,19,32,0,14558
3.069359,21,31,0,15487
4.155684,20,33,0,15861
6.471981,22,32,0,16635
7.509094,23,32,0,17309
16.983966,22,28,0,16742
7.641893,21,30,0,16570
5.710191,0,2084448272,0,521718267
9.517937,0,31968,0,1078851430
