#Image Rect[ms], Image Resize[ms], ORB ext[ms], Stereo match[ms], IMU preint[ms], Pose pred[ms], LM track[ms], KF dec[ms], Total[ms]
0.000000,0.000000,103.229566,0.000000,0.000000,11.511148,3.142752,0.059302,107.541140
0.000000,0.000000,31.190491,0.000000,0.000000,2.906745,2.764024,0.055335,47.427245
0.000000,0.000000,22.266191,0.000000,0.000000,2.891726,2.696105,0.060064,29.124513
0.000000,0.000000,27.068271,0.000000,0.000000,2.330261,2.083452,0.055004,33.696917
0.000000,0.000000,21.528442,0.000000,0.000000,2.034129,2.013460,0.473388,26.841932
0.000000,0.000000,25.429994,0.000000,0.000000,3.290532,2.967119,0.461065,30.905561
0.000000,0.000000,22.211086,0.000000,0.000000,3.318926,3.256447,0.206573,30.123447
0.000000,0.000000,24.561675,0.000000,0.000000,2.690870,2.333891,0.110120,32.714218
0.000000,0.000000,24.685110,0.000000,0.000000,2.252887,2.414925,0.482598,31.200057
0.000000,0.000000,22.828958,0.000000,0.000000,3.264311,2.851085,0.086925,29.090021
0.000000,0.000000,23.841414,0.000000,0.000000,2.282884,3.259532,0.118606,31.314835
0.000000,0.000000,23.004833,0.000000,0.000000,2.329262,3.826892,0.132813,30.113118
0.000000,0.000000,22.907047,0.000000,0.000000,2.268226,2.593625,0.528636,30.800446
0.000000,0.000000,22.296395,0.000000,0.000000,3.145375,3.216350,0.183229,29.178560
0.000000,0.000000,23.606848,0.000000,0.000000,2.289526,3.005508,0.146959,32.158621
0.000000,0.000000,22.880516,0.000000,0.000000,1.835092,2.616318,0.575034,30.144829
0.000000,0.000000,24.169258,0.000000,0.000000,2.619234,3.309247,0.105110,30.626736
0.000000,0.000000,25.744936,0.000000,0.000000,1.979546,3.377196,0.101784,33.501086
0.000000,0.000000,26.685777,0.000000,0.000000,2.005336,2.884949,0.571738,33.692991
0.000000,0.000000,23.417328,0.000000,0.000000,2.629263,3.780864,0.108096,30.652565
0.000000,0.000000,27.466533,0.000000,0.000000,2.077242,3.031398,0.101012,36.066487
0.000000,0.000000,23.305445,0.000000,0.000000,1.582782,2.756885,0.638976,29.978513
0.000000,0.000000,22.804343,0.000000,0.000000,3.342931,3.957180,0.127012,29.140228
0.000000,0.000000,22.548485,0.000000,0.000000,1.804153,2.744532,0.058381,31.801091
0.000000,0.000000,21.584167,0.000000,0.000000,1.664808,2.861394,0.700743,27.393953
0.000000,0.000000,22.513238,0.000000,0.000000,2.880221,3.507134,0.112935,29.152240
0.000000,0.000000,22.878722,0.000000,0.000000,2.033229,3.215018,0.625941,31.042757
0.000000,0.000000,22.533275,0.000000,0.000000,2.899517,3.592947,0.105521,29.986468
0.000000,0.000000,22.015822,0.000000,0.000000,2.020835,3.473269,0.692308,30.386108
0.000000,0.000000,23.061071,0.000000,0.000000,2.963318,4.102616,0.129928,30.950733
0.000000,0.000000,23.974018,0.000000,0.000000,1.696799,3.304758,0.563732,33.022124
0.000000,0.000000,21.708586,0.000000,0.000000,2.589688,3.596203,0.114618,28.791974
0.000000,0.000000,21.548181,0.000000,0.000000,1.874256,3.705581,0.698229,29.605833
0.000000,0.000000,22.997449,0.000000,0.000000,2.871764,4.217175,0.123265,30.938689
0.000000,0.000000,22.964276,0.000000,0.000000,1.700736,3.913626,0.866819,32.420389
0.000000,0.000000,26.050028,0.000000,0.000000,2.929384,4.195012,0.124667,34.228300
0.000000,0.000000,23.728631,0.000000,0.000000,1.666811,3.902886,0.772841,32.787647
0.000000,0.000000,23.223609,0.000000,0.000000,2.999929,5.195566,0.148783,31.196059
0.000000,0.000000,22.870397,0.000000,0.000000,1.647966,4.892980,1.042504,34.008331
0.000000,0.000000,22.926675,0.000000,0.000000,3.706804,4.952704,0.113045,32.641400
0.000000,0.000000,23.598573,0.000000,0.000000,1.839530,3.754494,0.656569,34.158075
0.000000,0.000000,21.824146,0.000000,0.000000,3.236608,4.642053,0.142501,29.653855
0.000000,0.000000,23.574057,0.000000,0.000000,1.401446,3.303235,0.893780,33.555388
0.000000,0.000000,24.359902,0.000000,0.000000,2.700930,4.063702,0.060926,31.593757
0.000000,0.000000,24.653780,0.000000,0.000000,1.603181,4.218528,0.716373,32.997918
0.000000,0.000000,23.839130,0.000000,0.000000,3.341738,5.081278,0.142251,32.521733
0.000000,0.000000,22.115772,0.000000,0.000000,2.031746,4.249676,0.127503,32.760938
0.000000,0.000000,23.263867,0.000000,0.000000,1.310444,4.179603,0.943005,31.413534
0.000000,0.000000,21.974833,0.000000,0.000000,3.429235,5.172603,0.152480,30.270989
0.000000,0.000000,24.471093,0.000000,0.000000,1.693372,4.433987,0.130859,35.098556
0.000000,0.000000,23.402029,0.000000,0.000000,1.185946,3.102743,0.625721,31.327871
0.000000,0.000000,22.718749,0.000000,0.000000,2.913184,4.998551,0.186004,28.954514
0.000000,0.000000,22.483351,0.000000,0.000000,1.267862,4.498760,0.841010,32.849416
0.000000,0.000000,22.158804,0.000000,0.000000,3.038772,4.762562,0.162619,30.719082
0.000000,0.000000,23.826245,0.000000,0.000000,1.292118,4.296074,0.816824,34.245922
0.000000,0.000000,24.246927,0.000000,0.000000,2.976553,5.540101,0.166707,32.786155
0.000000,0.000000,23.130192,0.000000,0.000000,1.584445,4.243274,1.006877,34.065389
0.000000,0.000000,22.391227,0.000000,0.000000,4.453525,7.717655,0.296714,31.425688
0.000000,0.000000,23.862397,0.000000,0.000000,1.271951,4.038124,0.979735,39.296947
0.000000,0.000000,22.745301,0.000000,0.000000,3.171014,5.801379,0.184021,30.879088
0.000000,0.000000,26.691500,0.000000,0.000000,1.433257,4.178371,1.122767,38.145815
0.000000,0.000000,22.133467,0.000000,0.000000,2.851736,5.196329,0.172949,31.070702
0.000000,0.000000,23.762186,0.000000,0.000000,1.391027,4.413799,0.845489,34.230305
0.000000,0.000000,22.985738,0.000000,0.000000,2.770823,4.255557,0.141389,31.599860
0.000000,0.000000,22.660108,0.000000,0.000000,1.477141,4.205122,0.791476,31.733243
0.000000,0.000000,21.536740,0.000000,0.000000,2.673578,4.864826,0.142050,29.655079
0.000000,0.000000,26.182250,0.000000,0.000000,1.170828,4.220491,0.890073,36.172310
0.000000,0.000000,22.356862,0.000000,0.000000,3.012483,5.050751,0.152560,30.378746
0.000000,0.000000,23.494466,0.000000,0.000000,1.504643,4.205462,0.777820,33.680670
0.000000,0.000000,22.119269,0.000000,0.000000,2.843295,4.686999,0.164984,30.505547
0.000000,0.000000,21.557661,0.000000,0.000000,1.526064,4.454266,0.152100,31.325081
0.000000,0.000000,26.288703,0.000000,0.000000,1.265091,4.456170,1.492539,34.333560
0.000000,0.000000,22.082545,0.000000,0.000000,2.734063,5.947527,0.222804,31.150814
0.000000,0.000000,23.842162,0.000000,0.000000,2.312721,5.122978,0.127082,35.153055
0.000000,0.000000,23.276462,0.000000,0.000000,1.182541,4.663374,0.902688,32.484292
0.000000,0.000000,22.937527,0.000000,0.000000,3.389159,4.711515,0.147040,31.407894
0.000000,0.000000,23.669810,0.000000,0.000000,2.265501,5.253066,0.242091,34.082823
0.000000,0.000000,24.045144,0.000000,0.000000,1.247464,4.717558,0.875676,33.967686
0.000000,0.000000,24.120510,0.000000,0.000000,2.821319,5.887373,0.182408,33.003143
0.000000,0.000000,23.732633,0.000000,0.000000,1.324911,3.560956,0.080252,35.389544
0.000000,0.000000,21.971730,0.000000,0.000000,1.402700,4.784824,0.879844,28.324598
0.000000,0.000000,22.920574,0.000000,0.000000,3.629507,6.612492,0.256698,31.706373
0.000000,0.000000,22.642915,0.000000,0.000000,1.481269,4.566450,0.126161,35.609789
0.000000,0.000000,23.341404,0.000000,0.000000,1.262913,4.148284,0.802266,31.376423
0.000000,0.000000,22.842196,0.000000,0.000000,2.786031,4.628627,0.199329,31.299349
0.000000,0.000000,24.432682,0.000000,0.000000,1.187811,4.103980,0.956841,34.382053
0.000000,0.000000,23.989557,0.000000,0.000000,2.434352,4.113958,0.191284,32.176446
0.000000,0.000000,22.984316,0.000000,0.000000,1.466019,4.128455,1.174525,32.020951
0.000000,0.000000,23.307741,0.000000,0.000000,2.917462,5.113911,0.289821,32.038313
0.000000,0.000000,23.437098,0.000000,0.000000,1.362072,3.434144,1.333607,34.511881
0.000000,0.000000,23.915406,0.000000,0.000000,2.917150,4.680176,0.131079,31.783719
0.000000,0.000000,22.995477,0.000000,0.000000,1.063514,5.117899,1.031593,32.415081
0.000000,0.000000,21.423705,0.000000,0.000000,3.909018,5.888414,0.193448,30.376872
0.000000,0.000000,24.952952,0.000000,0.000000,1.338286,4.235811,0.196474,37.200446
0.000000,0.000000,23.408132,0.000000,0.000000,1.129720,4.691147,1.130050,31.162117
0.000000,0.000000,22.037804,0.000000,0.000000,3.317572,6.236909,0.162440,30.877214
0.000000,0.000000,23.127758,0.000000,0.000000,1.263464,6.020055,0.190502,35.255085
0.000000,0.000000,22.323989,0.000000,0.000000,1.032564,4.725261,1.268003,31.468219
0.000000,0.000000,22.528660,0.000000,0.000000,3.119506,7.758814,0.193699,31.301452
0.000000,0.000000,25.055717,0.000000,0.000000,1.566170,5.784838,0.162679,38.739709
0.000000,0.000000,22.728549,0.000000,0.000000,1.065357,4.387469,1.743387,32.019999
0.000000,0.000000,22.355187,0.000000,0.000000,5.982979,7.953835,0.404690,32.216212
0.000000,0.000000,26.175013,0.000000,0.000000,1.854740,4.707197,0.156137,44.148769
0.000000,0.000000,26.725083,0.000000,0.000000,1.309602,4.252481,1.249027,35.499800
0.000000,0.000000,23.512952,0.000000,0.000000,2.992624,4.927316,0.217173,32.776709
0.000000,0.000000,24.620560,0.000000,0.000000,1.123588,4.694183,0.972941,35.189330
0.000000,0.000000,24.855997,0.000000,0.000000,3.273940,4.899723,0.173119,33.382121
0.000000,0.000000,24.976536,0.000000,0.000000,1.384775,4.649737,1.371009,35.833816
0.000000,0.000000,23.335303,0.000000,0.000000,3.440317,5.227536,0.163822,32.734408
0.000000,0.000000,24.278178,0.000000,0.000000,1.494533,4.964337,0.977159,35.356338
0.000000,0.000000,23.147196,0.000000,0.000000,5.056712,5.120674,0.205401,32.572732
0.000000,0.000000,24.675514,0.000000,0.000000,1.813430,4.258032,0.980867,37.750982
0.000000,0.000000,27.845215,0.000000,0.000000,4.833837,8.053726,0.244375,36.702538
0.000000,0.000000,24.825459,0.000000,0.000000,2.206609,4.729259,0.131259,41.271884
0.000000,0.000000,24.569622,0.000000,0.000000,1.936855,4.240539,1.006716,33.468184
0.000000,0.000000,22.437114,0.000000,0.000000,3.837443,5.290597,0.108426,31.317152
0.000000,0.000000,24.212803,0.000000,0.000000,2.245042,4.493319,0.147922,35.529417
0.000000,0.000000,22.896860,0.000000,0.000000,1.801559,5.270119,1.283182,31.886555
0.000000,0.000000,24.347579,0.000000,0.000000,3.794861,6.692665,0.115910,34.701191
0.000000,0.000000,23.073365,0.000000,0.000000,2.015124,5.330793,0.125499,35.695913
0.000000,0.000000,22.673424,0.000000,0.000000,1.520022,4.294632,1.047493,31.856077
0.000000,0.000000,22.593131,0.000000,0.000000,5.648719,7.442122,0.152430,31.891846
0.000000,0.000000,24.667529,0.000000,0.000000,1.723189,4.638447,0.274623,40.773305
0.000000,0.000000,22.737926,0.000000,0.000000,1.318629,4.503079,1.193601,31.402143
0.000000,0.000000,21.624708,0.000000,0.000000,4.419649,6.151175,0.156198,30.462535
0.000000,0.000000,22.460989,0.000000,0.000000,2.733812,5.847256,0.183539,35.069893
0.000000,0.000000,23.512631,0.000000,0.000000,1.252176,3.684982,1.211385,34.519875
0.000000,0.000000,21.202786,0.000000,0.000000,5.698545,6.163449,0.121602,29.139773
0.000000,0.000000,23.700454,0.000000,0.000000,1.525283,4.011654,0.114648,37.824101
0.000000,0.000000,22.181910,0.000000,0.000000,0.914661,2.848641,1.154316,29.463607
0.000000,0.000000,21.885177,0.000000,0.000000,2.971314,3.708868,0.167950,29.042706
0.000000,0.000000,21.000723,0.000000,0.000000,1.707830,6.033330,0.185002,29.655041
0.000000,0.000000,25.596067,0.000000,0.000000,1.124450,3.388899,1.434019,36.493504
0.000000,0.000000,22.287481,0.000000,0.000000,3.387516,4.634659,0.135047,29.961334
0.000000,0.000000,24.056928,0.000000,0.000000,1.385236,3.910421,0.122873,34.492366
0.000000,0.000000,21.164014,0.000000,0.000000,0.878883,3.568781,1.215554,28.010642
0.000000,0.000000,21.176688,0.000000,0.000000,3.454785,5.260470,0.159163,29.335714
0.000000,0.000000,21.303509,0.000000,0.000000,2.007620,5.956695,0.174833,33.034402
0.000000,0.000000,23.085009,0.000000,0.000000,0.960288,3.259302,1.105795,33.178456
0.000000,0.000000,21.166057,0.000000,0.000000,2.925577,3.659494,0.184611,28.953537
0.000000,0.000000,23.996019,0.000000,0.000000,1.336975,2.860824,0.096915,33.054126
0.000000,0.000000,20.976608,0.000000,0.000000,0.721713,2.458909,0.871238,26.667908
0.000000,0.000000,19.905469,0.000000,0.000000,2.754282,3.662459,0.145456,25.209252
0.000000,0.000000,22.361992,0.000000,0.000000,1.128136,3.323064,0.148652,30.766426
0.000000,0.000000,21.625342,0.000000,0.000000,0.781497,3.190842,1.285436,27.696074
0.000000,0.000000,21.652403,0.000000,0.000000,3.166297,3.822618,0.115237,28.488211
0.000000,0.000000,21.421596,0.000000,0.000000,1.485317,3.265470,0.144924,30.414828
0.000000,0.000000,21.197067,0.000000,0.000000,1.035972,3.075256,1.056909,27.747607
0.000000,0.000000,21.940030,0.000000,0.000000,2.734060,4.375956,0.109896,28.968127
0.000000,0.000000,21.712406,0.000000,0.000000,1.357146,4.028534,1.699433,30.727064
0.000000,0.000000,21.903107,0.000000,0.000000,3.106336,4.426039,0.196528,31.248257
0.000000,0.000000,22.097268,0.000000,0.000000,1.289397,3.940675,1.026801,32.304450
0.000000,0.000000,21.833202,0.000000,0.000000,3.432459,4.271079,0.145346,30.039554
0.000000,0.000000,21.941985,0.000000,0.000000,1.174386,3.836632,1.335335,32.866862
0.000000,0.000000,25.555397,0.000000,0.000000,2.819310,4.066032,0.159605,33.525010
0.000000,0.000000,21.983425,0.000000,0.000000,0.811269,3.995788,1.032434,30.912423
0.000000,0.000000,21.930978,0.000000,0.000000,3.111323,7.743505,0.160088,29.785877
0.000000,0.000000,22.683122,0.000000,0.000000,1.053345,4.135409,0.149573,36.254981
0.000000,0.000000,21.597590,0.000000,0.000000,0.764249,3.806373,1.371493,28.823313
0.000000,0.000000,22.650807,0.000000,0.000000,2.630784,3.979121,0.104208,30.623383
0.000000,0.000000,23.162083,0.000000,0.000000,1.232975,3.766865,0.145616,32.045825
0.000000,0.000000,21.071410,0.000000,0.000000,0.782670,2.764782,0.890205,28.254022
0.000000,0.000000,22.669323,0.000000,0.000000,3.250253,3.693195,0.091607,28.475401
0.000000,0.000000,21.987164,0.000000,0.000000,2.920263,4.301217,0.141895,30.601155
0.000000,0.000000,21.797590,0.000000,0.000000,1.145570,3.879752,1.104583,31.331262
0.000000,0.000000,22.414922,0.000000,0.000000,3.933742,5.368494,0.117906,30.425859
0.000000,0.000000,22.969329,0.000000,0.000000,2.244341,4.496991,0.134532,34.970802
0.000000,0.000000,21.663555,0.000000,0.000000,1.137282,4.994863,1.348981,30.700309
0.000000,0.000000,21.228919,0.000000,0.000000,3.731880,5.181037,0.174571,30.638287
0.000000,0.000000,22.454935,0.000000,0.000000,2.061354,4.548209,0.256178,36.271715
0.000000,0.000000,22.081330,0.000000,0.000000,1.156798,5.719087,1.199373,33.305662
0.000000,0.000000,21.582569,0.000000,0.000000,3.047873,4.914390,0.257155,31.942879
0.000000,0.000000,24.515074,0.000000,0.000000,1.845018,4.241790,1.339094,35.031472
0.000000,0.000000,21.696836,0.000000,0.000000,3.591008,3.901439,0.066965,33.861541
0.000000,0.000000,23.013410,0.000000,0.000000,1.991182,4.781989,0.171883,32.506607
0.000000,0.000000,22.585734,0.000000,0.000000,1.422130,4.201371,1.118362,31.657977
0.000000,0.000000,22.461036,0.000000,0.000000,3.470628,5.387915,0.155789,31.052140
0.000000,0.000000,22.734979,0.000000,0.000000,2.713125,6.730049,0.162877,34.139134
0.000000,0.000000,24.010049,0.000000,0.000000,1.471390,5.022084,1.406975,36.114637
0.000000,0.000000,21.759100,0.000000,0.000000,4.134348,6.861331,0.121456,32.347921
0.000000,0.000000,23.424418,0.000000,0.000000,1.560135,6.332545,0.175630,37.822819
0.000000,0.000000,25.846795,0.000000,0.000000,1.023300,5.147296,1.305300,36.036855
0.000000,0.000000,22.733930,0.000000,0.000000,3.152415,5.402396,0.157814,32.288705
0.000000,0.000000,22.141747,0.000000,0.000000,1.603484,4.347476,1.854064,33.426666
0.000000,0.000000,21.767309,0.000000,0.000000,6.837905,7.456794,0.240559,32.022132
0.000000,0.000000,26.033387,0.000000,0.000000,2.438553,3.711187,0.129157,43.252251
0.000000,0.000000,22.885120,0.000000,0.000000,1.034483,3.350423,1.945096,30.961963
0.000000,0.000000,21.229203,0.000000,0.000000,2.869701,5.215349,0.198800,29.666631
0.000000,0.000000,25.821782,0.000000,0.000000,1.437173,3.451834,0.171549,37.373520
0.000000,0.000000,21.700447,0.000000,0.000000,0.767662,5.767943,1.113167,29.198120
0.000000,0.000000,22.412647,0.000000,0.000000,2.837618,6.159941,0.238374,31.776197
0.000000,0.000000,21.770656,0.000000,0.000000,1.303050,7.689451,0.215129,33.489181
0.000000,0.000000,22.319167,0.000000,0.000000,0.786565,3.642722,1.846788,33.927071
0.000000,0.000000,23.300670,0.000000,0.000000,2.540441,3.706518,0.106836,31.558839
0.000000,0.000000,21.915060,0.000000,0.000000,1.179991,6.032524,0.199718,30.115543
0.000000,0.000000,21.512580,0.000000,0.000000,0.806210,3.536194,4.461358,30.772126
0.000000,0.000000,22.361581,0.000000,0.000000,2.819058,6.799591,0.197100,32.909531
0.000000,0.000000,22.276980,0.000000,0.000000,1.072818,3.345630,0.151363,34.052908
0.000000,0.000000,21.429158,0.000000,0.000000,0.759590,2.591741,0.928139,27.701831
0.000000,0.000000,22.308695,0.000000,0.000000,2.929861,3.861530,0.157393,27.902333
0.000000,0.000000,22.119370,0.000000,0.000000,1.152703,3.468873,0.142670,31.152261
0.000000,0.000000,22.819068,0.000000,0.000000,0.721951,2.536223,1.113004,29.200144
0.000000,0.000000,22.494912,0.000000,0.000000,2.843737,3.905018,0.146930,28.312198
0.000000,0.000000,22.170914,0.000000,0.000000,1.248754,2.905222,0.156195,31.402698
0.000000,0.000000,21.325725,0.000000,0.000000,0.766635,2.506940,0.956759,27.098853
0.000000,0.000000,21.634887,0.000000,0.000000,2.800820,3.850096,0.167674,27.235546
0.000000,0.000000,21.436471,0.000000,0.000000,1.216264,3.049371,0.314633,30.518921
0.000000,0.000000,24.211346,0.000000,0.000000,0.872615,2.699458,1.332372,30.821491
0.000000,0.000000,22.145563,0.000000,0.000000,2.842615,3.832967,0.155033,28.640335
0.000000,0.000000,22.322462,0.000000,0.000000,1.569698,3.031310,0.138914,31.289826
0.000000,0.000000,25.451203,0.000000,0.000000,1.401707,3.312805,0.158636,31.899757
0.000000,0.000000,22.565280,0.000000,0.000000,0.819051,3.147975,1.172300,29.121305
0.000000,0.000000,25.255079,0.000000,0.000000,3.496801,3.834792,0.141081,31.841931
0.000000,0.000000,22.486956,0.000000,0.000000,1.616271,3.677597,0.149759,32.197407
0.000000,0.000000,23.716158,0.000000,0.000000,1.207084,3.198684,1.067345,30.964229
0.000000,0.000000,22.031585,0.000000,0.000000,3.313143,4.287044,0.152414,29.173934
0.000000,0.000000,24.849561,0.000000,0.000000,1.587662,3.951181,0.153448,34.778802
0.000000,0.000000,22.129779,0.000000,0.000000,1.384768,3.701257,0.148378,29.716764
0.000000,0.000000,23.002371,0.000000,0.000000,1.203683,3.245183,1.184867,29.991073
0.000000,0.000000,21.281513,0.000000,0.000000,5.211416,6.485759,0.179600,28.475053
0.000000,0.000000,22.242181,0.000000,0.000000,2.556875,3.532508,0.150266,36.505903
0.000000,0.000000,22.116662,0.000000,0.000000,1.446182,3.568957,0.290092,30.337351
0.000000,0.000000,21.513642,0.000000,0.000000,1.086594,6.257332,1.378944,29.957355
0.000000,0.000000,21.224207,0.000000,0.000000,3.412394,8.186378,0.155768,31.590649
0.000000,0.000000,22.355071,0.000000,0.000000,2.106965,4.387370,0.254857,36.162137
0.000000,0.000000,21.448018,0.000000,0.000000,1.337340,7.130095,0.187133,33.076999
0.000000,0.000000,21.717501,0.000000,0.000000,1.098276,6.297164,1.291787,32.783102
0.000000,0.000000,21.747841,0.000000,0.000000,3.117236,7.293326,0.163602,32.285673
0.000000,0.000000,21.292168,0.000000,0.000000,1.570480,7.519919,0.196237,33.853007
0.000000,0.000000,21.270053,0.000000,0.000000,1.578268,4.004733,0.980685,32.365641
0.000000,0.000000,22.743109,0.000000,0.000000,3.049653,5.957497,0.169884,31.317799
0.000000,0.000000,22.337857,0.000000,0.000000,1.503892,4.405542,1.610287,33.813291
0.000000,0.000000,22.003327,0.000000,0.000000,3.201551,7.672415,0.119043,32.043935
0.000000,0.000000,23.175547,0.000000,0.000000,2.649791,4.568336,1.131905,36.729559
0.000000,0.000000,23.889852,0.000000,0.000000,3.472860,5.024119,0.104532,34.275449
0.000000,0.000000,26.817884,0.000000,0.000000,1.437603,4.178620,1.242503,37.856496
0.000000,0.000000,22.207531,0.000000,0.000000,3.119279,7.397107,0.285317,31.451521
0.000000,0.000000,21.956254,0.000000,0.000000,1.765950,4.362297,1.350389,35.926573
0.000000,0.000000,24.920982,0.000000,0.000000,3.288723,5.004062,0.149003,37.016233
0.000000,0.000000,21.644886,0.000000,0.000000,1.741253,4.140875,1.431488,32.290321
0.000000,0.000000,21.459375,0.000000,0.000000,3.507036,6.097329,0.105827,33.633543
0.000000,0.000000,22.384211,0.000000,0.000000,1.660802,4.320715,1.338259,36.114449
0.000000,0.000000,22.199155,0.000000,0.000000,2.239778,6.463226,0.171557,35.139215
0.000000,0.000000,21.448792,0.000000,0.000000,1.418431,3.599485,0.078099,32.683109
0.000000,0.000000,25.166017,0.000000,0.000000,1.330296,4.282028,1.501045,31.970335
0.000000,0.000000,22.836899,0.000000,0.000000,3.044373,4.458744,0.098576,32.601656
0.000000,0.000000,25.306488,0.000000,0.000000,1.873813,4.852673,0.131876,35.037476
0.000000,0.000000,22.426942,0.000000,0.000000,1.173313,4.361659,1.061393,31.187503
0.000000,0.000000,21.263184,0.000000,0.000000,2.558497,7.216662,0.163841,30.680639
0.000000,0.000000,22.038479,0.000000,0.000000,1.649874,3.967936,0.167252,34.445578
0.000000,0.000000,24.551204,0.000000,0.000000,0.912193,2.795661,3.965573,32.974450
0.000000,0.000000,20.467687,0.000000,0.000000,2.906523,4.083616,0.093259,29.670592
0.000000,0.000000,20.794422,0.000000,0.000000,1.660307,3.948927,0.127598,29.575138
0.000000,0.000000,21.420443,0.000000,0.000000,1.403665,3.681903,0.145709,29.204293
0.000000,0.000000,22.146585,0.000000,0.000000,1.031516,3.209368,1.053191,29.155494
0.000000,0.000000,23.306027,0.000000,0.000000,3.470498,4.218482,0.123999,30.277548
0.000000,0.000000,22.274220,0.000000,0.000000,1.706185,3.069902,0.070133,32.578570
0.000000,0.000000,25.415473,0.000000,0.000000,1.303544,3.559890,0.862154,31.824539
0.000000,0.000000,22.782800,0.000000,0.000000,3.252697,4.270123,0.119469,30.361573
0.000000,0.000000,22.218768,0.000000,0.000000,2.029598,4.315598,0.117183,31.879802
0.000000,0.000000,21.452239,0.000000,0.000000,1.267360,4.397006,0.926029,29.710634
0.000000,0.000000,22.648692,0.000000,0.000000,3.256350,5.159330,0.144715,31.322836
0.000000,0.000000,21.785989,0.000000,0.000000,1.923328,4.456541,0.860697,33.436732
0.000000,0.000000,23.315836,0.000000,0.000000,3.546582,4.878475,0.151277,32.600165
0.000000,0.000000,24.438134,0.000000,0.000000,1.906322,4.534757,0.770734,35.563161
0.000000,0.000000,21.378441,0.000000,0.000000,3.631804,5.171176,0.129023,30.641355
0.000000,0.000000,23.600654,0.000000,0.000000,1.468335,3.662526,0.696513,37.772097
0.000000,0.000000,22.186245,0.000000,0.000000,2.833726,3.547331,0.060922,29.654408
0.000000,0.000000,21.392619,0.000000,0.000000,1.867944,4.283760,1.009041,29.843804
0.000000,0.000000,21.794255,0.000000,0.000000,3.475209,4.997664,0.155181,30.948279
0.000000,0.000000,22.915782,0.000000,0.000000,1.795311,4.993871,0.969146,33.981178
0.000000,0.000000,22.840625,0.000000,0.000000,3.968994,5.450588,0.201816,32.954584
0.000000,0.000000,22.755073,0.000000,0.000000,1.563831,4.725360,1.406863,35.388231
0.000000,0.000000,21.544698,0.000000,0.000000,3.589531,7.404220,0.181595,32.100790
0.000000,0.000000,22.541873,0.000000,0.000000,1.727996,4.308303,1.581850,37.247183
0.000000,0.000000,21.648484,0.000000,0.000000,3.452895,8.017360,0.147284,36.419834
0.000000,0.000000,22.466803,0.000000,0.000000,2.079850,5.268566,1.060057,37.297657
0.000000,0.000000,22.758641,0.000000,0.000000,3.756295,6.351554,0.269337,33.250560
0.000000,0.000000,24.245446,0.000000,0.000000,1.702904,5.265905,1.214744,37.526359
0.000000,0.000000,21.820631,0.000000,0.000000,3.947539,6.677912,0.217305,33.878574
0.000000,0.000000,22.793356,0.000000,0.000000,1.813700,4.696326,1.427298,38.787330
0.000000,0.000000,21.618298,0.000000,0.000000,4.357852,5.660677,0.154975,35.447699
0.000000,0.000000,23.042072,0.000000,0.000000,1.411225,5.719418,1.106940,38.567314
0.000000,0.000000,23.034095,0.000000,0.000000,3.370874,6.069615,0.174401,33.455520
0.000000,0.000000,22.143418,0.000000,0.000000,1.963935,5.263092,0.922507,34.278041
0.000000,0.000000,22.188080,0.000000,0.000000,3.038109,5.080577,0.148441,32.396069
0.000000,0.000000,22.160936,0.000000,0.000000,1.843215,4.920146,1.324369,32.941391
0.000000,0.000000,21.456617,0.000000,0.000000,2.875180,4.391218,0.228691,35.270876
0.000000,0.000000,21.584234,0.000000,0.000000,1.588703,7.592886,1.378679,31.978495
0.000000,0.000000,21.785984,0.000000,0.000000,4.277530,5.075117,0.254747,34.490244
0.000000,0.000000,23.112570,0.000000,0.000000,1.692365,7.532862,0.158785,35.884642
0.000000,0.000000,22.318001,0.000000,0.000000,1.384440,9.200048,1.304851,33.957321
0.000000,0.000000,22.344227,0.000000,0.000000,3.588968,9.067231,0.168262,36.433461
0.000000,0.000000,21.877050,0.000000,0.000000,1.487022,9.584273,0.140683,37.026389
0.000000,0.000000,22.244926,0.000000,0.000000,1.163469,9.078847,1.105732,35.389622
0.000000,0.000000,21.899999,0.000000,0.000000,3.416998,10.343396,0.187804,35.231746
0.000000,0.000000,22.810592,0.000000,0.000000,2.130318,11.167991,0.174839,39.259627
0.000000,0.000000,22.467030,0.000000,0.000000,1.167597,9.886620,1.788556,38.319827
0.000000,0.000000,26.589863,0.000000,0.000000,4.190567,6.464724,0.178230,41.855226
0.000000,0.000000,26.226208,0.000000,0.000000,1.790952,5.239821,0.355460,42.292441
0.000000,0.000000,22.515957,0.000000,0.000000,1.081890,9.111992,1.605302,33.351958
0.000000,0.000000,22.269626,0.000000,0.000000,3.767694,6.227920,0.209037,36.240010
0.000000,0.000000,23.462154,0.000000,0.000000,2.056662,4.805669,0.180040,36.697430
0.000000,0.000000,21.368455,0.000000,0.000000,1.184628,8.138220,1.406625,36.609635
0.000000,0.000000,23.034512,0.000000,0.000000,4.162310,10.571400,0.197448,35.816217
0.000000,0.000000,22.122871,0.000000,0.000000,2.110357,9.396491,0.203737,39.531555
0.000000,0.000000,22.327190,0.000000,0.000000,1.371988,9.957279,1.472397,36.977099
0.000000,0.000000,22.262116,0.000000,0.000000,3.974192,7.425316,0.221083,37.301972
0.000000,0.000000,22.724676,0.000000,0.000000,2.385919,4.966057,0.290733,41.768094
0.000000,0.000000,21.484235,0.000000,0.000000,1.279077,9.525334,1.708540,36.386155
0.000000,0.000000,21.460032,0.000000,0.000000,4.284992,6.972110,0.232514,36.343280
0.000000,0.000000,23.839159,0.000000,0.000000,2.083555,5.083004,0.201189,45.682064
0.000000,0.000000,21.820154,0.000000,0.000000,1.466144,10.006265,1.506260,35.186867
0.000000,0.000000,23.035072,0.000000,0.000000,4.039001,7.726991,0.166545,38.034958
0.000000,0.000000,22.106405,0.000000,0.000000,1.706089,6.461886,0.203750,42.192476
0.000000,0.000000,26.603747,0.000000,0.000000,1.369618,8.240909,1.359334,37.609227
0.000000,0.000000,21.612121,0.000000,0.000000,4.609653,6.292187,0.170704,35.096117
0.000000,0.000000,24.656232,0.000000,0.000000,2.261450,4.980298,1.636597,44.941412
0.000000,0.000000,22.679598,0.000000,0.000000,4.128514,7.392374,0.165702,37.695201
0.000000,0.000000,26.079689,0.000000,0.000000,1.743988,4.615933,1.456531,45.106544
0.000000,0.000000,22.334620,0.000000,0.000000,4.101103,7.473473,0.176225,33.683122
0.000000,0.000000,23.788159,0.000000,0.000000,1.877967,6.054907,1.461192,42.933366
0.000000,0.000000,24.713764,0.000000,0.000000,3.437837,6.674147,0.182898,37.824509
0.000000,0.000000,26.954334,0.000000,0.000000,2.378344,5.991403,0.979869,41.114611
0.000000,0.000000,22.758487,0.000000,0.000000,3.455522,7.269618,0.200334,38.215145
0.000000,0.000000,23.112493,0.000000,0.000000,2.153323,4.820958,1.348515,40.123352
0.000000,0.000000,22.803538,0.000000,0.000000,3.534897,4.280821,0.263179,37.816863
0.000000,0.000000,23.392662,0.000000,0.000000,2.495997,6.785347,1.570141,38.926814
0.000000,0.000000,24.202032,0.000000,0.000000,3.641477,6.948166,0.209199,40.638463
0.000000,0.000000,23.031141,0.000000,0.000000,2.263446,7.283505,1.375501,36.978276
0.000000,0.000000,23.659537,0.000000,0.000000,3.723464,5.748764,0.175229,39.419405
0.000000,0.000000,23.061013,0.000000,0.000000,2.098301,5.498332,1.121557,40.228294
0.000000,0.000000,23.474809,0.000000,0.000000,4.904873,7.418258,0.192203,38.348494
0.000000,0.000000,23.335552,0.000000,0.000000,1.766697,6.358264,1.123942,42.605708
0.000000,0.000000,23.630800,0.000000,0.000000,5.274139,7.627212,0.362148,37.276505
0.000000,0.000000,23.517057,0.000000,0.000000,1.582141,6.116194,0.183976,43.280968
0.000000,0.000000,25.932464,0.000000,0.000000,1.795488,5.425334,1.565638,35.988873
0.000000,0.000000,23.851754,0.000000,0.000000,3.974320,6.975110,0.164131,36.967238
0.000000,0.000000,23.018348,0.000000,0.000000,2.018593,6.465323,0.181244,40.832657
0.000000,0.000000,21.911821,0.000000,0.000000,1.387757,4.040979,1.154684,36.951156
0.000000,0.000000,22.502336,0.000000,0.000000,4.125413,7.119908,0.242897,35.463565
0.000000,0.000000,23.848442,0.000000,0.000000,2.285389,6.563589,1.360304,45.521518
0.000000,0.000000,22.060634,0.000000,0.000000,3.677248,7.094498,0.211606,41.066131
0.000000,0.000000,25.462900,0.000000,0.000000,1.931604,6.766022,1.202123,41.406760
0.000000,0.000000,22.689143,0.000000,0.000000,3.827969,7.364180,0.200971,38.585187
0.000000,0.000000,22.670908,0.000000,0.000000,1.857290,5.618916,1.431705,41.318994
0.000000,0.000000,22.627086,0.000000,0.000000,3.750380,6.727257,0.363900,39.065960
0.000000,0.000000,23.496985,0.000000,0.000000,1.890267,5.441448,2.784114,44.091141
0.000000,0.000000,23.459842,0.000000,0.000000,5.412397,10.525660,0.183167,38.457128
0.000000,0.000000,23.534528,0.000000,0.000000,2.491496,5.347719,0.222070,48.842508
0.000000,0.000000,23.404352,0.000000,0.000000,1.798474,4.770065,1.583565,36.400494
0.000000,0.000000,22.235402,0.000000,0.000000,3.519540,6.196299,0.280269,40.027038
0.000000,0.000000,23.614394,0.000000,0.000000,1.934382,6.012198,0.173005,40.646115
0.000000,0.000000,23.553890,0.000000,0.000000,1.070609,4.230598,2.186608,40.593765
0.000000,0.000000,22.248261,0.000000,0.000000,4.500165,8.196582,0.233347,36.541360
0.000000,0.000000,24.643060,0.000000,0.000000,1.673473,5.486091,0.173285,44.354116
0.000000,0.000000,23.808260,0.000000,0.000000,1.333262,4.477377,1.771132,35.251214
0.000000,0.000000,25.020155,0.000000,0.000000,3.553751,5.125910,0.260859,40.493562
0.000000,0.000000,24.642732,0.000000,0.000000,1.912358,4.651267,0.204256,38.291954
0.000000,0.000000,22.182561,0.000000,0.000000,1.120364,3.453146,0.094496,37.272905
0.000000,0.000000,23.356504,0.000000,0.000000,0.931443,10.977033,1.236335,29.767218
0.000000,0.000000,21.645867,0.000000,0.000000,4.039199,4.410421,0.174848,36.807620
0.000000,0.000000,22.936673,0.000000,0.000000,1.748218,11.483696,0.174898,39.654446
0.000000,0.000000,21.888268,0.000000,0.000000,1.314645,11.129714,0.136675,37.886526
0.000000,0.000000,22.736914,0.000000,0.000000,0.883114,10.358874,1.187265,37.802298
0.000000,0.000000,23.420348,0.000000,0.000000,3.939176,7.420719,0.187528,37.698766
0.000000,0.000000,22.591695,0.000000,0.000000,2.305338,5.232181,0.183690,39.148815
0.000000,0.000000,22.663884,0.000000,0.000000,2.088779,4.703297,2.433391,37.786800
0.000000,0.000000,22.896210,0.000000,0.000000,3.990522,7.193627,0.187127,41.369473
0.000000,0.000000,23.682199,0.000000,0.000000,1.859479,4.880486,1.370795,41.028156
0.000000,0.000000,22.238800,0.000000,0.000000,4.137749,7.559096,0.207863,38.165534
0.000000,0.000000,24.010907,0.000000,0.000000,2.461279,5.701290,2.163580,40.772649
0.000000,0.000000,23.667398,0.000000,0.000000,4.107395,8.349256,0.242604,39.850539
0.000000,0.000000,23.562783,0.000000,0.000000,2.479903,5.182625,1.892275,43.729655
0.000000,0.000000,23.633267,0.000000,0.000000,3.567306,6.156928,0.244178,39.214878
0.000000,0.000000,24.287267,0.000000,0.000000,2.141069,4.580285,1.522483,43.667700
0.000000,0.000000,23.445963,0.000000,0.000000,3.845536,6.493997,0.209445,39.435634
0.000000,0.000000,23.568327,0.000000,0.000000,2.161546,5.739943,1.069633,37.160139
0.000000,0.000000,22.417435,0.000000,0.000000,4.474691,7.053282,0.253466,39.948676
0.000000,0.000000,25.121502,0.000000,0.000000,2.406409,6.160274,1.077397,43.775061
0.000000,0.000000,22.601373,0.000000,0.000000,3.823336,8.191080,0.220826,39.293212
0.000000,0.000000,23.741038,0.000000,0.000000,2.271658,5.731647,1.301639,41.212017
0.000000,0.000000,22.756608,0.000000,0.000000,3.905698,7.556423,0.216264,38.565508
0.000000,0.000000,26.221245,0.000000,0.000000,2.234687,6.541848,1.225874,43.493269
0.000000,0.000000,23.925815,0.000000,0.000000,4.009536,8.441409,0.362072,41.132104
0.000000,0.000000,22.926976,0.000000,0.000000,2.034530,5.748291,1.123107,46.063372
0.000000,0.000000,22.464222,0.000000,0.000000,4.017020,6.955058,0.210793,36.775826
0.000000,0.000000,26.943881,0.000000,0.000000,1.841251,4.794718,1.550575,44.029558
0.000000,0.000000,22.872482,0.000000,0.000000,3.504732,9.001771,0.178070,39.116069
0.000000,0.000000,22.224744,0.000000,0.000000,1.918087,5.380167,0.158913,44.993797
0.000000,0.000000,21.731490,0.000000,0.000000,1.725409,9.737528,0.979613,37.126004
0.000000,0.000000,21.978943,0.000000,0.000000,4.000252,6.691795,0.178343,36.683569
0.000000,0.000000,24.844920,0.000000,0.000000,2.345767,5.788487,0.153223,45.514258
0.000000,0.000000,21.701645,0.000000,0.000000,1.538265,7.894677,0.807388,37.509175
0.000000,0.000000,22.488533,0.000000,0.000000,3.463365,13.766348,0.172121,34.671106
0.000000,0.000000,21.898940,0.000000,0.000000,1.732659,11.373562,0.122212,41.408796
0.000000,0.000000,22.424025,0.000000,0.000000,1.557232,11.960674,1.011462,37.580104
0.000000,0.000000,21.460347,0.000000,0.000000,3.333668,13.144457,0.158644,38.153058
0.000000,0.000000,23.667038,0.000000,0.000000,2.386604,5.290552,0.152572,42.867232
0.000000,0.000000,21.703529,0.000000,0.000000,6.733145,4.681602,1.127058,37.757745
0.000000,0.000000,22.215050,0.000000,0.000000,12.561354,5.862609,0.534158,36.832474
0.000000,0.000000,22.415751,0.000000,0.000000,2.130743,4.951031,0.329518,44.039304
0.000000,0.000000,21.207978,0.000000,0.000000,1.591974,4.958355,1.227412,34.689757
0.000000,0.000000,21.837381,0.000000,0.000000,3.048494,13.014541,0.256382,35.973434
0.000000,0.000000,21.793427,0.000000,0.000000,1.833117,11.165168,0.123462,41.497904
0.000000,0.000000,21.039695,0.000000,0.000000,1.375514,4.384616,0.937512,35.947221
0.000000,0.000000,24.426097,0.000000,0.000000,3.348315,6.639773,0.183464,32.876522
0.000000,0.000000,22.540845,0.000000,0.000000,1.796010,4.701083,0.073811,35.122339
0.000000,0.000000,21.748228,0.000000,0.000000,1.376960,3.804045,0.742147,30.018526
0.000000,0.000000,21.220071,0.000000,0.000000,3.026522,6.159974,0.175468,28.750464
0.000000,0.000000,22.868485,0.000000,0.000000,1.705123,5.040050,0.107101,34.280285
0.000000,0.000000,21.787754,0.000000,0.000000,1.365198,3.955645,0.837963,30.456493
0.000000,0.000000,21.220049,0.000000,0.000000,3.897044,9.753490,0.310911,29.036284
0.000000,0.000000,21.601444,0.000000,0.000000,1.851749,3.896746,0.061913,38.094380
0.000000,0.000000,20.611184,0.000000,0.000000,1.562869,3.558496,0.708324,28.130480
0.000000,0.000000,21.816999,0.000000,0.000000,3.936571,6.347183,0.151244,29.463651
0.000000,0.000000,22.315015,0.000000,0.000000,1.976346,3.960789,0.138012,35.239731
0.000000,0.000000,21.920833,0.000000,0.000000,1.382908,3.788322,0.977693,29.883906
0.000000,0.000000,20.961948,0.000000,0.000000,4.088015,4.633143,0.145801,28.950040
0.000000,0.000000,22.613778,0.000000,0.000000,2.061802,5.015392,0.131645,38.215373
0.000000,0.000000,21.566294,0.000000,0.000000,1.398160,4.010744,0.964024,30.454565
0.000000,0.000000,21.352464,0.000000,0.000000,3.099036,7.474380,0.079259,32.311654
0.000000,0.000000,21.345617,0.000000,0.000000,1.775131,8.779774,0.137429,33.883229
0.000000,0.000000,20.741963,0.000000,0.000000,1.256275,3.630434,7.627326,33.136137
0.000000,0.000000,20.997529,0.000000,0.000000,3.074781,4.237327,0.063386,35.371253
0.000000,0.000000,20.872238,0.000000,0.000000,1.776989,3.648163,0.067811,29.848636
0.000000,0.000000,22.288289,0.000000,0.000000,1.247617,3.778179,0.787402,29.406106
0.000000,0.000000,21.195561,0.000000,0.000000,2.942744,4.251010,0.076024,28.599820
0.000000,0.000000,21.099116,0.000000,0.000000,1.983666,4.023313,0.084529,30.082512
0.000000,0.000000,20.984787,0.000000,0.000000,1.328747,3.894221,0.694672,28.682004
0.000000,0.000000,21.275583,0.000000,0.000000,3.013969,4.241389,0.089786,28.841980
0.000000,0.000000,21.101798,0.000000,0.000000,2.087065,5.022316,0.083961,30.635610
0.000000,0.000000,22.932262,0.000000,0.000000,1.205033,5.636224,1.185710,31.850416
0.000000,0.000000,21.752352,0.000000,0.000000,3.306090,4.154943,0.102168,32.141056
0.000000,0.000000,21.957472,0.000000,0.000000,1.447771,3.471616,6.944660,37.882558
0.000000,0.000000,20.935133,0.000000,0.000000,2.558976,3.813506,0.068932,34.729839
0.000000,0.000000,21.262598,0.000000,0.000000,1.329106,3.441480,0.745198,29.922069
0.000000,0.000000,21.468331,0.000000,0.000000,2.432101,3.911313,0.069582,28.783947
0.000000,0.000000,21.260335,0.000000,0.000000,1.289069,3.577671,0.831100,29.509639
0.000000,0.000000,23.178171,0.000000,0.000000,2.650560,3.708087,0.073429,30.771296
0.000000,0.000000,21.646285,0.000000,0.000000,1.229777,3.402518,0.793000,29.874124
0.000000,0.000000,21.924169,0.000000,0.000000,2.565982,3.861857,0.076525,29.169218
0.000000,0.000000,22.898417,0.000000,0.000000,1.308179,4.108926,0.790504,31.374406
0.000000,0.000000,22.404118,0.000000,0.000000,3.059015,4.802232,0.213730,30.527016
0.000000,0.000000,22.579414,0.000000,0.000000,1.422572,4.135986,1.021274,33.370850
0.000000,0.000000,21.313420,0.000000,0.000000,2.651889,9.699820,0.119093,31.604944
0.000000,0.000000,21.129952,0.000000,0.000000,1.257746,3.683190,0.727235,35.572896
0.000000,0.000000,20.873720,0.000000,0.000000,2.809062,3.789586,0.073065,28.495550
0.000000,0.000000,20.953692,0.000000,0.000000,1.603068,3.873380,0.757379,29.874341
0.000000,0.000000,21.472809,0.000000,0.000000,2.823099,4.335067,0.103514,29.535824
0.000000,0.000000,21.430399,0.000000,0.000000,1.426723,4.024879,0.756700,30.755574
0.000000,0.000000,21.634358,0.000000,0.000000,2.737286,4.348960,0.077278,29.778923
0.000000,0.000000,23.667700,0.000000,0.000000,1.381303,3.984780,0.796212,32.806766
0.000000,0.000000,21.196066,0.000000,0.000000,3.003248,4.852712,0.127429,29.223731
0.000000,0.000000,22.253319,0.000000,0.000000,1.413393,4.923668,1.108618,32.257075
0.000000,0.000000,21.897790,0.000000,0.000000,3.346564,4.933553,0.182633,31.269938
0.000000,0.000000,22.109066,0.000000,0.000000,1.779827,4.025189,1.139444,39.207596
0.000000,0.000000,20.849911,0.000000,0.000000,3.201329,9.865137,0.088779,37.883155
0.000000,0.000000,22.036709,0.000000,0.000000,1.521416,9.770787,0.145435,37.467066
0.000000,0.000000,20.616058,0.000000,0.000000,1.197144,3.540419,0.951664,34.051415
0.000000,0.000000,20.534495,0.000000,0.000000,3.248028,4.600776,0.077016,27.911330
0.000000,0.000000,21.605327,0.000000,0.000000,1.629646,3.844919,0.078213,31.303726
0.000000,0.000000,21.211049,0.000000,0.000000,1.103985,3.628084,0.835713,28.552078
0.000000,0.000000,20.360114,0.000000,0.000000,4.314136,4.744492,0.095947,27.642753
0.000000,0.000000,22.121244,0.000000,0.000000,1.533001,3.923467,0.104483,33.618570
0.000000,0.000000,21.483910,0.000000,0.000000,1.135176,3.481326,0.101012,28.876067
0.000000,0.000000,22.951902,0.000000,0.000000,1.145644,3.701443,0.977602,29.355894
0.000000,0.000000,20.315884,0.000000,0.000000,3.369876,4.249367,0.114219,27.697053
0.000000,0.000000,21.055222,0.000000,0.000000,1.882467,9.702900,0.137439,36.371333
0.000000,0.000000,20.289327,0.000000,0.000000,1.391031,3.681970,0.086390,33.733741
0.000000,0.000000,19.975240,0.000000,0.000000,1.055236,3.357514,0.968365,26.756194
0.000000,0.000000,20.825571,0.000000,0.000000,3.244524,3.949676,0.111246,27.693597
0.000000,0.000000,25.867809,0.000000,0.000000,1.610276,3.561842,0.090730,35.737205
0.000000,0.000000,21.221892,0.000000,0.000000,1.126955,3.470772,0.803445,28.215357
0.000000,0.000000,21.665112,0.000000,0.000000,2.782701,3.870476,0.076604,28.669046
0.000000,0.000000,22.516682,0.000000,0.000000,1.714269,3.595952,0.070063,30.887643
0.000000,0.000000,21.304416,0.000000,0.000000,1.457066,3.237502,0.710832,28.432078
0.000000,0.000000,21.640189,0.000000,0.000000,2.863312,11.480898,0.152128,32.140800
0.000000,0.000000,22.025493,0.000000,0.000000,1.627075,3.980490,0.085881,38.748526
0.000000,0.000000,21.259388,0.000000,0.000000,1.337786,3.469149,0.865404,28.775524
0.000000,0.000000,20.873999,0.000000,0.000000,3.100099,4.410246,0.103552,28.447716
0.000000,0.000000,22.247699,0.000000,0.000000,2.228594,4.045225,0.112680,31.764657
0.000000,0.000000,22.070627,0.000000,0.000000,1.464371,3.274893,0.822874,30.406224
0.000000,0.000000,21.510540,0.000000,0.000000,3.243350,4.582494,0.096674,28.944063
0.000000,0.000000,27.053684,0.000000,0.000000,1.673213,4.103454,0.090827,37.217063
0.000000,0.000000,22.051500,0.000000,0.000000,1.187547,3.944998,1.113762,29.884674
0.000000,0.000000,22.231627,0.000000,0.000000,3.466171,4.928877,0.179541,30.456184
0.000000,0.000000,23.923088,0.000000,0.000000,1.736147,4.114658,0.114078,38.978222
0.000000,0.000000,25.754941,0.000000,0.000000,1.330051,3.728889,1.001050,37.913258
0.000000,0.000000,22.945311,0.000000,0.000000,3.379374,4.792600,0.221692,36.182199
0.000000,0.000000,23.191053,0.000000,0.000000,2.119259,5.289959,2.027744,40.925100
0.000000,0.000000,23.021302,0.000000,0.000000,2.766517,4.266678,0.111092,44.092548
0.000000,0.000000,22.702951,0.000000,0.000000,1.041612,3.770804,1.048869,38.029832
0.000000,0.000000,22.697885,0.000000,0.000000,2.484419,9.805656,0.107549,32.313199
0.000000,0.000000,21.443809,0.000000,0.000000,1.110107,10.599870,1.195930,35.902122
0.000000,0.000000,22.547088,0.000000,0.000000,2.739216,12.940246,0.146582,37.385700
0.000000,0.000000,22.589125,0.000000,0.000000,1.231549,3.658955,8.683215,40.236985
0.000000,0.000000,22.348347,0.000000,0.000000,2.842358,10.358992,0.132785,37.719616
0.000000,0.000000,22.445019,0.000000,0.000000,1.320719,14.665466,1.232718,37.708145
0.000000,0.000000,26.113574,0.000000,0.000000,2.925493,6.417760,0.160630,45.106840
0.000000,0.000000,22.540259,0.000000,0.000000,1.628294,10.627683,0.111221,34.436688
0.000000,0.000000,21.316235,0.000000,0.000000,1.017179,3.261306,0.914703,35.566077
0.000000,0.000000,20.672271,0.000000,0.000000,4.447109,5.691499,0.091005,27.428715
0.000000,0.000000,21.304914,0.000000,0.000000,1.882463,3.882589,0.067151,33.601073
0.000000,0.000000,20.315336,0.000000,0.000000,1.236064,3.852435,0.868881,27.903193
0.000000,0.000000,20.796876,0.000000,0.000000,3.539659,5.363486,0.126288,28.411433
0.000000,0.000000,22.501272,0.000000,0.000000,1.627291,3.972449,0.646978,33.755166
0.000000,0.000000,20.585959,0.000000,0.000000,3.522099,4.186819,0.084664,28.613265
0.000000,0.000000,24.411043,0.000000,0.000000,2.110730,4.684344,0.726021,34.360178
0.000000,0.000000,20.754025,0.000000,0.000000,3.296939,6.567130,0.140716,30.093209
0.000000,0.000000,24.894559,0.000000,0.000000,1.697779,4.379819,0.909816,36.749271
0.000000,0.000000,20.927361,0.000000,0.000000,3.145374,10.824667,0.102406,30.212406
0.000000,0.000000,23.080789,0.000000,0.000000,1.721162,4.141135,0.773598,39.104256
0.000000,0.000000,21.013608,0.000000,0.000000,3.245937,4.958443,0.067142,29.463273
0.000000,0.000000,20.437199,0.000000,0.000000,1.993106,4.601273,0.083351,30.452764
0.000000,0.000000,20.745731,0.000000,0.000000,1.385275,3.976578,0.837923,29.257349
0.000000,0.000000,20.995925,0.000000,0.000000,3.198217,4.685374,0.068135,28.827396
0.000000,0.000000,20.977280,0.000000,0.000000,1.704219,4.054280,0.146739,30.853568
0.000000,0.000000,21.306912,0.000000,0.000000,1.328571,3.567709,0.761814,29.083905
0.000000,0.000000,21.946603,0.000000,0.000000,3.115792,11.275204,0.131911,31.102690
0.000000,0.000000,20.812718,0.000000,0.000000,1.736237,3.518829,0.065600,37.139547
0.000000,0.000000,20.854606,0.000000,0.000000,1.249526,3.671939,0.828567,27.869292
0.000000,0.000000,20.073025,0.000000,0.000000,3.027671,4.422593,0.093912,27.626678
0.000000,0.000000,21.163571,0.000000,0.000000,1.903373,3.567068,0.082662,30.511908
0.000000,0.000000,20.540661,0.000000,0.000000,1.188806,3.462647,0.883316,27.763289
0.000000,0.000000,21.565600,0.000000,0.000000,3.199919,4.279902,0.192434,28.953931
0.000000,0.000000,23.144171,0.000000,0.000000,1.955026,3.898811,0.095486,33.241086
0.000000,0.000000,21.662410,0.000000,0.000000,1.164242,3.400083,10.675193,32.797749
0.000000,0.000000,21.274137,0.000000,0.000000,2.867464,3.613426,0.072102,38.538067
0.000000,0.000000,23.086639,0.000000,0.000000,1.522590,3.540572,0.082021,31.342502
0.000000,0.000000,21.565442,0.000000,0.000000,1.182765,3.341376,0.780696,28.507120
0.000000,0.000000,20.986998,0.000000,0.000000,2.932544,3.982094,0.070109,28.215873
0.000000,0.000000,21.804922,0.000000,0.000000,1.437033,3.577649,0.061934,30.764089
0.000000,0.000000,20.542043,0.000000,0.000000,1.246301,3.655973,0.839474,27.430041
0.000000,0.000000,21.445231,0.000000,0.000000,3.211241,3.782787,0.152772,29.117972
0.000000,0.000000,21.141801,0.000000,0.000000,1.668272,10.367971,0.112638,35.361146
0.000000,0.000000,20.971827,0.000000,0.000000,1.195809,3.207836,0.703088,34.900885
0.000000,0.000000,19.904666,0.000000,0.000000,3.321495,3.857795,0.077373,26.811034
0.000000,0.000000,20.941181,0.000000,0.000000,1.582253,3.384031,0.668395,30.093215
0.000000,0.000000,20.106919,0.000000,0.000000,3.051567,3.848158,0.062075,27.623152
0.000000,0.000000,24.485207,0.000000,0.000000,1.628147,3.565325,0.671590,33.313713
0.000000,0.000000,20.018406,0.000000,0.000000,2.938819,4.354333,0.132615,27.772718
0.000000,0.000000,20.833401,0.000000,0.000000,1.664054,3.295687,0.740137,30.718170
0.000000,0.000000,21.433657,0.000000,0.000000,2.974341,3.746586,0.063648,32.352398
0.000000,0.000000,20.804842,0.000000,0.000000,1.723376,3.321588,0.735694,29.721022
0.000000,0.000000,20.123620,0.000000,0.000000,4.016997,4.525169,0.127707,27.734031
0.000000,0.000000,20.945845,0.000000,0.000000,1.419011,3.261628,0.835960,31.921464
0.000000,0.000000,19.686169,0.000000,0.000000,2.822402,3.367262,0.098052,26.873184
0.000000,0.000000,21.548923,0.000000,0.000000,1.476177,3.241249,0.894559,29.928028
0.000000,0.000000,20.755763,0.000000,0.000000,2.912009,3.669774,0.164916,28.005104
0.000000,0.000000,20.920047,0.000000,0.000000,1.783156,12.594511,0.127807,29.788699
0.000000,0.000000,20.210161,0.000000,0.000000,1.237755,2.698663,0.820591,36.562309
0.000000,0.000000,19.922256,0.000000,0.000000,3.054447,3.259924,0.054861,26.169980
0.000000,0.000000,20.231287,0.000000,0.000000,2.063208,3.179493,0.053169,28.208451
0.000000,0.000000,19.353029,0.000000,0.000000,1.426725,2.863059,0.672742,26.148529
0.000000,0.000000,20.263992,0.000000,0.000000,3.364086,3.701666,0.056735,26.791890
0.000000,0.000000,20.336829,0.000000,0.000000,1.748057,3.309098,0.119607,29.314922
0.000000,0.000000,20.119644,0.000000,0.000000,1.175743,3.182713,0.649351,27.149220
0.000000,0.000000,20.179427,0.000000,0.000000,2.989324,3.226249,0.054624,26.961621
0.000000,0.000000,19.556233,0.000000,0.000000,1.725633,3.469299,0.070468,27.880339
0.000000,0.000000,19.703555,0.000000,0.000000,1.288148,3.091055,0.734272,26.797246
0.000000,0.000000,19.814392,0.000000,0.000000,3.185397,3.583993,0.060869,26.833817
0.000000,0.000000,20.227816,0.000000,0.000000,1.861704,3.302991,0.073684,28.761106
0.000000,0.000000,19.464599,0.000000,0.000000,1.356107,3.152434,0.853528,29.693916
0.000000,0.000000,19.314121,0.000000,0.000000,3.069283,3.702929,0.060514,26.343646
0.000000,0.000000,19.977333,0.000000,0.000000,1.695533,3.279736,0.060020,28.610471
0.000000,0.000000,19.917346,0.000000,0.000000,1.161513,2.921852,0.691470,26.769699
0.000000,0.000000,19.180258,0.000000,0.000000,2.870276,3.484451,0.060850,25.707855
0.000000,0.000000,20.892595,0.000000,0.000000,1.455904,3.624382,0.743076,29.350038
0.000000,0.000000,19.919191,0.000000,0.000000,3.542489,4.524315,0.183101,27.624392
0.000000,0.000000,20.504905,0.000000,0.000000,1.393329,3.540595,0.758880,38.836765
0.000000,0.000000,19.734610,0.000000,0.000000,3.249845,4.018096,0.125072,27.419500
0.000000,0.000000,21.623079,0.000000,0.000000,1.275819,3.424034,0.815383,31.670416
0.000000,0.000000,19.211508,0.000000,0.000000,3.717853,5.123777,0.084605,26.834310
0.000000,0.000000,21.362213,0.000000,0.000000,1.826120,3.939834,0.111380,33.010156
0.000000,0.000000,20.723007,0.000000,0.000000,1.423168,3.362315,0.837974,28.888889
0.000000,0.000000,18.941183,0.000000,0.000000,3.006985,3.825159,0.062013,35.988876
0.000000,0.000000,20.144591,0.000000,0.000000,1.693933,3.378129,0.061757,28.965483
0.000000,0.000000,19.607885,0.000000,0.000000,1.242100,3.100992,0.796876,26.687786
0.000000,0.000000,20.210382,0.000000,0.000000,3.202585,4.070847,0.114862,27.102062
0.000000,0.000000,19.815196,0.000000,0.000000,1.769088,3.636424,0.061915,30.575549
0.000000,0.000000,19.959605,0.000000,0.000000,1.319355,3.685269,0.963698,27.205008
0.000000,0.000000,18.615034,0.000000,0.000000,3.428279,3.933477,7.712363,26.413934
0.000000,0.000000,18.908331,0.000000,0.000000,2.124408,3.628863,0.065408,35.853129
0.000000,0.000000,19.542637,0.000000,0.000000,1.612162,3.489450,0.069090,27.081350
0.000000,0.000000,19.622056,0.000000,0.000000,1.240660,2.910565,0.808615,26.581119
0.000000,0.000000,19.012941,0.000000,0.000000,3.835954,4.174243,0.071154,25.548464
0.000000,0.000000,19.499232,0.000000,0.000000,2.157834,3.533802,0.156243,29.435329
0.000000,0.000000,20.925740,0.000000,0.000000,1.601421,14.728404,0.154851,28.887621
0.000000,0.000000,19.964769,0.000000,0.000000,1.224866,3.119617,0.861645,38.309320
0.000000,0.000000,19.946454,0.000000,0.000000,3.031081,3.700696,0.064782,26.778429
0.000000,0.000000,21.853799,0.000000,0.000000,1.817543,3.573861,0.059962,30.520844
0.000000,0.000000,19.833012,0.000000,0.000000,1.200354,3.294306,0.061877,26.999017
0.000000,0.000000,20.180665,0.000000,0.000000,1.253694,3.100532,0.805453,26.548813
0.000000,0.000000,20.963018,0.000000,0.000000,3.505522,4.298442,0.106811,28.009850
0.000000,0.000000,20.867134,0.000000,0.000000,1.928281,3.503389,0.064090,32.528823
0.000000,0.000000,19.575789,0.000000,0.000000,1.254936,3.217732,0.067437,26.758006
0.000000,0.000000,19.995668,0.000000,0.000000,1.003474,2.878054,0.769134,26.261525
0.000000,0.000000,20.289318,0.000000,0.000000,3.075365,3.867362,0.090169,26.598947
0.000000,0.000000,20.683210,0.000000,0.000000,1.852239,3.634075,0.062808,29.353100
0.000000,0.000000,20.241810,0.000000,0.000000,1.866645,5.150291,0.176392,27.482557
0.000000,0.000000,20.707314,0.000000,0.000000,1.298703,3.093568,0.074410,30.104971
0.000000,0.000000,20.349847,0.000000,0.000000,1.129535,3.074123,0.074710,26.427307
0.000000,0.000000,20.725713,0.000000,0.000000,1.083908,2.628194,0.933496,26.653734
0.000000,0.000000,20.092442,0.000000,0.000000,3.651277,4.114068,0.077226,26.201043
0.000000,0.000000,20.358743,0.000000,0.000000,2.613530,4.981950,0.105559,30.077253
0.000000,0.000000,20.319676,0.000000,0.000000,1.809593,11.986656,0.104656,29.723648
0.000000,0.000000,19.982766,0.000000,0.000000,1.618725,3.625338,0.082475,35.667047
0.000000,0.000000,19.746221,0.000000,0.000000,1.408429,3.582278,0.100899,26.783328
0.000000,0.000000,19.808498,0.000000,0.000000,1.299825,3.200620,0.062268,26.526074
0.000000,0.000000,20.240881,0.000000,0.000000,1.138100,3.179160,0.059883,26.434381
0.000000,0.000000,20.008987,0.000000,0.000000,1.024580,3.999524,0.128162,25.991058
0.000000,0.000000,18.728667,0.000000,0.000000,1.020532,11.233360,1.039648,25.472491
0.000000,0.000000,19.845422,0.000000,0.000000,3.570445,3.935182,0.064902,34.627757
0.000000,0.000000,20.239184,0.000000,0.000000,2.523313,4.341268,0.081172,30.064871
0.000000,0.000000,19.951952,0.000000,0.000000,2.249568,4.359281,0.112923,28.585905
0.000000,0.000000,20.759844,0.000000,0.000000,1.873418,3.515712,0.062838,29.719642
0.000000,0.000000,19.578884,0.000000,0.000000,1.880095,3.566578,0.084849,26.706640
0.000000,0.000000,20.016600,0.000000,0.000000,2.340359,3.272785,0.071735,27.271250
0.000000,0.000000,18.838041,0.000000,0.000000,1.619721,3.419462,0.103265,31.052932
0.000000,0.000000,19.734183,0.000000,0.000000,1.434492,3.380628,0.075503,26.510126
0.000000,0.000000,19.926314,0.000000,0.000000,1.411132,3.316185,0.086683,26.510627
0.000000,0.000000,20.001173,0.000000,0.000000,1.253394,3.349437,0.084209,26.327755
0.000000,0.000000,19.224078,0.000000,0.000000,1.271498,4.523592,0.140515,25.516996
0.000000,0.000000,20.657230,0.000000,0.000000,1.061011,3.170970,9.275944,28.344900
0.000000,0.000000,19.473027,0.000000,0.000000,4.027055,4.461404,0.067437,34.669729
0.000000,0.000000,20.159642,0.000000,0.000000,3.183144,4.201484,0.058921,30.915839
0.000000,0.000000,20.240194,0.000000,0.000000,2.663919,4.644510,0.071475,29.368870
0.000000,0.000000,19.612917,0.000000,0.000000,2.965327,4.506059,0.075783,28.803224
0.000000,0.000000,20.481004,0.000000,0.000000,2.987294,4.962179,0.141256,29.813710
0.000000,0.000000,20.940554,0.000000,0.000000,3.046373,4.042282,0.075382,31.511022
0.000000,0.000000,21.026762,0.000000,0.000000,2.646947,11.360853,0.115221,35.349264
0.000000,0.000000,20.035614,0.000000,0.000000,2.211241,3.797583,0.060108,35.910838
0.000000,0.000000,18.623331,0.000000,0.000000,2.225467,3.836417,0.061210,26.499117
0.000000,0.000000,19.913335,0.000000,0.000000,1.945459,4.068581,0.063852,27.797399
0.000000,0.000000,19.771945,0.000000,0.000000,2.024299,3.785048,0.060559,27.621150
0.000000,0.000000,19.526696,0.000000,0.000000,1.852204,3.856380,0.080401,27.105283
0.000000,0.000000,20.067822,0.000000,0.000000,2.225770,3.600089,0.070931,27.706607
0.000000,0.000000,19.788354,0.000000,0.000000,1.664800,3.693845,0.078389,31.282798
0.000000,0.000000,19.356804,0.000000,0.000000,1.653538,4.083017,0.101545,26.435373
0.000000,0.000000,20.910108,0.000000,0.000000,1.627491,3.575157,0.066085,28.419247
0.000000,0.000000,19.533340,0.000000,0.000000,1.402395,3.434658,0.065865,26.370097
0.000000,0.000000,20.054673,0.000000,0.000000,3.110279,4.619616,0.127164,26.662820
0.000000,0.000000,21.612105,0.000000,0.000000,1.614316,3.448633,0.775973,31.646190
0.000000,0.000000,20.128937,0.000000,0.000000,4.901295,5.021251,0.217437,34.884322
0.000000,0.000000,19.996908,0.000000,0.000000,3.259298,17.330154,0.092676,39.862066
0.000000,0.000000,20.297470,0.000000,0.000000,2.744552,4.290621,0.058567,42.728497
0.000000,0.000000,20.861030,0.000000,0.000000,2.654099,4.061881,0.070761,29.807708
0.000000,0.000000,20.179935,0.000000,0.000000,2.202256,3.973049,0.057325,28.715145
0.000000,0.000000,20.011874,0.000000,0.000000,2.096879,3.789627,0.056785,27.968014
0.000000,0.000000,19.773264,0.000000,0.000000,1.951774,3.614127,0.056485,27.515655
0.000000,0.000000,20.291275,0.000000,0.000000,1.771017,4.452172,0.149380,27.661669
0.000000,0.000000,21.225019,0.000000,0.000000,1.562890,12.416555,0.155217,29.721648
0.000000,0.000000,19.456173,0.000000,0.000000,1.578228,3.509178,0.057325,35.631700
0.000000,0.000000,19.831091,0.000000,0.000000,1.455208,3.329793,0.799831,26.572861
0.000000,0.000000,19.623595,0.000000,0.000000,3.487102,4.013423,0.057886,26.701708
0.000000,0.000000,19.693022,0.000000,0.000000,2.531784,3.951361,0.054081,29.127079
0.000000,0.000000,19.776919,0.000000,0.000000,2.049374,4.678236,0.139800,28.052905
0.000000,0.000000,21.297381,0.000000,0.000000,1.852240,15.003271,0.146967,30.260899
0.000000,0.000000,19.564297,0.000000,0.000000,1.737762,3.345176,0.055514,39.266280
0.000000,0.000000,20.345505,0.000000,0.000000,1.530576,3.162197,0.056094,27.187419
0.000000,0.000000,18.984282,0.000000,0.000000,1.267926,3.293787,0.668342,25.380508
0.000000,0.000000,19.804689,0.000000,0.000000,3.428230,4.238025,0.092866,26.717384
0.000000,0.000000,20.842222,0.000000,0.000000,2.721474,4.085490,0.074805,30.454535
0.000000,0.000000,20.179947,0.000000,0.000000,2.769369,4.033501,0.063773,28.733753
0.000000,0.000000,20.347946,0.000000,0.000000,1.557387,3.822039,0.068288,36.765252
0.000000,0.000000,19.634374,0.000000,0.000000,1.288810,3.452407,0.602287,26.793810
0.000000,0.000000,20.395472,0.000000,0.000000,3.112379,4.272823,0.075956,27.498334
0.000000,0.000000,22.671058,0.000000,0.000000,2.110830,3.896629,0.064394,31.912939
0.000000,0.000000,20.109370,0.000000,0.000000,1.878255,4.454246,0.714576,28.023707
0.000000,0.000000,20.239028,0.000000,0.000000,3.299237,11.570866,0.092025,29.322631
0.000000,0.000000,20.645349,0.000000,0.000000,2.324565,4.287225,0.064944,37.499897
0.000000,0.000000,21.153032,0.000000,0.000000,1.836777,4.217896,0.554783,29.562164
0.000000,0.000000,19.473215,0.000000,0.000000,3.059482,4.356735,0.091084,27.827514
0.000000,0.000000,20.903187,0.000000,0.000000,2.270362,3.535146,0.058387,30.291066
0.000000,0.000000,20.002328,0.000000,0.000000,1.645819,4.730001,0.640852,27.661214
0.000000,0.000000,20.656035,0.000000,0.000000,3.389170,5.994013,0.111738,29.704436
0.000000,0.000000,21.162696,0.000000,0.000000,2.240128,12.149762,0.092245,32.530457
0.000000,0.000000,19.398349,0.000000,0.000000,1.559843,4.047085,0.642004,35.589006
0.000000,0.000000,19.974618,0.000000,0.000000,3.261767,4.422163,0.062491,28.119026
0.000000,0.000000,20.190977,0.000000,0.000000,1.958207,3.954119,0.060269,29.715200
0.000000,0.000000,19.240089,0.000000,0.000000,1.516663,3.777517,0.614282,26.877388
0.000000,0.000000,19.930398,0.000000,0.000000,3.055082,5.956057,0.093987,27.592415
0.000000,0.000000,21.140881,0.000000,0.000000,2.505934,4.219393,0.074665,32.398477
0.000000,0.000000,20.485973,0.000000,0.000000,1.766118,4.351393,0.697137,32.361655
0.000000,0.000000,21.891278,0.000000,0.000000,2.896831,5.072428,9.486309,38.655047
0.000000,0.000000,20.086056,0.000000,0.000000,1.885735,3.993213,0.058477,39.740899
0.000000,0.000000,19.004700,0.000000,0.000000,1.361157,4.026946,0.654899,26.688892
0.000000,0.000000,19.778003,0.000000,0.000000,3.250567,4.647035,0.062451,27.486469
0.000000,0.000000,20.393846,0.000000,0.000000,1.976170,4.398911,0.099975,30.139192
0.000000,0.000000,19.922468,0.000000,0.000000,1.433930,3.972714,0.631112,28.274711
0.000000,0.000000,20.044136,0.000000,0.000000,2.773012,4.476440,0.060309,30.459981
0.000000,0.000000,20.132608,0.000000,0.000000,1.613105,3.969049,0.056125,29.145367
0.000000,0.000000,20.138384,0.000000,0.000000,1.142657,3.647452,0.583157,27.407948
0.000000,0.000000,20.180644,0.000000,0.000000,2.678994,4.082960,0.052010,27.204817
0.000000,0.000000,20.789542,0.000000,0.000000,1.698923,4.798249,0.566919,29.355990
0.000000,0.000000,19.872871,0.000000,0.000000,2.642102,3.294010,0.059628,28.712392
0.000000,0.000000,20.134360,0.000000,0.000000,1.433301,3.944045,0.571314,34.688650
0.000000,0.000000,20.594147,0.000000,0.000000,2.516260,3.482075,0.058778,28.132796
0.000000,0.000000,21.252797,0.000000,0.000000,1.594455,3.384784,0.539357,29.195258
0.000000,0.000000,19.871766,0.000000,0.000000,2.582637,3.850397,0.075757,26.994269
0.000000,0.000000,21.544193,0.000000,0.000000,1.578757,3.382912,0.584719,29.744119
0.000000,0.000000,20.641116,0.000000,0.000000,3.278212,4.325741,0.069589,27.927437
0.000000,0.000000,20.133632,0.000000,0.000000,1.297445,2.936851,0.524400,34.341986
0.000000,0.000000,20.436004,0.000000,0.000000,2.278918,3.672784,0.083506,26.921558
0.000000,0.000000,20.519207,0.000000,0.000000,1.375534,2.934869,0.572836,28.239894
0.000000,0.000000,19.758797,0.000000,0.000000,2.284386,3.288497,0.051019,26.318264
0.000000,0.000000,20.107981,0.000000,0.000000,1.469042,3.398192,0.569758,27.370298
0.000000,0.000000,21.011433,0.000000,0.000000,2.599126,3.146088,0.054600,28.195774
0.000000,0.000000,19.422753,0.000000,0.000000,1.320661,2.772654,0.501363,36.592164
0.000000,0.000000,20.194569,0.000000,0.000000,2.127135,3.514488,0.059925,26.307662
0.000000,0.000000,20.219069,0.000000,0.000000,1.223165,2.773314,0.454472,27.479875
0.000000,0.000000,19.364678,0.000000,0.000000,1.940643,2.934739,0.043357,25.417816
0.000000,0.000000,20.621250,0.000000,0.000000,1.345461,2.794427,0.468908,27.104415
0.000000,0.000000,19.981224,0.000000,0.000000,2.026936,3.377920,0.049134,25.967353
0.000000,0.000000,19.987765,0.000000,0.000000,1.287335,3.210579,0.688446,27.026491
0.000000,0.000000,19.687309,0.000000,0.000000,3.086206,3.696818,0.064700,26.378497
0.000000,0.000000,20.722924,0.000000,0.000000,1.457911,3.468469,0.584985,29.289762
0.000000,0.000000,20.598860,0.000000,0.000000,3.656644,4.852254,0.116937,27.593241
0.000000,0.000000,22.193532,0.000000,0.000000,1.425485,16.617754,0.683561,33.114384
0.000000,0.000000,20.130472,0.000000,0.000000,2.659953,3.913833,0.066072,40.586157
0.000000,0.000000,19.624945,0.000000,0.000000,1.326749,3.121023,0.616338,27.956406
0.000000,0.000000,20.663239,0.000000,0.000000,2.513248,3.530337,0.067654,27.409071
0.000000,0.000000,20.113805,0.000000,0.000000,1.340113,3.269694,0.625348,27.927858
0.000000,0.000000,19.518998,0.000000,0.000000,2.623354,3.717060,0.052767,26.432313
0.000000,0.000000,22.343364,0.000000,0.000000,1.273440,3.337920,0.978161,30.483658
0.000000,0.000000,19.202567,0.000000,0.000000,2.508200,3.265812,8.680865,26.687855
0.000000,0.000000,20.485809,0.000000,0.000000,1.200792,3.246761,0.583333,36.785667
0.000000,0.000000,19.986987,0.000000,0.000000,2.263385,3.260657,0.055941,26.717227
0.000000,0.000000,19.838466,0.000000,0.000000,1.039488,3.197077,0.622886,27.204255
0.000000,0.000000,19.779683,0.000000,0.000000,2.425381,3.719664,0.082069,26.406460
0.000000,0.000000,20.739163,0.000000,0.000000,1.415205,3.391699,0.699678,28.836706
0.000000,0.000000,19.823330,0.000000,0.000000,2.492903,3.443475,0.063559,34.472989
0.000000,0.000000,20.662960,0.000000,0.000000,1.568942,3.345239,0.082109,28.534647
0.000000,0.000000,20.676195,0.000000,0.000000,1.160999,3.074815,0.736259,27.419639
0.000000,0.000000,20.108799,0.000000,0.000000,2.871456,3.836042,0.064200,26.688976
0.000000,0.000000,21.379510,0.000000,0.000000,1.820666,4.512826,0.113593,30.155784
0.000000,0.000000,20.239762,0.000000,0.000000,1.184525,13.235892,0.730703,28.375220
0.000000,0.000000,21.536879,0.000000,0.000000,2.820311,4.035048,0.070937,38.501316
0.000000,0.000000,20.043088,0.000000,0.000000,1.673015,3.618256,0.081769,28.644911
0.000000,0.000000,19.324328,0.000000,0.000000,1.195647,3.121827,0.656942,26.410537
0.000000,0.000000,18.539937,0.000000,0.000000,2.919738,3.924078,0.087005,25.029018
0.000000,0.000000,20.629819,0.000000,0.000000,1.758803,3.766557,0.177282,29.213053
0.000000,0.000000,20.345962,0.000000,0.000000,1.150739,3.254441,15.525856,27.953651
0.000000,0.000000,19.675629,0.000000,0.000000,2.677546,3.626887,0.058864,41.382622
0.000000,0.000000,20.670778,0.000000,0.000000,1.456471,3.647539,0.620253,29.019738
0.000000,0.000000,20.150543,0.000000,0.000000,2.783261,4.068917,0.061066,27.588667
0.000000,0.000000,20.286881,0.000000,0.000000,1.549953,3.168950,0.668746,29.259830
0.000000,0.000000,20.508091,0.000000,0.000000,3.528160,4.948942,0.254606,27.768183
0.000000,0.000000,19.729897,0.000000,0.000000,1.684228,3.319212,11.675044,32.328622
0.000000,0.000000,20.026337,0.000000,0.000000,2.808268,4.121413,0.088806,38.468917
0.000000,0.000000,19.914847,0.000000,0.000000,1.654546,3.411634,0.721753,28.789320
0.000000,0.000000,20.373846,0.000000,0.000000,3.035972,3.773119,0.063501,27.825134
0.000000,0.000000,20.069465,0.000000,0.000000,1.587015,3.357218,0.663230,28.550592
0.000000,0.000000,19.951655,0.000000,0.000000,2.866948,4.593027,0.124997,27.278915
0.000000,0.000000,20.870137,0.000000,0.000000,2.106022,3.473961,0.821351,30.302521
0.000000,0.000000,20.299063,0.000000,0.000000,2.735047,3.941831,0.083479,30.970019
0.000000,0.000000,20.504633,0.000000,0.000000,1.454113,3.428435,0.785693,28.968927
0.000000,0.000000,20.036614,0.000000,0.000000,3.064186,5.019268,0.153462,27.432658
0.000000,0.000000,21.128415,0.000000,0.000000,1.394811,3.586766,0.812995,31.452296
0.000000,0.000000,20.198361,0.000000,0.000000,3.377929,5.452391,0.159273,27.857455
0.000000,0.000000,21.119051,0.000000,0.000000,1.537892,4.035138,0.799199,32.437659
0.000000,0.000000,19.955369,0.000000,0.000000,2.473921,3.585593,0.064793,41.368799
0.000000,0.000000,21.473194,0.000000,0.000000,1.290833,3.314109,0.698398,29.219904
0.000000,0.000000,20.322352,0.000000,0.000000,2.594311,3.829308,0.066096,27.206377
0.000000,0.000000,20.172869,0.000000,0.000000,1.184986,3.537974,0.678158,28.291439
0.000000,0.000000,19.978256,0.000000,0.000000,2.684141,3.874083,0.115159,27.100305
0.000000,0.000000,21.068295,0.000000,0.000000,1.138604,2.978701,0.722743,32.973170
0.000000,0.000000,20.448403,0.000000,0.000000,2.409188,3.533195,0.098557,27.014021
0.000000,0.000000,20.522564,0.000000,0.000000,1.357630,3.203228,0.718396,28.401678
0.000000,0.000000,20.628084,0.000000,0.000000,2.747832,3.581016,0.058632,27.446022
0.000000,0.000000,19.999880,0.000000,0.000000,1.728976,4.044887,0.732482,28.017067
0.000000,0.000000,20.116903,0.000000,0.000000,3.035790,12.980582,0.074712,28.219121
0.000000,0.000000,20.184903,0.000000,0.000000,1.594832,3.675416,0.677998,38.275226
0.000000,0.000000,21.196671,0.000000,0.000000,2.726282,3.906135,0.057980,28.931764
0.000000,0.000000,19.764318,0.000000,0.000000,1.542592,3.542693,0.630218,28.367311
0.000000,0.000000,19.806208,0.000000,0.000000,2.851030,4.258144,0.064733,27.167599
0.000000,0.000000,20.681242,0.000000,0.000000,1.713327,3.838236,0.655947,29.659088
0.000000,0.000000,20.380018,0.000000,0.000000,2.811132,3.882219,0.059743,30.169997
0.000000,0.000000,20.853289,0.000000,0.000000,1.345136,3.518147,0.619788,29.498170
0.000000,0.000000,19.635253,0.000000,0.000000,2.530260,4.217668,0.071846,26.758603
0.000000,0.000000,20.913802,0.000000,0.000000,1.227643,3.591726,0.688950,29.536794
0.000000,0.000000,21.489918,0.000000,0.000000,2.631413,4.095345,0.080483,28.669485
0.000000,0.000000,20.368512,0.000000,0.000000,0.966041,3.637944,0.763473,29.365504
0.000000,0.000000,19.529034,0.000000,0.000000,2.352996,3.929826,0.071042,26.560176
0.000000,0.000000,20.290261,0.000000,0.000000,1.223444,3.498304,0.737718,28.343435
0.000000,0.000000,20.551861,0.000000,0.000000,2.891230,5.315909,0.092940,27.747351
0.000000,0.000000,22.031534,0.000000,0.000000,1.777726,3.679135,0.074007,32.246606
0.000000,0.000000,20.361763,0.000000,0.000000,0.894838,3.028025,0.833192,32.485386
0.000000,0.000000,18.950037,0.000000,0.000000,2.555133,3.833411,0.057159,25.166934
0.000000,0.000000,20.196078,0.000000,0.000000,1.623070,3.515834,0.083754,28.206410
0.000000,0.000000,19.633912,0.000000,0.000000,0.870035,3.010475,0.900248,26.368690
0.000000,0.000000,20.090899,0.000000,0.000000,3.224144,5.030559,0.084205,26.273016
0.000000,0.000000,20.697504,0.000000,0.000000,1.565512,3.775121,0.067556,30.751161
0.000000,0.000000,19.987114,0.000000,0.000000,0.666005,3.038363,0.808760,34.549122
0.000000,0.000000,20.745608,0.000000,0.000000,2.279239,3.474093,0.072295,26.926555
0.000000,0.000000,20.224486,0.000000,0.000000,1.237071,3.361820,0.083053,27.937968
0.000000,0.000000,20.540532,0.000000,0.000000,0.840896,2.300465,0.710772,26.714672
0.000000,0.000000,20.248203,0.000000,0.000000,2.191619,3.489673,0.103889,25.520148
0.000000,0.000000,20.000102,0.000000,0.000000,1.200143,2.702737,0.071583,27.217665
0.000000,0.000000,20.016525,0.000000,0.000000,0.831048,2.536261,0.886414,25.500823
0.000000,0.000000,22.385307,0.000000,0.000000,2.747364,3.491833,0.084716,28.274352
0.000000,0.000000,21.586326,0.000000,0.000000,1.323075,2.818230,0.059763,29.786097
0.000000,0.000000,21.171440,0.000000,0.000000,1.061996,2.648895,0.802160,26.797719
0.000000,0.000000,20.709850,0.000000,0.000000,2.337038,3.028458,0.057829,34.782179
0.000000,0.000000,21.127959,0.000000,0.000000,0.875766,2.770554,0.616260,28.064186
0.000000,0.000000,20.689817,0.000000,0.000000,2.418198,3.349800,0.060875,26.475826
0.000000,0.000000,19.714109,0.000000,0.000000,1.450364,2.679176,0.100443,27.164689
0.000000,0.000000,20.997977,0.000000,0.000000,1.267199,2.359757,0.743869,27.084462
0.000000,0.000000,20.314811,0.000000,0.000000,2.595623,3.115948,0.108636,33.453073
0.000000,0.000000,19.975207,0.000000,0.000000,1.521406,2.300576,0.060414,27.459386
0.000000,0.000000,20.066113,0.000000,0.000000,0.870677,2.060193,0.666796,25.358514
0.000000,0.000000,20.111606,0.000000,0.000000,2.368302,2.648154,0.057599,25.129715
0.000000,0.000000,20.460625,0.000000,0.000000,1.091678,2.583994,0.585326,27.118144
0.000000,0.000000,21.230078,0.000000,0.000000,2.144407,2.763082,0.057459,30.683997
0.000000,0.000000,20.596509,0.000000,0.000000,0.940628,2.569399,0.671344,27.162580
0.000000,0.000000,20.178286,0.000000,0.000000,1.993949,2.524320,0.050817,25.925775
0.000000,0.000000,19.419816,0.000000,0.000000,1.023750,2.179719,0.669632,25.771809
0.000000,0.000000,20.903627,0.000000,0.000000,2.436590,3.020314,0.067757,26.322917
0.000000,0.000000,20.245846,0.000000,0.000000,1.411788,2.587910,0.077403,30.189206
0.000000,0.000000,20.200258,0.000000,0.000000,0.982900,2.073065,0.716752,25.932596
0.000000,0.000000,19.220743,0.000000,0.000000,2.453079,2.643156,0.088021,24.402503
0.000000,0.000000,19.812564,0.000000,0.000000,1.322254,3.055328,0.901451,26.517174
0.000000,0.000000,20.434179,0.000000,0.000000,2.568948,3.053151,0.185970,27.486512
0.000000,0.000000,19.460308,0.000000,0.000000,1.362774,2.743678,0.620337,27.088878
0.000000,0.000000,19.392201,0.000000,0.000000,2.521957,2.993908,0.069399,25.716698
0.000000,0.000000,20.450131,0.000000,0.000000,1.218976,2.522699,0.643197,27.847442
0.000000,0.000000,21.215026,0.000000,0.000000,2.195196,2.729104,0.083133,27.133374
0.000000,0.000000,20.519870,0.000000,0.000000,1.225658,2.350963,0.605161,27.118899
0.000000,0.000000,20.755165,0.000000,0.000000,2.125065,2.966762,0.093792,26.565938
0.000000,0.000000,20.094488,0.000000,0.000000,1.264515,2.399056,0.616080,26.938399
0.000000,0.000000,20.096696,0.000000,0.000000,2.818231,3.224776,0.093261,25.932592
0.000000,0.000000,20.467853,0.000000,0.000000,1.638492,2.988410,0.623853,28.295150
0.000000,0.000000,20.722608,0.000000,0.000000,2.838071,3.482520,0.058811,27.626086
0.000000,0.000000,20.031550,0.000000,0.000000,1.501864,2.936221,0.609248,38.908110
0.000000,0.000000,20.092428,0.000000,0.000000,2.664372,3.616060,0.063109,26.696657
0.000000,0.000000,20.959994,0.000000,0.000000,1.533197,3.288967,0.646201,29.029593
0.000000,0.000000,19.829405,0.000000,0.000000,2.343881,3.350863,0.057810,26.953299
0.000000,0.000000,20.006580,0.000000,0.000000,1.339153,3.182498,0.629212,27.509225
0.000000,0.000000,20.672371,0.000000,0.000000,2.264505,3.403614,0.057279,27.690976
0.000000,0.000000,19.701650,0.000000,0.000000,1.391784,3.042904,0.652943,27.313232
0.000000,0.000000,19.808562,0.000000,0.000000,2.468376,3.370788,0.057048,26.636506
0.000000,0.000000,20.516359,0.000000,0.000000,1.736452,3.679925,0.066266,28.345536
0.000000,0.000000,19.433984,0.000000,0.000000,1.689784,3.004664,0.889782,26.634599
0.000000,0.000000,21.047987,0.000000,0.000000,2.662745,3.671033,0.067268,43.998169
0.000000,0.000000,20.761799,0.000000,0.000000,1.766320,3.342287,0.077107,28.912222
0.000000,0.000000,19.920929,0.000000,0.000000,1.413308,3.234813,0.074672,26.789895
0.000000,0.000000,20.493179,0.000000,0.000000,1.123922,3.113762,0.999742,26.810835
0.000000,0.000000,20.931479,0.000000,0.000000,3.513523,3.679989,0.095521,28.088665
0.000000,0.000000,21.129308,0.000000,0.000000,2.040211,3.539303,0.075444,40.932144
0.000000,0.000000,19.754134,0.000000,0.000000,1.686719,3.340434,0.062599,27.129153
0.000000,0.000000,20.215172,0.000000,0.000000,1.440440,3.209124,0.085583,27.035184
0.000000,0.000000,19.524782,0.000000,0.000000,1.287269,3.653980,1.021894,25.954934
0.000000,0.000000,20.307007,0.000000,0.000000,3.237068,15.721254,0.121020,27.862057
0.000000,0.000000,19.798679,0.000000,0.000000,2.209162,3.415887,0.058170,40.660942
0.000000,0.000000,20.100174,0.000000,0.000000,1.960570,3.101339,0.056577,27.546147
0.000000,0.000000,20.327274,0.000000,0.000000,1.492409,2.908042,0.057459,26.966063
0.000000,0.000000,20.159586,0.000000,0.000000,1.454687,3.078335,0.890313,26.138399
0.000000,0.000000,19.700472,0.000000,0.000000,3.568277,16.790688,0.070595,26.673296
0.000000,0.000000,20.500324,0.000000,0.000000,2.421455,3.862908,0.071015,42.935909
0.000000,0.000000,21.158577,0.000000,0.000000,1.915735,3.183886,0.058219,29.503742
0.000000,0.000000,19.815309,0.000000,0.000000,1.648354,2.870343,0.055615,26.632530
0.000000,0.000000,19.582015,0.000000,0.000000,1.428117,2.790896,0.072959,25.883618
0.000000,0.000000,19.848284,0.000000,0.000000,1.442677,2.507123,0.905602,25.834472
0.000000,0.000000,20.011100,0.000000,0.000000,5.102339,3.803432,0.091694,34.619637
0.000000,0.000000,20.809471,0.000000,0.000000,2.635966,3.628817,0.113363,43.788121
0.000000,0.000000,20.123236,0.000000,0.000000,2.263455,3.769727,0.103440,28.167420
0.000000,0.000000,20.073598,0.000000,0.000000,1.910378,3.498611,0.095970,27.988739
0.000000,0.000000,20.558543,0.000000,0.000000,1.643188,3.231220,0.105141,27.767180
0.000000,0.000000,20.435888,0.000000,0.000000,1.597345,2.807990,0.105142,27.109285
0.000000,0.000000,19.558874,0.000000,0.000000,1.133730,2.543112,0.875682,40.668863
0.000000,0.000000,19.011746,0.000000,0.000000,4.530198,4.004964,0.068282,24.973982
0.000000,0.000000,19.652638,0.000000,0.000000,2.857717,3.352344,0.093947,29.871722
0.000000,0.000000,19.526060,0.000000,0.000000,2.481371,3.621339,0.072839,27.596573
0.000000,0.000000,21.521973,0.000000,0.000000,2.341365,3.320747,0.080443,29.526822
0.000000,0.000000,19.973247,0.000000,0.000000,1.502117,2.691631,0.062869,34.769425
0.000000,0.000000,19.711299,0.000000,0.000000,1.415563,2.504454,0.100852,25.649034
0.000000,0.000000,20.191272,0.000000,0.000000,1.182840,2.370500,0.083179,26.022915
0.000000,0.000000,20.189639,0.000000,0.000000,1.294022,2.445884,0.105902,25.494370
0.000000,0.000000,20.069781,0.000000,0.000000,1.113148,15.055963,0.126320,25.797319
0.000000,0.000000,20.454765,0.000000,0.000000,1.116564,2.019993,0.842583,38.398271
0.000000,0.000000,20.187616,0.000000,0.000000,3.960264,2.947287,0.063140,25.844588
0.000000,0.000000,20.811663,0.000000,0.000000,2.378545,2.903443,0.060064,29.772330
0.000000,0.000000,19.625456,0.000000,0.000000,2.279506,2.837839,0.073780,26.730955
0.000000,0.000000,19.992385,0.000000,0.000000,1.971089,3.277084,0.084481,27.309645
0.000000,0.000000,19.959052,0.000000,0.000000,1.445831,2.934864,0.087426,36.989831
0.000000,0.000000,19.681082,0.000000,0.000000,1.196256,2.539411,0.122383,25.944598
0.000000,0.000000,19.705819,0.000000,0.000000,1.132023,2.132567,0.060314,25.460057
0.000000,0.000000,20.231290,0.000000,0.000000,0.948725,2.293063,0.966559,25.189043
0.000000,0.000000,20.994552,0.000000,0.000000,4.347752,2.926428,0.064041,26.985369
0.000000,0.000000,19.984381,0.000000,0.000000,1.846914,2.765100,0.083970,29.372552
0.000000,0.000000,19.960705,0.000000,0.000000,1.387850,2.141244,0.063601,26.326616
0.000000,0.000000,20.551890,0.000000,0.000000,0.932514,2.220084,0.901054,25.747405
0.000000,0.000000,20.833375,0.000000,0.000000,3.613906,3.250073,0.071616,26.541224
0.000000,0.000000,20.953413,0.000000,0.000000,1.737686,2.624082,0.062730,44.151158
0.000000,0.000000,19.729525,0.000000,0.000000,1.218779,2.251162,0.774533,25.816195
0.000000,0.000000,20.119236,0.000000,0.000000,3.247167,3.540405,0.085733,26.017959
0.000000,0.000000,20.428235,0.000000,0.000000,1.900636,2.884428,0.122984,29.162202
0.000000,0.000000,20.641292,0.000000,0.000000,1.266139,2.059798,0.885485,27.388669
0.000000,0.000000,20.269504,0.000000,0.000000,2.674899,3.013984,0.074712,42.152978
0.000000,0.000000,19.809208,0.000000,0.000000,1.058604,2.396489,0.079301,27.583569
0.000000,0.000000,20.602308,0.000000,0.000000,0.596144,2.221306,0.887067,25.899345
0.000000,0.000000,20.030570,0.000000,0.000000,3.355320,3.906366,0.089060,25.404594
0.000000,0.000000,20.810443,0.000000,0.000000,1.476209,2.471833,0.876387,30.129012
0.000000,0.000000,21.354598,0.000000,0.000000,3.136107,3.100138,0.066907,39.478781
0.000000,0.000000,19.701453,0.000000,0.000000,1.363745,2.357015,0.060365,37.626967
0.000000,0.000000,19.503256,0.000000,0.000000,0.828396,2.108622,0.970907,24.900876
0.000000,0.000000,19.842473,0.000000,0.000000,2.952326,3.262007,0.102055,25.376651
0.000000,0.000000,20.742193,0.000000,0.000000,1.730943,2.627158,0.071416,28.823469
0.000000,0.000000,20.237171,0.000000,0.000000,1.216424,2.378084,0.102695,26.310055
0.000000,0.000000,20.421674,0.000000,0.000000,1.014521,2.190929,0.061727,25.657566
0.000000,0.000000,19.579903,0.000000,0.000000,0.786426,2.017458,1.041051,24.288482
0.000000,0.000000,19.659554,0.000000,0.000000,3.625999,3.939184,0.117123,24.847715
0.000000,0.000000,20.710734,0.000000,0.000000,1.883724,19.061086,0.121972,30.103395
0.000000,0.000000,20.009750,0.000000,0.000000,1.204632,2.560252,0.095271,42.696234
0.000000,0.000000,20.552563,0.000000,0.000000,0.821383,2.128871,0.919138,26.014625
0.000000,0.000000,20.003209,0.000000,0.000000,3.247779,3.160523,0.082427,25.433930
0.000000,0.000000,20.157462,0.000000,0.000000,1.484474,2.624593,0.125559,28.262944
0.000000,0.000000,20.264937,0.000000,0.000000,0.997859,2.281131,0.792117,26.414457
0.000000,0.000000,19.750479,0.000000,0.000000,2.957568,3.323003,0.071396,25.399467
0.000000,0.000000,20.947136,0.000000,0.000000,1.500435,2.445202,0.074833,29.012160
0.000000,0.000000,20.305394,0.000000,0.000000,0.929679,3.512674,1.155228,26.141438
0.000000,0.000000,21.413822,0.000000,0.000000,2.898104,16.257662,0.097245,28.748818
0.000000,0.000000,20.745471,0.000000,0.000000,1.448656,2.480710,0.062579,41.660635
0.000000,0.000000,20.232064,0.000000,0.000000,0.920332,2.344842,0.825591,25.837559
0.000000,0.000000,20.083171,0.000000,0.000000,2.567625,2.860693,0.073449,25.703935
0.000000,0.000000,20.226132,0.000000,0.000000,1.354307,2.628282,0.087597,27.508158
0.000000,0.000000,20.221625,0.000000,0.000000,1.152543,2.224252,0.988821,25.934054
0.000000,0.000000,19.955679,0.000000,0.000000,2.840133,2.930767,0.059914,39.814975
0.000000,0.000000,19.996588,0.000000,0.000000,1.563966,2.639432,0.063641,27.410633
0.000000,0.000000,20.059928,0.000000,0.000000,1.262632,2.273906,0.059934,25.853582
0.000000,0.000000,20.516146,0.000000,0.000000,0.958424,2.401769,1.029149,25.658560
0.000000,0.000000,19.822926,0.000000,0.000000,3.424375,3.424726,0.077357,25.638240
0.000000,0.000000,20.120884,0.000000,0.000000,1.472421,2.586762,0.064051,45.102054
0.000000,0.000000,19.807657,0.000000,0.000000,0.972269,2.432868,0.071136,25.456315
0.000000,0.000000,20.728961,0.000000,0.000000,0.690123,2.227889,0.925331,25.777746
0.000000,0.000000,20.649052,0.000000,0.000000,2.943340,3.264872,0.090583,26.004242
0.000000,0.000000,20.887673,0.000000,0.000000,1.478588,2.850504,0.102064,29.584200
0.000000,0.000000,19.403392,0.000000,0.000000,1.204708,2.738260,0.095762,25.404720
0.000000,0.000000,20.270218,0.000000,0.000000,0.956597,2.410438,0.866486,25.844524
0.000000,0.000000,20.299453,0.000000,0.000000,2.695399,3.387233,0.209819,25.966407
0.000000,0.000000,20.091468,0.000000,0.000000,2.104517,3.188886,0.070584,28.269490
0.000000,0.000000,19.827096,0.000000,0.000000,1.204638,2.662897,0.070053,43.889526
0.000000,0.000000,19.626055,0.000000,0.000000,0.910359,2.330286,0.774461,25.216172
0.000000,0.000000,20.111707,0.000000,0.000000,2.514155,2.882865,0.060445,25.624827
0.000000,0.000000,21.986307,0.000000,0.000000,1.565644,2.932760,0.078249,29.689818
0.000000,0.000000,20.048277,0.000000,0.000000,1.135055,2.663358,0.081925,26.406332
0.000000,0.000000,19.790578,0.000000,0.000000,1.061746,2.301881,0.714867,25.244095
0.000000,0.000000,18.972284,0.000000,0.000000,3.076053,3.335766,0.059643,24.566217
0.000000,0.000000,21.385867,0.000000,0.000000,1.805619,3.535063,0.105019,29.442038
0.000000,0.000000,20.470773,0.000000,0.000000,1.375963,2.998715,0.075053,27.683291
0.000000,0.000000,20.570589,0.000000,0.000000,1.069651,2.583937,0.738492,35.241633
0.000000,0.000000,20.610719,0.000000,0.000000,3.308615,3.262837,0.066226,26.663264
0.000000,0.000000,19.094735,0.000000,0.000000,2.061666,3.234213,0.080202,27.332802
0.000000,0.000000,19.739470,0.000000,0.000000,1.812433,3.046626,0.162529,26.796022
0.000000,0.000000,19.896087,0.000000,0.000000,1.402985,2.807081,0.099879,26.897866
0.000000,0.000000,20.042696,0.000000,0.000000,1.341227,2.727961,0.870182,25.994109
0.000000,0.000000,19.866703,0.000000,0.000000,3.435314,3.300880,0.068680,26.358723
0.000000,0.000000,19.869946,0.000000,0.000000,2.314596,4.557886,0.127311,28.553608
0.000000,0.000000,19.861803,0.000000,0.000000,2.065337,3.181864,15.242560,28.678898
0.000000,0.000000,19.598458,0.000000,0.000000,1.572857,3.048370,0.080383,42.101442
0.000000,0.000000,20.079907,0.000000,0.000000,1.586924,3.064591,0.119547,26.448713
0.000000,0.000000,20.109894,0.000000,0.000000,1.487064,2.804367,0.067388,26.712504
0.000000,0.000000,20.214883,0.000000,0.000000,1.398487,3.135846,0.098918,26.211993
0.000000,0.000000,20.127488,0.000000,0.000000,1.344517,3.104226,0.785913,26.481075
0.000000,0.000000,19.908108,0.000000,0.000000,4.174488,3.848379,0.067629,26.680193
0.000000,0.000000,20.404174,0.000000,0.000000,2.669180,4.178125,0.079551,30.606400
0.000000,0.000000,20.205957,0.000000,0.000000,2.430676,3.992383,0.220358,28.991152
0.000000,0.000000,20.109734,0.000000,0.000000,2.151656,3.308764,0.068490,29.502414
0.000000,0.000000,19.544049,0.000000,0.000000,2.015999,3.705457,0.072498,27.164183
0.000000,0.000000,20.537747,0.000000,0.000000,1.920368,3.463689,0.079191,28.148993
0.000000,0.000000,19.903923,0.000000,0.000000,1.950805,3.684748,0.076215,27.288067
0.000000,0.000000,20.559208,0.000000,0.000000,2.010840,3.786712,0.097255,28.314978
0.000000,0.000000,20.108633,0.000000,0.000000,1.391333,3.286392,0.107383,39.277459
0.000000,0.000000,19.476251,0.000000,0.000000,1.295822,2.994277,0.692515,26.162580
0.000000,0.000000,19.831977,0.000000,0.000000,3.636607,4.021328,0.116511,26.583689
0.000000,0.000000,22.064467,0.000000,0.000000,2.846447,4.448659,0.121120,32.309436
0.000000,0.000000,19.952496,0.000000,0.000000,2.390801,19.216397,0.158521,29.451427
0.000000,0.000000,20.172614,0.000000,0.000000,2.097003,3.287314,0.078840,44.075112
0.000000,0.000000,19.410537,0.000000,0.000000,1.863960,3.333231,0.058871,26.751770
0.000000,0.000000,19.776321,0.000000,0.000000,1.862698,3.294157,0.058952,27.059474
0.000000,0.000000,19.870009,0.000000,0.000000,2.055263,3.839161,0.072859,27.005562
0.000000,0.000000,20.774187,0.000000,0.000000,2.059371,3.813263,0.068119,28.867609
0.000000,0.000000,20.769528,0.000000,0.000000,1.484479,3.136277,0.746918,44.930015
0.000000,0.000000,19.655392,0.000000,0.000000,5.092573,5.231977,0.098688,26.758072
0.000000,0.000000,20.248047,0.000000,0.000000,2.747579,4.082754,0.080783,33.029655
0.000000,0.000000,20.314724,0.000000,0.000000,2.356656,4.897722,0.121721,29.086876
0.000000,0.000000,19.890588,0.000000,0.000000,2.260153,20.400597,0.112023,29.284010
0.000000,0.000000,20.771571,0.000000,0.000000,2.108605,3.450334,0.060355,45.876655
0.000000,0.000000,20.005817,0.000000,0.000000,1.990530,3.471874,0.062919,27.713216
0.000000,0.000000,19.752025,0.000000,0.000000,2.051986,3.994046,0.101673,27.087929
0.000000,0.000000,20.677384,0.000000,0.000000,1.802584,3.559020,0.160284,28.837853
0.000000,0.000000,19.488475,0.000000,0.000000,1.634644,17.267376,0.141569,27.350056
0.000000,0.000000,20.774868,0.000000,0.000000,1.684339,3.256705,0.058070,41.993829
0.000000,0.000000,19.699035,0.000000,0.000000,1.487956,3.094688,0.064152,26.559045
0.000000,0.000000,20.251320,0.000000,0.000000,1.359953,3.133091,0.683067,26.938345
0.000000,0.000000,19.562546,0.000000,0.000000,3.752347,4.431858,0.172447,26.529699
0.000000,0.000000,19.731567,0.000000,0.000000,3.236347,3.944201,16.287856,30.657329
0.000000,0.000000,19.454030,0.000000,0.000000,2.530496,4.114895,0.056817,45.099629
0.000000,0.000000,19.230505,0.000000,0.000000,2.432941,3.623512,0.061647,27.954806
0.000000,0.000000,19.358768,0.000000,0.000000,2.434234,3.598465,0.057269,27.431180
0.000000,0.000000,20.183685,0.000000,0.000000,2.101741,3.548951,0.061126,28.128936
0.000000,0.000000,21.319763,0.000000,0.000000,1.873729,3.441396,0.056668,29.547561
0.000000,0.000000,20.169178,0.000000,0.000000,1.901361,3.394297,0.069872,27.424730
0.000000,0.000000,19.090429,0.000000,0.000000,1.741138,4.368267,0.196633,26.441752
0.000000,0.000000,20.404415,0.000000,0.000000,1.446177,3.202132,0.694509,28.890363
0.000000,0.000000,20.095711,0.000000,0.000000,3.817972,4.201832,0.079051,27.286148
0.000000,0.000000,20.403202,0.000000,0.000000,2.696101,3.760012,0.070113,32.208876
0.000000,0.000000,19.357236,0.000000,0.000000,2.016481,3.467105,0.056608,27.688210
0.000000,0.000000,19.323883,0.000000,0.000000,1.911431,3.564390,0.062198,26.803089
0.000000,0.000000,20.352065,0.000000,0.000000,1.784239,5.431997,1.043682,28.333294
0.000000,0.000000,20.410076,0.000000,0.000000,3.370095,21.667925,0.133514,31.234816
0.000000,0.000000,20.458558,0.000000,0.000000,1.905139,3.338200,0.060014,48.127598
0.000000,0.000000,20.050232,0.000000,0.000000,1.234361,3.244886,0.718425,27.220241
0.000000,0.000000,20.134940,0.000000,0.000000,3.081650,3.568000,0.061515,27.109309
0.000000,0.000000,20.395839,0.000000,0.000000,1.917330,3.854296,0.072586,29.009396
0.000000,0.000000,20.445081,0.000000,0.000000,1.393419,3.311079,0.818122,28.309025
0.000000,0.000000,19.857270,0.000000,0.000000,3.057706,3.267839,0.064030,37.251037
0.000000,0.000000,20.294940,0.000000,0.000000,1.349777,3.084084,0.707004,28.534768
0.000000,0.000000,19.744198,0.000000,0.000000,2.567828,3.351194,0.059652,26.624341
0.000000,0.000000,20.804918,0.000000,0.000000,1.280982,4.231443,0.843219,28.852807
0.000000,0.000000,19.820106,0.000000,0.000000,2.618062,19.177978,0.099296,28.031535
0.000000,0.000000,20.042788,0.000000,0.000000,1.294955,3.598077,0.901508,43.911398
0.000000,0.000000,19.466809,0.000000,0.000000,2.569511,3.316610,0.061425,27.166265
0.000000,0.000000,19.853964,0.000000,0.000000,1.232742,2.998895,0.882162,27.905349
0.000000,0.000000,19.924352,0.000000,0.000000,2.751853,3.625699,0.089257,26.679483
0.000000,0.000000,19.767706,0.000000,0.000000,1.221166,3.057174,0.745426,28.250179
0.000000,0.000000,19.082038,0.000000,0.000000,2.327769,3.346968,0.064180,25.904493
0.000000,0.000000,20.173453,0.000000,0.000000,1.123223,3.113199,0.787785,27.741303
0.000000,0.000000,20.368619,0.000000,0.000000,3.437436,5.158790,0.120055,27.068123
0.000000,0.000000,20.696052,0.000000,0.000000,1.797259,3.565230,0.068622,31.448296
0.000000,0.000000,21.332483,0.000000,0.000000,1.157226,3.138051,0.907649,45.126483
0.000000,0.000000,19.462315,0.000000,0.000000,3.230479,3.862837,0.084443,26.321098
0.000000,0.000000,20.616842,0.000000,0.000000,1.583469,3.494892,0.063463,30.004740
0.000000,0.000000,20.401489,0.000000,0.000000,1.195152,3.088007,0.731151,27.356678
0.000000,0.000000,19.810717,0.000000,0.000000,2.830867,3.202728,0.055146,26.982505
0.000000,0.000000,19.287158,0.000000,0.000000,1.350567,2.826070,0.710851,27.012037
0.000000,0.000000,19.203478,0.000000,0.000000,4.007343,3.260650,0.062709,25.633858
0.000000,0.000000,19.333497,0.000000,0.000000,1.307995,3.743598,0.619441,28.397337
0.000000,0.000000,19.497345,0.000000,0.000000,2.296452,3.378761,0.055931,27.412274
0.000000,0.000000,20.221802,0.000000,0.000000,0.949322,3.190489,0.694273,27.644827
0.000000,0.000000,19.774564,0.000000,0.000000,2.370669,3.735551,0.058844,26.327642
0.000000,0.000000,20.102121,0.000000,0.000000,1.091796,3.425455,0.710570,28.108519
0.000000,0.000000,19.634099,0.000000,0.000000,2.510084,3.783321,0.064087,26.793119
0.000000,0.000000,19.239233,0.000000,0.000000,1.327203,3.520394,0.642471,27.451847
0.000000,0.000000,19.297093,0.000000,0.000000,2.259569,3.680817,0.059474,26.527448
0.000000,0.000000,20.538514,0.000000,0.000000,1.253154,3.768942,0.712694,28.480765
0.000000,0.000000,20.009581,0.000000,0.000000,2.383533,3.814322,0.068395,28.638887
0.000000,0.000000,19.604593,0.000000,0.000000,1.348222,3.516529,0.607644,27.627897
0.000000,0.000000,18.315453,0.000000,0.000000,2.248150,4.093674,0.072869,25.510419
0.000000,0.000000,20.170251,0.000000,0.000000,1.634954,3.485557,0.659597,28.629131
0.000000,0.000000,19.652024,0.000000,0.000000,2.413070,3.949033,0.072951,37.586542
0.000000,0.000000,20.117538,0.000000,0.000000,1.589527,3.610875,0.072823,28.345258
0.000000,0.000000,19.780221,0.000000,0.000000,1.539161,3.482334,0.795414,26.800398
0.000000,0.000000,20.069818,0.000000,0.000000,3.043572,4.174343,0.158975,27.473768
0.000000,0.000000,21.012051,0.000000,0.000000,1.697395,21.270643,0.121198,30.518325
0.000000,0.000000,19.522388,0.000000,0.000000,1.267033,3.602110,0.651375,44.416721
0.000000,0.000000,20.255932,0.000000,0.000000,2.776422,5.319992,0.152083,27.441324
0.000000,0.000000,20.866670,0.000000,0.000000,1.403847,4.131027,0.719062,31.376210
0.000000,0.000000,20.985278,0.000000,0.000000,3.083192,4.591969,0.082651,29.136692
0.000000,0.000000,20.517377,0.000000,0.000000,1.440631,3.860663,0.733192,34.382008
0.000000,0.000000,19.911589,0.000000,0.000000,2.908152,5.014085,0.118738,27.755506
0.000000,0.000000,20.269992,0.000000,0.000000,1.274625,4.044223,0.750232,32.202189
0.000000,0.000000,20.269726,0.000000,0.000000,3.078959,6.014582,0.124378,28.194170
0.000000,0.000000,21.090577,0.000000,0.000000,1.546498,4.213232,0.715362,32.587922
0.000000,0.000000,19.949498,0.000000,0.000000,2.649727,4.074658,0.088461,39.910624
0.000000,0.000000,20.033589,0.000000,0.000000,1.407252,3.830613,0.756456,28.750046
0.000000,0.000000,19.400113,0.000000,0.000000,2.930575,4.257526,0.076074,27.181529
0.000000,0.000000,20.851710,0.000000,0.000000,1.647800,4.345602,0.220742,30.010358
0.000000,0.000000,19.772419,0.000000,0.000000,1.285267,3.750894,16.207457,28.299217
0.000000,0.000000,19.612121,0.000000,0.000000,3.507097,4.912174,0.093130,42.725253
0.000000,0.000000,19.844646,0.000000,0.000000,1.958608,4.333389,0.067450,33.356712
0.000000,0.000000,19.036136,0.000000,0.000000,1.488401,4.043408,0.726710,27.271382
0.000000,0.000000,19.642838,0.000000,0.000000,3.089943,7.431555,0.143442,27.566431
0.000000,0.000000,21.124633,0.000000,0.000000,2.004406,4.419544,0.849340,33.830059
0.000000,0.000000,20.349821,0.000000,0.000000,3.096776,4.181229,0.070390,44.605168
0.000000,0.000000,20.737654,0.000000,0.000000,1.699719,4.105199,0.624375,30.043201
0.000000,0.000000,20.411605,0.000000,0.000000,2.787939,3.613667,0.063215,28.666475
0.000000,0.000000,20.806108,0.000000,0.000000,1.679716,3.778830,0.732062,29.308753
0.000000,0.000000,20.565875,0.000000,0.000000,3.485167,22.596769,0.140196,28.541863
0.000000,0.000000,21.502303,0.000000,0.000000,2.038992,3.586371,0.645139,50.343835
0.000000,0.000000,20.030831,0.000000,0.000000,3.470477,5.789267,0.155826,28.001685
0.000000,0.000000,20.969257,0.000000,0.000000,1.375387,4.215196,0.610083,32.942768
0.000000,0.000000,20.360373,0.000000,0.000000,3.070852,4.762659,0.196998,28.478500
0.000000,0.000000,21.092644,0.000000,0.000000,1.380333,4.024253,0.766028,31.376697
0.000000,0.000000,20.134910,0.000000,0.000000,2.811194,4.103139,0.070479,28.120461
0.000000,0.000000,20.598425,0.000000,0.000000,1.292350,3.897240,0.795882,29.643192
0.000000,0.000000,19.396990,0.000000,0.000000,2.827420,5.507160,0.158711,27.135105
0.000000,0.000000,20.425970,0.000000,0.000000,1.720615,4.311270,0.867935,31.256206
0.000000,0.000000,20.192996,0.000000,0.000000,3.473531,4.442232,0.082874,34.615179
0.000000,0.000000,20.412159,0.000000,0.000000,1.395905,4.209291,0.844818,30.426656
0.000000,0.000000,21.226418,0.000000,0.000000,3.186945,5.737835,0.148588,29.619047
0.000000,0.000000,21.660459,0.000000,0.000000,1.223904,4.690943,1.044380,33.646293
0.000000,0.000000,21.061375,0.000000,0.000000,3.194607,4.381411,0.073703,30.466436
0.000000,0.000000,21.237567,0.000000,0.000000,1.192253,4.597091,0.794022,46.549919
0.000000,0.000000,20.755655,0.000000,0.000000,2.977517,5.661303,0.258805,29.373572
0.000000,0.000000,21.214369,0.000000,0.000000,1.235834,4.520108,0.813785,32.833623
0.000000,0.000000,20.493802,0.000000,0.000000,3.258199,5.889139,0.197226,29.438358
0.000000,0.000000,21.660011,0.000000,0.000000,2.160579,5.213893,0.125959,34.198543
0.000000,0.000000,20.777326,0.000000,0.000000,1.165050,4.104756,1.002883,49.004713
0.000000,0.000000,20.772526,0.000000,0.000000,3.423100,5.833909,0.161215,29.042415
0.000000,0.000000,21.808846,0.000000,0.000000,1.850979,4.583551,0.121667,34.287609
0.000000,0.000000,20.845214,0.000000,0.000000,1.676140,4.740006,0.829892,29.549409
0.000000,0.000000,20.578838,0.000000,0.000000,4.334305,6.017412,0.157309,29.899563
0.000000,0.000000,20.928305,0.000000,0.000000,2.104020,4.643847,0.089988,42.909943
0.000000,0.000000,20.581799,0.000000,0.000000,1.707373,4.126203,0.709826,29.530579
0.000000,0.000000,20.245920,0.000000,0.000000,3.681617,5.203287,0.120569,28.891986
0.000000,0.000000,20.847370,0.000000,0.000000,2.212308,5.298411,0.242451,33.282223
0.000000,0.000000,21.000731,0.000000,0.000000,2.149472,5.471197,0.737301,31.741996
0.000000,0.000000,20.733413,0.000000,0.000000,3.431686,5.864542,0.079378,49.120586
0.000000,0.000000,20.590572,0.000000,0.000000,2.232034,4.206238,0.070147,32.213103
0.000000,0.000000,20.193046,0.000000,0.000000,1.688036,4.156493,0.660995,28.712593
0.000000,0.000000,20.428444,0.000000,0.000000,3.687814,5.385339,0.073360,29.017342
0.000000,0.000000,20.866147,0.000000,0.000000,3.223413,4.826510,0.083048,32.273372
0.000000,0.000000,20.450060,0.000000,0.000000,1.837993,4.028991,0.750484,37.734986
0.000000,0.000000,20.364300,0.000000,0.000000,3.786478,5.747699,0.145150,29.031532
0.000000,0.000000,20.479798,0.000000,0.000000,2.403044,4.818821,0.083134,32.960604
0.000000,0.000000,20.293380,0.000000,0.000000,2.236249,5.786857,0.117353,29.809367
0.000000,0.000000,20.002093,0.000000,0.000000,2.228581,4.890604,0.724289,30.447706
0.000000,0.000000,21.204534,0.000000,0.000000,3.678684,5.574692,0.093309,48.114814
0.000000,0.000000,20.540908,0.000000,0.000000,2.665646,4.735459,0.066666,32.454464
0.000000,0.000000,21.766051,0.000000,0.000000,2.073973,4.419510,0.621173,31.433611
0.000000,0.000000,20.496335,0.000000,0.000000,3.811160,7.596224,0.134487,29.663948
0.000000,0.000000,20.785422,0.000000,0.000000,3.396161,5.896755,0.117735,34.631254
0.000000,0.000000,20.020631,0.000000,0.000000,2.459531,5.364197,21.618455,50.238934
0.000000,0.000000,22.394076,0.000000,0.000000,3.844961,5.646369,0.093612,54.482357
0.000000,0.000000,20.960490,0.000000,0.000000,2.316398,4.762579,0.072160,33.315413
0.000000,0.000000,19.747399,0.000000,0.000000,1.995437,4.717770,0.688814,29.103277
0.000000,0.000000,19.804502,0.000000,0.000000,4.324690,7.601640,0.175567,29.336574
0.000000,0.000000,20.519801,0.000000,0.000000,3.341010,5.066980,0.075298,35.527547
0.000000,0.000000,20.197873,0.000000,0.000000,2.485010,4.685168,0.083399,46.433899
0.000000,0.000000,21.480314,0.000000,0.000000,2.001196,4.643898,0.625522,31.116968
0.000000,0.000000,20.189593,0.000000,0.000000,4.057664,6.700164,0.156065,29.658502
0.000000,0.000000,21.421586,0.000000,0.000000,2.853773,5.892646,0.072249,35.353075
0.000000,0.000000,19.980558,0.000000,0.000000,2.848578,5.384009,0.081114,31.025639
0.000000,0.000000,21.098151,0.000000,0.000000,1.913803,5.062815,0.681155,48.545817
0.000000,0.000000,19.112488,0.000000,0.000000,4.168222,6.733097,0.157870,28.942260
0.000000,0.000000,20.804707,0.000000,0.000000,2.601118,5.059485,0.069537,34.603192
0.000000,0.000000,20.274432,0.000000,0.000000,2.325961,5.691164,0.201174,30.166821
0.000000,0.000000,20.113301,0.000000,0.000000,2.604908,5.177470,0.102023,31.180367
0.000000,0.000000,18.854381,0.000000,0.000000,1.873620,4.639838,0.649298,45.887485
0.000000,0.000000,20.011298,0.000000,0.000000,3.661464,6.416528,0.157576,30.054548
0.000000,0.000000,19.971353,0.000000,0.000000,2.060627,5.217694,0.059532,33.030494
0.000000,0.000000,20.359693,0.000000,0.000000,2.167490,5.284240,0.066197,29.872848
0.000000,0.000000,19.677537,0.000000,0.000000,2.322213,5.333656,0.068203,29.725177
0.000000,0.000000,19.760245,0.000000,0.000000,1.853584,4.856845,0.058355,35.714761
0.000000,0.000000,19.347797,0.000000,0.000000,1.869287,4.977188,0.109477,28.292503
0.000000,0.000000,19.280763,0.000000,0.000000,1.693584,5.306300,0.656645,28.652563
0.000000,0.000000,20.169652,0.000000,0.000000,4.574199,5.965228,0.087728,30.368385
0.000000,0.000000,20.877115,0.000000,0.000000,3.326736,6.055850,0.066796,43.278229
0.000000,0.000000,19.824179,0.000000,0.000000,2.993733,5.730232,0.073142,31.547673
0.000000,0.000000,19.556356,0.000000,0.000000,2.696052,5.484231,0.080557,30.610726
0.000000,0.000000,20.697215,0.000000,0.000000,2.363823,5.620450,0.135130,31.164367
0.000000,0.000000,20.066405,0.000000,0.000000,2.451057,25.460945,0.144154,31.494680
0.000000,0.000000,20.125231,0.000000,0.000000,2.044640,4.895346,0.059445,50.559434
0.000000,0.000000,20.101843,0.000000,0.000000,2.020412,5.059326,0.073520,29.324464
0.000000,0.000000,19.849112,0.000000,0.000000,2.020841,4.885923,0.060164,29.242620
0.000000,0.000000,20.703554,0.000000,0.000000,2.043462,5.004473,0.082184,29.868329
0.000000,0.000000,19.550400,0.000000,0.000000,1.780488,4.609125,0.058725,28.785551
0.000000,0.000000,19.630539,0.000000,0.000000,1.741617,4.920722,0.623104,28.320077
0.000000,0.000000,19.630429,0.000000,0.000000,4.427522,10.285528,0.282270,28.921520
0.000000,0.000000,21.471150,0.000000,0.000000,3.808924,6.509311,0.096534,39.546192
0.000000,0.000000,20.635943,0.000000,0.000000,23.131472,5.955629,0.074128,34.018669
0.000000,0.000000,19.729837,0.000000,0.000000,3.403506,5.062258,0.062758,51.141703
0.000000,0.000000,20.227594,0.000000,0.000000,3.165347,5.043912,0.086710,30.804868
0.000000,0.000000,19.829198,0.000000,0.000000,2.909201,4.998811,0.067362,30.331073
0.000000,0.000000,20.083182,0.000000,0.000000,2.996041,6.361702,0.080414,30.242451
0.000000,0.000000,20.455013,0.000000,0.000000,3.192992,5.859341,0.092735,32.341519
0.000000,0.000000,20.416157,0.000000,0.000000,2.641215,5.310006,0.076260,51.825881
0.000000,0.000000,19.571453,0.000000,0.000000,2.550221,5.165490,0.085183,29.815149
0.000000,0.000000,19.803406,0.000000,0.000000,2.061726,5.305785,0.098270,29.783432
0.000000,0.000000,19.907022,0.000000,0.000000,2.247732,5.543109,0.699034,29.761662
0.000000,0.000000,20.501418,0.000000,0.000000,4.877313,7.481873,21.788347,34.561629
0.000000,0.000000,20.365034,0.000000,0.000000,3.133002,5.737637,0.067990,57.742527
0.000000,0.000000,19.729148,0.000000,0.000000,2.775590,5.567202,0.061061,30.946350
0.000000,0.000000,19.686571,0.000000,0.000000,2.746651,5.122293,0.063214,30.597689
0.000000,0.000000,20.085428,0.000000,0.000000,2.367651,4.857082,0.065647,30.194966
0.000000,0.000000,19.909246,0.000000,0.000000,1.742434,4.899479,0.631314,29.447698
0.000000,0.000000,20.498485,0.000000,0.000000,3.969902,6.921267,0.152415,30.026504
0.000000,0.000000,20.395282,0.000000,0.000000,3.291544,5.381437,0.063215,34.277251
0.000000,0.000000,20.017930,0.000000,0.000000,3.111934,7.051876,0.143891,30.922511
0.000000,0.000000,20.662550,0.000000,0.000000,2.177308,24.592394,0.131250,34.056712
0.000000,0.000000,20.054741,0.000000,0.000000,1.766610,4.933315,0.667168,49.524098
0.000000,0.000000,19.781974,0.000000,0.000000,3.964392,7.137279,0.183217,29.398116
0.000000,0.000000,20.195818,0.000000,0.000000,2.797608,5.126238,0.058849,34.808492
0.000000,0.000000,20.842120,0.000000,0.000000,2.246233,6.193557,0.107249,31.140354
0.000000,0.000000,20.791546,0.000000,0.000000,2.142350,24.615483,0.115083,31.656921
0.000000,0.000000,19.375514,0.000000,0.000000,1.868518,4.778362,0.060540,48.594048
0.000000,0.000000,20.098392,0.000000,0.000000,1.695404,4.865846,0.790318,29.077630
0.000000,0.000000,19.376920,0.000000,0.000000,4.422746,6.693783,0.156209,28.952633
0.000000,0.000000,20.596410,0.000000,0.000000,2.904594,5.856361,0.084297,35.036225
0.000000,0.000000,19.616217,0.000000,0.000000,2.641462,5.569551,0.064578,44.211021
0.000000,0.000000,20.257168,0.000000,0.000000,2.378469,5.224347,0.073726,44.427410
0.000000,0.000000,20.940403,0.000000,0.000000,2.106099,4.760185,0.065490,30.812102
0.000000,0.000000,20.463127,0.000000,0.000000,1.828668,5.678248,0.124547,29.561791
0.000000,0.000000,20.247438,0.000000,0.000000,1.855752,5.867583,0.114648,30.507257
0.000000,0.000000,20.577804,0.000000,0.000000,2.241624,5.361167,0.859828,30.701813
0.000000,0.000000,20.149396,0.000000,0.000000,4.752735,6.399607,0.159098,49.103451
0.000000,0.000000,20.725605,0.000000,0.000000,3.161121,5.681147,0.092117,34.985841
0.000000,0.000000,20.053609,0.000000,0.000000,3.082439,5.503818,0.122837,31.095846
0.000000,0.000000,21.004398,0.000000,0.000000,0.000000,0.000000,0.000000,32.073392
