1697633749.66296 12119309.869107697 4048173.6900828136 400.3027954101563 0.21575657942664675 -0.7552425567172002 -0.2711327458232067 -0.5563675162154494
1697633749.66296 12119309.869107697 4048173.6921003778 400.3135986328125 0.22009619372836906 -0.7483657327267276 -0.26491945138333356 -0.5668545491265161
1697633749.70996 12119309.861760609 4048173.6857786784 400.3092041015625 0.19900186381982055 -0.7592166422397693 -0.24198333119592272 -0.5704668401982116
1697633749.80596 12119309.853411648 4048173.694252446 400.3088989257813 0.20543538484590865 -0.7581055578272881 -0.2420696583316132 -0.5696266727952668
1697633749.90096 12119309.85296637 4048173.7066268357 400.3096923828125 0.1907454731161658 -0.760692389426843 -0.22321666054856273 -0.5789106801634581
1697633750.01096 12119309.84183442 4048173.730972103 400.298095703125 0.19723929255209735 -0.7587596521925971 -0.22264263030228848 -0.5794917694412884
1697633750.10496 12119309.85708519 4048173.7448260398 400.285400390625 0.19573056077720108 -0.7590476488217304 -0.2158092144913785 -0.5822049444453901
1697633750.21496 12119309.856751231 4048173.760294026 400.2890930175781 0.20013711197397233 -0.7516001569967007 -0.21243418031645334 -0.5915353408263355
1697633750.3099601 12119309.864432277 4048173.7640601452 400.294189453125 0.20977972296642775 -0.7497133951015905 -0.21678860274392647 -0.5890033911258161
1697633750.41996 12119309.861204011 4048173.7796626366 400.3027038574219 0.20820562764219142 -0.7496433537647751 -0.20999217243902807 -0.5921051817783382
1697633750.53096 12119309.85073998 4048173.771726887 400.301513671875 0.21277422340454466 -0.7414234457370045 -0.20935676750403942 -0.6009893076139705
1697633750.62596 12119309.844617408 4048173.7857153276 400.289306640625 0.21885464116493575 -0.7392274106933918 -0.21129633853229712 -0.6008322050647382
1697633750.73696 12119309.858087067 4048173.769305811 400.2936096191406 0.21221211485094116 -0.7412622998547983 -0.2005255943438359 -0.6043887053358272
1697633750.8159602 12119309.876009503 4048173.7780485856 400.3016052246094 0.22546615504378525 -0.7317547997660737 -0.21126142899217937 -0.6075101106724624
1697633750.94196 12119309.867549222 4048173.751282243 400.2992858886719 0.22348059713712845 -0.728546504410106 -0.20679543969249606 -0.6136057852868037
1697633751.03796 12119309.874228392 4048173.7453640574 400.3030090332031 0.2259356934381699 -0.727395198765715 -0.2061612505052539 -0.6142856225187995
1697633751.12996 12119309.88124152 4048173.7580074533 400.3005981445313 0.23309279151762452 -0.7242627901641379 -0.21152109696049556 -0.6134900055150107
1697633751.23996 12119309.884692425 4048173.7605630336 400.2879028320313 0.22872918344193446 -0.7171789837253351 -0.20770634889614847 -0.6246561762865336
1697633751.33496 12119309.879571728 4048173.765001675 400.2912902832031 0.22913314631500895 -0.7167191711679952 -0.20622800783246384 -0.6255250912037821
1697633751.44596 12119309.876677422 4048173.770112836 400.2994079589844 0.23964842001109973 -0.7113826148095945 -0.2152664141329619 -0.6246309158848798
1697633751.55596 12119309.880462283 4048173.7787211076 400.3009033203125 0.23385871657729773 -0.7092228990192326 -0.21011272898791233 -0.6310036618790945
1697633751.64996 12119309.895601735 4048173.780200654 400.2785949707031 0.23149994169337249 -0.7080786129551356 -0.2071696711781399 -0.6341239486215908
1697633751.75996 12119309.910295907 4048173.782218218 400.2774047851563 0.23997456896314126 -0.7038494399666506 -0.2148114086906773 -0.6331383978293479
1697633751.85396 12119309.903950697 4048173.762715103 400.2755126953125 0.2372660989758516 -0.7019352955779482 -0.2126680614577405 -0.636996024111993
1697633751.9479601 12119309.908626115 4048173.7489956687 400.2684936523438 0.23065737713320242 -0.6987848064381514 -0.20878086541918678 -0.6441331530825303
1697633752.05796 12119309.923542928 4048173.724112387 400.2500915527344 0.23926880716137003 -0.697310235331564 -0.215197756690697 -0.6404676409754873
1697633752.16696 12119309.93400696 4048173.721018789 400.2267150878906 0.23715848289667935 -0.6924836337081774 -0.2164899620451823 -0.6460296954243973
1697633752.27796 12119309.952931274 4048173.7093169205 400.1965942382813 0.19447613211050854 -0.7241018030160487 -0.16970001642897653 -0.6395760449956273
1697633752.3719602 12119309.96038968 4048173.7036677417 400.1737060546875 0.2053165615767088 -0.6952887064615941 -0.1943909381755059 -0.6607805137596956
1697633752.46596 12119309.973302739 4048173.656725762 400.1445922851563 0.20683777714034202 -0.6633150619847931 -0.21473471137278893 -0.6863820118734154
1697633752.57496 12119309.976085726 4048173.6421993054 400.1054992675781 0.20657445913878184 -0.6628302461538927 -0.21510661959241692 -0.6868130748774466
1697633752.68596 12119309.974972531 4048173.62202367 400.0863952636719 0.20055475957727864 -0.6571410550550425 -0.21468718245704305 -0.6941562042225811
1697633752.77896 12119309.963729264 4048173.6331875236 400.0841979980469 0.20583646588139398 -0.644134565910438 -0.22913437250539734 -0.7001567322031456
1697633752.87296 12119309.931112653 4048173.616508996 400.064697265625 0.19744658440595694 -0.6467515710142351 -0.22205297081223818 -0.7024384171231662
1697633752.98596 12119309.90094507 4048173.6070937007 400.0643005371094 0.16981899805437894 -0.6533624103725434 -0.1972435806031446 -0.7108966440509042
1697633753.07696 12119309.830257192 4048173.661029898 400.0310974121094 0.14930908935581919 -0.6502254013423121 -0.18586087347392416 -0.721366383328524
1697633753.18696 12119309.821574273 4048173.644485879 400.010986328125 0.12150997046105767 -0.6496811988193978 -0.16797384541394297 -0.7313921343820945
1697633753.29696 12119309.77626724 4048173.622292678 399.9963073730469 0.05453931139922788 -0.6591082657854778 -0.10710779927045622 -0.7423810859799687
1697633753.40696 12119309.74376195 4048173.6481174915 399.994384765625 0.010536605785760822 -0.6660969484032112 -0.0662425713394375 -0.7428430231272181
1697633753.50096 12119309.678862687 4048173.673269785 400.0140075683594 -0.03661465605556577 -0.6341672652208314 -0.07833973241405975 -0.7683450611603864
1697633753.60996 12119309.608508768 4048173.650135054 400.0369873046875 -0.1112089620743183 -0.6257717424509716 -0.03651522908912935 -0.7711737360341029
1697633753.71896 12119309.565984722 4048173.6471759607 400.0299987792969 -0.19076999758346988 -0.6012417945951356 -0.025714318873656855 -0.7755345809561864
1697633753.81396 12119309.489285592 4048173.6857786784 400.0255126953125 -0.7016769427314324 -0.4213679244926687 0.15656636532185267 -0.5527978957066633
1697633753.92396 12119309.391324442 4048173.710123946 400.0210876464844 0.6253973737426493 -0.4131320695254375 0.016960263702007095 0.6617494748774528
1697633754.00196 12119309.269874876 4048173.6638544877 399.9814147949219 0.7605386144704135 -0.3859549156719475 0.39720259326375396 0.3388951443627253
1697633754.11296 12119309.131838707 4048173.6467724503 399.9364929199219 0.8175085617561837 -0.32210797112710293 0.4263013152588805 0.21492648743294998
1697633754.20696 12119308.982002672 4048173.6428718264 399.9146118164063 0.8468407042048813 -0.2050235911860128 0.48337152571488373 0.08472376813525705
1697633754.31696 12119308.778065367 4048173.6225616876 399.8817138671875 0.8673099847271128 -0.1657440522526509 0.46481841797011403 -0.06516239599098703
1697633754.42696 12119308.596614596 4048173.5843624836 399.8327026367188 0.8465146267365993 -0.07276603199233642 0.4768688992990365 -0.2251980110711724
1697633754.5369601 12119308.400914932 4048173.567683957 399.8053894042969 0.7963651994464738 -0.020548029322118355 0.4546059843234914 -0.39838881337058757
1697633754.63096 12119308.202766238 4048173.5545025435 399.7901916503906 0.6575482865959323 -0.006687683014847873 0.504585628414657 -0.5594451441276724
1697633754.7409601 12119307.996379903 4048173.5461632796 399.7755126953125 0.4862227389304401 0.14317531910218137 0.4904922423867954 -0.7088763194700066
1697633754.83496 12119307.770735295 4048173.5075605637 399.7560119628906 0.31064277880638114 0.345968289696069 0.31183636421568584 -0.8285922329185621
1697633754.94396 12119307.569692295 4048173.535940958 399.7208862304688 0.10642687808327503 0.3651128118346373 0.18092136583199747 -0.9069914076997296
1697633755.03796 12119307.343825048 4048173.542800674 399.6921997070313 -0.13525052929087727 0.4286204191588903 0.06052428977968287 -0.8912511660319214
1697633755.1319602 12119307.078439381 4048173.526122149 399.6549987792969 -0.33862079477636187 0.45460988087120047 -0.12432630546252549 -0.8143763155503337
1697633755.24196 12119306.808934893 4048173.45375887 399.6032104492188 -0.6200454058400797 0.4133435147089142 -0.11895573457239311 -0.6561557488561957
1697633755.35196 12119306.51917026 4048173.3434653967 399.5687866210938 -0.7443383456749711 0.3100038317682608 -0.3697689618247626 -0.46165892855860624
1697633755.46196 12119306.272263627 4048173.297330445 399.473388671875 -0.9023985934448886 0.1553245365068588 -0.37730644515573486 -0.1385312721069098
1697633755.55596 12119306.003538378 4048173.265049429 399.3960876464844 -0.7927060140030623 -0.12755735718093442 -0.5846828702382928 0.11615608999232035
1697633755.66596 12119305.732920697 4048173.2265812177 399.3399963378906 -0.8074127037203077 -0.21109346302929208 -0.42139960921685865 0.3548896238117454
1697633755.75996 12119305.415994106 4048173.194031195 399.2742004394531 -0.6922168259056923 -0.3669568453022678 -0.3217555925640043 0.5316501464992204
1697633755.88496 12119305.08515258 4048173.1275861035 399.19580078125 -0.500453251879273 -0.3646786208219905 -0.2673069621726109 0.7383109332611038
1697633755.9639602 12119304.756648762 4048173.0741879237 399.1322021484375 -0.21928580869872705 -0.5427350442537037 -0.13557931928644348 0.7993563998768636
1697633756.0729601 12119304.428144943 4048173.0624860544 399.1177978515625 0.046149542943646316 -0.4271971374406279 0.04636143621934133 0.9017890233753713
1697633756.18196 12119303.744197993 4048173.0985331894 399.1046142578125 0.32543140184648356 -0.5241450989557154 0.32515039429003834 0.7166892904362173
1697633756.29196 12119303.442299534 4048173.1168257645 399.0881042480469 0.5997972771255335 -0.35567301819937613 0.561033000203033 0.4460738763488911
1697633756.38596 12119303.157544276 4048173.1707619615 399.0351867675781 0.766129609250291 -0.11052504943872621 0.5643292439434497 0.2869880480207808
1697633756.49596 12119302.837946018 4048173.137942929 398.9934997558594 0.8251865191850122 0.12297164568032223 0.5488609550173876 -0.051931059794673017
1697633756.6059601 12119302.50743845 4048173.146416696 398.9631958007813 0.6757733062539972 0.31920420525026616 0.5728100059694264 -0.33664196257506707
1697633756.69996 12119302.190957138 4048173.1322937515 398.9148864746094 0.5407399862785658 0.4843815416442413 0.35150454760836286 -0.5911170293304406
1697633756.8099601 12119301.865124987 4048173.16053964 398.8832092285156 0.2873210355869677 0.5941705322026499 0.16119427086861604 -0.7337740852676574
1697633756.90396 12119301.530943876 4048173.141440039 398.856201171875 -0.18038092850146525 0.777353208889988 -0.03853824599176239 -0.6014145931528987
1697633756.99896 12119301.143440729 4048173.1024338123 398.8547973632813 -0.3574133209684455 0.6644867628874387 -0.3221804892564022 -0.5717628811703196
1697633757.10796 12119300.743135842 4048173.0910009504 398.8302001953125 -0.5503381450558926 0.4474445171681598 -0.5531058000307507 -0.4370300952164911
1697633757.20296 12119300.370883463 4048173.0580474157 398.8305969238281 -0.5983484731366819 0.3894692091886508 -0.6975757471825527 -0.060670559018949966
1697633757.31196 12119299.961895654 4048173.0289945034 398.8334045410156 -0.5095888434232249 0.2110209369633886 -0.8208241267238221 0.14844907480260125
1697633757.42196 12119299.564262433 4048173.0148715577 398.8089904785156 -0.46440873597201315 -0.07017912400132058 -0.8487189424778043 0.2430546711886886
1697633757.51596 12119299.082805635 4048172.9594558147 398.7800903320313 -0.3730576086074164 -0.4549721568337025 -0.7064558348831061 0.3933808720894014
1697633757.62596 12119298.59422439 4048172.849431356 398.7734985351563 -0.0749141649255847 -0.382541419103458 -0.5459565426187908 0.7416072977901116
1697633757.71996 12119298.106088424 4048172.7815067205 398.7940979003906 -0.1817801377011638 -0.6735727453223164 -0.24885472099991482 0.6718088017675554
1697633757.81396 12119297.671831088 4048172.7459976035 398.7698059082031 0.0496543771708714 -0.7153786170091654 0.03577813450035122 0.6960515801616294
1697633757.92396 12119297.21007784 4048172.675382885 398.7072143554688 0.4222352796550621 -0.773067227647105 -0.004830665384471855 0.47335092143627866
1697633758.0499601 12119296.791405236 4048172.6613944457 398.6734924316406 0.3695545497246351 -0.647778153653193 0.3557396369235397 0.5632603386969393
1697633758.12796 12119296.354698874 4048172.712909564 398.6788940429688 0.5199131879565352 -0.6433982333823762 0.5073915535809919 0.24141831252822896
1697633758.22196 12119295.953837387 4048172.818898896 398.7094116210938 0.6182336686785405 -0.34245835055595863 0.6642358264857913 0.24351627432166129
1697633758.33196 12119295.451452527 4048172.8260276197 398.7190856933594 0.6638349154387821 -0.18589983796090348 0.7208743003035107 -0.07144717245922588
1697633758.44196 12119294.934596129 4048172.7509742607 398.6637878417969 0.6207332461989051 -0.27104465703775804 0.6565973658332152 -0.331820629460461
1697633758.55196 12119294.424196264 4048172.681839087 398.6015014648438 0.7030089178395064 0.05246563483292384 0.7071650049748575 -0.05425379561481579
1697633758.64596 12119293.892868334 4048172.6238677674 398.5450134277344 0.6563933576912164 0.23753965815796815 0.677960504782848 -0.23041750093174884
1697633758.75596 12119293.44135648 4048172.5980429538 398.4981994628906 0.6709515503833473 0.321746948723572 0.5554021598968135 -0.3712564596168102
1697633758.8659601 12119293.002312409 4048172.5918557607 398.4789123535156 0.6967035226226233 -0.2166533555774865 0.64048823371053 0.23966715995440085
1697633758.95996 12119292.526198948 4048172.4652872863 398.4660949707031 0.7023265200972633 -0.25180317186526757 0.6558654660892055 0.11477417914430144
1697633759.06896 12119292.017357554 4048172.447936239 398.4638061523438 0.48297309455840803 -0.22709411270791596 0.8417121666857653 -0.08176724502656108
1697633759.16396 12119291.463988366 4048172.360239487 398.4031066894531 0.515129258882703 -0.17865554370385284 0.8373624209200146 0.03934741894724958
1697633759.27296 12119290.94946968 4048172.323116322 398.3684997558594 0.2992696438255002 -0.15071709467945418 0.9411759571243256 -0.04370189225940327
1697633759.38296 12119290.450980999 4048172.3146425555 398.2995910644531 0.4760987810871611 -0.061242188855438584 0.8645301114240146 -0.14888596774946652
1697633759.47696 12119289.426730365 4048172.1327928496 398.2839965820313 0.6819715200095853 0.1931691102112868 0.6786575762513481 -0.19241734576862074
1697633759.60296 12119288.919558765 4048172.033259726 398.3150939941406 0.5806370214956421 0.10868066429110376 0.7640652778492399 -0.2593326313117523
1697633759.69696 12119288.414056957 4048171.9069602657 398.2947082519531 0.7583583785324727 0.18759805362067963 0.5938321600777474 -0.19251728661273
1697633759.79096 12119287.850112416 4048171.831368896 398.2174072265625 0.6832077309961634 0.2024046212419644 0.6711212844140653 -0.20458686960161027
1697633759.90396 12119287.333589979 4048171.8645914365 398.2099914550781 0.6550171635539891 0.24087826038398738 0.671553739279091 -0.24888904030579814
1697633759.99496 12119286.78934899 4048171.921217713 398.2362060546875 0.5446685293396143 0.2679799167737173 0.7329014625808657 -0.3072106825938854
1697633760.1059601 12119286.2314157 4048171.9646625756 398.2680969238281 0.5676499824500729 0.24770776174929804 0.7156014877213844 -0.3229998033506002
1697633760.21596 12119285.67604276 4048171.9797270475 398.2936096191406 0.6354342116600539 0.19694068756930688 0.713561122829292 -0.21970036918106087
1697633760.3099601 12119285.147386499 4048171.992504948 398.3742065429688 0.6902642685193912 0.09535088961452647 0.7110994543867127 -0.09370706177246138
1697633760.41996 12119284.645224275 4048172.0155051686 398.4797973632813 0.7141208701362153 0.14637375990372523 0.641722817175349 -0.2383231653953825
1697633760.51496 12119284.13727344 4048171.9057497275 398.50439453125 0.558824484140485 0.3523537331996893 0.6468521147240128 -0.3809781939986007
1697633760.62496 12119283.647356361 4048171.7115256405 398.4747009277344 0.5320056847642817 0.28853175903855066 0.6766714524847799 -0.41932698553365955
1697633760.71896 12119283.059366811 4048171.512728412 398.4619140625 0.6323959209440453 0.27083268546687533 0.6656090266228836 -0.2892916855602158
1697633760.81396 12119282.487073308 4048171.31016507 398.468994140625 0.486551549371188 0.07908203343222413 0.8185752482114429 -0.29486977601696646
1697633760.92396 12119281.93337016 4048171.2379363095 398.4541931152344 0.6712237252524712 0.17597782718730287 0.7022382533928738 -0.159222958358262
1697633761.05396 12119281.3390354 4048171.1047771424 398.4079895019531 0.7152040573602121 0.1785644330261199 0.6586902391852649 -0.15074836117055973
1697633761.1289601 12119280.747928904 4048171.009010147 398.352294921875 0.7275929734799291 0.12336724695266471 0.6694632667856818 -0.08489948024928379
1697633761.25496 12119280.151033795 4048170.9198338594 398.3692932128906 0.8553275297773233 0.12656595663991807 0.5017140305197465 0.026055843960147
1697633761.33396 12119279.560929175 4048170.746323435 398.4218139648438 0.8041443072451574 0.12804091334444942 0.5743673486845029 0.0840214639259497
1697633761.44396 12119278.96470198 4048170.7135044094 398.4406127929688 0.7249700822284049 0.01735793673330402 0.6885332544390405 0.00624815474248494
1697633761.53796 12119278.445953155 4048170.684316998 398.5031127929688 0.667170642173044 -0.09663955200965943 0.7383765750308555 0.01855167527432025
1697633761.64996 12119277.877667153 4048170.606304559 398.5249938964844 0.6157138268751893 -0.16695852797021413 0.7667732459739758 -0.07127497871807187
1697633761.7439601 12119277.275985306 4048170.5055609136 398.5025024414063 0.6224861124810527 -0.021057935418846346 0.7748435208336947 -0.10809773978287229
1697633761.83796 12119276.694563607 4048170.3660800573 398.4858093261719 0.604614688591371 -0.05175145317590246 0.7659284445269974 -0.2124064106805541
1697633761.94896 12119276.10534954 4048170.324921773 398.4906921386719 0.6246810351231128 -0.052275107953840105 0.7472895935059134 -0.220452219049157
1697633762.05896 12119275.525820272 4048170.259283724 398.4866027832031 0.6531400154479512 -0.0667547199671713 0.731249283189185 -0.18500382000936585
1697633762.15396 12119274.942060862 4048170.237628547 398.5132141113281 0.6599487688548712 0.021250950125300816 0.7291232692159502 -0.1799868825596936
1697633762.2639601 12119274.416966824 4048170.2241781275 398.5205993652344 0.6844778702862104 -0.017764907097176597 0.7216225328406306 -0.10215367473055209
1697633762.35796 12119273.928719537 4048170.1193993594 398.5255126953125 0.8374058384066775 0.2855663448968906 0.4570760136525833 0.09102110858533446
1697633762.4679601 12119273.406965084 4048170.051340237 398.5704956054688 0.6692864254470628 0.3761548232686581 0.6404206001841354 0.020607874800900483
1697633762.56196 12119272.883429518 4048169.956783788 398.5719909667969 0.6038480106086475 0.301995112318588 0.7226764510440928 -0.1480043219841128
1697633762.6879601 12119272.356443048 4048169.854157088 398.5860900878906 0.6322467104047144 0.3055716487109106 0.7111313968119655 -0.03438315219371124
1697633762.76596 12119271.845597906 4048169.8062735954 398.5848999023438 0.6806632886302897 0.10302972847753228 0.7251771002779481 -0.014161066107863884
1697633762.87696 12119270.88691445 4048169.7789692436 398.551513671875 0.7364856316981279 0.03971618706820057 0.6733622958800856 0.05093876003666986
1697633762.98796 12119270.403676542 4048169.819993023 398.622802734375 0.688562150979447 0.3272272705854024 0.6329560036883528 -0.13480050081010408
1697633763.0829601 12119269.937915793 4048169.7951097474 398.6534118652344 0.6883398386812245 0.2601222414126203 0.5320675663704049 -0.4188422027726613
1697633763.19396 12119269.43330454 4048169.9001575224 398.6633911132813 0.6265984550677987 0.2819990773935459 0.6828561468905174 -0.24810961107879895
1697633763.28796 12119268.881382504 4048170.0434044893 398.6589965820313 0.6497219903391395 0.24982290166145646 0.6780757015498928 -0.23593048985414755
1697633763.39796 12119268.39280126 4048169.992830911 398.5741882324219 0.7961945332204954 0.06619416078097191 0.5810880537391367 -0.15501378051632242
1697633763.49196 12119267.893755984 4048169.8417827035 398.4968872070313 0.8066244579806445 -0.07092856785339147 0.5824774702430435 -0.07103603810012651
1697633763.60196 12119267.4660665 4048169.710372106 398.3894958496094 0.7635897257237823 0.047232531427861046 0.642131385461415 -0.04865287812040409
1697633763.69696 12119267.030695971 4048169.559861916 398.3620910644531 0.8212650757880865 -0.0007576543912374278 0.5587517176211223 0.1154106550802717
1697633763.80696 12119266.584972728 4048169.476603825 398.4341125488281 0.513748752105958 -0.12175160750025016 0.849165712897588 0.012504312048530725
1697633763.90396 12119266.118321424 4048169.4179599998 398.4873962402344 0.5162724546865368 -0.09844526673986581 0.8505570185876429 -0.018001114403132873
1697633764.0139601 12119265.729037166 4048169.2459291434 398.5755920410156 0.7120274990457869 -0.040834300292269865 0.6895661110948801 0.1258887562561728
1697633764.12296 12119265.318602202 4048169.3147952864 398.5885009765625 0.6251688640301722 -0.34588238296488627 0.6806363319503899 0.1620600266286363
1697633764.2179601 12119264.950023368 4048169.3154678084 398.57861328125 0.5827744545043722 -0.4909936985549821 0.6227424997127924 0.17745676151641457
1697633764.34496 12119264.583114326 4048169.3769362215 398.6449890136719 0.5464023419272762 -0.5651208416734123 0.5470904530914059 0.2877063627710763
1697633764.42296 12119264.233905084 4048169.379088289 398.6854858398438 0.43645982999316046 -0.5251245490528019 0.4400448297822118 0.5831874249041875
1697633764.54796 12119263.812115533 4048169.249829765 398.6777038574219 0.471906735810904 -0.6578551128780212 0.3609499499848411 0.46286695362974917
1697633764.62696 12119263.407469185 4048169.1633435735 398.6954956054688 0.3748562243566347 -0.591764272628235 0.3827632880462091 0.6023206139805602
1697633764.73796 12119263.051580772 4048169.0912493304 398.7095031738281 0.27105515176676415 -0.5934954520768374 0.45746349982596907 0.604168353517281
1697633764.84796 12119262.64548727 4048169.075915853 398.6776123046875 0.15978937597142484 -0.6879491519081932 0.18181887460651314 0.6842040752233806
1697633764.94196 12119262.220246816 4048169.0040906197 398.5418090820313 0.16405795877284157 -0.7079523490904491 0.04202090056014407 0.6856549434640706
1697633765.0529602 12119261.8346361 4048169.01727203 398.4776000976563 -0.09709398735067096 -0.7561680186466263 0.08599329984649379 0.6413952272802582
1697633765.14696 12119261.490547553 4048168.9298443114 398.3836975097656 -0.07237071909076204 -0.6368463393244935 -0.2879336851045551 0.7115359527735678
1697633765.25796 12119261.133768585 4048168.868375901 398.4171142578125 -0.24002916621510764 -0.7081488273355727 -0.07690121939731703 0.6595433573045362
1697633765.36996 12119260.777546214 4048168.8586916 398.4625854492188 -0.15051904937072702 -0.6489869208480823 -0.1814530019282704 0.7233497082572694
1697633765.46196 12119260.325477762 4048168.993733798 398.5263061523438 -0.17245054405144494 -0.6311046590338482 -0.23385023196070162 0.719223044829667
1697633765.5729601 12119259.902797656 4048169.142629929 398.5311889648438 -0.23370378224252814 -0.6192324569783777 -0.24276308307559807 0.7092247823403303
1697633765.6679602 12119259.484904287 4048169.2561514615 398.4754943847656 -0.33994148082401954 -0.6483171222231501 -0.3375127419665027 0.5917853053749466
1697633765.77796 12119259.07101842 4048169.268794855 398.3193054199219 -0.29829482629572307 -0.4006690169555069 -0.5327396665355533 0.6831346742456422
1697633765.87296 12119258.698320765 4048169.194817554 398.1498107910156 -0.41250327997538905 -0.49987224603717456 -0.476765365838497 0.5938548371346152
1697633765.98296 12119258.386292232 4048169.119226202 398.1001892089844 -0.5265591423018606 -0.45661401232960125 -0.6280758385703754 0.3460633676174224
1697633766.07796 12119258.038084865 4048169.0330090197 398.0779113769531 -0.5384844327287411 -0.4544884277566319 -0.5388332370605868 0.46166386839660756
1697633766.17296 12119257.137621503 4048168.95001994 397.9627990722656 -0.5573163490067925 -0.3527556468545296 -0.496757546354727 0.5640867671569799
1697633766.28396 12119256.703586811 4048168.874832101 397.9848937988281 -0.5094426188319764 -0.47512869623553317 -0.5889279701391471 0.40973745998983796
1697633766.39296 12119256.309404494 4048168.7692463193 397.9960021972656 -0.8315303519889967 -0.1213240394037147 -0.4636596628344472 0.2808157193678227
1697633766.48696 12119255.89696578 4048168.8151122443 397.9910888671875 -0.6822084861588695 -0.054657401659774923 -0.7286424368558351 0.02616006631138762
1697633766.59696 12119255.446121842 4048168.8218374536 397.96630859375 -0.8395635585959026 0.151652812484075 -0.521596363276327 0.008466956971924344
1697633766.6909602 12119255.036911394 4048168.7977612065 397.8432922363281 -0.9137098854840386 0.12761025513682422 -0.3393978027458634 -0.18346389138993935
1697633766.78596 12119254.664770337 4048168.67791798 397.7384033203125 -0.9090210758957774 0.3902470659873288 -0.09130755249487119 -0.11424028152521792
1697633766.89596 12119254.268918227 4048168.5163784637 397.7921142578125 -0.9184596661391656 0.32665942027922495 0.041421617382446 -0.21911119193641224
1697633767.00596 12119253.91369773 4048168.360622628 397.8695983886719 -0.8170590245154032 0.25612086217560964 -0.098469063938704 -0.5070705058109725
1697633767.0989602 12119253.520739928 4048168.308166 397.8764038085938 -0.45074833546336995 0.0915916479724091 -0.09158919134005714 -0.8832034466239215
1697633767.19396 12119253.144146092 4048168.343809606 397.7340087890625 -0.46134831556292344 0.24397291686344325 0.0478522754013697 -0.8516719481721282
1697633767.3029602 12119252.715677371 4048168.32524803 397.6596984863281 -0.23171213258069645 0.10249280780687565 0.1275664935010621 -0.9589220519409344
1697633767.41296 12119252.245018564 4048168.128602928 397.5763854980469 0.22734835200748438 0.33663284416175726 0.09061243518565495 -0.909274678884644
1697633767.50796 12119251.810204634 4048168.0734562166 397.5654907226563 0.4252557635953219 0.4168951974660018 0.28447564935670605 -0.7512852552671478
1697633767.63496 12119251.36481535 4048168.143129378 397.5870056152344 0.588759340743801 -0.05202786793585029 0.11517044638163978 -0.7983679026145956
1697633767.7139602 12119250.914973289 4048168.1152870147 397.5137023925781 0.6979317820336793 0.11650981904150927 0.1589476163266394 -0.6885145931338614
1697633767.82396 12119250.451995527 4048168.046420879 397.3992004394531 0.9210892222970255 0.10761690408504111 -0.014370595850155734 -0.37390738492081593
1697633767.93396 12119249.96575199 4048167.956572093 397.2778015136719 0.9610880304981587 0.007341924535925436 -0.16573650772341092 -0.22087848194182827
1697633768.04496 12119249.465036921 4048167.9992099153 397.1954040527344 0.9231406033515572 0.2640299468929 0.1697101487704527 0.22203170717662424
1697633768.1389601 12119249.005621383 4048168.101836597 397.2052917480469 0.9187100239509035 -0.04984771651736465 -0.39078921345265716 0.027764864472718462
1697633768.2339602 12119248.540751189 4048168.178100463 397.3100891113281 0.9794459952350446 0.023940899056842033 -0.15989225004444405 0.12061029867348831
1697633768.34496 12119248.090797808 4048168.1416498334 397.2659912109375 0.8150132240553087 0.2818213803248786 -0.36134796056044355 0.3546234701843057
1697633768.43996 12119247.616354138 4048168.0979359755 397.2210998535156 0.8752540815318901 0.2924661756658172 -0.09513428205721272 0.37328715117271
1697633768.55096 12119247.166512076 4048168.075204771 397.2099914550781 0.873307562748141 0.26151612064989405 -0.1481426228144233 0.38340185548950484
1697633768.64796 12119246.75663371 4048168.0512630288 397.1559143066406 0.8480407479838714 0.26600664992532597 -0.06315191766533063 0.4539594555129922
1697633768.7409601 12119246.354881667 4048167.987373548 397.1369018554688 0.9766904010579894 -0.035018781059631736 -0.18760484180120693 0.09825461203946398
1697633768.85196 12119245.955912614 4048168.002976031 397.1422119140625 0.8988340003053247 0.053025144474723236 0.18571110031751628 0.393442703792331
1697633768.96196 12119245.543139942 4048167.983472927 397.1408996582031 0.7406101772817923 0.3154755246076574 0.31367652285439773 0.5035660807581566
1697633769.04096 12119245.148178387 4048167.8657817775 397.1597900390625 0.9078417424794425 0.17917440153989062 0.10428689254322518 0.3644779122092163
1697633769.14996 12119244.66861402 4048167.8941621576 397.22509765625 0.9402616014808413 0.237470969043112 0.09150377802229767 0.2261475585763751
1697633769.26096 12119244.215877652 4048167.8906650487 397.2883911132813 0.8388189744942032 0.18874434564023929 0.3869110902921104 0.33325381952245
1697633769.3559601 12119243.768707257 4048167.8282551146 397.3059997558594 0.9947706541671288 0.08183982941763737 -0.05245960036447107 -0.031330149351613414
1697633769.44996 12119243.23726801 4048167.779430102 397.3988952636719 0.9559443797406401 0.2841393191230153 0.04118471420938348 -0.0611474405521907
1697633769.56196 12119242.72764738 4048167.751856746 397.4325866699219 0.9202134786286883 0.3787036065754338 0.02942589580164352 -0.09447141775753465
1697633769.67196 12119242.209009873 4048167.8616121477 397.5180969238281 0.9129459845714709 0.3136432552778011 0.07684665405155124 -0.24950376637368193
1697633769.76596 12119241.71976071 4048167.885957403 397.6307067871094 0.8828140225834723 0.3060399649088318 -0.03755500591048935 -0.35435654775896647
1697633769.87596 12119241.212477792 4048167.888243974 397.723388671875 0.8184662129984515 0.22765193022043367 0.02547149991471291 -0.5269144708005077
1697633769.98696 12119240.692949727 4048167.9907361525 397.8258056640625 0.6839239310360615 0.34740611688406087 0.013229139304773457 -0.6413907049380851
1697633770.08096 12119240.136352275 4048168.1056027124 397.9292907714844 0.4342135898945625 0.5180481662110619 0.09448630226893731 -0.7308604480472151
1697633770.1749601 12119239.06356634 4048168.3499967977 398.1176147460938 0.40972773332156853 0.44449124202171775 -0.016312256373546802 -0.7964198833562384
1697633770.28496 12119238.579660514 4048168.3478447306 398.13330078125 0.16404853336801956 0.5811323014038393 0.026049855531955157 -0.7966773073156053
1697633770.39696 12119238.019723475 4048168.2840897515 398.073486328125 0.1525867174438649 0.49878898156473733 -0.01272661898924693 -0.8530913659734347
1697633770.4909601 12119237.496633189 4048168.235399241 397.9758911132813 -0.018065435237499212 0.32167710734283766 0.0059939441189491025 -0.9466580963025263
1697633770.5859601 12119236.950722406 4048168.1635740125 397.8835144042969 -0.16311818565615413 0.6495490247510297 -0.17404920530686618 -0.7219317115110535
1697633770.69696 12119236.426184963 4048168.049514475 397.8088073730469 -0.24154921368948756 0.40761544975867425 -0.19056502279314103 -0.8597607775258613
1697633770.79196 12119235.827397423 4048167.8797702114 397.5936889648438 -0.5013425584033925 0.37421187884574947 -0.11146710078163133 -0.7721374193157671
1697633770.90396 12119235.239185235 4048167.782523696 397.4154968261719 -0.4577613493936962 0.5209817864575047 -0.3902803984333777 -0.605568935613026
1697633771.0139601 12119234.668561524 4048167.7326226514 397.3176879882813 -0.6286012173194224 0.42436065265598166 -0.25818037994535226 -0.5984324836380485
1697633771.10796 12119234.078456903 4048167.675054868 397.1868896484375 -0.6467712965170033 0.3689676851906448 -0.44705495781664667 -0.4956728779934687
1697633771.21996 12119233.568947595 4048167.550235001 397.1146850585938 -0.7241616203687945 0.38651868693708 -0.3388870200447728 -0.45972691880990746
1697633771.31396 12119233.020253824 4048167.38842649 397.1023864746094 -0.7292760939012085 0.36161552716831913 -0.17812000395586824 -0.5528687489501788
1697633771.40796 12119232.466550678 4048167.241144432 397.1445922851563 -0.684209114056225 0.5767647949168652 0.01079105569537589 -0.4461880911721887
1697633771.51896 12119231.891028909 4048167.2376473234 397.1933898925781 -0.5211311659950346 0.6589622841493702 -0.08647140471342146 -0.5354565454490101
1697633771.61296 12119231.318401448 4048167.2231208743 397.1532897949219 -0.45128907418311437 0.5570844698257287 -0.07096562738159012 -0.6935120364725271
1697633771.72996 12119230.846518127 4048167.2598405094 397.118896484375 -0.5330860245053822 0.4423523635938061 0.13150656857693765 -0.7091189599221978
1697633771.83496 12119230.432409622 4048167.3289756505 397.1054077148438 -0.3939103403450347 0.4917195031379559 -0.14337802763787966 -0.7632098762422379
1697633771.92996 12119229.89930058 4048167.4610587396 397.2062072753906 -0.17237970606076936 0.4645300848558912 -0.12175767863213853 -0.8600419204296348
1697633772.04196 12119229.424411634 4048167.4745091554 397.2293090820313 -0.08484227988803053 0.27681853733352296 0.15515874894781922 -0.9445099510099816
1697633772.15096 12119228.95464338 4048167.374976074 397.2013854980469 0.037430344001927296 0.208829838087143 0.24961674009934573 -0.9448177343459271
1697633772.2309601 12119228.504912639 4048167.309069034 397.2514953613281 0.22794816841811166 0.188973412609251 0.2765757565984975 -0.9142398660655805
1697633772.32496 12119228.038150014 4048167.2898349394 397.3432922363281 0.3258293810809381 -0.0676005085490096 0.33940865978141976 -0.8798108588405287
1697633772.4349601 12119227.542221682 4048167.341350033 397.3953857421875 0.2462011462720894 -0.24400277781996657 0.34453010524612937 -0.8724371877502359
1697633772.54596 12119227.05954037 4048167.384391365 397.4054870605469 0.6218425184146744 0.11410520795521678 0.2861501843549893 -0.7200069137187487
1697633772.63996 12119226.589772118 4048167.4450527434 397.3868103027344 0.7973602420934819 -0.09195317760367637 0.0413403098064751 -0.595022887158398
1697633772.74996 12119226.091506077 4048167.5125738345 397.3215026855469 0.7577675261745941 -0.26450522121357 0.1702566483229494 -0.5716975056162408
1697633772.8459601 12119225.58377788 4048167.634972626 397.4172973632813 0.9462629119163856 -0.19349902281077971 -0.0686193481962156 -0.2498719967421777
1697633772.93996 12119225.10510407 4048167.6255573337 397.5486145019531 0.7037981016544193 -0.5316220802885718 -0.18997794008927057 -0.43122451012984486
1697633773.05096 12119224.6089531 4048167.5717556677 397.6176147460938 0.6984064863237006 -0.4481631118579279 -0.4213932589924193 -0.36579492383923107
1697633773.14596 12119224.043561406 4048167.452181464 397.67919921875 0.8269837207910734 -0.28448986291117995 -0.47304717062044793 -0.10672308941985788
1697633773.25796 12119223.522140913 4048167.3319347417 397.7293090820313 0.7765219578055834 -0.08446551730595656 -0.6231370765572578 0.03974178219072497
1697633773.3689601 12119223.040127518 4048167.162055985 397.6961975097656 0.7953342461882142 -0.13760753019751443 -0.5604524974815963 0.18547399424125754
1697633773.46296 12119222.586723229 4048166.9573406517 397.6571960449219 0.7270169309514573 -0.03219732485357407 -0.6810078799843202 0.08147381040223423
1697633773.57196 12119222.140332071 4048166.8906265916 397.7502136230469 0.7009794504519897 0.08693376398201957 -0.7031435871366551 0.0816053098305613
1697633773.68396 12119221.679469379 4048166.79418711 397.8048095703125 0.5109521081541902 0.2884975611521635 -0.4097712393275912 0.6984158015122313
1697633773.77896 12119221.223727385 4048166.735677803 397.8333129882813 0.032374097580266756 0.24406840253589848 -0.061732427037410414 0.967249523205625
1697633773.87396 12119220.739710238 4048166.667080684 397.8555908203125 0.14744946452250815 0.4097442042345106 -0.2674763948179408 0.8595491380505541
1697633773.9839602 12119220.290870054 4048166.725724493 397.8611145019531 0.2904922754735184 0.568035058597519 -0.340120344848213 0.6908462644573417
1697633774.07896 12119219.81230756 4048166.7239759406 397.8056945800781 0.24013607531526232 0.4325246059750295 -0.4190292987588915 0.7613616600144506
1697633774.17396 12119219.279866436 4048166.7399819363 397.6369018554688 -0.12523080057430602 0.3964649211691972 -0.1316607226720853 0.8998879191184227
1697633774.28396 12119218.025407095 4048166.958551191 397.4848022460938 -0.13763440202409313 0.5706845395276643 -0.019438759984191034 0.8093195057168985
1697633774.37796 12119217.425951635 4048167.0987045243 397.5248107910156 -0.05162289193425751 0.7143097576298124 0.06823133008038051 0.694579824626835
1697633774.48896 12119216.841524309 4048167.263068609 397.6257934570313 -0.04592399738218217 0.6800554091947849 -0.030603758494840483 0.7310807321051107
1697633774.59996 12119216.169933822 4048167.4013388897 397.8176879882813 -0.0546255883309061 0.2729822250569541 -0.6389402306805912 0.7171137507538741
1697633774.69496 12119215.590404553 4048167.4384620395 397.9252014160156 -0.5348258096441764 0.48002530645984365 0.4434706929334652 0.5356032141480264
1697633774.80596 12119215.102825183 4048167.463614319 398.0347900390625 -0.09900623578903733 0.5652780006355338 -0.21337674905491544 0.7906509408298548
1697633774.89896 12119214.615245814 4048167.5692000883 398.1603088378906 0.1393033315631467 0.6783500073416491 -0.16490080202483715 0.7023130177111614
1697633775.01096 12119214.114642063 4048167.7167511587 398.2243957519531 -0.27553650818110487 0.5790565758949704 -0.0248267180066421 0.7669137817546212
1697633775.1219602 12119213.585095245 4048167.8048513895 398.2597045898438 0.19772327642359538 0.7622012385131851 0.09075449674244362 0.6096871322984525
1697633775.21696 12119212.98307944 4048167.9214665038 398.2919921875 0.4157123231974796 0.6031634694858379 -0.3812929209116447 0.5639085048855242
1697633775.3429601 12119212.392084263 4048168.0894622137 398.3844909667969 -0.5017196933539769 0.4988692772151346 0.32925404054172763 0.6252987848529589
1697633775.42396 12119211.86131293 4048168.2804581397 398.5335998535156 -0.5489133781951216 0.4814737689248103 0.3045257179088372 0.6116708266771149
1697633775.54896 12119211.362156335 4048168.372189987 398.57470703125 0.1787863327068218 0.7221475193883147 -0.06372051372668674 0.6651902762435395
1697633775.62696 12119210.958177902 4048168.334259808 398.618896484375 0.27841408228232534 0.6724630421385994 -0.23455553512513624 0.6444088428061427
1697633775.73696 12119210.448000675 4048168.308166 398.5609130859375 -0.5225891317217324 0.482982815381115 0.24081155150628292 0.6600287843071655
1697633775.83096 12119209.985134233 4048168.1972000552 398.4758911132813 -0.25094744679689823 0.6535452044868801 0.20967868159119238 0.6825971689983039
1697633775.94196 12119209.411950175 4048168.0694210916 398.5263977050781 -0.2992940900209169 0.6170563316777659 0.21310535405998432 0.6958811962439415
1697633776.0369601 12119208.839211395 4048168.0527425744 398.5992126464844 -0.4841502631942378 0.48576448508832604 0.16070838701945386 0.7097916609945689
1697633776.14696 12119208.252668997 4048168.0672690263 398.6622009277344 -0.04504015846840348 0.5256792835238825 -0.3027090013734507 0.7937253526796574
1697633776.23996 12119207.67937362 4048167.9979993757 398.7291870117188 -0.30580313782821306 0.4985310571705488 -0.07181981776476806 0.8079561496189439
1697633776.34996 12119207.109306509 4048167.9183729077 398.7763977050781 -0.3605879545442284 0.4230507062886498 -0.12174019782338838 0.8223039287150502
1697633776.4609601 12119206.554044887 4048167.8306761896 398.7927856445313 -0.22074444222874573 0.511083846722367 -0.18422503356270617 0.8100162528328725
1697633776.55596 12119206.028505573 4048167.802026802 398.8113098144531 -0.35152395646227214 0.4474851807995419 -0.07763774794537609 0.8186331908076304
1697633776.66596 12119205.520666055 4048167.7743189423 398.8576965332031 -0.13505798812439318 0.5407292541857652 -0.14210975514241259 0.8180318031744614
1697633776.7799602 12119205.039320577 4048167.6875637546 398.8658142089844 -0.08935601878840202 0.6683195939941888 0.007270915592397009 0.7384521351964374
1697633776.85496 12119204.570220241 4048167.6501715947 398.8096008300781 0.0654260437079873 0.676972500260309 -0.11868966716912122 0.7234227184733071
1697633776.96496 12119203.966534644 4048167.7055873126 398.7164001464844 0.12255069203311697 0.6740549188471635 -0.1643980754799741 0.7096510177817182
1697633777.0759602 12119203.339471951 4048167.910840675 398.7210083007813 0.14199289919418867 0.6287134667100917 -0.25725708297245536 0.7199834627380761
1697633777.16896 12119202.779757554 4048167.872372482 398.6346130371094 0.5737389823412705 0.448789003402481 -0.5458449239514866 0.414083722891165
1697633777.2799602 12119202.252771083 4048167.9337063837 398.6220092773438 0.1679203047008132 0.5418265464000376 -0.3250331352942214 0.7566903103953442
1697633777.37396 12119201.124548046 4048168.152948183 398.5309143066406 0.015045524250932363 0.6431903097097472 -0.07948481163017002 0.7614210546180152
1697633777.4839602 12119200.575854274 4048168.298616203 398.4353942871094 -0.15675828592360452 0.47867165090035263 -0.048366115107380536 0.8625317439538349
1697633777.5929601 12119199.973727148 4048168.370441432 398.3960876464844 0.20947622090343992 0.3928275347814149 -0.4807548434544238 0.7554343262578701
1697633777.68696 12119199.347443692 4048168.3891375125 398.3699951171875 0.5070361018684035 0.21679212052251484 -0.6592977783639149 0.5111183887572931
1697633777.79696 12119198.66204959 4048168.3401779938 398.260986328125 0.3782665133630382 0.2136626104963384 -0.5120794230880681 0.7409705784940802
1697633777.89096 12119197.94671054 4048168.3116631084 398.1299133300781 0.346433434094662 0.1576656692183221 -0.38862022209222846 0.8391065102073187
1697633778.00096 12119197.27612193 4048168.295657112 398.1072998046875 0.3984288240216014 0.18795991533218742 -0.4070624973420793 0.8001410286160248
1697633778.09496 12119196.660525143 4048168.347710225 398.1052856445313 0.5532550937317692 0.09533908885410813 -0.5590339841871091 0.6101641286737582
1697633778.20496 12119196.017877724 4048168.424108598 398.1589050292969 0.4400016167882595 -0.28349498637133813 -0.32134611647688993 0.7891551452985993
1697633778.29896 12119195.413858166 4048168.40998566 398.2669067382813 0.5907881930289876 -0.13628369586709702 -0.4021536900558472 0.686052822159354
1697633778.39296 12119194.824421464 4048168.475623698 398.3764953613281 0.6791963518389356 -0.1406669615638561 -0.42545870342473907 0.581283074975707
1697633778.50296 12119194.239771497 4048168.5231036725 398.5531921386719 0.7384392457262552 -0.24646144923515484 -0.3186523198401639 0.5407632878373203
1697633778.61196 12119193.667923274 4048168.5259282603 398.6376953125 0.8008313863114659 -0.30292929728188106 -0.45554466786714076 0.24368419547557507
1697633778.70596 12119193.064348994 4048168.6004435737 398.622314453125 0.8497722113652582 -0.3630790392407779 -0.33418491335335243 0.1854217995339414
1697633778.8159602 12119192.415467683 4048168.635280157 398.6413879394531 0.8747769384666647 -0.3972367882161669 -0.22568794318045002 0.16134805334298624
1697633778.92596 12119191.765361855 4048168.652631196 398.6130981445313 0.858685439830619 -0.38605796231611156 -0.33705916457906593 -0.0031120296416410342
1697633779.05096 12119191.138744442 4048168.6098588672 398.44970703125 0.8049141348696695 -0.5547488006178093 -0.18400265628653212 -0.10251841873348297
1697633779.1289601 12119190.479065139 4048168.468225968 398.2908020019531 0.6638350081460804 -0.6516834898879198 -0.12107234612156229 -0.3463714739579683
1697633779.2239602 12119189.806695415 4048168.5097877583 398.2130126953125 0.7882211429916395 -0.5651371685642457 0.025380148898272267 -0.2422462765246196
1697633779.3329601 12119189.18942884 4048168.5602268255 398.1650085449219 0.7488002552725742 -0.5334345294407252 0.2592654276405702 -0.29584999329800843
1697633779.44296 12119188.619695684 4048168.5804024506 398.0120849609375 0.8271534916220772 -0.37570683666307675 0.3670646967895903 -0.19981236836791808
1697633779.5529602 12119188.029145787 4048168.581074973 397.839599609375 0.5940171835205762 -0.41898391264864066 0.5208442373875948 -0.4475682596029943
1697633779.64996 12119187.390951147 4048168.5665485216 397.7016906738281 0.8082999347180835 -0.211684861164945 -0.029623667602786632 -0.5486011059103687
1697633779.7569602 12119186.789714575 4048168.4830214274 397.5631103515625 0.7002185373220765 -0.3434285580904592 -0.08930141649289514 -0.6194966363837677
1697633779.85096 12119186.153412366 4048168.396938756 397.5068969726563 0.5700905242108562 -0.2711191973259794 0.42639551516196017 -0.6478256244515762
1697633779.9609601 12119185.471023887 4048168.214282086 397.4643859863281 -0.3088629749764589 -0.020424458340965762 0.87047829961518 -0.382693133057329
1697633780.07096 12119184.76626019 4048168.19504799 397.3442993164063 -0.25357081330314757 0.23102679094668888 0.8426038676900788 -0.4151471867414922
1697633780.1649601 12119184.05359281 4048168.306148437 397.3182983398438 0.6056343479100242 0.021094251322706453 0.23007834168618946 -0.7614630824141556
1697633780.25896 12119183.348161198 4048168.406757562 397.3080139160156 0.4228064370822528 -0.14515605485184818 0.3769791475312142 -0.811203524911164
1697633780.3689601 12119182.640169235 4048168.441728645 397.3825988769531 -0.13070692257632952 0.29400128383362256 0.8411609669341547 -0.43465753553942366
1697633780.47896 12119181.243666224 4048168.4141552895 397.190185546875 -0.0030561392055029335 0.3657872351440657 0.8284591011190238 -0.4240823934000042
1697633780.5729601 12119180.561611705 4048168.4565241053 397.1200866699219 -0.17155737918080846 0.17115886008683084 0.8489287341476291 -0.4696729868758612
1697633780.68196 12119179.951469576 4048168.4788517985 397.1513977050781 -0.17352298264250116 0.23142706243450728 0.873773090508966 -0.3909627547096977
1697633780.7929602 12119179.30581653 4048168.545162358 397.1657104492188 -0.02972913576991168 0.008897302403075104 0.8347428575390897 -0.5497648390755787
1697633780.88696 12119178.70680635 4048168.6995731536 397.2806091308594 -0.2517072309369398 0.12988580454495985 0.9267903620049479 -0.24664300631987143
1697633780.99596 12119178.065940041 4048168.9188149683 397.3951110839844 0.19935100602670794 0.05017312615691242 0.800226339956546 -0.5633645699256676
1697633781.1059601 12119177.442328252 4048169.0985125573 397.3729858398438 0.402989924840427 -0.42243876336169534 0.5460265878605405 -0.60083240345035
1697633781.2009602 12119176.805803405 4048169.291660567 397.3724060058594 -0.11249257262648477 -0.025544849572558703 0.9559661135777583 -0.2698549081547842
1697633781.29496 12119176.235513654 4048169.2355723204 397.3297119140625 -0.6131152292233883 0.18420476164327915 0.7644284490880269 0.07620674318699489
1697633781.4049602 12119175.794911109 4048169.2118995856 397.3163146972656 0.4017035014520544 -0.2098582649692275 0.6076669936334955 -0.652176839817004
1697633781.49896 12119175.262915263 4048169.302958918 397.2004089355469 0.3515489241631552 -0.4311115722737243 0.42535783474496786 -0.7138815578178764
1697633781.60796 12119174.725464761 4048169.390117632 397.2384948730469 0.09575229644225501 -0.15217866419800524 0.7628416021120391 -0.6210844080928796
1697633781.7179601 12119174.276958533 4048169.3677899367 397.2463073730469 0.5747800786866992 -0.07505317335511849 0.6828523869543253 -0.44464311525651523
1697633781.81196 12119173.788154649 4048169.317081858 397.2478942871094 0.15443803720945865 -0.2281251200301303 0.7773596432885924 -0.565526133136534
1697633781.90596 12119173.25638144 4048169.287625441 397.2796936035156 0.12693574692162074 -0.31752764223889873 0.6851028484699756 -0.6431932832251763
1697633782.01596 12119172.779043464 4048169.2554789386 397.4028930664063 0.16829762879608162 -0.20532233146313886 0.7254783192340621 -0.6349802017901639
1697633782.12596 12119172.243262755 4048169.176121472 397.4104919433594 0.5099069385437556 -0.14314835250727315 0.4327949911697032 -0.7295148790928151
1697633782.21996 12119171.85308794 4048169.1380567867 397.4945983886719 0.5530706359326673 -0.13648932740574554 0.41343389379701667 -0.7103210194223449
1697633782.32896 12119171.403802473 4048169.154062786 397.5820007324219 0.4353492467765136 -0.049784936611475455 0.6500670714508716 -0.6208101932418643
1697633782.43896 12119170.87804052 4048169.2104200386 397.5307922363281 0.6687572903588166 -0.037521597535807805 0.5004740689315672 -0.5485266836147311
1697633782.53296 12119170.370534962 4048169.260321092 397.6087951660156 0.19131492077495582 -0.014903627803953892 0.7527447846612649 -0.6297235680299884
1697633782.64296 12119169.834976891 4048169.2667772933 397.614990234375 0.33809609196878826 -0.059220310197682466 0.46168233298082134 -0.8179446257962143
1697633782.73596 12119169.328918487 4048169.3373919907 397.6028137207031 0.4495873468814866 0.07781694213683452 0.3596798269827421 -0.8139079573896566
1697633782.8459601 12119168.870059544 4048169.309684129 397.5574035644531 0.3140408666950069 0.02344031076278802 0.33523588522030323 -0.8879446982427186
1697633782.95596 12119168.302218823 4048169.3520529466 397.5745849609375 0.41115537755126025 0.07947663399733136 0.3388393427226788 -0.8425097150670715
1697633783.0659602 12119167.718459412 4048169.3002688345 397.5396118164063 0.18901326878441105 0.24346935090132307 0.48093749498947586 -0.8207897327016026
1697633783.14396 12119167.121230343 4048169.220373349 397.4605102539063 0.1551678369389376 0.2160543165524231 0.37674189902040967 -0.8873043537598877
1697633783.2539601 12119166.580996856 4048169.116401614 397.3760070800781 0.17885574685994743 0.4419127322842613 0.40700828709304293 -0.7791456943972779
1697633783.36396 12119166.052117955 4048169.079816475 397.2807922363281 0.06894454754083326 0.3390603263584385 0.41852828937735864 -0.8397135317743551
1697633783.4739602 12119165.491846958 4048169.0589683275 397.2247009277344 -0.015283742215982665 0.47415907125486156 0.3753522225162638 -0.7962727493910009
1697633783.56796 12119164.866676698 4048169.0270908363 397.2524108886719 -0.07291619772893165 0.5979087967909777 0.2405616241132685 -0.7611296892335151
1697633783.69196 12119164.269113671 4048168.808925053 397.2204895019531 -0.2153410523017674 0.5705641294432523 0.12023289519959954 -0.7833446599665776
1697633783.77096 12119163.661754528 4048168.765345698 397.2232055664063 -0.3722449111967698 0.5384551215450045 0.020336718295759504 -0.7557024719153844
1697633783.87996 12119163.064414142 4048168.7774510747 397.2269897460938 -0.5141785643399255 0.4316319848518776 0.1434836392908879 -0.7271359425045664
1697633783.97496 12119161.89311046 4048168.6442919374 397.0827026367188 -0.47489327022297145 0.6718260302241792 0.05003193151724816 -0.5662357926154138
1697633784.08496 12119161.2502404 4048168.7376378374 397.1434020996094 -0.5835511065859152 0.614702170983995 -0.0619137939754725 -0.5270446177559166
1697633784.17896 12119160.552155875 4048168.9705990786 397.2933044433594 -0.47166157385941443 0.5385077497670188 -0.4585624907290464 -0.5265597831981619
1697633784.28896 12119159.896595392 4048169.3184268996 397.2894897460938 -0.7147320516835391 0.3891715391115116 -0.4416103464814731 -0.3777352370673529
1697633784.38296 12119159.300813477 4048169.5554232793 397.3846130371094 -0.6065522964120283 0.2279045512969866 -0.7305321386616013 -0.2155843723415988
1697633784.4939601 12119158.828707516 4048169.5672596465 397.2883911132813 -0.8141865150462947 0.31315319327363056 -0.384890927485881 -0.30148693205237975
1697633784.5889602 12119158.27032895 4048169.627114013 397.1995849609375 -0.6851442517595425 0.4731192772249688 -0.5154230860507749 -0.20266856234965258
1697633784.69896 12119157.728982266 4048169.574388371 397.068115234375 -0.5738913472438035 0.42670389655478724 -0.6951316669146246 -0.07324255509025501
1697633784.8099601 12119157.074201021 4048169.6505177408 397.0306091308594 -0.6361885129295705 0.32884837547264534 -0.6957399715706636 -0.05539687648519681
1697633784.90696 12119156.41674811 4048169.7640392794 397.0132141113281 -0.6714731031173117 0.044140437334412 -0.7319286256328783 -0.10703261447381576
1697633784.99896 12119155.736363383 4048169.9012335557 397.0398864746094 -0.6003188566067186 0.10509396049934755 -0.7760403820346577 -0.16227709425691125
1697633785.10996 12119155.10507055 4048169.9999596328 396.9609069824219 -0.7120771001203957 0.3115992717939825 -0.6066783666490076 -0.1667136969228386
1697633785.21996 12119154.456300557 4048170.069901814 396.8432922363281 -0.6918770324662066 0.24713457248947404 -0.6587371343253795 -0.1621606083085146
1697633785.31696 12119153.735395534 4048170.343617857 396.7247009277344 -0.693961657572179 0.13583246745173277 -0.7012132181367997 -0.09092184179767193
1697633785.44496 12119153.03263559 4048170.4964146274 396.5993041992188 -0.7019914733885463 -0.0435836461980193 -0.7108144513512201 0.007159107774553475
1697633785.53496 12119152.331656758 4048170.4832332158 396.4502868652344 -0.6884257973741631 -0.09576938025936177 -0.7175843406714438 0.04439438407743618
1697633785.6289601 12119151.648822999 4048170.4282209985 396.2723999023438 -0.7022700502919845 0.0913758913609442 -0.6675912176024148 0.22975898050133267
1697633785.73996 12119150.948512083 4048170.3078397396 396.2904968261719 -0.7179174084941744 -0.016909188747733728 -0.6625136701462822 0.2130359377809423
1697633785.84996 12119150.244750263 4048170.2428742126 396.1748962402344 -0.7132720027971541 -0.0501108498199484 -0.6777746857295781 0.17132842186931757
1697633785.94496 12119149.518501906 4048170.195259727 396.1354064941406 -0.7060891176733848 -0.031971453760386515 -0.6638883457870983 0.2442708504421654
1697633786.05796 12119148.864499897 4048170.1090425365 396.0658874511719 -0.7297087635151484 0.13434047249768077 -0.5397158344442755 0.39772424611583906
1697633786.14996 12119148.22508074 4048170.0826797136 395.9342956542969 -0.5579243123542885 0.10299661962417112 -0.7415239700139822 0.35812617877598785
1697633786.24496 12119147.556495879 4048170.198756836 396.0137023925781 -0.6629628066592372 0.10029780417934936 -0.6525143873218254 0.3530518967536226
1697633786.3559601 12119146.884682754 4048170.238166566 395.9706115722656 -0.683536795355648 -0.025293591147982464 -0.663591166286911 0.3029594818911377
1697633786.4679601 12119146.168341829 4048170.2536345487 395.8580932617188 -0.6883515965641845 -0.15004276323232107 -0.6618089849037672 0.2562579095555748
1697633786.57696 12119145.481277933 4048170.202926464 395.7688903808594 -0.6920088033223364 -0.16290842072513284 -0.6773851357505473 0.1890344953849536
1697633786.67096 12119144.825160854 4048170.2469093376 395.8862915039063 -0.6812259724829344 0.12628776184080776 -0.6956477705064794 0.1898861633012915
1697633786.78096 12119143.421644714 4048170.592988644 395.9834899902344 -0.5888073832193658 0.24004604117427447 -0.6895829241138189 0.34663980491795243
1697633786.87496 12119142.054530047 4048170.7094692807 395.91650390625 -0.556588464977142 0.22107958187011637 -0.7245399964693953 0.341137644728124
1697633786.9839602 12119141.375147194 4048170.7042236174 395.8510131835938 -0.6120755168802956 0.28504406349510064 -0.5883649484244616 0.4449046313170951
1697633787.07896 12119140.655800644 4048170.770399687 395.8741149902344 -0.6464415052790695 0.23865377368186722 -0.5908201826069942 0.41962991836161173
1697633787.17296 12119139.980870573 4048170.843704479 395.9209899902344 -0.7146663017536714 0.0902237170412048 -0.6677143678431453 0.18780117410928965
1697633787.28396 12119139.325198771 4048170.863342094 395.9364929199219 -0.6713279275141111 0.2575337692878794 -0.6443506044368029 0.26039867506942593
1697633787.3789601 12119138.662736481 4048170.8775995374 396.0450134277344 -0.5868653783446866 0.3102794069650866 -0.6928486994419798 0.28156064532405684
1697633787.48796 12119137.986025298 4048170.893740042 396.0690002441406 -0.5949807088979054 0.3328010497814281 -0.6383114776446328 0.3574910835403461
1697633787.58396 12119137.332245927 4048170.924407002 396.227294921875 -0.786383701265391 0.30835885723484197 -0.5263074077919931 0.09754999770496833
1697633787.69296 12119136.709858654 4048170.9406820103 396.2587890625 -0.2535276712941095 0.48454024707336496 -0.7131742506249736 0.43855097434594276
1697633787.78896 12119136.075448876 4048170.900330749 396.0285949707031 -0.39139332324023834 0.32990427041785736 -0.752324456966645 0.41470754795743286
1697633787.89996 12119135.471429318 4048170.8653596533 396.0198059082031 -0.6956558659532571 0.22143653206967706 -0.6829994204865933 0.02325016225226617
1697633788.00996 12119134.836462945 4048170.885938799 395.9631958007813 -0.5910731483437909 0.5083958872133434 -0.5276739224363031 0.3372334306562781
1697633788.10396 12119134.282314518 4048170.912705137 396.0526123046875 -0.539006699584381 0.5373510854442111 -0.5659964883768956 0.3168178718445404
1697633788.21496 12119133.753546938 4048170.9379919274 396.2098999023438 -0.6655908614262316 0.2603394634008838 -0.6877849112457342 0.12713805427457286
1697633788.30896 12119133.208526712 4048170.870739823 396.1989135742188 -0.7515556602608183 0.22071708225492637 -0.5999470966861519 0.16282364787909176
1697633788.41896 12119132.62498994 4048170.8431664617 396.0790100097656 -0.7203752005791799 0.42021520015230807 -0.46889364972105396 0.2908908750764308
1697633788.52896 12119132.031768374 4048170.878003049 395.9343872070313 -0.5977040160366228 0.4093925673562241 -0.5389118990605674 0.42979250814562253
1697633788.62296 12119131.413277281 4048170.8248738903 395.7074890136719 -0.8132403028494366 0.186578553974717 -0.5210342160794098 0.17986661361290884
1697633788.73196 12119130.800018208 4048170.749955049 395.527587890625 -0.6819432383586409 0.3881907738443542 -0.5550308326021774 0.2760473104741016
1697633788.82696 12119130.099818612 4048170.946331185 395.6167907714844 -0.5352485382571633 0.3606461288702332 -0.5329820962485188 0.5471503057689174
1697633788.9509602 12119129.506485725 4048170.8376517897 395.5007934570313 -0.7424387281948509 -0.03432523506143109 -0.5818000182784608 0.3303259781572927
1697633789.06096 12119128.961799458 4048170.8295815364 395.5538024902344 -0.8174297661453481 -0.00919570665138214 -0.5193098567645346 0.24908088860035307
1697633789.13996 12119128.479897382 4048170.8368447637 395.7251892089844 -0.7995372068323037 0.06116196984728811 -0.5384477512503488 0.2589854967148548
1697633789.24996 12119127.985750161 4048170.788557755 395.7293090820313 -0.8182700473302496 0.08340197199071034 -0.48688354336685535 0.2939773050913069
1697633789.34496 12119127.387741856 4048170.841821419 395.74951171875 -0.7967062092083592 0.1692552836313053 -0.4794462986611324 0.326715643751371
1697633789.45596 12119126.83415003 4048170.8299850496 395.4252014160156 -0.7364857498088874 0.2270713587490833 -0.44221875906907737 0.4587699941056426
1697633789.58096 12119126.323638843 4048170.818014176 395.2804870605469 -0.7980784282693822 0.06070463303474438 -0.41024826779895873 0.43712941862467125
1697633789.65996 12119125.755352845 4048170.824335873 395.2226867675781 -0.8259435188626688 0.05214950650657338 -0.33084873349548805 0.45347199270109806
1697633789.7699602 12119125.17493302 4048170.8823071853 395.210205078125 -0.5631377871216456 0.2699170426539636 -0.36711617973798283 0.6893811234544095
1697633789.87996 12119124.646276759 4048170.8606520086 395.0781860351563 -0.7978260453047358 -0.026721652789508943 -0.4952545336128341 0.34275720509062524
1697633789.97596 12119123.62881661 4048170.9258865486 394.943603515625 -0.7183395511352765 0.39533911127230575 -0.34381602797676014 0.457696204134879
1697633790.08396 12119123.121422373 4048170.9401439936 395.0220031738281 -0.5360012470728587 0.4128952732254442 -0.5368027698224063 0.5040465680821751
1697633790.1779602 12119122.617924316 4048170.921582413 395.0111999511719 -0.7699917899889204 0.0577150675540023 -0.5838607215601561 0.25077534198192053
1697633790.28896 12119122.141922172 4048170.9624716924 395.0805053710938 -0.840818010611692 0.019009240909365566 -0.5365705600097762 0.06896198896378593
1697633790.38296 12119121.688072609 4048170.9449861445 395.0458068847656 -0.8490720196564535 0.11758363450784368 -0.5037594904242134 0.10713155529522442
1697633790.49296 12119121.211402548 4048170.9063834385 394.9674987792969 -0.8610910144151901 0.1510974487583313 -0.48515607028441465 -0.017759880020040184
1697633790.58796 12119120.777590493 4048170.862804076 394.8756103515625 -0.7650347374616353 0.29230607858091534 -0.5622989879381464 -0.11445022964324184
1697633790.68196 12119120.338212464 4048170.8322716216 394.7298889160156 -0.7772013054526418 0.5464526457029037 -0.3072802632715457 -0.054096918680972286
1697633790.7929602 12119119.85185761 4048170.834289184 394.5953063964844 -0.5062286114287173 0.7118480401054804 -0.3604051781951938 0.32728132898017537
1697633790.8889601 12119119.438194381 4048170.8385933195 394.6055908203125 -0.7878416139878247 0.5440585767439363 -0.2738765291680019 0.09109063130372058
1697633790.99996 12119118.984790094 4048170.914184682 394.6546020507813 -0.8779552548912867 0.47282247392043825 -0.07054337015271696 -0.0256341860028595
1697633791.10996 12119118.53528199 4048170.959109087 394.6430969238281 -0.7666840605407028 0.6391880484045417 -0.03080019787521147 0.05182217575961938
1697633791.20396 12119118.15067315 4048170.936646885 394.5552062988281 -0.7506289396826904 0.6344069098022586 -0.046128333357856974 -0.17876309621287934
1697633791.31396 12119117.73077603 4048170.92212043 394.4717102050781 -0.5108584683423301 0.7007448509137675 -0.2308950260442993 -0.441211702234622
