#Stereo rect[ms], MP culling[ms], MP creation[ms], LBA[ms], KF culling[ms], Total[ms]
2.724475,0.027092,0.272436,0.005609,0.005609,3.034381
2.913481,0.160511,0.722974,0.001152,0.001152,3.800069
3.634627,0.140401,1.177545,0.153296,0.153296,13.750568
3.090292,0.173486,2.522937,0.233945,0.233945,16.360622
4.019189,0.299578,3.117667,0.286492,0.286492,17.064437
3.520409,0.230541,2.922213,0.208811,0.208811,15.417205
3.273648,0.150122,3.387377,0.621886,0.621886,21.133036
4.273982,0.275999,4.198204,0.349848,0.349848,20.520650
3.745148,0.208134,4.203318,0.561039,0.561039,21.817127
3.349247,0.198728,5.765055,0.586218,0.586218,27.370175
3.633294,0.221925,4.355067,0.738643,0.738643,25.867680
3.443831,0.261652,5.021980,1.151759,1.151759,42.068647
4.635355,0.449362,5.714524,0.948025,0.948025,31.386920
4.021956,0.270610,5.849064,1.138777,1.138777,43.381213
3.915506,0.233923,6.078759,1.138060,1.138060,36.562108
4.055697,0.226437,6.847017,1.201143,1.201143,40.115984
4.166872,0.201652,6.577104,2.167233,2.167233,41.104002
4.002803,0.181389,6.625118,1.467891,1.467891,41.933842
4.450144,0.192186,7.849569,1.507138,1.507138,48.731289
3.727974,0.132869,7.675321,1.354853,1.354853,48.167845
3.818376,0.145455,7.543182,2.146275,2.146275,49.240533
3.788396,0.164171,8.306786,1.900260,1.900260,56.452561
3.884294,0.178077,8.697116,2.249615,2.249615,58.591670
5.996500,0.275835,9.890969,4.509403,4.509403,89.559670
3.850265,0.260702,10.542802,2.389883,2.389883,63.998057
4.311836,0.252914,11.056520,2.671276,2.671276,70.452894
3.896659,0.181312,11.232206,2.471035,2.471035,70.975980
4.266448,0.216731,11.507021,3.052792,3.052792,76.091462
4.447341,0.246137,10.531082,2.842711,2.842711,82.966832
4.743598,0.252984,10.776821,3.119372,3.119372,90.836663
4.507951,0.165625,10.282964,3.169883,3.169883,93.737050
4.625267,0.142132,12.635895,3.401835,3.401835,89.921098
4.115304,0.193879,11.506724,3.593163,3.593163,107.487825
5.070992,0.193059,10.689592,3.734546,3.734546,96.589814
4.257296,0.142819,9.769119,3.587517,3.587517,95.519852
4.198085,0.134232,10.026900,3.787938,3.787938,103.586960
4.759648,0.115550,10.684435,4.637682,4.637682,112.650573
4.436773,0.118552,9.148544,4.724345,4.724345,120.938568
4.970747,0.206542,11.976335,6.951695,6.951695,135.216450
4.720609,0.139217,12.346681,5.120120,5.120120,149.894292
5.778332,0.179377,10.462057,4.667635,4.667635,150.933719
4.545128,0.159138,10.624125,4.569252,4.569252,144.003925
4.444407,0.143636,9.330904,4.286677,4.286677,136.510845
4.403538,0.156158,9.745599,4.776453,4.776453,134.474858
5.373380,0.178750,13.180735,5.330990,5.330990,153.598455
5.192828,0.216917,14.394619,5.563932,5.563932,166.096462
4.742691,0.178240,14.389731,4.567823,4.567823,168.910270
4.650105,0.199218,15.994408,6.060939,6.060939,136.711141
4.560470,0.161368,16.953437,5.768820,5.768820,156.315894
5.300490,0.200197,14.157106,6.176352,6.176352,153.195319
4.738131,0.192323,12.198817,5.850850,5.850850,152.586384
4.645010,0.229344,14.128660,5.714727,5.714727,149.280758
5.830387,0.574100,12.769327,10.002150,10.002150,163.933463
4.919398,0.376125,10.636560,6.683516,6.683516,151.641789
4.920324,0.268122,11.403149,6.422681,6.422681,145.607560
5.450516,0.245059,12.442041,8.968014,8.968014,187.898988
5.282128,0.314756,12.992865,6.922260,6.922260,193.061537
4.975902,0.410173,15.721637,7.395878,7.395878,190.872728
5.915577,0.442489,14.594337,8.026053,8.026053,163.258505
4.926593,0.185380,15.192719,13.646958,13.646958,186.067890
6.100558,0.229778,13.749311,7.666606,7.666606,190.566481
4.713822,0.156620,17.415536,7.809720,7.809720,168.978102
4.503693,0.124885,13.437810,8.315292,8.315292,156.351229
6.284673,0.273226,12.098560,9.029886,9.029886,163.849099
6.293160,0.244417,14.192981,7.787356,7.787356,188.076431
4.867784,0.167072,13.817239,8.949817,8.949817,175.235821
4.909544,0.217295,12.924291,13.100460,13.100460,179.497540
5.919652,0.220822,11.791716,9.210776,9.210776,204.427930
6.434490,0.275900,11.709228,12.029543,12.029543,192.089859
5.691819,0.179952,11.577497,8.989402,8.989402,184.119447
6.314123,0.189033,10.929805,13.177829,13.177829,186.694762
4.761460,0.160078,10.812890,12.258365,12.258365,163.911444
5.893038,0.152672,10.962911,13.284855,13.284855,178.475469
4.757150,0.157117,9.980351,4.785820,4.785820,120.616266
5.185599,0.138156,10.686313,13.985714,13.985714,140.958789
4.415202,0.161272,9.044849,10.437993,10.437993,147.163693
5.256622,0.114666,9.514797,10.280070,10.280070,160.437357
4.859664,0.107222,9.333434,8.715015,8.715015,195.250865
6.085811,0.191574,10.664265,10.638782,10.638782,199.388999
5.583772,0.180407,9.686668,11.947669,11.947669,179.863537
5.698461,0.124272,14.234352,12.421759,12.421759,227.326032
4.910827,0.258936,11.042270,11.193723,11.193723,199.365487
4.913613,0.147435,10.618394,8.922898,8.922898,215.624518
4.919457,0.166630,12.445330,11.661672,11.661672,203.159762
4.701277,0.187208,12.923038,8.883377,8.883377,191.689921
5.086127,0.321371,17.582797,12.657552,12.657552,213.412079
5.471260,0.998555,16.056920,13.072259,13.072259,195.949105
4.626491,0.307011,14.661131,8.877542,8.877542,175.082701
4.280191,0.231671,11.826235,13.582105,13.582105,172.461324
4.297858,0.319909,13.468638,11.069710,11.069710,185.927856
4.318058,0.384347,14.010453,13.397616,13.397616,166.497542
4.601740,0.302912,13.629481,14.088614,14.088614,201.846711
5.137160,0.330090,15.437205,13.663594,13.663594,200.638523
5.799042,0.221202,13.519491,9.485639,9.485639,232.138997
5.224471,0.218678,12.411205,9.470953,9.470953,216.131799
4.969138,0.210589,14.587773,9.858712,9.858712,200.469797
4.508577,0.217184,11.081168,14.810413,14.810413,204.150552
4.520907,0.273670,10.376083,9.923559,9.923559,147.768021
3.727813,0.259237,12.195706,8.982209,8.982209,111.130901
4.841025,0.435481,8.638848,7.094995,7.094995,71.088218
3.836398,0.329648,9.159444,8.857606,8.857606,82.561313
3.786137,0.307729,7.945792,10.125543,10.125543,81.957509
3.896327,0.508604,8.479649,6.724832,6.724832,84.096977
4.282505,0.339600,7.663590,6.820168,6.820168,59.745501
4.360108,0.419352,9.522103,9.254288,9.254288,101.591094
5.139536,0.360671,14.678211,20.110085,20.110085,158.585666
5.291680,0.312743,10.891313,9.310918,9.310918,136.464614
5.097577,0.337341,10.858938,7.420264,7.420264,137.125877
5.085024,0.339670,10.711257,9.671721,9.671721,150.632507
4.621190,0.269808,11.231651,10.103321,10.103321,137.167073
4.805669,0.374228,11.440244,14.277636,14.277636,119.069469
5.378915,0.319256,13.383982,8.468527,8.468527,99.430277
4.131030,0.320857,11.711235,5.213028,5.213028,83.063030
4.410739,0.336487,10.234202,5.598414,5.598414,101.674160
4.698337,0.424939,10.621502,5.622392,5.622392,107.196807
4.554227,0.310657,10.169555,4.845074,4.845074,77.941950
4.322945,0.378373,10.263545,9.804806,9.804806,71.946663
4.394813,0.403007,10.337942,7.581382,7.581382,76.569223
4.792205,0.386523,10.567672,6.086440,6.086440,101.888149
4.773597,0.354660,10.203308,8.141415,8.141415,92.910876
4.633215,0.451464,9.441965,7.869195,7.869195,80.709386
4.771846,0.252889,8.794855,6.366121,6.366121,102.730585
6.074502,0.331237,10.126261,5.917961,5.917961,104.228785
4.016515,0.253615,8.625710,12.517155,12.517155,121.880202
4.714229,0.267983,8.434336,8.686965,8.686965,91.804462
4.228885,0.237223,11.641864,10.013451,10.013451,110.829839
5.099881,0.180951,9.628280,8.950714,8.950714,84.324863
4.648238,0.212985,10.230106,6.994956,6.994956,90.769208
4.861571,0.275401,10.583895,8.158566,8.158566,108.296754
6.219778,0.317445,11.459303,8.457107,8.457107,106.071963
4.849961,0.198920,9.894665,9.146609,9.146609,109.369832
5.292635,0.272242,9.807574,7.776608,7.776608,108.372298
4.363296,0.292574,9.945633,10.668820,10.668820,117.342078
5.196199,0.366357,10.925613,6.417726,6.417726,113.249900
5.477093,0.737749,12.296640,7.341866,7.341866,125.987056
4.390724,0.324987,12.237436,6.605860,6.605860,116.358871
4.847064,0.295175,10.686752,7.737744,7.737744,119.961761
5.072260,0.287207,12.854259,6.755639,6.755639,126.475935
4.779069,0.421436,12.578930,7.729386,7.729386,111.143587
4.555482,0.330765,10.701419,8.332688,8.332688,111.945885
6.019130,0.352998,14.566492,6.200155,6.200155,127.374630
4.735041,0.339425,12.010873,7.353630,7.353630,148.138618
4.983387,0.260418,14.562886,6.967515,6.967515,124.664671
4.556708,0.293576,11.337987,7.675748,7.675748,113.774912
5.063678,0.264591,11.342199,6.194393,6.194393,109.302413
4.889168,0.232193,10.455663,5.571898,5.571898,109.529633
5.004894,0.292361,11.454385,10.053070,10.053070,128.910738
5.793041,0.247858,15.283896,6.716571,6.716571,124.821431
4.643289,0.228276,9.454284,6.927427,6.927427,133.752013
7.878695,0.370930,10.842018,9.356977,9.356977,144.106575
5.693291,0.308918,15.283079,6.632849,6.632849,134.605611
5.254036,0.232110,11.500836,8.688146,8.688146,155.268349
5.373611,0.302986,11.351610,7.343496,7.343496,146.023671
5.815678,0.466212,15.493865,9.884163,9.884163,162.343319
5.034688,0.285016,11.002713,14.558198,14.558198,164.192902
5.057614,0.251693,11.737708,7.215343,7.215343,155.015785
5.237613,0.284769,10.884997,8.014171,8.014171,151.884209
4.788117,0.235657,16.686847,6.641868,6.641868,168.811411
5.009979,0.211799,12.414266,8.897803,8.897803,178.405038
6.086570,0.377048,13.367479,8.010848,8.010848,171.091736
5.811646,0.293897,13.881407,13.995005,13.995005,174.974945
4.837108,0.249452,13.882734,10.721835,10.721835,175.122697
5.141938,0.282060,13.053074,11.553104,11.553104,164.217277
4.818568,0.229758,13.612481,17.865309,17.865309,179.390078
5.431991,0.268110,16.860286,9.341571,9.341571,196.426936
5.303833,0.219345,13.980705,7.919276,7.919276,189.087919
4.739882,0.227991,11.597295,7.711675,7.711675,145.341089
5.261616,0.290430,11.472996,13.144430,13.144430,166.040587
6.320007,0.361207,13.493242,8.643730,8.643730,160.952822
5.337430,0.255714,14.127808,11.652686,11.652686,181.674880
5.443415,0.225016,13.270734,13.365203,13.365203,177.848438
5.697346,0.179849,15.274864,10.804881,10.804881,197.011782
5.887708,0.188548,12.514958,8.428445,8.428445,196.741270
5.700850,1.784369,14.528172,9.189082,9.189082,191.354673
6.329623,0.248955,11.499602,11.660207,11.660207,205.733106
5.757522,0.245883,20.144170,9.334158,9.334158,195.324596
6.095009,0.300056,12.917252,16.174592,16.174592,232.534497
5.828899,0.207565,11.866170,14.779401,14.779401,230.277986
6.238672,0.210907,16.324851,14.748828,14.748828,225.835615
6.028837,0.253605,12.196654,14.953459,14.953459,224.354795
6.009468,0.293888,14.537735,8.762340,8.762340,226.244519
6.136054,0.179846,12.102637,11.635228,11.635228,206.202320
8.085522,0.262673,13.374774,9.111444,9.111444,215.849960
5.734826,0.184113,12.799531,19.833292,19.833292,214.248383
6.178305,0.257287,16.143670,15.771824,15.771824,244.173036
6.170588,0.205031,14.328853,11.348454,11.348454,251.026657
8.388773,0.264645,15.903323,10.920970,10.920970,272.827981
6.523098,0.233955,14.293504,12.276537,12.276537,267.236781
7.359628,0.302760,22.118184,12.519167,12.519167,245.225558
7.995436,0.344176,15.575768,21.612569,21.612569,249.658799
5.990830,0.271059,16.694744,19.613342,19.613342,259.222473
5.853194,0.341300,13.333220,15.076010,15.076010,207.359148
5.899310,0.372026,14.098655,20.063009,20.063009,228.852892
5.695645,0.306515,12.988490,19.372233,19.372233,230.164998
7.234326,0.596425,18.042605,24.094127,24.094127,224.562868
7.949228,0.391014,12.331376,19.190102,19.190102,236.948703
5.744481,0.283933,11.746843,17.995921,17.995921,225.992409
6.409808,0.364295,11.763932,12.318361,12.318361,209.163848
5.667722,0.399329,10.146795,12.662234,12.662234,167.828264
5.201175,0.430505,10.056832,19.019641,19.019641,187.472047
5.794103,0.435689,10.693396,15.039741,15.039741,211.365094
5.690488,0.312110,12.390563,15.655935,15.655935,229.941881
6.438005,0.317977,16.648649,19.307361,19.307361,259.353846
7.934339,0.279538,13.912544,15.487410,15.487410,270.407318
7.759552,0.309081,13.179118,13.346412,13.346412,221.303901
6.542874,0.255935,12.882321,11.559586,11.559586,215.171234
6.098500,0.285452,12.078121,11.199328,11.199328,219.774451
6.320534,0.262213,12.644771,24.880456,24.880456,284.365276
7.490222,0.273710,18.374105,14.650029,14.650029,257.982531
6.746909,0.341656,15.554707,19.321191,19.321191,269.659260
7.170711,0.230443,16.496825,21.305013,21.305013,264.885476
8.307816,0.327584,13.501948,17.220248,17.220248,276.664102
7.486424,0.577605,13.989703,20.762319,20.762319,255.859223
7.297593,0.706025,14.260003,15.808380,15.808380,234.979256
5.866135,0.281722,14.137595,20.950285,20.950285,220.966406
6.605421,0.373024,13.795748,22.145683,22.145683,253.540265
6.974036,0.306233,13.534981,17.786357,17.786357,254.021398
6.427090,0.332542,20.247170,10.971071,10.971071,203.082721
7.221671,0.360132,14.208902,13.144123,13.144123,171.832148
6.101812,0.330700,14.891374,18.363209,18.363209,181.392807
5.241192,0.333333,12.490130,17.195992,17.195992,180.118425
5.639990,0.546849,13.594801,18.871919,18.871919,196.951271
5.883026,0.449873,17.405189,14.677252,14.677252,183.973176
6.008798,0.377626,15.858027,18.872841,18.872841,201.598001
6.198470,0.431852,14.203071,17.155990,17.155990,205.918470
6.009952,0.284675,13.508978,18.113935,18.113935,200.481151
5.973727,0.366163,15.461632,19.155449,19.155449,178.931838
7.938218,0.368047,14.169516,18.678201,18.678201,200.312521
5.961190,0.419168,13.998112,17.056881,17.056881,188.958361
7.870460,0.466611,13.864612,30.738922,30.738922,219.745168
6.788168,0.358258,13.670471,22.064505,22.064505,223.536995
6.554154,0.388400,13.451551,19.803804,19.803804,221.004060
6.943199,0.325094,14.396959,16.763040,16.763040,221.973134
6.928902,0.330162,15.968285,17.089644,17.089644,216.707908
6.511359,0.415099,14.829562,17.254387,17.254387,225.634240
6.768682,0.330450,11.910935,13.414232,13.414232,172.093700
5.843091,0.245274,12.688422,18.996094,18.996094,206.213182
5.917008,0.321409,10.857215,16.794918,16.794918,162.304971
5.640673,0.335385,12.982788,20.969940,20.969940,187.833551
6.761085,0.282508,13.715748,21.134312,21.134312,216.706547
6.870111,0.322064,14.631216,25.893056,25.893056,238.862777
7.197683,0.287119,14.777382,19.630578,19.630578,231.033343
6.872556,2.401608,15.545031,16.488243,16.488243,205.612777
9.721461,2.643706,25.760857,39.937131,39.937131,480.069724
10.223400,0.351022,33.881659,39.572585,39.572585,482.180264
10.266445,0.373701,37.577246,39.095840,39.095840,436.756904
10.779912,0.396456,32.854399,4.863378,4.863378,203.650764
9.252811,0.291425,21.977376,17.030625,17.030625,366.466292
8.880087,0.337507,19.941126,26.626600,26.626600,364.133676
9.248425,0.399169,22.268906,28.086900,28.086900,362.704442
8.435071,0.337292,29.291713,26.719627,26.719627,388.228329
7.969468,0.405179,23.640777,19.689044,19.689044,353.161745
8.202427,0.353525,23.572940,19.515255,19.515255,356.747122
10.535457,0.315255,18.550662,29.092488,29.092488,472.316109
10.107552,0.390462,36.889295,23.480011,23.480011,453.381798
9.885562,0.333455,33.494623,20.614579,20.614579,473.923155
10.081068,0.288853,31.227603,24.561708,24.561708,434.093041
9.972312,0.232378,30.408002,19.445634,19.445634,452.730109
10.046485,0.255097,31.334424,18.540483,18.540483,599.102901
12.817906,0.285690,29.332009,23.537630,23.537630,558.986699
10.376632,0.203576,35.068740,26.022992,26.022992,490.959676
