#Stereo rect[ms], MP culling[ms], MP creation[ms], LBA[ms], KF culling[ms], Total[ms]
7.398825,0.047832,0.475651,0.009499,0.009499,7.941871
0.806296,0.094470,2.455331,0.001422,0.001422,3.360081
6.638665,0.407897,3.747667,0.615402,0.615402,22.080327
6.546316,0.337952,6.657435,0.332588,0.332588,25.915348
8.719830,0.463394,7.977280,0.614903,0.614903,33.481721
7.101820,0.358567,8.642751,0.632891,0.632891,32.995257
6.263847,0.539018,9.085886,0.720532,0.720532,34.685112
7.735677,0.445297,10.732219,0.972829,0.972829,43.323899
6.234806,0.439500,10.598439,0.801345,0.801345,43.154435
7.327183,0.472991,11.787652,1.517415,1.517415,65.046920
11.334167,1.485857,15.412515,1.455699,1.455699,68.940003
6.567713,0.535185,14.336369,1.458792,1.458792,61.581658
6.375816,0.602961,12.995299,1.343142,1.343142,57.170633
6.840535,0.554184,13.528769,1.708071,1.708071,64.342400
6.473309,0.551796,13.821744,1.772774,1.772774,66.052376
6.206743,0.462993,13.719338,2.173082,2.173082,74.474286
6.282366,0.559960,14.480613,2.357832,2.357832,73.559788
6.315045,0.488775,18.114410,3.921842,3.921842,106.103505
7.610701,0.479950,14.871217,2.009177,2.009177,65.527293
6.520355,0.553076,14.764404,1.573031,1.573031,66.638614
11.056286,0.538898,15.048042,2.208420,2.208420,80.519753
6.124589,0.460962,13.643149,1.539715,1.539715,60.977232
6.551067,0.538758,14.013463,1.791653,1.791653,69.768946
6.510551,0.439044,14.920396,2.704642,2.704642,72.470190
6.979634,0.501499,14.278212,1.359165,1.359165,71.281661
6.312559,0.548701,14.100974,2.305006,2.305006,92.764292
7.133293,0.572389,17.267806,2.834731,2.834731,96.832662
8.263104,0.655037,15.984003,4.240861,4.240861,96.529388
6.926841,0.678335,14.608369,8.967301,8.967301,93.350032
7.018923,0.708449,14.914175,2.280363,2.280363,76.165160
6.637384,0.681276,14.419049,1.973080,1.973080,79.603656
6.763935,0.715962,14.845520,2.322332,2.322332,75.955150
6.730617,0.684251,14.666514,3.045080,3.045080,73.452812
6.815403,0.667826,15.050517,2.947124,2.947124,93.806310
6.376684,0.657730,15.480843,2.736234,2.736234,76.630260
6.859001,0.703325,15.357323,3.074738,3.074738,79.630168
6.189927,1.035805,16.046990,2.611931,2.611931,82.653883
6.623727,0.687606,15.181182,3.756818,3.756818,99.018740
7.536651,0.831472,18.672264,3.321347,3.321347,94.451978
6.590128,0.661442,16.214327,3.126848,3.126848,83.449779
7.639655,0.694868,15.501763,8.188975,8.188975,110.459484
7.549983,0.774965,18.735327,2.330312,2.330312,87.576606
7.359425,0.881833,17.003481,2.697022,2.697022,85.317901
7.024047,0.939131,16.700041,9.192844,9.192844,103.886349
8.928655,0.677597,16.638139,4.836591,4.836591,115.363359
7.000034,0.618181,15.887448,3.508061,3.508061,107.521338
7.111157,0.569675,15.432686,4.929769,4.929769,119.826025
6.570825,0.618887,15.585984,6.847895,6.847895,120.004270
7.645854,0.665232,15.459445,4.008301,4.008301,124.774478
6.337310,0.710328,15.160196,5.210313,5.210313,118.460574
6.899657,0.730835,15.079449,3.407740,3.407740,124.900484
6.085448,0.698060,15.291175,11.026220,11.026220,139.908233
7.834447,0.814481,17.315520,3.366801,3.366801,139.380457
7.565291,0.863985,16.768087,5.780380,5.780380,124.543263
6.943050,0.796188,15.373629,7.336129,7.336129,94.596030
6.183704,0.712629,15.025895,0.800911,0.800911,48.903253
5.881591,0.836823,11.856372,0.747184,0.747184,38.046408
6.126972,0.890171,10.317243,0.297447,0.297447,32.317086
6.783313,0.917701,7.447860,0.444548,0.444548,27.998842
6.426308,0.908061,6.556691,0.433616,0.433616,27.095286
5.367890,0.915965,7.509576,0.348775,0.348775,26.714702
5.418599,0.786929,8.638201,0.572585,0.572585,29.002219
5.580073,0.657849,10.685343,0.549928,0.549928,32.094252
6.963447,0.626464,11.603533,0.756846,0.756846,37.679373
6.955697,0.560003,12.545942,0.888618,0.888618,47.287615
6.916072,0.554966,11.792179,1.328498,1.328498,45.496407
7.240930,0.594233,12.777786,1.154116,1.154116,47.612875
7.500685,0.507709,12.157662,2.213207,2.213207,52.020008
7.835217,0.608334,12.614477,1.733844,1.733844,54.897099
8.112363,0.641163,12.346819,1.227633,1.227633,53.286559
6.573692,0.575711,12.328462,1.381920,1.381920,54.496911
6.703835,0.664124,12.574787,2.412635,2.412635,59.321452
6.688636,0.804124,13.192784,2.298102,2.298102,75.220983
6.316943,0.764934,13.723431,1.861088,1.861088,67.549941
6.989883,0.928829,15.323244,2.837141,2.837141,70.619492
6.476094,0.739661,14.368242,2.000611,2.000611,73.635477
6.593308,0.716690,14.938611,1.924596,1.924596,76.171154
7.437688,0.753545,14.954114,3.702386,3.702386,96.459265
6.300041,0.642629,15.027274,8.766901,8.766901,92.469964
7.078306,0.719186,15.284065,2.442542,2.442542,149.502725
6.852499,0.728392,15.373475,5.835421,5.835421,122.086174
7.063639,0.856907,16.469196,4.866782,4.866782,114.733488
7.940945,0.838148,16.413080,4.663794,4.663794,118.446677
7.543447,0.738662,16.179500,3.199150,3.199150,84.534804
9.393865,1.279710,19.972697,3.072991,3.072991,144.967999
7.395587,0.868806,14.426517,2.796050,2.796050,77.653787
7.081346,0.875395,15.105448,5.429857,5.429857,114.099958
6.645873,0.950368,14.441748,1.604493,1.604493,73.848821
7.302913,1.143226,26.062552,2.100976,2.100976,134.604718
8.174819,0.999024,20.425160,3.393572,3.393572,148.260730
8.312746,1.289437,18.199729,4.176212,4.176212,137.070144
8.900313,1.234668,18.825432,7.913609,7.913609,115.387071
8.644833,0.816653,18.234382,7.651640,7.651640,88.516388
8.522953,0.923455,19.029572,2.400516,2.400516,95.986185
7.434398,0.678204,19.735018,3.740046,3.740046,86.090100
7.414078,0.766063,18.517434,4.168518,4.168518,98.192426
8.029270,0.955101,17.984440,2.515159,2.515159,101.810274
7.431500,0.875199,18.618201,2.771375,2.771375,88.943177
7.252883,0.679301,22.299591,2.331712,2.331712,121.138183
8.126866,0.652920,20.407084,3.136970,3.136970,122.926925
9.733129,0.671430,19.595946,5.272584,5.272584,112.078306
7.496551,0.656308,18.408513,5.638903,5.638903,108.357674
7.164569,0.476346,18.792147,2.615926,2.615926,100.464842
7.529823,0.547094,17.190771,1.726353,1.726353,112.395837
7.792952,0.542155,19.541318,3.807396,3.807396,132.047822
6.483271,0.487364,18.278067,2.164463,2.164463,114.242662
7.177509,0.498981,18.050327,5.005904,5.005904,130.193284
6.730353,0.432975,21.430861,2.506908,2.506908,109.402247
6.563617,0.478994,19.004830,2.564772,2.564772,113.896133
6.633671,0.398692,20.148338,3.512176,3.512176,115.686461
6.679332,0.392569,21.851872,3.448863,3.448863,112.979790
6.404965,0.414748,24.043226,1.852512,1.852512,111.324512
6.303862,0.393730,20.562750,3.011741,3.011741,114.256569
6.209599,0.381669,19.935375,2.500949,2.500949,107.742815
6.492476,0.438653,22.843526,3.844808,3.844808,114.013933
5.940551,0.457401,20.385339,3.049335,3.049335,108.411486
5.639359,0.658967,0.616726,0.002562,0.002562,6.919470
1.090151,0.789002,1.774065,0.000868,0.000868,3.655118
5.649357,1.211870,3.608469,0.127928,0.127928,23.528364
6.654103,1.156080,5.368260,0.282813,0.282813,26.119548
5.710814,0.928861,6.249950,0.182274,0.182274,25.368162
6.117690,1.256847,7.596936,0.382516,0.382516,28.832277
6.007218,1.019435,8.247685,0.431618,0.431618,30.876162
6.702434,1.097251,8.842210,0.477572,0.477572,32.576384
6.424832,1.112613,8.398487,0.870217,0.870217,32.708492
6.664535,1.020281,9.120008,0.692600,0.692600,36.022793
5.583015,1.608846,11.361451,0.461820,0.461820,37.408556
6.949976,1.597697,11.449097,0.464556,0.464556,37.928189
6.412771,0.868414,11.198306,0.453787,0.453787,35.641503
5.781187,0.722638,11.986320,0.514852,0.514852,37.031527
6.673512,0.854910,12.633757,0.615553,0.615553,40.945993
6.733352,0.847853,13.269981,0.995225,0.995225,43.333040
6.862497,0.737739,14.256597,1.960400,1.960400,52.324566
6.693575,0.806502,14.559082,1.105893,1.105893,49.402378
5.415527,0.771600,14.179344,0.875862,0.875862,48.265166
6.019475,0.744394,14.879337,1.795623,1.795623,53.877598
5.800832,0.589086,16.167960,1.374875,1.374875,54.314179
6.843401,0.633900,15.794846,1.203706,1.203706,56.787196
6.122228,0.710816,22.960132,2.624003,2.624003,92.588584
6.041686,0.590780,16.265557,1.639504,1.639504,57.513884
5.980882,0.651052,16.834951,1.497994,1.497994,60.301184
6.247280,0.539636,18.378974,3.318578,3.318578,77.375771
10.700643,1.082226,26.672527,3.524682,3.524682,102.995496
7.519551,0.580434,18.789358,2.323060,2.323060,78.891709
6.246118,0.490589,17.933481,1.957990,1.957990,71.674848
6.858198,0.546107,19.774149,4.245680,4.245680,93.435486
6.750543,0.536499,19.530027,2.847097,2.847097,82.966303
7.321158,0.560589,25.102273,5.059577,5.059577,152.124752
7.316001,0.501912,17.651276,4.203451,4.203451,117.718590
7.153343,0.443734,18.155653,7.256163,7.256163,95.965996
8.185600,0.377229,20.669987,2.683896,2.683896,117.305167
7.667382,0.397030,19.766257,2.713892,2.713892,129.029874
7.484293,0.360836,19.095479,2.928192,2.928192,107.919985
7.854900,0.437046,28.026525,3.264320,3.264320,151.276670
7.563065,0.416462,23.083490,10.898887,10.898887,154.398764
10.988727,0.757368,24.868151,2.765382,2.765382,111.771721
6.717166,0.411480,20.467857,2.902603,2.902603,114.902813
6.627039,0.506189,19.949388,4.013947,4.013947,125.802032
6.617898,0.400982,20.697615,4.215142,4.215142,116.489317
6.389146,0.622197,21.639570,4.508454,4.508454,116.322466
6.140184,0.481003,21.680889,4.264853,4.264853,107.580483
6.028442,0.417234,19.463035,2.767912,2.767912,121.788401
6.154862,0.483044,22.371229,4.715577,4.715577,108.114289
6.104891,0.504952,22.903527,4.112205,4.112205,119.079837
7.820312,0.761655,27.557346,7.557094,7.557094,128.695539
9.381232,0.574702,24.822435,3.147225,3.147225,121.975759
6.832458,0.421023,23.978208,3.195664,3.195664,119.442369
6.430048,0.428491,22.352329,2.942532,2.942532,111.327621
6.056332,0.402165,21.864176,3.919964,3.919964,116.579132
7.866016,0.572162,22.681236,6.548201,6.548201,124.462212
7.480362,0.426049,24.528224,6.062629,6.062629,128.874382
7.055942,0.458172,21.551842,5.503179,5.503179,102.630467
7.087621,0.640044,25.349512,4.257308,4.257308,115.003329
6.337260,0.389854,25.519171,3.798062,3.798062,109.792673
6.071954,0.389833,31.900246,6.047234,6.047234,128.798686
7.787769,0.518033,29.006041,4.849852,4.849852,106.832483
8.172570,0.450128,21.540584,7.311463,7.311463,114.346522
7.294690,0.410177,19.974978,6.996017,6.996017,131.968401
6.754185,0.390104,19.285071,5.354666,5.354666,101.324929
7.270516,0.382135,21.998919,3.137899,3.137899,114.165250
6.982446,0.406595,21.476663,2.812325,2.812325,117.209784
7.473806,0.385979,20.672777,3.269748,3.269748,120.460285
7.466695,0.374341,19.790901,5.634745,5.634745,117.029344
7.952843,0.441519,21.410506,6.361259,6.361259,116.907310
8.039495,0.374482,21.139504,2.809991,2.809991,116.963695
7.800000,0.363475,17.410314,4.738875,4.738875,117.347667
8.170215,0.489199,15.171834,3.961174,3.961174,125.519836
7.803235,0.341328,17.142265,4.832466,4.832466,111.223443
9.101074,0.344421,21.586212,2.865150,2.865150,118.200590
8.423609,0.335215,18.698427,3.802794,3.802794,113.955126
7.900072,0.369912,18.310309,5.409817,5.409817,120.423959
10.135450,0.345746,17.202431,6.007034,6.007034,117.532018
9.237145,0.392851,17.369137,3.580754,3.580754,109.949703
9.275762,0.288577,15.274566,1.713836,1.713836,122.885565
8.095244,0.236685,15.497681,4.690664,4.690664,122.220224
8.607382,0.266757,16.077897,3.658810,3.658810,114.982791
9.360906,0.267039,18.260784,3.931147,3.931147,120.060713
9.325959,0.245902,17.938172,4.400489,4.400489,113.408020
9.499148,0.294918,17.853288,4.052735,4.052735,136.362269
11.894597,0.299846,23.464908,2.029716,2.029716,132.710114
10.710779,0.276245,27.438060,2.036426,2.036426,95.685822
10.168048,0.299282,19.166239,1.777160,1.777160,119.800588
8.790362,0.189873,22.830510,1.824818,1.824818,106.002771
8.924228,0.258658,23.620141,5.800952,5.800952,125.488788
11.942692,0.462102,22.272134,8.420580,8.420580,120.786840
9.673360,0.441964,21.107955,6.483064,6.483064,119.089962
9.943228,0.304493,23.202397,2.576105,2.576105,116.216045
9.718527,0.267615,24.604260,7.017273,7.017273,126.009786
9.748581,0.253773,25.852519,2.766023,2.766023,126.826920
10.310122,0.240485,25.804156,5.246443,5.246443,94.350028
9.339790,0.231333,27.173331,2.796572,2.796572,121.340357
9.349739,0.238043,28.860037,4.235758,4.235758,111.214957
9.144373,0.234568,31.406668,4.129574,4.129574,122.591519
9.143413,0.274649,30.449484,5.439656,5.439656,125.125767
11.243686,0.382212,32.101015,6.464652,6.464652,132.420334
10.436013,0.287253,33.628289,5.623736,5.623736,129.986596
11.355366,0.270969,35.980648,4.239265,4.239265,98.680900
9.477761,0.238042,29.184538,2.426801,2.426801,110.968930
9.796486,0.221878,28.872684,3.977415,3.977415,121.105713
9.341440,0.237684,32.376240,5.381700,5.381700,124.116508
10.250858,0.332144,36.588604,4.476004,4.476004,128.783277
10.313350,0.456653,34.310215,4.748103,4.748103,123.618747
13.277024,0.434614,38.829874,4.971369,4.971369,100.678998
12.402359,0.519759,43.629678,5.246486,5.246486,130.468924
10.001095,0.334347,38.352508,3.156746,3.156746,88.200555
10.618093,0.376914,34.198669,4.847252,4.847252,120.894207
9.441569,0.373559,32.792421,3.366725,3.366725,118.096949
9.274697,0.374699,32.380681,4.888646,4.888646,113.819208
10.508537,0.393969,33.371106,4.022576,4.022576,109.577389
9.739496,0.309019,30.969439,3.172747,3.172747,122.407488
9.326023,0.289837,25.535684,4.220125,4.220125,103.969471
9.624329,0.300704,27.345845,4.553159,4.553159,137.779937
10.241120,0.312820,29.408651,4.768501,4.768501,108.801503
10.357573,0.324881,28.402148,3.493861,3.493861,122.002156
8.654301,0.294809,27.679965,3.276890,3.276890,103.925754
8.670304,0.299607,31.375577,4.772474,4.772474,130.333294
9.859104,0.461266,41.033592,2.366995,2.366995,246.597052
10.223848,0.396085,37.484691,2.963626,2.963626,131.508525
9.710949,0.410851,37.787098,4.089906,4.089906,116.810582
10.224500,0.428915,37.412464,4.802351,4.802351,116.723526
9.130506,0.378998,33.329191,5.764627,5.764627,211.286953
9.861353,0.405162,31.874133,4.427727,4.427727,128.927057
8.741488,0.302918,22.667972,4.858868,4.858868,115.678277
8.814255,0.303125,24.681577,5.297162,5.297162,114.137532
9.562819,0.302582,23.687405,4.103803,4.103803,118.929764
11.967995,0.396716,30.045189,3.607221,3.607221,110.322578
9.854927,0.304351,30.053050,2.737917,2.737917,123.691373
8.987140,0.273368,25.262574,2.281622,2.281622,114.512229
13.145862,0.534555,26.453102,10.697422,10.697422,127.180526
16.489536,0.494367,43.708730,5.190511,5.190511,115.721123
9.997097,0.362182,27.338680,8.832196,8.832196,122.342547
10.608970,0.323263,26.528366,7.877882,7.877882,130.148868
11.631248,0.363985,30.460794,5.111641,5.111641,102.868411
10.379298,0.312027,25.079636,4.402585,4.402585,109.522860
9.717758,0.281195,26.339265,5.048112,5.048112,115.848664
10.301329,0.373798,25.174163,6.281597,6.281597,125.556107
9.514196,0.357536,28.021769,4.814695,4.814695,114.528898
9.021564,0.351543,30.258861,3.086430,3.086430,133.267402
11.864223,0.480004,37.279900,9.019135,9.019135,148.907890
12.593707,0.554857,36.244551,3.292708,3.292708,101.837023
12.595836,0.616552,43.896029,6.024361,6.024361,112.880652
9.084564,0.365646,29.288952,4.660374,4.660374,116.151845
9.099565,0.319572,28.280645,5.283125,5.283125,112.990417
11.074078,0.444798,28.257152,2.348160,2.348160,115.655554
8.687304,0.455089,29.491060,4.718780,4.718780,117.082441
8.035795,0.391483,28.646409,4.654871,4.654871,115.002373
8.079154,0.361248,28.626566,4.707610,4.707610,117.435515
8.496564,0.436427,28.862360,5.459842,5.459842,114.363492
7.909245,0.385697,28.646356,3.625546,3.625546,115.045419
7.593614,0.384535,28.368149,4.360018,4.360018,112.917730
6.433571,0.397106,26.008467,3.643491,3.643491,102.070452
6.042370,0.427732,25.555181,4.703332,4.703332,93.002012
6.270197,0.546433,24.857958,4.359823,4.359823,95.349173
5.801615,0.550862,25.187874,5.886324,5.886324,95.024867
7.640219,0.673938,24.850629,4.290311,4.290311,94.118429
6.907409,0.669747,24.900512,3.720841,3.720841,114.313813
6.867874,0.506091,26.578197,2.624969,2.624969,72.716313
6.761405,0.591106,26.037291,2.549193,2.549193,70.342814
6.832686,0.744774,28.468077,2.406739,2.406739,72.456685
6.271761,0.635203,27.099867,2.537251,2.537251,68.250804
8.053469,0.653919,27.871478,2.866637,2.866637,75.591675
6.995398,0.661117,22.583739,2.402788,2.402788,65.359642
7.318019,1.401560,25.073989,8.199646,8.199646,102.107633
10.443990,0.815881,28.933142,3.845664,3.845664,91.086338
8.269180,0.769114,22.972029,2.831507,2.831507,71.671993
6.520116,0.569144,28.871491,2.123915,2.123915,78.515102
6.753902,0.606033,21.137278,4.483485,4.483485,78.519389
6.727284,0.529573,20.890562,2.763602,2.763602,74.369471
6.833793,0.595199,20.876242,8.369480,8.369480,90.492487
7.150108,0.477681,20.419850,8.639766,8.639766,103.254259
7.029529,0.630730,20.807626,3.368582,3.368582,79.749014
7.050840,0.580315,20.754762,8.936889,8.936889,91.758520
7.099350,0.554509,23.804023,9.319403,9.319403,103.126553
7.481123,0.402545,19.044643,8.000773,8.000773,86.850531
7.077209,0.517805,19.123118,11.079942,11.079942,98.754447
6.569881,0.508305,20.134432,7.033427,7.033427,95.600306
6.927244,0.481610,19.697136,8.505246,8.505246,100.444682
7.071037,0.475466,20.491772,10.723458,10.723458,109.749290
7.084444,0.440281,21.809382,5.501735,5.501735,113.620882
6.860271,0.467856,20.809586,2.594833,2.594833,141.934536
8.214498,0.573193,24.106778,4.437530,4.437530,110.487766
6.654689,0.424616,20.969030,3.112540,3.112540,116.204354
6.392720,0.360337,19.084058,2.568996,2.568996,119.991245
6.445133,0.388237,23.774102,3.864305,3.864305,114.611726
6.294353,0.375991,20.451457,5.772455,5.772455,113.125299
7.064171,0.358307,19.930033,3.921158,3.921158,124.956675
6.094871,0.401199,21.863293,4.545039,4.545039,110.761004
6.120176,0.357808,24.211615,3.072144,3.072144,111.332176
6.002627,0.356244,23.902497,7.819607,7.819607,130.288589
9.268206,0.562250,23.376159,8.591695,8.591695,115.492551
7.290532,0.468551,21.566399,5.770826,5.770826,106.742910
7.275540,0.436156,20.885062,8.020482,8.020482,111.491353
6.952179,0.414835,21.024943,9.484849,9.484849,118.840835
8.372976,0.547040,23.225868,8.698193,8.698193,94.618250
7.442052,0.919677,20.447968,4.363447,4.363447,77.824814
8.599739,0.666805,20.976586,3.703494,3.703494,85.339256
6.538235,0.639220,19.572106,3.752411,3.752411,73.984382
6.512343,0.621123,19.715733,3.848791,3.848791,75.692095
6.852835,0.583050,19.660997,3.492255,3.492255,77.085545
6.289369,0.535175,19.783779,5.785417,5.785417,84.645386
7.347473,0.673862,21.285628,6.190351,6.190351,135.094012
6.193445,0.475955,19.782292,7.364767,7.364767,116.824349
7.357265,0.602537,22.647214,9.872772,9.872772,140.572634
7.179022,0.449129,20.070675,4.120140,4.120140,116.280861
7.148317,0.541873,20.294279,8.244004,8.244004,111.207038
8.950174,0.930088,25.897942,6.081789,6.081789,109.692367
7.460095,0.554759,20.671767,4.825258,4.825258,100.433107
6.644560,0.516806,19.390722,7.970455,7.970455,93.408380
6.771739,0.645951,24.708522,5.810463,5.810463,97.512430
6.809888,0.495637,23.665780,4.112444,4.112444,98.116791
10.983485,0.498242,21.665297,4.278673,4.278673,128.536571
7.920634,0.534665,24.698088,2.521999,2.521999,142.300702
6.236077,0.399592,20.863682,4.969730,4.969730,118.124064
6.880865,0.569339,19.530940,8.973639,8.973639,100.876159
6.659781,0.591876,19.658043,7.101223,7.101223,99.261482
6.542024,0.434093,20.229174,6.139142,6.139142,122.813502
6.951409,0.556083,19.682795,7.252145,7.252145,108.325636
6.156794,0.462026,21.742855,5.981088,5.981088,107.117241
7.531973,0.456098,18.931790,4.090351,4.090351,121.162913
7.021735,0.453396,19.903511,6.015306,6.015306,122.328232
6.552284,0.661106,22.328445,5.373655,5.373655,140.137325
6.182741,0.383764,20.614958,6.883663,6.883663,125.591376
7.729775,0.674882,19.817456,2.405057,2.405057,96.407257
7.179760,0.635898,21.444484,3.531717,3.531717,101.452112
7.344249,0.544598,19.857123,3.395245,3.395245,78.518576
6.420623,0.530779,21.011129,13.190580,13.190580,115.270957
7.188579,0.710392,21.363317,4.427673,4.427673,88.354751
7.291749,0.737956,20.313135,6.530995,6.530995,89.419055
6.341776,0.624553,23.758187,4.824497,4.824497,77.453245
6.727566,0.736795,21.335468,17.382088,17.382088,112.352295
7.913293,0.948022,20.373061,3.017419,3.017419,74.577668
7.092973,0.649381,20.250398,7.294636,7.294636,75.772137
7.371817,0.739465,27.475120,10.630997,10.630997,95.918516
7.326347,0.655710,22.307592,3.108121,3.108121,68.752563
6.909106,0.701459,19.467106,3.565132,3.565132,67.994897
6.748822,0.616183,19.107128,5.294026,5.294026,70.300462
6.946791,0.660150,20.795509,13.732980,13.732980,100.630643
7.726876,0.572053,18.513547,5.368812,5.368812,74.892978
6.962884,0.479179,17.625179,4.758231,4.758231,77.875078
7.317651,0.620797,14.964254,5.254009,5.254009,76.145468
8.095573,0.476758,16.246982,16.944270,16.944270,95.069317
8.275285,0.398518,12.096184,8.798144,8.798144,121.244424
8.531239,0.545781,18.367293,7.122707,7.122707,129.045292
6.716731,0.335107,18.495700,8.889814,8.889814,121.397384
7.764076,0.443397,19.067449,6.128818,6.128818,146.807647
7.983461,0.414997,21.966785,6.980721,6.980721,145.283807
8.855924,0.741919,22.359906,4.572223,4.572223,145.963583
7.686955,0.390354,23.096517,8.880543,8.880543,189.845759
7.455698,0.382678,22.355473,6.680581,6.680581,138.299991
10.240705,0.370661,27.716597,12.841239,12.841239,205.709010
8.065758,0.550352,30.919765,7.806839,7.806839,154.128494
7.523733,0.396021,21.262753,6.139772,6.139772,162.295947
10.236907,0.598835,22.831714,5.515891,5.515891,162.313501
7.539626,0.403056,22.665191,11.114442,11.114442,141.834518
7.645560,0.363594,23.830445,5.067349,5.067349,113.037566
7.645442,0.348362,21.731900,6.829853,6.829853,121.621031
7.094188,0.369141,21.527284,3.114527,3.114527,128.128076
7.709514,0.353411,28.629314,6.356221,6.356221,257.580743
8.384017,0.357590,25.888464,10.636294,10.636294,128.952774
8.961204,0.437654,22.290873,6.802268,6.802268,129.105194
7.774011,0.407452,22.047240,3.528243,3.528243,257.531957
7.886904,0.395749,22.659721,5.101317,5.101317,127.258480
8.464623,0.414824,25.677355,4.865902,4.865902,106.033234
8.289308,0.331959,23.035960,3.514401,3.514401,132.180627
9.328858,0.352749,22.923319,5.624269,5.624269,266.130751
9.278518,0.349296,23.128999,5.760470,5.760470,271.655925
8.638691,0.368164,23.146650,11.480956,11.480956,297.589105
12.021548,0.331068,30.566763,7.985477,7.985477,174.615258
8.353771,0.310008,23.860364,8.604971,8.604971,116.260057
9.002675,0.312656,29.541911,4.383142,4.383142,121.105115
9.017992,0.353672,24.461284,9.098437,9.098437,136.411251
8.960195,0.297990,20.355549,4.176061,4.176061,108.939985
9.356878,0.350957,20.280762,7.083408,7.083408,142.499804
9.928119,0.458129,25.204756,6.357047,6.357047,87.562572
10.168957,0.583246,24.663990,5.356437,5.356437,116.068270
8.500851,0.363615,23.183310,8.964548,8.964548,124.429099
8.664691,0.452798,24.210172,2.862338,2.862338,108.923137
8.333340,0.476943,22.387470,6.186985,6.186985,115.000626
8.970106,0.401775,25.587771,5.376629,5.376629,127.365347
8.296070,0.328615,21.083117,6.340003,6.340003,129.428011
8.530552,0.300780,22.421113,6.734710,6.734710,123.348416
8.706784,0.285223,22.076736,8.064608,8.064608,117.896590
8.599532,0.291824,21.701515,4.161883,4.161883,108.928769
9.417737,0.312103,23.119727,6.498849,6.498849,116.842650
8.222347,0.293995,23.952881,4.123560,4.123560,117.799652
10.427622,0.362302,37.675639,5.622835,5.622835,125.299463
8.465047,0.348232,38.212366,3.520883,3.520883,127.552247
9.207845,1.070501,38.214819,8.488735,8.488735,126.052438
12.345228,0.554282,30.959123,9.656843,9.656843,144.024021
10.448386,0.421500,39.529323,5.792191,5.792191,89.181923
13.356125,0.386489,34.081424,4.837764,4.837764,151.789461
10.229070,0.383167,31.672459,5.203560,5.203560,93.500763
10.499355,0.328344,26.598259,7.974675,7.974675,139.492003
10.508160,0.300801,23.714589,4.550781,4.550781,145.518709
10.694212,0.321200,28.865813,6.135668,6.135668,84.255281
10.748678,0.263120,26.110743,10.107363,10.107363,146.053148
13.204067,0.320093,24.907623,3.119314,3.119314,111.256156
10.267316,0.291129,20.421989,4.723927,4.723927,121.727334
10.745767,0.332426,23.788910,2.467642,2.467642,118.393254
11.176854,0.367470,22.124849,6.325021,6.325021,135.811156
12.616962,0.454253,39.622852,5.583135,5.583135,93.171182
12.217273,0.470049,30.990747,10.127033,10.127033,153.657062
12.291377,0.329950,24.216261,3.598937,3.598937,111.175000
11.127719,0.350534,21.825144,4.454487,4.454487,113.747526
10.609176,0.282064,25.494365,9.651535,9.651535,137.901669
12.311374,0.355277,28.789223,3.634426,3.634426,113.195392
12.490586,0.479755,32.858122,4.105712,4.105712,116.099147
11.422148,0.370487,28.030673,6.201185,6.201185,115.297401
11.650290,0.532677,28.726648,11.730158,11.730158,127.952652
13.284854,0.429479,27.049234,11.296109,11.296109,121.482616
11.861084,0.392818,28.437027,10.186058,10.186058,126.616511
11.575784,0.363354,30.278890,9.509895,9.509895,114.284620
11.241361,0.316988,24.202051,5.105182,5.105182,110.050914
11.286945,0.309628,28.190746,5.727836,5.727836,126.254351
11.737681,0.342772,30.235378,6.499023,6.499023,116.808346
11.669744,0.388530,32.405194,8.329594,8.329594,131.583660
11.946488,0.388921,34.127464,6.606173,6.606173,133.127033
12.318006,0.390637,48.026179,8.311845,8.311845,97.895467
12.018692,0.414563,32.496038,7.579327,7.579327,133.751867
14.702904,0.464110,44.562421,3.301165,3.301165,93.328780
11.961340,0.333555,30.484168,7.311376,7.311376,133.600361
12.012515,0.348178,36.233174,4.260586,4.260586,105.282077
11.465127,0.363040,33.119787,2.579580,2.579580,122.247766
11.395083,0.320712,37.724970,9.592640,9.592640,129.616952
14.560928,0.492499,35.729753,3.407957,3.407957,103.240017
11.191966,0.410166,37.191444,6.000293,6.000293,121.414678
12.572225,0.491273,33.967607,9.696859,9.696859,132.151924
12.815141,0.409103,34.319802,6.186844,6.186844,95.296216
11.661375,0.540983,33.317521,9.533398,9.533398,117.961473
12.571824,0.397584,33.796320,8.721621,8.721621,114.178981
12.872893,0.461929,34.710851,9.462779,9.462779,117.096269
11.947846,0.430597,33.165178,9.256371,9.256371,119.420104
11.376183,0.440271,33.246955,10.518126,10.518126,112.245134
11.669611,0.385143,34.840941,5.520093,5.520093,125.008772
11.742002,0.400895,40.702448,6.601059,6.601059,127.006736
11.445749,0.446632,34.848637,6.731648,6.731648,118.984262
12.256062,0.715322,36.500419,9.011782,9.011782,127.160416
11.369528,0.413488,40.509970,3.712982,3.712982,107.826570
12.296013,0.410687,34.579839,8.949209,8.949209,125.818370
11.327983,0.429609,30.650278,6.632987,6.632987,118.040234
11.835626,0.469376,30.950027,6.264074,6.264074,118.524353
10.697208,0.414899,29.315496,4.786979,4.786979,113.966221
12.202367,0.466618,29.640800,5.674380,5.674380,126.769910
11.021306,0.423303,31.958669,6.634399,6.634399,120.824387
12.888854,0.353747,30.573714,3.260226,3.260226,130.686469
11.261640,0.366221,34.290957,4.544844,4.544844,139.786487
12.430987,0.510922,34.749151,8.854185,8.854185,137.618302
13.579968,0.400830,32.062280,6.132542,6.132542,83.682632
13.627723,0.358578,31.625974,16.542205,16.542205,144.591543
14.343970,0.401569,39.946296,3.802784,3.802784,95.477700
13.394274,0.354029,33.551350,16.686970,16.686970,136.096142
16.063874,0.435624,24.604640,13.286385,13.286385,115.626886
16.642572,0.349383,25.422660,10.365250,10.365250,106.222578
13.849503,0.410731,27.915837,16.129941,16.129941,142.292690
13.548162,0.540299,31.007423,7.199242,7.199242,102.410741
12.874267,0.540907,28.817676,13.201089,13.201089,126.357423
12.515794,0.460452,29.007496,8.538987,8.538987,104.166554
13.478499,0.793225,31.278782,5.078976,5.078976,130.616262
11.286733,0.509380,26.750191,11.496676,11.496676,223.975549
11.106564,0.552218,26.153463,11.519756,11.519756,132.562039
9.607948,0.451214,24.752261,10.250718,10.250718,104.557430
9.435574,0.429653,25.336973,15.243377,15.243377,122.240429
10.861668,0.640555,29.851951,7.961235,7.961235,120.790722
8.852839,0.688192,25.674012,8.238436,8.238436,115.649053
8.308371,0.452701,28.087112,8.058809,8.058809,116.180372
8.610910,0.715831,25.803049,2.602280,2.602280,121.805261
7.568645,0.506688,20.941032,10.562897,10.562897,148.048731
9.615940,0.782249,22.864218,10.257274,10.257274,117.630157
8.141274,0.605522,32.410414,10.134623,10.134623,122.152112
7.902981,0.427449,29.014118,6.684858,6.684858,111.157100
8.122861,0.446578,27.276822,5.326517,5.326517,116.335268
7.670465,0.378531,24.121347,3.479173,3.479173,111.551591
8.921297,0.409895,29.254983,8.946245,8.946245,126.901747
8.348734,0.480080,29.530132,6.139251,6.139251,105.236557
8.711579,0.460278,31.924321,9.373368,9.373368,132.311509
9.146975,0.500392,30.567369,11.664012,11.664012,129.150497
8.763048,0.424453,27.243308,8.166481,8.166481,122.380527
9.113179,0.382299,37.591069,3.372479,3.372479,89.331260
9.306787,0.392916,26.813701,6.091940,6.091940,125.026773
8.230967,0.385577,36.275687,3.244377,3.244377,112.680206
8.420830,0.433235,23.953152,4.461230,4.461230,106.767021
8.912396,0.431911,22.996281,8.676850,8.676850,124.516937
11.376280,0.500066,36.332280,5.880452,5.880452,112.574931
8.632405,0.319246,21.367450,7.969952,7.969952,116.654503
9.842777,0.332523,28.730121,12.587283,12.587283,185.051344
16.051423,0.533437,19.677661,0.000000,0.000000,36.264236
10.006321,0.482088,21.108911,6.681058,6.681058,142.094531
9.509591,0.358763,20.592486,4.156401,4.156401,117.745545
9.569572,0.352292,23.598135,11.316214,11.316214,132.495902
9.721003,0.303147,20.983414,7.294528,7.294528,108.719008
9.582370,0.307912,23.334722,4.497836,4.497836,119.168175
9.405155,0.328094,21.665549,6.524926,6.524926,114.343689
9.298960,0.388921,23.462796,8.928234,8.928234,117.393528
9.456125,0.413499,23.457148,10.577541,10.577541,115.397505
9.331377,0.426939,21.169243,9.609023,9.609023,111.205718
9.870579,0.333402,22.620226,4.757297,4.757297,108.499540
10.376304,0.312038,35.425064,4.889786,4.889786,127.586162
9.775663,0.326922,48.861575,6.397963,6.397963,102.714861
11.043023,0.317183,42.760781,10.626133,10.626133,122.252644
10.629325,0.292996,41.769175,8.966317,8.966317,111.206683
10.312945,0.284496,50.505642,12.423205,12.423205,114.078810
10.699098,0.240930,42.229135,6.218956,6.218956,133.351919
11.147721,0.292475,41.787561,4.519538,4.519538,97.908174
10.438725,0.372919,36.620390,8.845555,8.845555,128.861194
10.512143,0.315729,40.522735,4.037428,4.037428,102.727183
9.878222,0.336333,36.241012,10.330412,10.330412,122.466886
10.121659,0.272728,33.953115,3.569431,3.569431,113.258348
10.901889,0.361803,33.966717,6.185465,6.185465,111.391754
9.752324,0.348547,29.916653,9.868276,9.868276,120.915772
10.400044,0.468083,29.872180,6.613664,6.613664,115.131013
11.187254,0.415431,21.688282,5.860236,5.860236,116.139065
10.075227,0.428872,20.652541,5.806446,5.806446,111.792542
10.383889,0.451713,17.146228,9.550410,9.550410,121.041695
10.638456,0.475650,19.018009,5.961927,5.961927,118.240649
10.289463,0.402556,18.596987,6.743069,6.743069,120.718821
10.791299,0.457596,22.686144,5.424245,5.424245,117.887152
11.279455,0.478354,24.231329,7.960824,7.960824,133.533345
11.975833,0.385784,23.790386,5.977929,5.977929,96.876337
11.812667,0.333045,23.267501,10.901694,10.901694,125.910877
10.693799,0.323893,40.569167,8.079969,8.079969,94.215184
11.295262,0.375916,40.642956,7.501934,7.501934,142.118581
11.436750,0.446501,28.107207,7.778972,7.778972,78.911252
13.507069,0.480536,22.614830,9.321540,9.321540,135.255203
13.638156,0.440184,28.041104,5.777449,5.777449,140.190509
12.070816,0.399571,29.063164,8.117520,8.117520,83.412349
12.520821,0.320093,26.387846,10.043496,10.043496,148.299410
12.699773,0.315545,28.657873,6.574309,6.574309,100.265652
11.394367,0.228771,25.672124,6.031416,6.031416,120.569117
12.513558,0.397660,29.393378,8.341309,8.341309,129.348991
11.400816,0.312407,29.899555,6.404683,6.404683,91.230834
10.257003,0.323806,24.135882,6.137318,6.137318,113.119063
11.804240,0.237532,24.642777,5.837949,5.837949,117.501487
10.440112,0.281055,23.254864,5.737433,5.737433,113.712251
11.350215,0.369228,29.478859,8.654660,8.654660,121.050836
11.294208,0.409103,28.922655,6.490403,6.490403,114.381902
10.633982,0.478202,25.755596,6.664199,6.664199,108.586705
11.013262,0.339895,30.359931,8.645150,8.645150,122.253868
12.828440,0.290174,31.728378,6.668812,6.668812,140.897036
11.763801,0.374016,27.580984,4.776567,4.776567,86.692037
10.855393,0.265258,26.876460,8.941294,8.941294,122.193812
11.333693,0.286905,24.135155,7.110266,7.110266,132.140470
13.861411,0.439608,35.650461,5.083307,5.083307,107.329054
10.936771,0.405705,28.451337,13.953819,13.953819,130.434626
13.144526,0.523873,42.655976,10.440895,10.440895,99.237457
11.552864,0.563335,38.233872,9.615732,9.615732,131.577946
10.746940,0.755109,39.220499,10.092603,10.092603,120.082175
9.855000,0.437101,37.181635,13.797253,13.797253,118.488129
12.774890,0.592105,38.719369,9.449784,9.449784,117.090435
9.510681,0.409005,32.424158,6.030788,6.030788,107.588584
9.427301,0.407094,31.968659,6.862595,6.862595,123.429327
9.567812,0.397758,29.228245,7.134346,7.134346,107.272743
10.235308,0.341730,25.598142,9.249467,9.249467,118.448956
9.608284,0.327736,26.123039,5.952666,5.952666,112.098349
10.335546,0.421544,27.303561,7.167707,7.167707,120.040065
10.778521,0.313091,28.225974,9.800806,9.800806,114.924362
10.969360,0.377164,26.003734,16.189593,16.189593,139.751929
15.402657,0.566179,48.413407,12.692565,12.692565,108.637456
16.439830,0.503583,34.167408,7.230075,7.230075,229.490172
11.069183,0.293897,19.234655,6.317596,6.317596,120.554222
12.566916,0.319746,23.801569,11.550859,11.550859,132.524615
13.106868,0.425462,32.392883,6.661256,6.661256,90.703975
11.314082,0.313709,20.064697,15.483742,15.483742,137.401611
14.114415,0.446654,24.515590,9.814497,9.814497,130.099261
12.152603,0.305905,23.015566,7.715876,7.715876,121.177953
13.483021,0.321461,24.617732,8.002782,8.002782,101.214364
11.024520,0.324251,21.086798,20.878897,20.878897,146.178360
17.600868,0.459866,50.234124,10.625493,10.625493,123.953836
11.171527,0.346050,24.931898,4.865826,4.865826,97.765013
10.314333,0.458759,22.157526,4.578096,4.578096,112.516297
9.403569,0.387640,19.963832,6.880583,6.880583,126.204244
9.193265,0.552653,22.958470,7.751463,7.751463,110.452765
9.556728,0.471189,25.012390,6.730367,6.730367,114.930282
8.673887,0.478408,24.211496,8.333644,8.333644,108.906244
10.272923,0.589021,26.893980,10.863253,10.863253,122.233581
9.005448,0.444418,29.393398,8.790970,8.790970,118.323128
7.024576,0.984477,0.693359,0.003181,0.003181,8.708144
1.021290,0.931055,2.847302,0.001672,0.001672,4.802904
7.286755,0.963764,4.888175,0.822030,0.822030,39.749258
9.363500,1.145051,6.527487,5.081539,5.081539,49.635817
8.146780,1.041820,7.491871,3.355088,3.355088,49.483606
8.425172,0.968346,9.234351,2.421655,2.421655,62.319383
6.966238,1.013952,10.678014,3.896624,3.896624,64.312509
6.653549,1.102408,12.228791,4.000625,4.000625,68.904982
6.824424,0.899398,12.797620,6.334879,6.334879,87.460977
7.574182,0.765270,16.206276,9.976285,9.976285,85.351679
8.149556,0.866443,16.549511,10.594813,10.594813,96.447426
7.457218,1.191688,17.493411,12.368564,12.368564,99.817364
9.342952,0.818910,19.935385,15.224603,15.224603,114.921411
9.376169,0.881442,16.144522,22.603865,22.603865,145.128533
9.291961,0.893003,18.050414,10.237039,10.237039,147.011538
8.904155,1.131991,19.566873,11.341748,11.341748,145.702427
7.176445,0.826054,17.520222,8.953105,8.953105,111.742071
6.903501,0.886588,18.277589,11.219215,11.219215,120.845611
15.979643,1.788244,43.181259,8.188140,8.188140,131.032931
8.952237,0.896109,19.924680,12.199827,12.199827,147.596149
9.532161,1.073193,48.171542,11.086857,11.086857,164.057073
8.265142,1.190885,23.634673,9.698922,9.698922,99.250345
7.330049,0.783531,21.290187,14.026306,14.026306,156.857590
9.503529,0.968248,22.844756,9.403972,9.403972,143.067265
7.532212,0.834402,20.384483,15.407357,15.407357,118.398306
9.593447,1.128202,19.999295,28.010820,28.010820,128.116084
11.259198,1.213281,37.564017,13.096066,13.096066,104.829040
8.257476,0.816588,22.383903,6.975314,6.975314,124.645189
9.051233,0.670508,22.871289,11.301646,11.301646,113.344630
9.618270,1.049853,23.031662,7.088586,7.088586,111.532362
8.375907,0.818747,20.966457,11.588117,11.588117,114.086604
8.467373,1.130026,20.958304,13.517164,13.517164,117.587352
24.120444,1.127670,36.618723,14.240541,14.240541,127.866382
7.808381,0.790804,21.581533,8.659295,8.659295,104.223224
7.600158,0.634443,20.965447,7.005841,7.005841,115.442642
7.581008,0.566364,24.055961,9.333613,9.333613,252.277673
7.616499,0.695194,18.990706,12.021526,12.021526,129.814251
9.001310,0.781880,21.337721,12.854712,12.854712,207.467585
9.039825,0.922955,25.490565,15.251111,15.251111,226.484872
12.062715,1.711341,32.909461,11.613673,11.613673,263.087746
8.740094,0.885730,18.892002,10.674747,10.674747,137.342899
7.912988,1.019988,20.380899,10.830544,10.830544,221.592212
6.911165,0.785105,19.107974,13.210782,13.210782,204.706270
7.628060,1.104003,20.602831,21.914414,21.914414,209.104979
8.935974,0.826423,20.735167,10.476428,10.476428,211.258597
8.207614,1.015852,19.497839,13.174024,13.174024,152.041584
7.899626,0.871107,22.257587,13.546997,13.546997,230.924974
9.654038,0.718318,27.929518,22.495510,22.495510,133.453735
9.193536,0.913663,22.129703,11.086564,11.086564,182.173830
7.901190,0.814437,26.359577,15.313746,15.313746,166.392736
7.993804,1.044621,20.819193,13.976196,13.976196,190.382779
6.517565,1.256359,18.739929,9.721112,9.721112,119.849257
9.959671,1.917388,30.330351,9.950968,9.950968,157.494648
6.412739,0.920849,19.789544,10.818655,10.818655,119.417898
7.928787,1.088530,27.075416,10.625384,10.625384,105.687159
6.631696,0.901048,17.250305,9.096645,9.096645,82.977665
6.992980,0.777386,18.835084,11.929053,11.929053,92.758663
7.435169,1.062522,20.539018,12.226533,12.226533,125.504878
7.569581,0.920720,19.257898,11.336742,11.336742,101.701999
7.288633,0.974424,19.891179,12.307422,12.307422,109.762273
7.830158,0.867800,19.646655,11.129522,11.129522,100.845126
7.083995,0.886979,22.169643,8.572067,8.572067,99.304622
7.204747,0.954905,20.394241,10.575619,10.575619,108.737136
7.459193,1.053077,23.053016,8.996856,8.996856,140.474287
7.012235,0.731204,18.355460,12.114607,12.114607,110.540461
6.870704,0.635345,19.663128,16.841931,16.841931,118.534649
7.203185,0.759755,19.094556,4.777924,4.777924,104.975750
7.255196,0.665622,18.570563,11.591830,11.591830,117.055408
6.629611,0.667370,19.532536,14.226330,14.226330,113.678968
8.085509,1.003464,21.033200,12.528790,12.528790,110.093235
6.943429,0.745479,19.321493,13.839450,13.839450,118.636355
7.607440,0.721683,18.828505,13.681114,13.681114,116.799216
7.138482,0.682970,20.235796,7.023461,7.023461,114.579560
7.165265,0.697061,19.104218,7.506722,7.506722,120.653892
7.163364,0.675490,19.849773,5.517650,5.517650,113.125436
7.086568,0.668498,18.955946,7.161952,7.161952,106.564957
6.730704,0.672016,18.126232,8.360078,8.360078,123.256486
7.859383,0.745567,19.204246,10.342940,10.342940,109.359454
6.838017,0.586470,17.700379,10.018461,10.018461,121.222655
6.964096,0.636061,18.345060,14.818001,14.818001,116.380916
7.331047,0.786309,19.307363,12.681504,12.681504,114.364069
6.764130,0.632011,18.509161,6.073593,6.073593,108.039446
6.990426,0.690092,18.914008,12.874177,12.874177,124.820376
6.765519,0.584864,18.235120,8.817892,8.817892,106.449470
6.890571,0.624695,18.267383,12.751167,12.751167,112.718883
6.986051,0.687084,18.787534,4.625819,4.625819,113.910899
6.968290,0.662420,18.824086,13.996636,13.996636,105.371141
7.381572,0.936526,17.814303,11.174704,11.174704,104.254923
7.092669,0.604285,18.478398,8.259758,8.259758,101.000910
7.395218,0.887467,24.711388,8.881151,8.881151,106.753105
6.641759,0.673417,19.374113,6.074668,6.074668,110.437892
6.607106,0.712357,20.054792,8.850743,8.850743,103.286729
6.868859,0.549504,17.973171,7.906835,7.906835,120.198714
6.572019,0.516600,18.734624,14.705932,14.705932,119.531056
7.258225,0.748823,20.676299,8.490981,8.490981,115.348406
7.327759,0.656991,18.486733,13.767398,13.767398,122.041143
6.847168,0.559069,18.983792,11.778566,11.778566,101.855957
7.069436,0.586004,18.395333,12.355797,12.355797,106.837304
7.378760,0.616075,18.056937,11.670146,11.670146,111.072432
7.276203,0.680386,18.034991,14.425996,14.425996,112.771900
7.452224,0.632869,18.929673,13.369640,13.369640,112.141739
7.257573,0.559916,18.138739,12.042978,12.042978,123.988764
7.356103,0.493281,16.672011,7.149348,7.149348,165.895961
8.100432,0.604611,16.237927,7.549853,7.549853,158.288211
7.598836,0.570978,19.329591,8.300392,8.300392,211.496270
7.888413,0.596273,17.881665,10.260206,10.260206,134.032987
8.035979,0.551731,17.695059,11.877889,11.877889,125.528762
7.655711,0.561935,17.817517,5.652830,5.652830,103.552694
7.771547,0.466672,15.850038,12.238204,12.238204,126.484481
8.849028,0.530539,18.160300,11.643190,11.643190,116.393306
7.592592,0.551937,16.825961,8.207757,8.207757,95.561528
7.476282,0.487983,16.197955,9.203904,9.203904,116.896953
7.190070,0.507763,17.956975,13.038854,13.038854,126.640863
8.356507,0.764771,21.398357,14.480667,14.480667,118.471341
7.577069,0.514201,20.245892,12.804959,12.804959,112.283043
9.092694,0.568612,21.596894,9.460717,9.460717,90.587512
7.666708,0.471363,20.084201,9.144891,9.144891,123.140358
8.057768,0.432780,19.305057,5.913736,5.913736,106.449448
7.884418,0.500370,20.667478,7.526599,7.526599,109.951678
8.135183,0.555661,23.371827,11.398351,11.398351,119.442780
8.105958,0.561881,22.306559,14.923543,14.923543,126.990430
7.909930,0.605272,23.267805,15.188509,15.188509,119.074714
9.047728,0.615086,30.724328,14.626054,14.626054,117.591280
9.124448,0.709795,30.120652,11.632106,11.632106,111.463601
9.035742,0.615966,25.816824,10.993516,10.993516,107.489822
8.540508,0.595448,25.253152,15.731522,15.731522,125.132991
9.129062,0.739335,25.936969,9.037273,9.037273,109.794275
7.902677,0.624238,24.820808,11.853343,11.853343,114.231382
8.870968,0.729793,26.742917,9.210461,9.210461,107.653556
8.686740,0.721303,25.578923,5.769881,5.769881,117.604101
8.368721,0.618473,23.706057,9.625828,9.625828,113.332974
8.148981,0.558960,23.701453,9.543321,9.543321,109.490780
8.366093,0.581465,23.442056,9.146226,9.146226,117.268222
9.121462,0.608128,25.374567,9.685580,9.685580,114.799917
8.596438,0.592430,23.255527,7.183143,7.183143,114.616373
8.924011,0.612492,24.802277,9.504304,9.504304,110.299858
8.071653,0.625617,22.286769,7.951301,7.951301,109.863819
8.411851,0.588696,24.089548,5.308192,5.308192,110.551154
8.459695,0.589477,23.229927,8.816578,8.816578,117.834326
10.324301,0.769504,26.841904,5.942624,5.942624,116.626256
8.871348,0.647579,26.372317,5.161287,5.161287,102.124124
8.021801,0.576483,29.554537,7.504746,7.504746,108.495328
8.015473,0.529660,23.521832,8.559375,8.559375,108.142586
8.897598,0.598748,24.845136,9.589687,9.589687,127.211602
9.206698,0.674882,25.059356,7.195617,7.195617,134.370801
8.775283,0.665252,25.072228,6.094339,6.094339,120.487167
8.641405,0.690200,25.643871,9.515052,9.515052,112.873986
9.344926,0.794419,25.933777,7.245544,7.245544,123.722746
9.662397,0.647069,27.783407,8.902983,8.902983,112.167110
9.511035,0.774584,26.905836,14.258193,14.258193,123.386218
9.769168,0.542926,22.968690,13.799927,13.799927,101.573317
9.506472,0.738912,26.573973,10.820556,10.820556,109.192723
9.191717,0.622100,25.536149,12.059837,12.059837,117.829392
8.463407,1.186848,25.101342,7.191057,7.191057,103.649774
9.063730,0.682992,24.999065,16.010850,16.010850,124.347082
10.188123,1.202979,26.292866,19.598964,19.598964,135.161703
13.511771,0.963634,23.722738,18.356513,18.356513,103.467408
12.879823,0.864223,26.375482,15.119866,15.119866,118.378055
8.222944,0.692349,25.350152,15.291321,15.291321,116.984769
8.788179,0.793855,19.646383,14.233735,14.233735,103.141430
8.688652,0.765466,19.459214,12.806544,12.806544,128.455500
8.743029,0.758952,18.610981,12.460830,12.460830,108.056752
8.428679,0.853726,18.393782,13.040462,13.040462,122.233594
8.857735,0.833566,18.927036,9.897741,9.897741,118.589277
8.040072,0.710751,19.136471,10.506390,10.506390,107.938270
8.192579,0.686911,18.627058,10.730754,10.730754,113.389526
8.559755,0.718633,20.468562,12.654265,12.654265,126.750872
8.752397,0.719197,19.444862,8.293704,8.293704,119.587243
8.576791,0.799891,18.237008,6.987701,6.987701,114.093589
8.316720,0.752221,17.409879,9.499527,9.499527,107.364803
8.117932,0.688746,17.258865,8.633979,8.633979,112.021426
8.530991,0.684468,16.528645,4.328557,4.328557,111.881524
8.615948,0.723897,17.080183,4.864057,4.864057,107.826357
8.526840,0.656471,17.278575,4.347729,4.347729,109.377612
8.664093,0.654506,17.526919,5.767635,5.767635,118.209752
8.176045,0.671332,16.166965,10.910249,10.910249,113.295935
8.709537,0.698929,16.931635,5.206448,5.206448,117.450290
8.012064,0.642183,16.116069,3.711549,3.711549,113.335789
8.561362,0.636528,16.405036,8.218439,8.218439,105.929779
8.520217,0.588435,19.220237,6.525436,6.525436,116.973015
8.705362,0.733028,16.551757,4.877019,4.877019,100.384901
8.344923,0.652193,17.820361,5.145134,5.145134,111.009510
8.755959,0.639198,17.208737,7.829582,7.829582,121.444902
8.374214,0.619537,16.997988,5.374946,5.374946,107.586735
8.539378,0.630155,16.495371,9.011610,9.011610,111.918028
8.602973,0.629146,17.905234,9.949037,9.949037,116.147360
8.987271,0.783508,19.627766,7.521529,7.521529,117.960007
8.162096,0.664200,24.167496,5.470372,5.470372,113.503838
8.259279,0.688398,22.179358,8.879979,8.879979,110.230854
8.034915,0.643247,21.341341,7.685566,7.685566,116.731917
7.895100,0.651292,21.808524,8.488962,8.488962,112.837629
9.957993,0.932009,20.111625,9.054534,9.054534,108.391858
7.699755,0.649229,21.226352,9.743628,9.743628,108.964573
7.534394,0.666458,22.108609,9.645368,9.645368,116.470915
7.388954,0.608834,23.375367,9.722958,9.722958,110.443559
7.565171,0.749334,22.859777,12.372017,12.372017,117.296850
7.670498,0.898562,20.212074,10.051486,10.051486,113.847302
8.553091,1.037260,19.232406,9.707021,9.707021,105.041504
9.469109,0.626779,20.288252,6.146753,6.146753,105.204922
7.774152,0.624130,22.566357,12.076360,12.076360,114.036331
8.284422,0.735536,24.952273,6.341142,6.341142,113.224725
8.636389,0.626355,20.627421,8.575682,8.575682,117.044477
8.255479,0.807175,20.319616,11.921432,11.921432,114.369905
10.629238,0.879043,23.308971,20.846432,20.846432,130.376111
10.774472,0.836660,31.800431,9.954628,9.954628,90.855408
9.296940,0.603134,28.949818,20.928079,20.928079,123.906570
12.109384,1.205758,23.023966,14.512368,14.512368,106.663411
8.880685,0.768722,20.630894,12.658683,12.658683,119.115829
9.884952,0.780578,19.503386,11.201410,11.201410,97.553335
9.134023,0.588641,20.327129,10.059498,10.059498,108.108871
7.642076,0.651943,21.324699,6.267050,6.267050,108.940505
7.431348,0.683458,22.975841,5.252174,5.252174,109.666162
7.175708,0.647340,20.952658,8.776770,8.776770,111.040364
7.312625,0.632999,20.369739,6.066634,6.066634,112.882659
7.304438,2.889534,25.978591,9.409433,9.409433,107.273166
8.288561,0.539865,23.328838,12.894575,12.894575,114.262641
8.652011,0.603872,20.331200,9.678686,9.678686,110.498199
9.417585,0.648730,19.885827,9.545416,9.545416,113.391498
7.334217,0.498177,20.202739,10.826201,10.826201,117.268710
8.724715,0.920719,19.847297,8.359101,8.359101,104.400678
7.303886,0.520030,20.207255,13.678173,13.678173,123.913391
9.104225,0.982100,19.321601,6.449377,6.449377,100.505967
8.189453,1.077168,20.148349,7.360163,7.360163,109.764487
8.280535,1.036837,18.609255,12.704942,12.704942,117.182645
8.601281,0.731193,18.623812,11.762596,11.762596,110.435146
9.429605,0.841264,19.755444,12.419263,12.419263,118.139375
9.333982,1.569091,20.856973,16.241978,16.241978,130.436753
8.315461,0.751472,18.201161,17.130172,17.130172,117.847603
8.340744,0.772739,19.790836,14.011509,14.011509,116.845453
8.784075,0.746902,20.023646,11.656033,11.656033,118.930980
11.366435,1.572771,24.788739,12.779849,12.779849,110.735448
8.977206,0.712933,21.204789,19.454415,19.454415,138.549756
9.739611,1.077808,28.046349,25.953971,25.953971,122.727088
11.365359,1.036348,30.631160,18.431172,18.431172,107.651872
10.608535,0.774792,24.962653,19.158054,19.158054,127.751283
11.266743,0.724071,25.622163,19.199459,19.199459,106.305256
10.558719,0.779622,25.259764,19.905836,19.905836,124.263112
9.336370,0.697506,22.058107,17.056730,17.056730,132.554489
9.852776,1.014277,21.658145,12.267906,12.267906,102.783072
8.775532,0.647253,20.946309,11.748430,11.748430,118.361750
8.262851,0.586915,20.702349,7.269005,7.269005,121.479665
8.795247,0.729000,26.808022,14.572294,14.572294,121.598386
9.146985,0.793301,30.282530,16.817400,16.817400,119.153839
8.900834,0.787699,32.756498,10.931712,10.931712,122.126260
8.252212,0.497558,22.439595,3.825799,3.825799,105.880611
7.920122,0.741268,24.664088,8.662292,8.662292,146.588830
10.365839,1.004246,29.404831,16.842896,16.842896,160.743502
8.068222,0.740561,20.298773,14.753081,14.753081,109.355047
8.337476,0.751223,17.860181,13.082734,13.082734,119.828554
8.007776,0.565495,18.434237,6.649978,6.649978,115.339385
8.236004,0.628852,17.406634,14.115098,14.115098,127.105194
8.401385,0.646689,20.365856,14.024634,14.024634,124.162063
8.918540,0.711511,22.319414,18.978067,18.978067,141.083489
9.120400,0.769634,26.366210,9.931862,9.931862,86.924295
8.798106,0.627669,18.881027,15.395438,15.395438,120.505090
8.635748,0.611884,17.640117,10.961240,10.961240,117.266771
9.085964,0.705702,21.936499,10.321868,10.321868,130.934098
9.760715,0.680115,23.623234,10.428626,10.428626,113.961683
10.565274,0.728349,19.012451,14.248520,14.248520,118.008948
10.247168,0.582008,18.497147,9.961521,9.961521,107.261240
8.171106,0.595307,18.197090,4.145327,4.145327,114.612045
7.974209,0.622371,18.060492,9.499689,9.499689,111.025787
7.967510,0.649968,18.060759,8.621223,8.621223,114.521187
7.939577,0.560698,19.541177,13.488612,13.488612,120.744697
9.027209,0.685641,23.256883,11.919174,11.919174,115.695092
8.474484,0.702772,24.851009,6.185248,6.185248,109.393329
7.807490,0.633955,24.240464,8.883583,8.883583,110.060775
7.473046,0.601136,22.325048,9.891858,9.891858,111.553642
7.241865,0.608790,21.417436,13.126593,13.126593,121.580076
8.258947,0.695205,24.369137,12.511951,12.511951,117.876138
8.088267,0.642921,24.174596,9.262691,9.262691,108.586222
6.993074,0.621318,23.626319,8.508819,8.508819,109.821329
7.579078,0.637103,25.096302,11.200857,11.200857,113.905039
7.776583,0.578013,24.774053,11.023447,11.023447,105.038545
7.190667,0.671604,24.555949,11.579237,11.579237,120.437315
7.094102,0.679355,25.279566,11.255875,11.255875,109.513242
7.609757,0.765097,24.869291,12.587706,12.587706,118.537174
7.910342,0.846213,24.427305,7.514733,7.514733,114.027949
7.240985,0.820387,23.762714,8.419864,8.419864,114.188750
7.292009,0.806242,23.541079,10.365738,10.365738,110.108694
7.899204,0.815198,22.320997,11.406385,11.406385,120.742698
7.516774,0.767083,22.151838,7.675327,7.675327,117.852466
7.058005,0.786082,22.338401,11.529885,11.529885,107.082110
7.682963,0.765997,21.374323,10.643937,10.643937,112.562353
7.377327,0.766204,21.460813,6.769688,6.769688,133.985993
8.051829,0.802931,21.763210,10.983571,10.983571,117.402870
7.594407,0.696562,20.070815,8.065204,8.065204,109.768122
6.561359,0.713638,20.639221,7.437015,7.437015,101.654500
7.079794,0.816533,18.596303,11.704700,11.704700,105.298555
7.569068,0.945689,17.650245,15.294716,15.294716,97.630936
7.492250,0.960550,18.151712,17.101794,17.101794,107.411214
8.274698,1.032907,17.548556,16.270149,16.270149,108.925386
7.996419,1.200199,19.244631,14.315210,14.315210,106.495487
7.896880,1.046867,17.408708,7.814449,7.814449,123.269253
6.945785,0.759995,17.759588,10.925166,10.925166,133.023607
7.784107,1.150348,19.905584,14.582769,14.582769,130.396801
7.566354,0.854334,19.954688,9.852785,9.852785,109.916092
7.511965,0.718894,18.893196,8.598815,8.598815,111.688812
7.009836,0.691080,17.681153,8.433412,8.433412,111.484280
7.075884,0.754946,17.668626,7.374147,7.374147,119.302716
8.348834,1.044002,22.117413,8.311063,8.311063,127.720409
8.003812,0.848494,25.550653,9.529631,9.529631,93.407736
7.168108,0.667543,18.569542,7.905283,7.905283,113.830379
7.147513,0.688920,18.712051,12.921848,12.921848,122.218878
7.331276,0.781543,19.807413,12.585534,12.585534,113.988747
7.265607,0.821223,19.926993,8.596591,8.596591,121.703137
8.053230,1.059961,30.762606,6.594503,6.594503,102.801222
7.183122,0.755511,24.320752,8.405359,8.405359,109.468503
6.659781,0.741756,20.886914,8.532365,8.532365,109.314337
6.590822,0.793649,26.896575,9.748621,9.748621,115.796554
6.492965,0.785169,19.640762,9.018785,9.018785,122.569076
6.586338,0.832209,19.986953,9.626490,9.626490,120.312488
6.460385,0.892385,19.564551,9.401691,9.401691,112.823341
7.319193,0.986681,19.142584,7.167392,7.167392,126.203448
5.775353,0.750572,18.204179,8.721881,8.721881,114.466623
6.134084,0.703412,19.221822,10.373869,10.373869,114.476177
7.840808,1.242517,24.116982,12.559110,12.559110,127.436454
6.112826,0.735764,20.413011,11.887095,11.887095,114.846121
6.160725,0.750267,18.071572,9.511806,9.511806,115.381046
6.135267,0.664243,18.997567,16.436074,16.436074,146.924612
9.562612,0.875385,23.545916,7.222302,7.222302,105.767692
6.847941,0.690026,19.775822,10.093825,10.093825,111.975144
5.479046,0.474272,19.829537,13.949177,13.949177,117.739648
5.861746,0.721651,17.362732,14.745449,14.745449,108.740829
6.759786,0.797003,20.622513,6.130554,6.130554,134.085866
6.669252,0.598531,16.667603,13.117648,13.117648,117.860917
5.979459,0.683198,19.194162,13.396216,13.396216,144.492436
9.084773,0.840405,24.588128,15.896393,15.896393,148.029444
6.459909,0.585145,24.822967,7.738445,7.738445,143.772978
7.841296,0.840666,31.097291,8.837161,8.837161,142.684770
6.167596,0.572965,25.783919,15.461943,15.461943,152.264382
9.125851,1.147884,31.098865,10.739557,10.739557,147.861009
7.314503,0.603688,30.048338,15.033343,15.033343,157.494565
7.702341,0.965370,25.388496,8.387111,8.387111,149.647570
6.635442,0.577231,23.913940,10.879992,10.879992,118.442909
7.315762,0.621969,22.843255,17.251608,17.251608,126.817665
6.976910,0.650771,24.217434,10.319198,10.319198,124.905207
7.965882,0.757714,24.028627,9.648561,9.648561,108.887043
8.725042,0.529399,23.873914,16.028979,16.028979,127.815737
