#Image Rect[ms], Image Resize[ms], ORB ext[ms], Stereo match[ms], IMU preint[ms], Pose pred[ms], LM track[ms], KF dec[ms], Total[ms]
0.000000,0.000000,35.480192,0.000000,0.000000,7.639372,2.208310,0.548484,41.009179
0.000000,0.000000,27.436061,0.000000,0.000000,1.774337,1.793042,0.497048,38.914770
0.000000,0.000000,26.461614,0.000000,0.000000,1.837980,2.004400,0.428154,31.746150
0.000000,0.000000,23.638027,0.000000,0.000000,2.168327,2.257879,0.657100,28.927767
0.000000,0.000000,25.380756,0.000000,0.000000,2.209613,3.037275,0.082018,31.604142
0.000000,0.000000,22.987390,0.000000,0.000000,1.224148,2.188368,0.488993,29.568714
0.000000,0.000000,24.198696,0.000000,0.000000,2.310782,2.964505,0.078088,29.298081
0.000000,0.000000,25.709954,0.000000,0.000000,1.364040,2.292555,0.554846,32.642288
0.000000,0.000000,23.068595,0.000000,0.000000,2.055488,2.865812,0.065777,28.365627
0.000000,0.000000,24.604390,0.000000,0.000000,1.378403,2.358538,0.535088,30.829361
0.000000,0.000000,25.518279,0.000000,0.000000,2.300028,2.664192,0.050601,30.888536
0.000000,0.000000,25.435336,0.000000,0.000000,1.374053,2.254243,0.432769,31.552325
0.000000,0.000000,23.866809,0.000000,0.000000,2.699920,3.119032,0.129297,28.874887
0.000000,0.000000,24.117806,0.000000,0.000000,1.527317,2.420819,0.477290,31.526366
0.000000,0.000000,24.367390,0.000000,0.000000,2.633904,2.774686,0.057939,29.892065
0.000000,0.000000,23.507009,0.000000,0.000000,1.623990,2.800491,0.521453,30.131953
0.000000,0.000000,27.887023,0.000000,0.000000,2.820270,3.324686,0.084591,34.308891
0.000000,0.000000,24.151602,0.000000,0.000000,1.610909,3.312510,0.517447,31.891394
0.000000,0.000000,24.077144,0.000000,0.000000,2.454994,3.400563,0.073007,30.907094
0.000000,0.000000,25.259102,0.000000,0.000000,1.796516,3.796009,0.520605,32.424104
0.000000,0.000000,24.131436,0.000000,0.000000,2.287755,3.422981,0.057039,31.524092
0.000000,0.000000,24.125200,0.000000,0.000000,1.475055,2.571156,0.431803,31.112944
0.000000,0.000000,23.175918,0.000000,0.000000,1.965850,2.831692,0.046367,28.782774
0.000000,0.000000,23.178622,0.000000,0.000000,1.383994,2.476707,0.414411,29.093629
0.000000,0.000000,22.368570,0.000000,0.000000,1.876167,2.876267,0.055301,27.631101
0.000000,0.000000,26.407311,0.000000,0.000000,1.258736,2.212360,0.376056,32.364462
0.000000,0.000000,23.633928,0.000000,0.000000,1.800142,2.926346,0.051187,28.471236
0.000000,0.000000,23.850681,0.000000,0.000000,1.282185,2.362934,0.475998,29.714533
0.000000,0.000000,23.976351,0.000000,0.000000,1.755968,4.238114,0.137287,29.219787
0.000000,0.000000,23.774016,0.000000,0.000000,1.198115,2.365822,0.381061,31.602513
0.000000,0.000000,22.133948,0.000000,0.000000,1.631405,2.777509,0.047539,27.104037
0.000000,0.000000,23.139810,0.000000,0.000000,1.141732,2.359352,0.914239,28.638549
0.000000,0.000000,21.925560,0.000000,0.000000,2.289482,3.482994,0.086882,27.325687
0.000000,0.000000,21.661433,0.000000,0.000000,1.102787,2.969348,0.474837,29.260465
0.000000,0.000000,21.874550,0.000000,0.000000,1.652303,3.021793,0.047962,27.656645
0.000000,0.000000,23.892499,0.000000,0.000000,1.618628,2.927931,0.439304,29.861753
0.000000,0.000000,23.948418,0.000000,0.000000,2.091738,3.507659,0.058200,30.245875
0.000000,0.000000,23.627884,0.000000,0.000000,1.392516,3.033127,0.423661,30.556886
0.000000,0.000000,22.750141,0.000000,0.000000,2.607035,3.478825,0.069045,28.728049
0.000000,0.000000,24.818296,0.000000,0.000000,1.402221,2.966948,0.479656,32.675356
0.000000,0.000000,23.332040,0.000000,0.000000,2.217255,3.387906,0.064713,29.401247
0.000000,0.000000,22.868570,0.000000,0.000000,1.400180,3.178100,0.495485,29.820923
0.000000,0.000000,22.047196,0.000000,0.000000,2.309663,3.123993,0.049536,28.370230
0.000000,0.000000,22.353501,0.000000,0.000000,1.501034,3.435184,0.498980,29.169012
0.000000,0.000000,23.620966,0.000000,0.000000,2.388957,3.470195,0.051871,30.372285
0.000000,0.000000,22.377460,0.000000,0.000000,1.391941,3.156572,0.507014,29.571884
0.000000,0.000000,23.817841,0.000000,0.000000,2.455244,3.516702,0.052815,30.133081
0.000000,0.000000,22.280766,0.000000,0.000000,1.474480,3.343439,0.514331,29.621757
0.000000,0.000000,21.558203,0.000000,0.000000,2.360395,3.239100,0.053249,28.212415
0.000000,0.000000,22.662131,0.000000,0.000000,1.232833,3.596495,0.623153,29.772635
0.000000,0.000000,22.137400,0.000000,0.000000,2.983667,4.979229,0.121643,29.122973
0.000000,0.000000,24.208629,0.000000,0.000000,1.129732,4.065263,0.733429,33.921772
0.000000,0.000000,22.611910,0.000000,0.000000,2.162481,3.498877,0.051860,30.068411
0.000000,0.000000,22.919937,0.000000,0.000000,1.258019,3.951730,0.668227,30.200009
0.000000,0.000000,23.119315,0.000000,0.000000,2.048356,3.023639,0.727958,30.621032
0.000000,0.000000,22.950633,0.000000,0.000000,2.481310,3.774731,0.556833,30.457137
0.000000,0.000000,23.430397,0.000000,0.000000,2.441391,3.620216,0.557831,31.762934
0.000000,0.000000,22.371902,0.000000,0.000000,2.375854,3.576356,0.627354,30.556155
0.000000,0.000000,21.860286,0.000000,0.000000,2.183874,3.566402,0.596273,30.016139
0.000000,0.000000,23.046340,0.000000,0.000000,2.214999,3.860440,0.644030,30.975517
0.000000,0.000000,21.741509,0.000000,0.000000,2.485207,3.637781,0.567840,29.991474
0.000000,0.000000,20.880661,0.000000,0.000000,2.208810,3.573405,0.582421,29.040791
0.000000,0.000000,21.939231,0.000000,0.000000,2.598415,3.681326,0.597435,29.835483
0.000000,0.000000,22.939195,0.000000,0.000000,2.379751,3.764114,0.608552,31.492913
0.000000,0.000000,22.340735,0.000000,0.000000,2.481527,3.549998,0.544587,30.608320
0.000000,0.000000,22.603713,0.000000,0.000000,2.318674,4.615115,0.622957,30.805281
0.000000,0.000000,24.466974,0.000000,0.000000,2.519491,3.627088,0.575560,33.714464
0.000000,0.000000,21.501208,0.000000,0.000000,2.384256,4.478263,0.777961,29.666604
0.000000,0.000000,21.742020,0.000000,0.000000,2.671433,4.125834,0.523418,31.012916
0.000000,0.000000,22.654343,0.000000,0.000000,2.426780,6.289673,0.534165,31.591299
0.000000,0.000000,23.913799,0.000000,0.000000,2.338834,3.511773,0.578849,34.773622
0.000000,0.000000,22.761610,0.000000,0.000000,2.124751,4.255115,0.120612,30.645766
0.000000,0.000000,23.008061,0.000000,0.000000,1.023603,3.196175,0.631317,31.145426
0.000000,0.000000,22.833234,0.000000,0.000000,1.869230,3.450501,0.064279,29.098405
0.000000,0.000000,23.458156,0.000000,0.000000,1.108671,3.121029,0.622045,30.187470
0.000000,0.000000,21.622189,0.000000,0.000000,1.944203,3.791635,0.052533,28.019511
0.000000,0.000000,23.413125,0.000000,0.000000,1.099564,3.288420,0.657328,31.604554
0.000000,0.000000,22.751031,0.000000,0.000000,2.711948,3.659385,0.067287,29.132157
0.000000,0.000000,23.048556,0.000000,0.000000,1.330441,2.902256,0.638275,30.924147
0.000000,0.000000,23.617872,0.000000,0.000000,2.494196,3.572492,0.071878,29.699150
0.000000,0.000000,21.268974,0.000000,0.000000,0.994357,3.978327,0.564465,28.795616
0.000000,0.000000,22.466470,0.000000,0.000000,2.128333,3.417901,0.100528,29.331421
0.000000,0.000000,23.661556,0.000000,0.000000,0.887141,2.278615,0.815382,30.855795
0.000000,0.000000,22.941328,0.000000,0.000000,2.263546,5.103076,0.123391,28.372032
0.000000,0.000000,27.805028,0.000000,0.000000,0.878391,2.467783,0.949737,36.974387
0.000000,0.000000,23.157399,0.000000,0.000000,2.187413,2.806788,0.059742,28.999886
0.000000,0.000000,23.855024,0.000000,0.000000,0.776962,2.502534,0.655352,31.382796
0.000000,0.000000,23.039642,0.000000,0.000000,1.839203,2.671900,0.051643,28.262157
0.000000,0.000000,22.852786,0.000000,0.000000,0.721209,2.286529,0.571358,28.767988
0.000000,0.000000,23.501739,0.000000,0.000000,1.762623,2.756144,0.057429,28.377633
0.000000,0.000000,22.534625,0.000000,0.000000,0.831927,2.304029,0.595198,28.419498
0.000000,0.000000,22.462508,0.000000,0.000000,1.896631,3.641526,0.108735,27.386947
0.000000,0.000000,21.799959,0.000000,0.000000,0.872956,3.105689,0.639144,28.813236
0.000000,0.000000,21.928730,0.000000,0.000000,2.056379,3.321934,0.065506,27.730674
0.000000,0.000000,22.145281,0.000000,0.000000,0.762274,2.664409,0.826977,28.959587
0.000000,0.000000,22.454963,0.000000,0.000000,2.169381,2.374834,0.074799,28.203479
0.000000,0.000000,22.192092,0.000000,0.000000,0.791011,1.681973,0.590324,28.189280
0.000000,0.000000,22.630670,0.000000,0.000000,1.824807,2.028403,0.050470,26.874299
0.000000,0.000000,22.073565,0.000000,0.000000,0.712282,1.285518,0.510477,27.225125
0.000000,0.000000,22.119789,0.000000,0.000000,1.243906,1.791729,0.464577,25.794178
0.000000,0.000000,21.670119,0.000000,0.000000,1.532907,2.154845,0.437567,26.305286
0.000000,0.000000,22.100141,0.000000,0.000000,1.724442,2.188367,0.473728,27.458510
0.000000,0.000000,22.508897,0.000000,0.000000,1.894807,2.833222,0.499458,28.421166
0.000000,0.000000,21.654086,0.000000,0.000000,1.715877,3.113614,0.425061,28.042549
0.000000,0.000000,21.910516,0.000000,0.000000,2.000633,3.086746,0.470863,28.411569
0.000000,0.000000,21.835273,0.000000,0.000000,2.357691,2.780093,0.472068,28.821834
0.000000,0.000000,22.341733,0.000000,0.000000,2.517569,2.954138,0.491533,29.360732
0.000000,0.000000,22.175515,0.000000,0.000000,2.062360,2.691940,0.484705,29.437942
0.000000,0.000000,22.443185,0.000000,0.000000,1.725604,2.761844,0.631990,28.995033
0.000000,0.000000,22.688088,0.000000,0.000000,2.131308,2.622516,0.563694,29.399945
0.000000,0.000000,22.210504,0.000000,0.000000,2.175439,2.793348,0.583430,28.920625
0.000000,0.000000,21.838932,0.000000,0.000000,2.186295,3.083900,0.546128,28.808286
0.000000,0.000000,23.446541,0.000000,0.000000,2.057052,3.184245,0.599943,30.739820
0.000000,0.000000,23.637781,0.000000,0.000000,1.991535,3.122299,0.555943,31.116743
0.000000,0.000000,22.611791,0.000000,0.000000,1.865843,2.958926,0.499187,29.666778
0.000000,0.000000,22.904269,0.000000,0.000000,1.866668,2.979422,0.511236,29.756279
0.000000,0.000000,23.118326,0.000000,0.000000,1.790154,3.111867,0.511346,29.898567
0.000000,0.000000,22.396111,0.000000,0.000000,1.873454,3.240284,0.540592,29.341832
0.000000,0.000000,23.321119,0.000000,0.000000,2.801501,4.980793,0.188495,30.337719
0.000000,0.000000,25.736772,0.000000,0.000000,1.045250,2.977023,0.559297,36.394877
0.000000,0.000000,22.912885,0.000000,0.000000,1.714802,3.557403,0.089302,28.962833
0.000000,0.000000,22.514483,0.000000,0.000000,0.996977,3.904234,0.678855,29.997488
0.000000,0.000000,23.220012,0.000000,0.000000,1.687597,5.564760,0.170647,30.245888
0.000000,0.000000,23.062944,0.000000,0.000000,0.923227,3.483070,0.583431,32.085990
0.000000,0.000000,23.693180,0.000000,0.000000,1.687075,3.526972,0.082919,30.074848
0.000000,0.000000,24.203273,0.000000,0.000000,1.005940,3.559932,0.703325,30.965340
0.000000,0.000000,27.011829,0.000000,0.000000,2.276237,3.163172,0.091028,33.707293
0.000000,0.000000,23.767633,0.000000,0.000000,1.599786,4.654523,0.867340,30.811395
0.000000,0.000000,24.962360,0.000000,0.000000,3.058986,3.948027,0.180027,33.934285
0.000000,0.000000,27.112736,0.000000,0.000000,0.961929,3.071753,0.740127,36.362853
0.000000,0.000000,23.707402,0.000000,0.000000,1.888901,4.569748,0.085525,30.283416
0.000000,0.000000,23.911151,0.000000,0.000000,0.975173,4.109973,0.689799,31.989350
0.000000,0.000000,23.554999,0.000000,0.000000,2.168490,5.085772,0.086404,30.799061
0.000000,0.000000,24.711616,0.000000,0.000000,1.134584,2.818274,0.693783,33.460854
0.000000,0.000000,23.258546,0.000000,0.000000,2.013377,3.302696,0.055735,29.274178
0.000000,0.000000,23.249794,0.000000,0.000000,0.904771,3.623027,0.738944,29.893312
0.000000,0.000000,28.062893,0.000000,0.000000,2.345817,4.286185,0.082756,34.954126
0.000000,0.000000,25.907918,0.000000,0.000000,1.086275,4.855600,1.202382,34.603939
0.000000,0.000000,26.955180,0.000000,0.000000,2.951283,7.199633,0.192458,36.024729
0.000000,0.000000,26.002263,0.000000,0.000000,0.821527,3.270019,0.690374,38.633255
0.000000,0.000000,25.904763,0.000000,0.000000,2.354573,3.895126,0.085785,32.385211
0.000000,0.000000,27.987566,0.000000,0.000000,0.737403,4.018115,0.722747,36.575721
0.000000,0.000000,24.698242,0.000000,0.000000,2.396578,4.629087,1.085200,31.585469
0.000000,0.000000,26.176101,0.000000,0.000000,1.836879,3.564698,0.700134,36.032676
0.000000,0.000000,31.309668,0.000000,0.000000,1.774533,3.112236,0.723300,39.095121
0.000000,0.000000,25.527845,0.000000,0.000000,1.621363,3.379384,0.493563,32.558417
0.000000,0.000000,24.238983,0.000000,0.000000,1.649654,3.386624,0.612883,31.080191
0.000000,0.000000,25.601373,0.000000,0.000000,1.724355,3.677981,0.480861,32.847027
0.000000,0.000000,25.245553,0.000000,0.000000,1.715030,3.655107,0.524395,32.530689
0.000000,0.000000,29.334244,0.000000,0.000000,1.489461,3.691453,0.500706,36.614723
0.000000,0.000000,29.517940,0.000000,0.000000,1.901310,5.457225,0.527695,36.818222
0.000000,0.000000,26.315588,0.000000,0.000000,1.552286,3.353333,0.414118,35.884740
0.000000,0.000000,24.979215,0.000000,0.000000,1.640600,3.480400,0.396184,31.572983
0.000000,0.000000,24.915081,0.000000,0.000000,1.538839,3.656020,0.446523,31.675076
0.000000,0.000000,23.878566,0.000000,0.000000,1.759583,3.899653,0.406996,30.814065
0.000000,0.000000,24.357816,0.000000,0.000000,2.111539,2.797342,0.392644,31.879811
0.000000,0.000000,24.734630,0.000000,0.000000,1.464025,3.269883,0.464903,31.775005
0.000000,0.000000,24.050516,0.000000,0.000000,1.685381,4.921389,0.908398,30.829817
0.000000,0.000000,30.120685,0.000000,0.000000,1.844793,3.717888,0.569046,39.871792
0.000000,0.000000,24.263300,0.000000,0.000000,1.633066,3.296508,0.479874,32.229344
0.000000,0.000000,25.046137,0.000000,0.000000,1.369675,3.562201,0.418113,31.862691
0.000000,0.000000,24.588724,0.000000,0.000000,1.269733,3.782721,0.413130,31.361158
0.000000,0.000000,23.628402,0.000000,0.000000,1.288312,3.328946,0.498340,30.446432
0.000000,0.000000,23.769190,0.000000,0.000000,1.320399,3.175494,0.525393,30.271866
0.000000,0.000000,23.251478,0.000000,0.000000,1.394167,3.143534,0.530680,29.767697
0.000000,0.000000,24.102967,0.000000,0.000000,1.461745,2.384995,0.631012,30.638967
0.000000,0.000000,23.912322,0.000000,0.000000,1.256760,2.122754,0.089118,29.932992
0.000000,0.000000,23.096409,0.000000,0.000000,0.424214,1.310270,0.042056,27.945745
0.000000,0.000000,21.882757,0.000000,0.000000,6.974044,0.039907,0.105217,24.859889
0.000000,0.000000,21.843926,0.000000,0.000000,7.483598,0.105532,0.100419,30.097950
0.000000,0.000000,22.044135,0.000000,0.000000,6.829277,0.025110,0.102699,31.012243
0.000000,0.000000,21.421014,0.000000,0.000000,7.273781,0.052761,0.111753,29.759576
0.000000,0.000000,22.646509,0.000000,0.000000,7.396402,0.047419,0.112925,31.597682
0.000000,0.000000,22.472126,0.000000,0.000000,9.041138,0.055692,0.181439,31.645753
0.000000,0.000000,21.982558,0.000000,0.000000,9.305256,0.066353,0.116139,33.266355
0.000000,0.000000,23.851886,0.000000,0.000000,8.010066,0.042925,0.103263,35.190616
0.000000,0.000000,22.606679,0.000000,0.000000,7.747087,0.043131,0.109017,32.403501
0.000000,0.000000,22.326351,0.000000,0.000000,6.486039,0.044488,0.116791,31.857024
0.000000,0.000000,21.992763,0.000000,0.000000,7.638330,0.043446,0.097151,30.271746
0.000000,0.000000,22.495673,0.000000,0.000000,8.777074,0.040103,0.102526,31.828439
0.000000,0.000000,21.976447,0.000000,0.000000,7.848939,0.042361,0.100908,32.411588
0.000000,0.000000,21.623112,0.000000,0.000000,7.812333,0.044315,0.108637,31.145631
0.000000,0.000000,21.923251,0.000000,0.000000,9.339443,0.042719,0.104078,31.412421
0.000000,0.000000,21.516461,0.000000,0.000000,7.406976,0.045292,0.121361,32.545248
0.000000,0.000000,21.846835,0.000000,0.000000,6.680570,0.045183,0.110451,30.961751
0.000000,0.000000,22.039803,0.000000,0.000000,8.545675,0.042730,0.110743,30.650669
0.000000,0.000000,22.934283,0.000000,0.000000,7.124499,0.218827,0.228315,33.402090
0.000000,0.000000,21.960433,0.000000,0.000000,12.501400,0.040179,0.105739,31.230017
0.000000,0.000000,22.143424,0.000000,0.000000,8.839496,0.039864,0.121686,37.454119
0.000000,0.000000,22.101400,0.000000,0.000000,8.636480,0.045455,0.108496,32.936806
0.000000,0.000000,21.739897,0.000000,0.000000,9.591099,0.047963,0.144419,32.387042
0.000000,0.000000,21.209667,0.000000,0.000000,9.681716,0.048364,0.115737,32.918622
0.000000,0.000000,22.864064,0.000000,0.000000,9.579483,0.053423,0.100051,34.525124
0.000000,0.000000,21.993435,0.000000,0.000000,10.866119,0.040114,0.105803,33.334413
0.000000,0.000000,22.050865,0.000000,0.000000,8.907792,0.043154,0.104436,34.621103
0.000000,0.000000,22.311607,0.000000,0.000000,9.845892,0.043674,0.106205,33.143681
0.000000,0.000000,22.485469,0.000000,0.000000,8.339137,0.043425,0.736328,34.194381
0.000000,0.000000,22.524952,0.000000,0.000000,6.563932,2.140623,0.701676,32.359770
0.000000,0.000000,22.848291,0.000000,0.000000,2.146246,2.698291,0.925257,25.012080
0.000000,0.000000,21.767281,0.000000,0.000000,2.238253,2.791317,0.754784,32.613338
0.000000,0.000000,21.251246,0.000000,0.000000,2.013205,2.364759,0.938100,28.289993
0.000000,0.000000,24.353096,0.000000,0.000000,2.113558,2.858604,0.693403,32.151489
0.000000,0.000000,21.374137,0.000000,0.000000,2.020717,2.507549,0.721129,28.203578
0.000000,0.000000,22.643870,0.000000,0.000000,1.989234,2.668578,0.711891,30.341173
0.000000,0.000000,21.912254,0.000000,0.000000,1.917833,2.907935,0.645452,29.057445
0.000000,0.000000,22.057285,0.000000,0.000000,1.827119,2.577984,0.678171,29.401398
0.000000,0.000000,21.954907,0.000000,0.000000,2.248305,2.910074,0.486778,29.141417
0.000000,0.000000,23.081296,0.000000,0.000000,1.939860,2.934369,0.886001,29.702244
0.000000,0.000000,21.511804,0.000000,0.000000,1.791717,2.709353,0.809694,29.008591
0.000000,0.000000,22.056543,0.000000,0.000000,1.752787,2.691637,0.668173,29.039814
0.000000,0.000000,21.323842,0.000000,0.000000,1.827782,3.438647,0.528694,28.202145
0.000000,0.000000,21.530607,0.000000,0.000000,1.841547,2.960739,0.549537,29.073067
0.000000,0.000000,21.281556,0.000000,0.000000,1.751550,2.989790,0.592972,28.690638
0.000000,0.000000,21.565521,0.000000,0.000000,1.816307,3.532151,0.523874,28.527232
0.000000,0.000000,20.883755,0.000000,0.000000,1.880792,2.944280,0.514841,27.713000
0.000000,0.000000,22.579505,0.000000,0.000000,2.019360,3.187794,0.451691,30.266943
0.000000,0.000000,21.870827,0.000000,0.000000,1.911829,3.135446,0.473567,28.867994
0.000000,0.000000,21.912069,0.000000,0.000000,1.772426,3.053689,0.484455,29.255743
0.000000,0.000000,21.981278,0.000000,0.000000,1.735656,3.162022,0.461136,29.158428
0.000000,0.000000,22.305670,0.000000,0.000000,1.720588,3.200551,0.410069,29.185308
0.000000,0.000000,22.065575,0.000000,0.000000,1.516221,3.044189,0.417917,29.013770
0.000000,0.000000,23.281776,0.000000,0.000000,1.501066,2.983351,0.769819,30.267480
0.000000,0.000000,21.637844,0.000000,0.000000,2.842069,6.248367,0.463437,28.322441
0.000000,0.000000,21.951564,0.000000,0.000000,1.787939,3.681845,0.365331,28.449653
0.000000,0.000000,27.955251,0.000000,0.000000,2.127476,3.612356,0.379769,40.423983
0.000000,0.000000,22.830162,0.000000,0.000000,1.972060,3.666202,0.427993,30.537157
0.000000,0.000000,21.523583,0.000000,0.000000,2.068169,4.066262,0.410655,29.361558
0.000000,0.000000,21.913296,0.000000,0.000000,2.082108,4.836504,0.137460,29.658255
0.000000,0.000000,23.285403,0.000000,0.000000,2.385581,5.816399,0.353866,31.649726
0.000000,0.000000,22.435335,0.000000,0.000000,1.153616,5.327940,0.067710,31.488100
0.000000,0.000000,26.074734,0.000000,0.000000,2.417454,5.256799,0.338744,36.861223
0.000000,0.000000,23.195079,0.000000,0.000000,1.190765,4.407036,0.357960,31.885966
0.000000,0.000000,25.713103,0.000000,0.000000,1.840168,4.034898,0.061891,35.980908
0.000000,0.000000,23.045269,0.000000,0.000000,2.144944,4.935643,0.340047,30.905478
0.000000,0.000000,23.502633,0.000000,0.000000,1.258269,4.613953,0.070760,31.637740
0.000000,0.000000,23.611856,0.000000,0.000000,1.999971,4.436597,0.339091,32.642432
0.000000,0.000000,23.063992,0.000000,0.000000,1.159923,4.422061,0.397193,31.077227
0.000000,0.000000,23.061636,0.000000,0.000000,1.849809,3.718019,0.306197,31.670613
0.000000,0.000000,22.601476,0.000000,0.000000,2.302977,6.886446,0.432204,30.344449
0.000000,0.000000,23.114668,0.000000,0.000000,1.235146,5.080974,0.693370,30.847240
0.000000,0.000000,24.309537,0.000000,0.000000,2.925608,8.844143,0.803278,37.102563
0.000000,0.000000,22.881630,0.000000,0.000000,2.076181,7.302420,0.658370,31.763064
0.000000,0.000000,23.049054,0.000000,0.000000,1.702676,5.862539,0.705410,38.574547
0.000000,0.000000,23.011470,0.000000,0.000000,1.444614,5.535455,0.535826,36.730221
0.000000,0.000000,25.699091,0.000000,0.000000,1.845727,4.873241,0.699081,36.330098
0.000000,0.000000,24.727520,0.000000,0.000000,2.020890,4.534334,0.585102,35.021227
0.000000,0.000000,23.616243,0.000000,0.000000,1.634455,3.202884,0.618528,33.343652
0.000000,0.000000,22.872338,0.000000,0.000000,1.687314,5.532849,0.533167,33.403230
0.000000,0.000000,22.865087,0.000000,0.000000,1.515852,5.088247,0.713367,30.778000
0.000000,0.000000,23.267924,0.000000,0.000000,1.524363,7.315556,0.624748,33.803680
0.000000,0.000000,23.092004,0.000000,0.000000,1.626824,6.641911,1.116878,32.752745
0.000000,0.000000,23.948582,0.000000,0.000000,2.111029,10.295923,0.669389,36.665899
0.000000,0.000000,23.530925,0.000000,0.000000,2.131938,4.880873,0.592430,35.284727
0.000000,0.000000,25.535708,0.000000,0.000000,1.353043,4.269434,0.547399,42.831350
0.000000,0.000000,24.802861,0.000000,0.000000,1.328758,5.819234,0.764358,35.965710
0.000000,0.000000,24.289161,0.000000,0.000000,1.600020,6.628711,1.250518,33.108106
0.000000,0.000000,23.768370,0.000000,0.000000,1.513453,5.895303,0.604947,34.060971
0.000000,0.000000,24.039990,0.000000,0.000000,1.262101,5.068640,0.664113,36.344763
0.000000,0.000000,23.869689,0.000000,0.000000,1.479332,4.459340,0.495224,36.459599
0.000000,0.000000,24.548424,0.000000,0.000000,1.405554,4.568661,0.668389,34.370770
0.000000,0.000000,23.406763,0.000000,0.000000,1.276073,5.818051,0.629895,32.829093
0.000000,0.000000,22.720570,0.000000,0.000000,1.576766,5.600363,0.512529,31.516261
0.000000,0.000000,23.795422,0.000000,0.000000,1.590770,5.068043,0.446046,34.358307
0.000000,0.000000,23.823290,0.000000,0.000000,1.563196,5.576600,0.660911,34.571663
0.000000,0.000000,23.176528,0.000000,0.000000,1.553958,6.993052,0.627343,32.959617
0.000000,0.000000,22.860624,0.000000,0.000000,1.964265,8.452204,0.558667,33.165221
0.000000,0.000000,24.552475,0.000000,0.000000,1.689844,7.425257,0.529410,36.814888
0.000000,0.000000,24.111500,0.000000,0.000000,1.688606,7.028238,0.565366,38.612165
0.000000,0.000000,23.457071,0.000000,0.000000,1.567615,6.366437,0.672385,36.341844
0.000000,0.000000,23.049531,0.000000,0.000000,1.570361,9.464267,0.901048,35.543690
0.000000,0.000000,23.989032,0.000000,0.000000,1.662334,6.863051,0.604675,35.704556
0.000000,0.000000,23.512860,0.000000,0.000000,1.723281,8.625685,0.518923,38.643018
0.000000,0.000000,23.638638,0.000000,0.000000,1.777116,8.449739,0.447425,36.792753
0.000000,0.000000,23.051799,0.000000,0.000000,1.609150,7.764317,0.395022,37.211701
0.000000,0.000000,23.970924,0.000000,0.000000,1.626954,7.939990,0.575494,38.051694
0.000000,0.000000,23.513273,0.000000,0.000000,1.461561,6.771360,0.562424,36.629510
0.000000,0.000000,22.560561,0.000000,0.000000,1.468752,6.410241,0.343737,35.617957
0.000000,0.000000,21.845728,0.000000,0.000000,1.474675,7.253296,0.483955,33.865495
0.000000,0.000000,22.687313,0.000000,0.000000,1.363085,7.481773,0.553924,34.146126
0.000000,0.000000,22.632514,0.000000,0.000000,1.930709,7.365776,0.520714,34.719992
0.000000,0.000000,21.599023,0.000000,0.000000,1.540431,8.287701,0.587273,34.273849
0.000000,0.000000,23.115006,0.000000,0.000000,1.393873,8.244494,0.398767,36.341866
0.000000,0.000000,22.220437,0.000000,0.000000,1.764708,9.385810,0.566147,36.253616
0.000000,0.000000,24.129695,0.000000,0.000000,1.389281,8.436462,0.877490,37.451005
0.000000,0.000000,24.234162,0.000000,0.000000,2.192338,8.989722,0.358090,38.839318
0.000000,0.000000,24.394127,0.000000,0.000000,1.340787,7.224309,0.710370,37.974041
0.000000,0.000000,23.755042,0.000000,0.000000,1.298860,7.033058,0.524275,39.469965
0.000000,0.000000,24.053702,0.000000,0.000000,1.697270,7.951671,0.469571,36.035081
0.000000,0.000000,24.181706,0.000000,0.000000,1.467695,7.371856,0.523504,36.625097
0.000000,0.000000,23.841465,0.000000,0.000000,1.434844,7.306697,0.529551,38.134115
0.000000,0.000000,22.223498,0.000000,0.000000,1.557920,7.542482,0.585382,34.470951
0.000000,0.000000,22.832028,0.000000,0.000000,1.485694,8.781007,0.510955,35.113646
0.000000,0.000000,23.255223,0.000000,0.000000,1.491535,11.194256,0.511769,35.930124
0.000000,0.000000,22.969196,0.000000,0.000000,1.625293,8.910745,0.451702,37.358154
0.000000,0.000000,22.593455,0.000000,0.000000,1.429025,9.463822,0.343661,39.439532
0.000000,0.000000,22.877984,0.000000,0.000000,1.517285,6.618278,0.505483,37.484614
0.000000,0.000000,23.663860,0.000000,0.000000,1.582911,7.382538,0.453124,38.612374
0.000000,0.000000,22.163758,0.000000,0.000000,1.525894,6.314229,0.498177,33.233960
0.000000,0.000000,22.975221,0.000000,0.000000,1.261688,7.117617,0.484433,35.672531
0.000000,0.000000,22.665724,0.000000,0.000000,1.232182,6.780132,0.516068,33.727350
0.000000,0.000000,23.235150,0.000000,0.000000,1.231921,6.812798,0.816772,35.062081
0.000000,0.000000,22.779724,0.000000,0.000000,1.176641,6.711054,0.399668,34.354835
0.000000,0.000000,22.800832,0.000000,0.000000,1.084104,7.779644,0.514949,34.825854
0.000000,0.000000,22.736834,0.000000,0.000000,1.536664,6.006535,0.543448,34.554591
0.000000,0.000000,22.183581,0.000000,0.000000,1.373463,7.216049,0.497330,34.197084
0.000000,0.000000,22.873954,0.000000,0.000000,1.278722,7.492944,0.579077,34.834990
0.000000,0.000000,22.214358,0.000000,0.000000,1.455297,6.040395,0.561707,34.464971
0.000000,0.000000,25.093254,0.000000,0.000000,1.466375,6.008782,0.488830,37.469331
0.000000,0.000000,22.812618,0.000000,0.000000,1.208776,5.602132,0.724707,34.043796
0.000000,0.000000,22.139994,0.000000,0.000000,1.514192,5.351274,0.584342,33.150808
0.000000,0.000000,22.588038,0.000000,0.000000,1.387424,4.828438,0.536901,32.684348
0.000000,0.000000,21.646263,0.000000,0.000000,1.453115,6.147013,0.853976,32.403496
0.000000,0.000000,22.257110,0.000000,0.000000,1.250258,6.165978,0.634574,31.696354
0.000000,0.000000,23.203483,0.000000,0.000000,1.356289,8.004334,0.625835,34.314548
0.000000,0.000000,23.473605,0.000000,0.000000,1.354107,5.792115,0.474163,34.571849
0.000000,0.000000,22.867549,0.000000,0.000000,1.304429,5.065167,0.482576,35.836447
0.000000,0.000000,23.944533,0.000000,0.000000,1.348657,5.157509,0.569806,34.807352
0.000000,0.000000,22.236743,0.000000,0.000000,1.649295,6.105868,0.465001,32.213637
0.000000,0.000000,23.549164,0.000000,0.000000,1.418125,5.590451,0.605479,33.380064
0.000000,0.000000,28.764169,0.000000,0.000000,1.297926,4.667181,0.445296,39.980223
0.000000,0.000000,23.230405,0.000000,0.000000,1.532411,4.873849,1.236415,33.221574
0.000000,0.000000,22.428734,0.000000,0.000000,1.629267,5.775397,0.105912,31.716230
0.000000,0.000000,22.549792,0.000000,0.000000,1.717255,4.852712,0.474153,31.783076
0.000000,0.000000,23.259587,0.000000,0.000000,0.890605,4.947595,0.845530,35.341298
0.000000,0.000000,24.446282,0.000000,0.000000,1.731977,4.920053,0.598965,33.805473
0.000000,0.000000,24.735901,0.000000,0.000000,2.324573,5.412009,0.617659,33.800098
0.000000,0.000000,22.031654,0.000000,0.000000,1.884972,5.814993,0.172070,32.543871
0.000000,0.000000,24.679000,0.000000,0.000000,1.819954,5.776841,0.390473,35.900390
0.000000,0.000000,24.308567,0.000000,0.000000,1.268191,5.113466,0.398051,35.245761
0.000000,0.000000,23.397058,0.000000,0.000000,1.869209,4.995004,0.539474,33.702756
0.000000,0.000000,23.012202,0.000000,0.000000,1.785345,5.567322,0.553522,34.486274
0.000000,0.000000,23.056002,0.000000,0.000000,1.814646,5.707459,0.460951,32.496765
0.000000,0.000000,23.309108,0.000000,0.000000,1.638292,5.897669,0.413597,33.555237
0.000000,0.000000,23.897584,0.000000,0.000000,1.726157,7.204672,0.456240,34.981575
0.000000,0.000000,23.262930,0.000000,0.000000,1.490992,4.936369,0.528955,33.786738
0.000000,0.000000,24.018060,0.000000,0.000000,1.685896,4.978014,0.561827,36.294022
0.000000,0.000000,22.879090,0.000000,0.000000,1.575312,5.535607,0.501694,32.193444
0.000000,0.000000,22.574409,0.000000,0.000000,1.725527,5.183662,0.876829,32.278568
0.000000,0.000000,22.891901,0.000000,0.000000,2.690399,11.445261,0.560220,33.087469
0.000000,0.000000,24.901272,0.000000,0.000000,1.863726,6.716883,0.552783,34.763774
0.000000,0.000000,25.051511,0.000000,0.000000,1.691667,5.487937,0.495724,45.225101
0.000000,0.000000,24.535844,0.000000,0.000000,1.647493,5.492562,0.486300,36.453444
0.000000,0.000000,27.343241,0.000000,0.000000,1.581966,6.132249,0.631306,37.790790
0.000000,0.000000,24.334171,0.000000,0.000000,1.635552,5.125255,1.022670,34.685654
0.000000,0.000000,24.243642,0.000000,0.000000,2.430330,7.416681,0.511356,34.901605
0.000000,0.000000,24.205415,0.000000,0.000000,1.606762,6.617967,0.589293,33.999991
0.000000,0.000000,26.819757,0.000000,0.000000,2.225041,7.771829,0.621004,40.642880
0.000000,0.000000,24.603398,0.000000,0.000000,2.018090,7.113914,0.664178,35.831443
0.000000,0.000000,26.605541,0.000000,0.000000,2.294714,7.617063,0.574843,40.116128
0.000000,0.000000,24.649671,0.000000,0.000000,1.816198,6.027411,0.560187,37.364198
0.000000,0.000000,24.017822,0.000000,0.000000,1.920591,6.045008,0.502595,37.866653
0.000000,0.000000,23.361679,0.000000,0.000000,1.618150,6.570380,0.568926,34.421753
0.000000,0.000000,24.567903,0.000000,0.000000,1.658176,4.835115,0.737794,35.500125
0.000000,0.000000,24.458727,0.000000,0.000000,1.717320,5.551890,0.604947,35.767639
0.000000,0.000000,24.282826,0.000000,0.000000,1.793064,5.057524,0.603905,34.202750
0.000000,0.000000,24.327765,0.000000,0.000000,1.833058,5.759927,0.508968,34.644094
0.000000,0.000000,25.248213,0.000000,0.000000,1.546706,4.784296,0.735829,35.074867
0.000000,0.000000,24.133690,0.000000,0.000000,2.818056,5.525739,0.475455,34.376765
0.000000,0.000000,23.886061,0.000000,0.000000,1.673874,3.602640,0.385523,32.846559
0.000000,0.000000,23.392823,0.000000,0.000000,1.631198,2.894613,0.417484,35.272220
0.000000,0.000000,23.216043,0.000000,0.000000,1.447741,2.873715,0.483858,30.758775
0.000000,0.000000,21.872608,0.000000,0.000000,2.083422,3.929307,0.465794,28.299577
0.000000,0.000000,21.960097,0.000000,0.000000,1.590966,2.741695,0.466629,28.287419
0.000000,0.000000,23.712203,0.000000,0.000000,1.639276,2.787725,0.437046,32.279749
0.000000,0.000000,22.923079,0.000000,0.000000,1.694045,2.880294,0.471937,29.281200
0.000000,0.000000,23.386625,0.000000,0.000000,1.788363,3.196371,0.440900,31.073114
0.000000,0.000000,23.121801,0.000000,0.000000,1.971179,3.049932,0.572802,29.669394
0.000000,0.000000,22.729330,0.000000,0.000000,1.926977,3.212956,0.534969,30.032195
0.000000,0.000000,22.402310,0.000000,0.000000,1.670976,2.846358,0.531245,29.491732
0.000000,0.000000,23.376974,0.000000,0.000000,2.251497,4.792005,1.942487,31.201006
0.000000,0.000000,21.706195,0.000000,0.000000,1.950186,3.241413,0.449422,28.580753
0.000000,0.000000,23.934328,0.000000,0.000000,1.818326,3.226442,0.513777,33.551428
0.000000,0.000000,23.637673,0.000000,0.000000,2.167361,3.637400,0.449823,32.625997
0.000000,0.000000,22.691953,0.000000,0.000000,1.924487,3.859767,0.390679,30.134612
0.000000,0.000000,22.353045,0.000000,0.000000,2.183993,3.743802,0.384666,30.546200
0.000000,0.000000,22.251585,0.000000,0.000000,2.134945,3.355695,0.410992,30.311545
0.000000,0.000000,22.897046,0.000000,0.000000,2.588648,3.407360,0.382418,30.925047
0.000000,0.000000,23.377572,0.000000,0.000000,2.023044,3.610478,0.396607,31.007966
0.000000,0.000000,22.626203,0.000000,0.000000,1.932490,3.959339,0.369467,30.619100
0.000000,0.000000,23.438655,0.000000,0.000000,1.875645,3.682399,0.439662,31.180285
0.000000,0.000000,22.458404,0.000000,0.000000,2.028729,4.341747,0.401612,30.408218
0.000000,0.000000,22.075184,0.000000,0.000000,1.919027,4.169276,0.382602,29.788474
0.000000,0.000000,23.197489,0.000000,0.000000,2.028403,3.880958,0.529150,31.844929
0.000000,0.000000,21.842047,0.000000,0.000000,1.786822,4.099590,0.535164,30.094053
0.000000,0.000000,22.452434,0.000000,0.000000,1.850591,3.869852,0.395641,30.576412
0.000000,0.000000,22.559410,0.000000,0.000000,2.090782,4.008801,0.360543,31.248256
0.000000,0.000000,22.317720,0.000000,0.000000,1.961681,7.710795,0.522582,30.526062
0.000000,0.000000,22.586659,0.000000,0.000000,1.892463,4.994776,0.447273,30.977059
0.000000,0.000000,23.339618,0.000000,0.000000,1.733681,4.697806,0.496397,35.206031
0.000000,0.000000,23.243237,0.000000,0.000000,1.679639,4.261769,0.458085,32.984750
0.000000,0.000000,22.812726,0.000000,0.000000,1.546738,4.754116,0.445666,31.729399
0.000000,0.000000,22.967275,0.000000,0.000000,1.807936,4.206502,0.470830,31.914505
0.000000,0.000000,22.583684,0.000000,0.000000,1.388098,4.294099,0.491001,31.375098
0.000000,0.000000,22.350082,0.000000,0.000000,1.742909,5.616050,0.561175,31.031838
0.000000,0.000000,23.185331,0.000000,0.000000,1.552763,4.742773,0.453395,31.388147
0.000000,0.000000,23.962434,0.000000,0.000000,1.659869,4.294631,0.557592,34.156373
0.000000,0.000000,22.818333,0.000000,0.000000,2.021433,5.175628,0.595773,31.884038
0.000000,0.000000,22.754712,0.000000,0.000000,1.659740,4.046949,0.506959,31.198219
0.000000,0.000000,24.127393,0.000000,0.000000,1.731857,3.653576,0.432660,34.859428
0.000000,0.000000,23.686178,0.000000,0.000000,1.428613,3.354055,0.117430,32.321461
0.000000,0.000000,24.092632,0.000000,0.000000,1.521411,3.848445,0.530561,32.216645
0.000000,0.000000,23.507317,0.000000,0.000000,0.760515,5.617582,0.490730,30.527672
0.000000,0.000000,25.520452,0.000000,0.000000,1.522475,3.730916,0.599856,33.214606
0.000000,0.000000,23.714028,0.000000,0.000000,2.706173,8.778702,0.417495,32.948297
0.000000,0.000000,23.696416,0.000000,0.000000,1.925845,3.211244,0.354855,31.261294
0.000000,0.000000,28.103907,0.000000,0.000000,1.804637,3.594009,0.360315,42.366997
0.000000,0.000000,25.761792,0.000000,0.000000,1.815286,3.345848,0.354930,33.180134
0.000000,0.000000,26.892232,0.000000,0.000000,1.769311,3.115937,0.354268,34.253449
0.000000,0.000000,23.638010,0.000000,0.000000,1.609281,2.989095,0.384829,30.976339
0.000000,0.000000,22.797032,0.000000,0.000000,1.699636,3.671956,0.094448,29.574701
0.000000,0.000000,23.689306,0.000000,0.000000,1.792804,3.794608,0.349263,30.273343
0.000000,0.000000,24.625205,0.000000,0.000000,0.784291,3.135273,0.579598,32.196965
0.000000,0.000000,24.680505,0.000000,0.000000,1.828633,4.128739,0.685206,32.454798
0.000000,0.000000,23.742458,0.000000,0.000000,1.824047,4.838740,0.408647,29.647390
0.000000,0.000000,36.718040,0.000000,0.000000,1.809359,4.014326,0.362323,45.322949
0.000000,0.000000,24.450581,0.000000,0.000000,1.715084,3.518906,0.402763,34.229817
0.000000,0.000000,24.942146,0.000000,0.000000,1.701959,3.466113,0.413174,32.928915
0.000000,0.000000,26.109820,0.000000,0.000000,1.725669,3.275946,0.356744,33.554585
0.000000,0.000000,23.991713,0.000000,0.000000,1.692975,3.373598,0.364787,31.208620
0.000000,0.000000,23.146802,0.000000,0.000000,1.809391,3.900536,3.514531,30.105094
0.000000,0.000000,23.609476,0.000000,0.000000,1.952648,4.133634,0.468996,30.607169
0.000000,0.000000,24.561493,0.000000,0.000000,1.928755,5.375250,0.117973,32.480035
0.000000,0.000000,25.095754,0.000000,0.000000,1.874604,4.923505,0.349839,37.006851
0.000000,0.000000,28.014565,0.000000,0.000000,0.794137,3.799820,0.376936,37.851556
0.000000,0.000000,25.635769,0.000000,0.000000,1.441770,3.460794,0.595264,34.956029
0.000000,0.000000,26.533068,0.000000,0.000000,2.300349,5.467202,0.068969,33.232006
0.000000,0.000000,23.756201,0.000000,0.000000,2.060928,4.036614,0.342532,30.787261
0.000000,0.000000,23.812935,0.000000,0.000000,0.823448,3.715012,0.401894,34.208787
0.000000,0.000000,24.458758,0.000000,0.000000,1.716159,3.474016,0.477995,32.703068
0.000000,0.000000,24.288388,0.000000,0.000000,1.764338,3.559759,0.466216,30.850974
0.000000,0.000000,22.838652,0.000000,0.000000,1.829920,3.847782,0.052402,30.051117
0.000000,0.000000,25.351443,0.000000,0.000000,1.589490,3.848705,0.343770,32.693066
0.000000,0.000000,23.734967,0.000000,0.000000,0.981437,3.633156,0.627582,31.735728
0.000000,0.000000,26.014558,0.000000,0.000000,1.548150,4.487826,0.536564,33.132728
0.000000,0.000000,23.397221,0.000000,0.000000,1.776443,4.700314,0.489220,30.152514
0.000000,0.000000,24.400012,0.000000,0.000000,1.859214,4.207175,0.515362,33.085254
0.000000,0.000000,28.524951,0.000000,0.000000,1.509686,5.310820,0.715093,37.964444
0.000000,0.000000,24.121408,0.000000,0.000000,1.665928,2.913297,0.543006,32.618799
0.000000,0.000000,23.296225,0.000000,0.000000,1.950239,3.635175,0.478115,32.348100
0.000000,0.000000,23.224022,0.000000,0.000000,1.951053,4.748375,0.515873,31.447509
0.000000,0.000000,24.302476,0.000000,0.000000,1.449347,2.985957,0.569166,32.147827
0.000000,0.000000,25.932573,0.000000,0.000000,1.643564,4.296054,0.644094,35.034082
0.000000,0.000000,23.618794,0.000000,0.000000,1.645626,4.243965,0.428763,30.629249
0.000000,0.000000,25.468093,0.000000,0.000000,2.165092,3.439993,0.701169,34.217658
0.000000,0.000000,29.051427,0.000000,0.000000,1.575913,6.907278,0.618485,38.103544
0.000000,0.000000,24.123388,0.000000,0.000000,2.311499,4.832021,0.365743,32.155612
0.000000,0.000000,24.453620,0.000000,0.000000,1.711881,3.065880,0.433333,36.190253
0.000000,0.000000,25.859514,0.000000,0.000000,1.544925,4.140235,0.457608,35.846852
0.000000,0.000000,23.885779,0.000000,0.000000,1.659674,4.212591,0.347179,30.986448
0.000000,0.000000,24.443340,0.000000,0.000000,2.329400,3.980780,0.325489,32.554031
0.000000,0.000000,24.089126,0.000000,0.000000,1.849190,3.507356,0.338353,32.727653
0.000000,0.000000,25.505037,0.000000,0.000000,1.773121,4.113573,0.301453,34.071631
0.000000,0.000000,25.213039,0.000000,0.000000,1.703316,4.083284,0.417646,33.002009
0.000000,0.000000,24.752485,0.000000,0.000000,1.469344,4.944653,0.376968,32.923954
0.000000,0.000000,26.089629,0.000000,0.000000,1.560427,5.428123,0.050774,34.044622
0.000000,0.000000,27.179073,0.000000,0.000000,1.590966,4.176223,0.292237,36.120541
0.000000,0.000000,28.994084,0.000000,0.000000,0.723670,3.885931,0.372550,38.765354
0.000000,0.000000,24.946479,0.000000,0.000000,1.403709,4.712397,0.398430,32.999916
0.000000,0.000000,23.780909,0.000000,0.000000,2.061058,7.277853,0.128667,30.857142
0.000000,0.000000,25.401776,0.000000,0.000000,1.521556,5.465704,0.368240,34.134524
0.000000,0.000000,26.025097,0.000000,0.000000,0.916203,5.552238,0.097239,38.723687
0.000000,0.000000,24.172518,0.000000,0.000000,1.560482,5.785682,0.313808,34.016851
0.000000,0.000000,24.537310,0.000000,0.000000,0.996267,5.383306,0.237966,33.687292
0.000000,0.000000,24.523334,0.000000,0.000000,1.522648,7.739824,0.313460,34.542994
0.000000,0.000000,23.044430,0.000000,0.000000,0.879271,5.060304,0.459854,32.106628
0.000000,0.000000,24.928190,0.000000,0.000000,1.620973,6.383037,0.164014,37.667599
0.000000,0.000000,22.114504,0.000000,0.000000,1.946678,5.799638,0.403143,30.593348
0.000000,0.000000,23.096581,0.000000,0.000000,0.868197,6.418633,0.640577,34.208788
0.000000,0.000000,24.933920,0.000000,0.000000,1.738555,5.374578,0.136581,36.025955
0.000000,0.000000,23.449787,0.000000,0.000000,2.003358,7.519749,0.428274,33.544240
0.000000,0.000000,23.162569,0.000000,0.000000,0.929252,10.816517,0.677249,33.966700
0.000000,0.000000,23.618610,0.000000,0.000000,1.877014,7.768984,0.844444,36.009722
0.000000,0.000000,24.209838,0.000000,0.000000,2.734335,8.336585,0.470819,39.340918
0.000000,0.000000,23.873164,0.000000,0.000000,1.948794,7.273315,0.751928,37.692715
0.000000,0.000000,24.792646,0.000000,0.000000,2.131884,9.370122,0.861694,41.716194
0.000000,0.000000,25.460852,0.000000,0.000000,2.467578,12.101394,0.227197,37.924233
0.000000,0.000000,24.593784,0.000000,0.000000,2.078450,7.122023,0.898367,40.357027
0.000000,0.000000,23.864697,0.000000,0.000000,1.716408,11.810385,0.609615,43.113181
0.000000,0.000000,24.075295,0.000000,0.000000,2.050463,7.073659,0.540016,36.486632
0.000000,0.000000,23.805183,0.000000,0.000000,2.167579,7.080988,0.163341,42.939441
0.000000,0.000000,22.969658,0.000000,0.000000,2.046113,10.257220,0.621806,36.119487
0.000000,0.000000,22.876224,0.000000,0.000000,1.194848,12.316281,0.641120,35.895613
0.000000,0.000000,23.469453,0.000000,0.000000,2.268410,11.112771,0.457445,39.117822
0.000000,0.000000,23.905158,0.000000,0.000000,1.929883,8.387263,0.517794,42.658668
0.000000,0.000000,26.274030,0.000000,0.000000,2.276086,9.292435,0.144365,44.585946
0.000000,0.000000,23.156682,0.000000,0.000000,1.965991,7.515342,0.147176,36.931007
0.000000,0.000000,24.431126,0.000000,0.000000,1.349873,9.525191,0.320147,40.120016
0.000000,0.000000,24.352245,0.000000,0.000000,1.199657,6.862779,0.154657,37.555339
0.000000,0.000000,24.281138,0.000000,0.000000,1.852968,8.193969,0.105413,39.095501
0.000000,0.000000,22.680499,0.000000,0.000000,1.286712,7.726928,0.319854,33.951096
0.000000,0.000000,23.207791,0.000000,0.000000,1.048236,6.825369,0.161756,36.941449
0.000000,0.000000,23.046795,0.000000,0.000000,1.723302,8.172572,0.213197,35.618119
0.000000,0.000000,22.512403,0.000000,0.000000,1.257867,10.382073,0.348938,33.681875
0.000000,0.000000,23.033214,0.000000,0.000000,1.046455,6.904413,0.531191,37.068130
0.000000,0.000000,24.804675,0.000000,0.000000,1.691027,8.705336,0.517642,40.925216
0.000000,0.000000,24.917024,0.000000,0.000000,1.605600,6.677422,0.838191,36.379189
0.000000,0.000000,23.389785,0.000000,0.000000,2.616100,17.639009,0.860902,38.191457
0.000000,0.000000,22.657578,0.000000,0.000000,1.737404,8.836565,0.634128,34.441945
0.000000,0.000000,24.571789,0.000000,0.000000,1.616728,7.740740,1.225689,52.289326
0.000000,0.000000,24.994821,0.000000,0.000000,1.594375,8.076006,0.557429,40.558528
0.000000,0.000000,23.468053,0.000000,0.000000,1.501718,6.254532,0.550167,37.166323
0.000000,0.000000,24.170156,0.000000,0.000000,1.878426,5.153221,0.592778,42.049595
0.000000,0.000000,23.341161,0.000000,0.000000,1.819965,5.712605,0.590411,34.533875
0.000000,0.000000,25.785971,0.000000,0.000000,1.635520,6.518760,0.545868,37.239667
0.000000,0.000000,24.315040,0.000000,0.000000,1.568824,6.368300,0.546106,35.600945
0.000000,0.000000,24.278015,0.000000,0.000000,1.329572,5.185572,0.525144,35.943601
0.000000,0.000000,24.527948,0.000000,0.000000,1.425551,5.866491,0.510228,35.895186
0.000000,0.000000,26.779220,0.000000,0.000000,1.569493,6.302364,0.669943,36.567368
0.000000,0.000000,27.050051,0.000000,0.000000,1.385992,4.996947,0.489253,37.778776
0.000000,0.000000,23.051176,0.000000,0.000000,1.328194,7.280921,0.422651,34.468438
0.000000,0.000000,23.000148,0.000000,0.000000,1.266465,4.495263,0.522050,33.411059
0.000000,0.000000,24.619620,0.000000,0.000000,1.326022,5.725937,0.489959,37.082850
0.000000,0.000000,23.426564,0.000000,0.000000,1.197703,4.731775,0.474250,32.197906
0.000000,0.000000,23.763300,0.000000,0.000000,1.638896,5.974542,0.454676,34.475609
0.000000,0.000000,26.811800,0.000000,0.000000,1.778082,8.464450,0.452191,35.890001
0.000000,0.000000,22.922657,0.000000,0.000000,1.681973,8.471311,0.353019,33.910114
0.000000,0.000000,24.433037,0.000000,0.000000,1.654323,8.713468,0.456924,38.245727
0.000000,0.000000,22.934534,0.000000,0.000000,1.642522,8.266152,0.452950,36.682738
0.000000,0.000000,24.164228,0.000000,0.000000,1.397782,8.078297,0.475075,38.558090
0.000000,0.000000,23.251944,0.000000,0.000000,1.660803,14.609877,0.510596,36.864718
0.000000,0.000000,22.593586,0.000000,0.000000,1.867373,11.368974,0.503008,35.868299
0.000000,0.000000,27.929819,0.000000,0.000000,1.422717,7.622687,0.518966,49.423069
0.000000,0.000000,24.466355,0.000000,0.000000,1.773132,8.993468,0.462808,42.388611
0.000000,0.000000,23.208422,0.000000,0.000000,1.733268,8.431154,0.769906,36.177145
0.000000,0.000000,24.232449,0.000000,0.000000,1.836119,8.612430,0.594970,39.223902
0.000000,0.000000,23.933286,0.000000,0.000000,1.948263,7.793790,0.547822,38.107604
0.000000,0.000000,24.155968,0.000000,0.000000,1.767889,8.404360,0.480351,39.443267
0.000000,0.000000,23.522403,0.000000,0.000000,1.636823,7.502456,0.587968,37.511439
0.000000,0.000000,22.949579,0.000000,0.000000,1.660785,8.007678,0.575711,37.043410
0.000000,0.000000,27.299098,0.000000,0.000000,1.523651,9.299210,0.553739,40.389030
0.000000,0.000000,24.409620,0.000000,0.000000,1.369381,7.147916,1.049919,38.720965
0.000000,0.000000,24.445604,0.000000,0.000000,1.584289,8.317823,0.539365,39.573910
0.000000,0.000000,23.252188,0.000000,0.000000,1.388684,4.854677,0.507741,35.871420
0.000000,0.000000,25.490163,0.000000,0.000000,1.758226,6.044910,0.521149,41.209017
0.000000,0.000000,22.724423,0.000000,0.000000,1.589034,7.239668,0.543719,32.490273
0.000000,0.000000,23.398057,0.000000,0.000000,1.401917,6.440585,0.493476,34.968488
0.000000,0.000000,22.721622,0.000000,0.000000,1.577895,6.562792,0.498036,35.671238
0.000000,0.000000,23.382304,0.000000,0.000000,1.482166,6.572465,0.545575,35.013325
0.000000,0.000000,22.958535,0.000000,0.000000,1.829670,5.827962,0.579533,34.952795
0.000000,0.000000,22.862980,0.000000,0.000000,1.420514,8.864406,0.607705,34.468716
0.000000,0.000000,23.126153,0.000000,0.000000,1.416259,7.465670,0.614305,34.195596
0.000000,0.000000,24.114138,0.000000,0.000000,1.613481,6.674687,0.472317,38.949747
0.000000,0.000000,27.311485,0.000000,0.000000,1.328161,5.995461,0.443440,40.506382
0.000000,0.000000,24.265289,0.000000,0.000000,1.271069,6.491847,0.479744,36.148030
0.000000,0.000000,23.731264,0.000000,0.000000,1.300456,6.623249,0.395662,34.180899
0.000000,0.000000,23.457399,0.000000,0.000000,1.444115,6.822438,0.419340,34.360039
0.000000,0.000000,23.196588,0.000000,0.000000,1.378674,4.715773,0.472036,34.414673
0.000000,0.000000,23.689272,0.000000,0.000000,1.495339,6.482153,0.460507,35.159447
0.000000,0.000000,22.659145,0.000000,0.000000,1.339538,4.987579,0.594167,31.696235
0.000000,0.000000,22.974565,0.000000,0.000000,1.342198,4.950612,0.484878,34.181518
0.000000,0.000000,22.775034,0.000000,0.000000,1.470148,5.947282,0.359794,32.150770
0.000000,0.000000,22.899988,0.000000,0.000000,1.345802,4.882414,0.617670,32.473837
0.000000,0.000000,23.100881,0.000000,0.000000,1.318162,4.495839,0.583571,33.545619
0.000000,0.000000,23.669428,0.000000,0.000000,1.465665,5.521266,0.393361,32.748520
0.000000,0.000000,23.342028,0.000000,0.000000,1.332112,4.226336,0.433463,32.613534
0.000000,0.000000,23.575847,0.000000,0.000000,1.236969,4.658127,0.485693,34.112245
0.000000,0.000000,23.471771,0.000000,0.000000,1.154083,3.829804,0.447349,31.639413
0.000000,0.000000,23.497955,0.000000,0.000000,1.429243,4.231351,0.441269,32.540808
0.000000,0.000000,23.278118,0.000000,0.000000,1.548073,4.316333,0.470906,31.032479
0.000000,0.000000,22.750281,0.000000,0.000000,1.392429,4.121954,3.792015,31.225045
0.000000,0.000000,23.293350,0.000000,0.000000,1.469041,6.579336,0.581140,32.231962
0.000000,0.000000,22.844090,0.000000,0.000000,1.387967,4.331922,0.537791,31.321707
0.000000,0.000000,23.665846,0.000000,0.000000,1.272415,4.641245,0.500793,38.146936
0.000000,0.000000,24.044735,0.000000,0.000000,1.281306,4.314433,0.435776,33.941108
0.000000,0.000000,24.680774,0.000000,0.000000,1.281164,5.241818,0.599009,33.670551
0.000000,0.000000,23.565230,0.000000,0.000000,1.559657,5.183271,0.568699,32.164100
0.000000,0.000000,24.048201,0.000000,0.000000,1.618009,5.216252,0.456207,33.582871
0.000000,0.000000,24.659430,0.000000,0.000000,1.642934,4.955683,0.469235,35.089789
0.000000,0.000000,25.351574,0.000000,0.000000,1.774315,5.270413,0.404434,35.346282
0.000000,0.000000,24.637165,0.000000,0.000000,1.800429,4.786197,0.405313,34.024939
0.000000,0.000000,24.901826,0.000000,0.000000,1.680941,5.278076,0.425571,35.311531
0.000000,0.000000,23.066028,0.000000,0.000000,1.560449,4.640790,0.385783,32.694422
0.000000,0.000000,23.696743,0.000000,0.000000,1.837888,5.745185,0.460941,33.460649
0.000000,0.000000,24.324269,0.000000,0.000000,1.492208,5.429210,0.359544,33.374570
0.000000,0.000000,23.520232,0.000000,0.000000,1.417398,4.738680,0.474337,33.964188
0.000000,0.000000,23.158598,0.000000,0.000000,1.657084,5.430660,0.409146,33.449054
0.000000,0.000000,23.908556,0.000000,0.000000,1.347952,5.035269,0.584052,33.041819
0.000000,0.000000,22.733028,0.000000,0.000000,1.501826,5.614553,0.533123,33.112058
0.000000,0.000000,23.715458,0.000000,0.000000,1.306872,5.738074,0.569535,33.087284
0.000000,0.000000,25.324119,0.000000,0.000000,1.764925,5.043806,0.561892,36.204199
0.000000,0.000000,24.236834,0.000000,0.000000,1.470376,5.904346,0.609105,34.518371
0.000000,0.000000,23.718149,0.000000,0.000000,1.851535,6.009069,0.658142,33.755114
0.000000,0.000000,23.982855,0.000000,0.000000,1.835251,4.985418,0.632380,34.516450
0.000000,0.000000,23.894570,0.000000,0.000000,1.937028,5.299186,0.562619,34.951380
0.000000,0.000000,23.890064,0.000000,0.000000,1.937450,5.311883,0.082409,34.154779
0.000000,0.000000,24.154963,0.000000,0.000000,1.693893,4.523121,0.481166,34.810923
0.000000,0.000000,24.518441,0.000000,0.000000,0.867459,4.397361,0.660541,34.944149
0.000000,0.000000,23.118972,0.000000,0.000000,1.402026,5.193534,0.533807,31.713434
0.000000,0.000000,23.897591,0.000000,0.000000,1.530161,4.665477,0.483326,32.302950
0.000000,0.000000,26.862699,0.000000,0.000000,1.620418,4.957333,0.624662,36.880296
0.000000,0.000000,24.191553,0.000000,0.000000,1.581217,11.133071,0.880812,33.320822
0.000000,0.000000,22.640310,0.000000,0.000000,2.178576,4.278098,0.729261,32.169680
0.000000,0.000000,24.753114,0.000000,0.000000,2.135627,4.721440,0.616031,40.752787
0.000000,0.000000,24.685029,0.000000,0.000000,1.671616,5.009465,0.653550,37.376694
0.000000,0.000000,24.254324,0.000000,0.000000,1.679478,5.579029,0.711609,36.329875
0.000000,0.000000,24.002507,0.000000,0.000000,1.514213,4.789769,0.822688,34.381122
0.000000,0.000000,25.586716,0.000000,0.000000,2.001078,5.911663,0.722910,36.441393
0.000000,0.000000,24.578914,0.000000,0.000000,1.616391,5.463305,0.764891,35.044637
0.000000,0.000000,24.979708,0.000000,0.000000,1.389346,4.403029,0.690363,37.215761
0.000000,0.000000,25.366414,0.000000,0.000000,1.414077,5.051456,0.984965,36.360397
0.000000,0.000000,23.732241,0.000000,0.000000,1.466728,5.218705,0.577514,33.522213
0.000000,0.000000,23.742154,0.000000,0.000000,1.650360,5.525923,0.559471,34.208680
0.000000,0.000000,23.091827,0.000000,0.000000,2.166178,6.492087,1.236448,34.075550
0.000000,0.000000,23.653827,0.000000,0.000000,1.664723,7.379080,0.616509,34.281067
0.000000,0.000000,24.227357,0.000000,0.000000,1.636931,5.446619,0.548875,37.267775
0.000000,0.000000,25.713289,0.000000,0.000000,1.323102,6.322307,0.584635,40.107034
0.000000,0.000000,24.636446,0.000000,0.000000,1.753569,6.119699,0.629873,35.786007
0.000000,0.000000,24.624524,0.000000,0.000000,1.505670,5.286360,0.568655,35.402778
0.000000,0.000000,23.365071,0.000000,0.000000,1.582824,5.800626,0.609909,35.351597
0.000000,0.000000,22.778443,0.000000,0.000000,1.524429,5.937799,0.531179,33.443810
0.000000,0.000000,22.828967,0.000000,0.000000,1.840570,8.184307,0.744959,34.124652
0.000000,0.000000,23.737475,0.000000,0.000000,1.442878,6.520605,2.397467,35.408680
0.000000,0.000000,26.014392,0.000000,0.000000,2.571447,9.999462,0.602092,40.017423
0.000000,0.000000,22.367614,0.000000,0.000000,1.967815,6.725416,0.681178,34.679987
0.000000,0.000000,23.124720,0.000000,0.000000,1.831136,6.980721,0.508186,43.843094
0.000000,0.000000,26.534223,0.000000,0.000000,1.234614,7.342468,0.543903,39.235147
0.000000,0.000000,24.261586,0.000000,0.000000,1.571826,6.558732,0.496136,37.087812
0.000000,0.000000,23.462726,0.000000,0.000000,1.363661,5.430487,0.557778,35.423814
0.000000,0.000000,27.208385,0.000000,0.000000,1.300336,4.871233,0.829734,38.955272
0.000000,0.000000,23.946684,0.000000,0.000000,1.442052,6.819496,0.577264,33.938211
0.000000,0.000000,23.303326,0.000000,0.000000,1.281359,6.956435,0.554770,33.021648
0.000000,0.000000,23.633255,0.000000,0.000000,1.154072,5.164598,0.573747,36.269501
0.000000,0.000000,23.047621,0.000000,0.000000,1.336911,5.332749,0.760124,34.949636
0.000000,0.000000,22.271483,0.000000,0.000000,1.109030,5.841977,0.570349,32.632195
0.000000,0.000000,22.406537,0.000000,0.000000,0.930869,6.120383,0.486040,35.615384
0.000000,0.000000,23.396298,0.000000,0.000000,0.931098,6.210488,0.458270,34.726256
0.000000,0.000000,22.579250,0.000000,0.000000,1.024048,4.999162,0.485920,33.099926
0.000000,0.000000,22.870167,0.000000,0.000000,0.950975,5.102772,0.769396,32.874337
0.000000,0.000000,22.481131,0.000000,0.000000,1.446568,6.801052,0.660161,33.209453
0.000000,0.000000,22.469879,0.000000,0.000000,1.630439,7.566843,0.852759,32.542226
0.000000,0.000000,24.907037,0.000000,0.000000,1.070111,6.606376,0.651281,37.643254
0.000000,0.000000,23.224195,0.000000,0.000000,1.189648,6.362855,0.528184,36.453618
0.000000,0.000000,23.262836,0.000000,0.000000,1.088251,5.053627,0.695520,35.023714
0.000000,0.000000,23.072977,0.000000,0.000000,1.408496,5.851552,0.651097,34.353989
0.000000,0.000000,23.114045,0.000000,0.000000,1.084093,5.687875,0.519216,32.870617
0.000000,0.000000,23.197869,0.000000,0.000000,1.294333,7.043599,0.549190,34.106707
0.000000,0.000000,22.297538,0.000000,0.000000,1.371379,5.717870,0.540331,32.481978
0.000000,0.000000,22.579406,0.000000,0.000000,1.431055,5.154484,0.553510,33.999980
0.000000,0.000000,22.233888,0.000000,0.000000,1.514659,5.273887,0.418276,34.366352
0.000000,0.000000,23.069101,0.000000,0.000000,1.494834,5.602788,0.644561,33.360185
0.000000,0.000000,23.763680,0.000000,0.000000,1.262557,6.255694,0.618007,34.055868
0.000000,0.000000,22.155602,0.000000,0.000000,1.226612,6.861976,0.608106,32.629448
0.000000,0.000000,22.061418,0.000000,0.000000,1.010163,6.666511,0.660986,33.339234
0.000000,0.000000,23.804618,0.000000,0.000000,1.150924,6.702395,0.639285,36.198379
0.000000,0.000000,22.724357,0.000000,0.000000,1.116575,6.527042,0.553934,34.371684
0.000000,0.000000,22.306175,0.000000,0.000000,1.664440,7.541199,0.694108,33.889519
0.000000,0.000000,24.533644,0.000000,0.000000,1.130319,5.733210,0.626356,36.244012
0.000000,0.000000,23.597494,0.000000,0.000000,1.174286,5.154534,0.604458,37.212733
0.000000,0.000000,22.692245,0.000000,0.000000,1.245839,5.513817,0.514287,34.400897
0.000000,0.000000,22.272363,0.000000,0.000000,1.181191,5.963360,0.613273,31.658758
0.000000,0.000000,22.769965,0.000000,0.000000,1.226146,6.431758,0.507285,33.881997
0.000000,0.000000,23.875044,0.000000,0.000000,1.157785,5.564212,0.595980,34.131080
0.000000,0.000000,24.163075,0.000000,0.000000,1.142162,5.481923,0.748704,36.842291
0.000000,0.000000,24.714406,0.000000,0.000000,1.461821,7.634933,0.535315,35.727781
0.000000,0.000000,22.924432,0.000000,0.000000,1.185924,6.345007,0.608703,33.206241
0.000000,0.000000,26.041417,0.000000,0.000000,1.374582,5.891709,0.532645,39.925532
0.000000,0.000000,23.019084,0.000000,0.000000,1.252885,7.213096,0.452125,33.857270
0.000000,0.000000,24.250632,0.000000,0.000000,1.075853,5.686398,0.524286,35.424566
0.000000,0.000000,23.872861,0.000000,0.000000,1.048170,4.501864,0.591812,35.908066
0.000000,0.000000,21.177148,0.000000,0.000000,1.002043,4.615951,0.781642,30.605568
0.000000,0.000000,22.235886,0.000000,0.000000,1.548638,4.867704,0.961745,32.511463
0.000000,0.000000,22.600778,0.000000,0.000000,1.545115,12.597129,0.451604,31.623917
0.000000,0.000000,21.943791,0.000000,0.000000,1.157524,5.769339,0.683578,36.128477
0.000000,0.000000,21.879443,0.000000,0.000000,1.637854,4.568010,0.554390,39.860338
0.000000,0.000000,21.546073,0.000000,0.000000,1.222748,9.259961,0.602374,32.211288
0.000000,0.000000,22.235369,0.000000,0.000000,1.167056,6.092407,0.522071,34.177428
0.000000,0.000000,22.157983,0.000000,0.000000,1.050548,5.820308,0.556908,36.023303
0.000000,0.000000,24.615832,0.000000,0.000000,1.308804,5.643368,0.782119,36.331693
0.000000,0.000000,23.849042,0.000000,0.000000,1.036544,6.983608,0.618723,33.826728
0.000000,0.000000,22.826503,0.000000,0.000000,1.418419,5.769610,1.673157,32.766554
0.000000,0.000000,23.047196,0.000000,0.000000,2.397804,7.075501,0.552436,34.732389
0.000000,0.000000,24.326516,0.000000,0.000000,1.409104,5.172589,0.581063,34.958559
0.000000,0.000000,25.262749,0.000000,0.000000,1.421860,5.637285,0.748183,41.137561
0.000000,0.000000,24.173365,0.000000,0.000000,1.301628,4.259480,0.548333,34.028631
0.000000,0.000000,26.450399,0.000000,0.000000,1.337714,3.901607,0.639584,37.513643
0.000000,0.000000,23.848118,0.000000,0.000000,1.337562,4.338079,0.654864,33.690939
0.000000,0.000000,24.642329,0.000000,0.000000,1.282815,4.823628,0.527282,33.414571
0.000000,0.000000,24.137547,0.000000,0.000000,1.782772,4.326678,0.499024,33.320799
0.000000,0.000000,23.991307,0.000000,0.000000,1.850308,4.726205,0.562912,33.823427
0.000000,0.000000,24.576924,0.000000,0.000000,1.461344,5.612414,0.552805,34.428776
0.000000,0.000000,23.989017,0.000000,0.000000,1.518404,5.039188,0.884818,33.904664
0.000000,0.000000,24.383381,0.000000,0.000000,2.137051,5.721767,0.657600,34.682669
0.000000,0.000000,23.767425,0.000000,0.000000,1.661900,5.013513,0.495409,34.264219
0.000000,0.000000,22.799407,0.000000,0.000000,2.317896,6.283496,0.477268,40.096934
0.000000,0.000000,23.258871,0.000000,0.000000,1.986930,8.612585,0.145744,33.114370
0.000000,0.000000,23.772441,0.000000,0.000000,1.836976,5.889311,0.461874,41.250791
0.000000,0.000000,24.040327,0.000000,0.000000,1.009892,6.046550,0.582214,41.038130
0.000000,0.000000,25.196443,0.000000,0.000000,1.477563,6.061608,0.835803,36.961179
0.000000,0.000000,24.535479,0.000000,0.000000,1.652715,6.688159,0.453461,36.579238
0.000000,0.000000,23.474039,0.000000,0.000000,1.712468,5.210162,0.492011,36.401769
0.000000,0.000000,24.553279,0.000000,0.000000,1.212619,10.958537,0.460832,37.978699
0.000000,0.000000,24.226254,0.000000,0.000000,1.302019,6.437751,0.589998,36.901677
0.000000,0.000000,22.159911,0.000000,0.000000,1.235189,5.444665,0.450703,38.574934
0.000000,0.000000,24.032630,0.000000,0.000000,1.255793,5.405877,0.767648,35.161399
0.000000,0.000000,24.760976,0.000000,0.000000,1.430143,7.424035,1.005514,35.238706
0.000000,0.000000,24.598658,0.000000,0.000000,1.722683,5.682827,0.593765,34.585278
0.000000,0.000000,22.916421,0.000000,0.000000,1.466843,4.226046,0.565202,35.862144
0.000000,0.000000,24.770543,0.000000,0.000000,1.780296,4.762893,0.642629,37.291179
0.000000,0.000000,25.817879,0.000000,0.000000,1.792923,4.751468,0.701122,34.971800
0.000000,0.000000,24.012650,0.000000,0.000000,1.379271,5.644689,0.599019,34.130405
0.000000,0.000000,22.836241,0.000000,0.000000,1.431380,3.772842,0.714181,33.367069
0.000000,0.000000,26.983388,0.000000,0.000000,1.165178,8.087741,0.672451,37.604604
0.000000,0.000000,22.464954,0.000000,0.000000,1.653455,4.969090,0.151498,31.334837
0.000000,0.000000,22.887862,0.000000,0.000000,9.454735,0.042632,0.096359,35.694634
0.000000,0.000000,22.525094,0.000000,0.000000,12.536639,0.045628,0.099551,36.589233
0.000000,0.000000,22.960380,0.000000,0.000000,25.276048,0.050839,0.089834,39.207499
0.000000,0.000000,22.950268,0.000000,0.000000,15.751530,0.049851,0.093362,39.733010
0.000000,0.000000,22.473849,0.000000,0.000000,15.418558,0.063867,0.102743,50.513134
0.000000,0.000000,24.504992,0.000000,0.000000,14.841276,0.048875,0.158293,43.487751
0.000000,0.000000,24.624898,0.000000,0.000000,20.815449,0.051676,0.193804,42.998484
0.000000,0.000000,24.346207,0.000000,0.000000,16.948082,0.049331,0.164079,42.016602
0.000000,0.000000,23.821269,0.000000,0.000000,23.429745,0.070760,0.114554,47.907823
0.000000,0.000000,23.683085,0.000000,0.000000,24.496892,0.057103,0.098900,43.760858
0.000000,0.000000,23.945010,0.000000,0.000000,19.286948,0.050730,0.097987,51.068338
0.000000,0.000000,23.070072,0.000000,0.000000,24.530406,0.112112,0.107161,50.274864
0.000000,0.000000,22.434705,0.000000,0.000000,23.020583,0.053434,0.110831,44.467692
0.000000,0.000000,22.650547,0.000000,0.000000,18.460769,0.049775,0.124802,50.058088
0.000000,0.000000,24.158583,0.000000,0.000000,19.341251,0.052522,0.091170,50.072748
0.000000,0.000000,24.117293,0.000000,0.000000,22.305126,0.049884,0.087479,45.260775
0.000000,0.000000,23.872449,0.000000,0.000000,20.037140,0.054172,0.095740,45.892200
0.000000,0.000000,22.889447,0.000000,0.000000,19.242742,0.048126,0.097162,47.974894
0.000000,0.000000,23.308028,0.000000,0.000000,30.404007,0.052262,0.223256,45.984912
0.000000,0.000000,22.918455,0.000000,0.000000,22.543754,0.052619,0.095751,44.933678
0.000000,0.000000,22.404384,0.000000,0.000000,21.147168,0.495452,0.115574,55.783839
0.000000,0.000000,22.496596,0.000000,0.000000,22.103789,0.053249,0.101570,47.955439
0.000000,0.000000,22.686624,0.000000,0.000000,20.887836,0.051002,0.100180,47.217214
0.000000,0.000000,22.619032,0.000000,0.000000,17.172248,0.056854,0.140500,47.681627
0.000000,0.000000,22.310394,0.000000,0.000000,42.026599,0.059698,0.143615,46.575887
0.000000,0.000000,21.705695,0.000000,0.000000,39.211992,0.043371,0.096652,41.694101
0.000000,0.000000,23.545385,0.000000,0.000000,28.805035,0.060133,0.158782,69.131244
0.000000,0.000000,24.464258,0.000000,0.000000,30.702334,0.051588,0.099160,66.618468
0.000000,0.000000,23.899744,0.000000,0.000000,20.445809,0.047745,0.733777,55.493883
0.000000,0.000000,23.233401,0.000000,0.000000,34.027837,0.057082,0.822580,56.793188
0.000000,0.000000,22.713425,0.000000,0.000000,7.069002,2.101551,0.756933,45.823198
0.000000,0.000000,23.671707,0.000000,0.000000,1.997692,2.391421,0.664276,60.646408
0.000000,0.000000,23.734173,0.000000,0.000000,1.803019,2.194850,0.717395,25.657172
0.000000,0.000000,22.735257,0.000000,0.000000,1.633707,1.993642,0.626888,34.473200
0.000000,0.000000,23.210451,0.000000,0.000000,1.724953,2.227830,0.587154,31.214656
0.000000,0.000000,22.638334,0.000000,0.000000,1.764154,2.583358,0.551860,29.845773
0.000000,0.000000,22.727831,0.000000,0.000000,1.784433,2.265555,0.816305,28.847139
0.000000,0.000000,23.111694,0.000000,0.000000,2.013388,2.312421,0.552816,29.458112
0.000000,0.000000,23.239199,0.000000,0.000000,2.634457,3.101890,0.571988,29.824148
0.000000,0.000000,21.311606,0.000000,0.000000,2.204326,2.419897,0.606988,27.511738
0.000000,0.000000,22.667189,0.000000,0.000000,2.100671,2.712915,0.632630,29.189325
0.000000,0.000000,23.287497,0.000000,0.000000,1.966175,3.123351,0.256965,31.687158
0.000000,0.000000,21.941457,0.000000,0.000000,1.943876,3.329011,0.708406,28.659589
0.000000,0.000000,22.912020,0.000000,0.000000,3.095733,5.722635,0.166414,29.956097
0.000000,0.000000,23.146585,0.000000,0.000000,1.281382,3.208052,0.810150,30.641378
0.000000,0.000000,22.933794,0.000000,0.000000,2.132101,4.188870,1.546086,30.430723
0.000000,0.000000,22.494534,0.000000,0.000000,1.021639,3.253593,0.800042,45.478972
0.000000,0.000000,24.113930,0.000000,0.000000,2.195457,3.441154,0.781077,31.082893
0.000000,0.000000,25.018932,0.000000,0.000000,2.176980,3.633742,1.351938,33.422924
0.000000,0.000000,23.779551,0.000000,0.000000,1.967294,4.689197,0.169247,30.757450
0.000000,0.000000,24.500461,0.000000,0.000000,1.774935,3.594443,0.702088,34.240921
0.000000,0.000000,24.729909,0.000000,0.000000,1.585082,3.168307,2.188694,33.405032
0.000000,0.000000,25.005046,0.000000,0.000000,0.832958,3.614549,0.684653,34.330094
0.000000,0.000000,26.890385,0.000000,0.000000,1.911808,3.125165,0.148751,36.053700
0.000000,0.000000,24.515436,0.000000,0.000000,1.848332,3.717379,0.693924,32.237673
0.000000,0.000000,24.014839,0.000000,0.000000,1.885525,4.270161,0.674426,31.011463
0.000000,0.000000,24.991229,0.000000,0.000000,0.859437,3.164715,0.801541,35.247712
0.000000,0.000000,24.699892,0.000000,0.000000,1.965806,3.461825,0.582062,32.837789
0.000000,0.000000,25.140347,0.000000,0.000000,1.546435,3.848825,0.765285,34.232508
0.000000,0.000000,24.769890,0.000000,0.000000,1.762504,3.783644,0.590541,31.346936
0.000000,0.000000,24.512439,0.000000,0.000000,2.114773,3.508007,0.608312,32.429760
0.000000,0.000000,23.777999,0.000000,0.000000,1.786301,3.734868,0.591518,31.855739
0.000000,0.000000,23.071975,0.000000,0.000000,2.052156,4.206903,0.519097,31.234852
0.000000,0.000000,27.908950,0.000000,0.000000,1.713510,3.540358,0.776813,36.411736
0.000000,0.000000,24.108543,0.000000,0.000000,1.805353,3.994286,0.609073,32.206794
0.000000,0.000000,23.348462,0.000000,0.000000,1.596362,4.706328,1.316142,31.989823
0.000000,0.000000,23.149013,0.000000,0.000000,2.233507,4.385422,0.791813,30.816568
0.000000,0.000000,23.761198,0.000000,0.000000,1.430730,3.387938,0.231214,31.732691
0.000000,0.000000,23.716487,0.000000,0.000000,2.008211,6.287741,0.726948,32.942809
0.000000,0.000000,25.871637,0.000000,0.000000,2.183656,6.870438,0.886740,35.222240
0.000000,0.000000,22.990095,0.000000,0.000000,1.129385,3.651807,0.141380,30.707176
0.000000,0.000000,25.390212,0.000000,0.000000,1.946667,4.091263,0.697398,37.219563
0.000000,0.000000,41.202661,0.000000,0.000000,2.572132,4.562647,0.135191,53.694048
0.000000,0.000000,26.183099,0.000000,0.000000,0.912783,4.473877,0.743700,36.512329
0.000000,0.000000,23.549207,0.000000,0.000000,2.284803,4.367291,0.136060,32.518010
0.000000,0.000000,24.510612,0.000000,0.000000,1.603312,6.432071,0.666675,34.145765
0.000000,0.000000,25.345167,0.000000,0.000000,2.129853,4.261020,0.735753,33.213473
0.000000,0.000000,23.825398,0.000000,0.000000,1.001728,3.321929,0.087305,32.535879
0.000000,0.000000,42.121341,0.000000,0.000000,1.947920,4.063754,0.899745,53.335879
0.000000,0.000000,25.100019,0.000000,0.000000,1.888228,3.568497,0.133281,33.748164
0.000000,0.000000,29.657326,0.000000,0.000000,0.826966,4.078779,0.633249,36.416809
0.000000,0.000000,23.760531,0.000000,0.000000,1.693448,4.631665,0.138057,32.761874
0.000000,0.000000,23.882501,0.000000,0.000000,0.637125,3.262876,0.593982,31.309745
0.000000,0.000000,24.043084,0.000000,0.000000,1.790588,4.489130,0.196235,31.767547
0.000000,0.000000,24.828978,0.000000,0.000000,0.646885,3.287627,0.566158,32.957794
0.000000,0.000000,24.626731,0.000000,0.000000,2.596255,6.440932,0.577840,30.789735
0.000000,0.000000,24.258274,0.000000,0.000000,0.888208,3.403365,0.169887,32.472023
0.000000,0.000000,25.408036,0.000000,0.000000,1.692124,3.838435,0.748400,31.539817
0.000000,0.000000,28.352210,0.000000,0.000000,1.899725,3.605549,0.977703,40.203041
0.000000,0.000000,24.921910,0.000000,0.000000,0.706843,4.204308,0.103622,31.547374
0.000000,0.000000,25.283355,0.000000,0.000000,1.960182,5.165619,0.750137,33.147895
0.000000,0.000000,27.830443,0.000000,0.000000,1.774423,3.370254,0.113511,35.527864
0.000000,0.000000,24.486699,0.000000,0.000000,0.557126,2.331724,0.714334,31.834628
0.000000,0.000000,23.846285,0.000000,0.000000,1.458109,3.158722,0.135463,33.994490
0.000000,0.000000,23.236355,0.000000,0.000000,0.716124,3.078550,0.642997,30.391892
0.000000,0.000000,23.559086,0.000000,0.000000,1.826663,3.028416,0.122685,28.908152
0.000000,0.000000,24.281052,0.000000,0.000000,0.851967,2.054469,0.948229,30.789650
0.000000,0.000000,23.395016,0.000000,0.000000,2.075306,2.659970,0.883059,29.463203
0.000000,0.000000,24.700983,0.000000,0.000000,1.259257,3.119194,2.237332,31.938886
0.000000,0.000000,24.399079,0.000000,0.000000,2.339160,4.182856,0.665742,29.356890
0.000000,0.000000,24.355628,0.000000,0.000000,2.415522,6.218266,0.529063,31.385173
0.000000,0.000000,24.531653,0.000000,0.000000,1.926790,3.152707,0.560665,32.293277
0.000000,0.000000,24.226446,0.000000,0.000000,1.750324,2.760562,0.099714,33.677003
0.000000,0.000000,27.936384,0.000000,0.000000,1.900703,2.629431,0.637211,41.732252
0.000000,0.000000,23.352939,0.000000,0.000000,1.962159,2.932914,0.552110,30.899339
0.000000,0.000000,24.220886,0.000000,0.000000,1.133977,2.482536,0.505397,30.842053
0.000000,0.000000,23.311554,0.000000,0.000000,1.771644,2.721089,0.494540,30.240948
0.000000,0.000000,26.449706,0.000000,0.000000,1.997680,2.839985,0.480959,33.595037
0.000000,0.000000,23.616244,0.000000,0.000000,1.832558,2.988497,0.646992,29.369592
0.000000,0.000000,23.331346,0.000000,0.000000,1.817957,2.995499,0.603622,30.019374
0.000000,0.000000,23.280083,0.000000,0.000000,1.821614,3.168373,0.646809,30.345981
0.000000,0.000000,22.476774,0.000000,0.000000,1.630027,2.954800,0.587849,29.365042
0.000000,0.000000,22.443628,0.000000,0.000000,1.630102,3.181357,2.661510,29.280787
0.000000,0.000000,22.884540,0.000000,0.000000,1.390529,3.453770,0.865158,30.169112
0.000000,0.000000,23.511569,0.000000,0.000000,1.443724,3.560420,0.698234,30.348825
0.000000,0.000000,23.541413,0.000000,0.000000,1.579567,6.931129,0.892830,30.681675
0.000000,0.000000,22.929777,0.000000,0.000000,2.114547,4.564189,0.575799,30.096398
0.000000,0.000000,24.076890,0.000000,0.000000,2.602476,6.328776,0.662973,33.666556
0.000000,0.000000,22.526092,0.000000,0.000000,1.968326,4.319144,0.690972,34.328064
0.000000,0.000000,22.908021,0.000000,0.000000,1.693090,5.359021,0.812332,33.986703
0.000000,0.000000,23.327850,0.000000,0.000000,1.941944,4.242815,0.610245,35.311802
0.000000,0.000000,23.549620,0.000000,0.000000,1.847062,4.282223,0.586318,32.559329
0.000000,0.000000,24.633982,0.000000,0.000000,1.604634,4.662491,0.602016,34.385220
0.000000,0.000000,25.275450,0.000000,0.000000,1.963624,4.992703,0.601559,34.465274
0.000000,0.000000,24.236566,0.000000,0.000000,1.548432,4.341129,0.586405,33.785326
0.000000,0.000000,23.585912,0.000000,0.000000,1.888207,4.581700,0.714008,32.482457
0.000000,0.000000,23.326504,0.000000,0.000000,1.610800,4.275764,0.629949,32.824089
0.000000,0.000000,23.476166,0.000000,0.000000,1.551982,4.556449,0.466803,31.923865
0.000000,0.000000,21.370599,0.000000,0.000000,1.471700,3.928465,0.851787,30.447539
0.000000,0.000000,23.480954,0.000000,0.000000,1.573466,3.924002,0.622599,31.835008
0.000000,0.000000,23.859733,0.000000,0.000000,1.614057,6.256301,0.571369,32.994463
0.000000,0.000000,23.569431,0.000000,0.000000,1.304255,3.975591,0.560816,31.637946
0.000000,0.000000,23.407966,0.000000,0.000000,1.563957,4.418739,0.669128,31.230351
0.000000,0.000000,25.278068,0.000000,0.000000,1.649405,3.791591,0.735156,36.291797
0.000000,0.000000,22.100391,0.000000,0.000000,1.524733,3.855295,0.630915,30.094282
0.000000,0.000000,23.048228,0.000000,0.000000,1.485998,3.299959,0.744666,31.600905
0.000000,0.000000,23.308516,0.000000,0.000000,1.654137,4.471694,0.727231,31.386237
0.000000,0.000000,23.971998,0.000000,0.000000,1.377882,4.174801,0.716823,31.956661
0.000000,0.000000,22.532638,0.000000,0.000000,1.403329,4.344667,0.582377,30.345242
0.000000,0.000000,22.017310,0.000000,0.000000,1.370152,4.222471,0.556735,30.976363
0.000000,0.000000,21.782220,0.000000,0.000000,1.441282,3.575457,0.667695,30.268870
0.000000,0.000000,22.209385,0.000000,0.000000,1.770299,5.002950,0.535663,30.925198
0.000000,0.000000,22.065940,0.000000,0.000000,1.640589,3.918878,0.562727,30.296314
0.000000,0.000000,23.132640,0.000000,0.000000,1.592519,5.996465,0.599465,30.787873
0.000000,0.000000,24.143594,0.000000,0.000000,1.445862,4.658160,0.498796,33.781324
0.000000,0.000000,24.097789,0.000000,0.000000,1.873063,4.266666,0.611602,32.979753
0.000000,0.000000,23.869318,0.000000,0.000000,1.745666,5.261054,0.620243,34.458274
0.000000,0.000000,23.232283,0.000000,0.000000,1.580620,6.476219,0.811713,32.165598
0.000000,0.000000,23.511449,0.000000,0.000000,1.933151,6.200718,0.145505,32.522006
0.000000,0.000000,23.343852,0.000000,0.000000,2.121852,5.507327,0.368717,33.064552
0.000000,0.000000,23.548272,0.000000,0.000000,1.841753,5.647099,0.880921,34.909409
0.000000,0.000000,22.476165,0.000000,0.000000,1.079935,4.893608,0.117061,34.051330
0.000000,0.000000,22.971184,0.000000,0.000000,2.085658,8.016547,0.509196,34.366180
0.000000,0.000000,23.094009,0.000000,0.000000,1.885710,6.092786,0.553717,33.207863
0.000000,0.000000,23.170687,0.000000,0.000000,1.213727,5.651995,0.474738,31.626799
0.000000,0.000000,24.222069,0.000000,0.000000,1.859525,6.027378,0.458596,38.615711
0.000000,0.000000,22.453431,0.000000,0.000000,1.805527,6.350110,0.619375,32.972383
0.000000,0.000000,22.989074,0.000000,0.000000,1.851774,5.384749,0.815122,32.867458
0.000000,0.000000,23.104779,0.000000,0.000000,1.651673,4.807942,0.745697,34.265912
0.000000,0.000000,23.621009,0.000000,0.000000,2.074552,6.129296,0.464686,34.587266
0.000000,0.000000,23.914212,0.000000,0.000000,2.091716,6.696355,0.558982,33.816025
0.000000,0.000000,24.137123,0.000000,0.000000,1.655810,4.864491,0.580847,34.512780
0.000000,0.000000,23.308700,0.000000,0.000000,1.652629,6.043641,0.582746,35.302435
0.000000,0.000000,22.730676,0.000000,0.000000,1.606664,5.642647,0.428209,35.076073
0.000000,0.000000,23.786997,0.000000,0.000000,1.678336,5.314761,1.041667,33.301407
0.000000,0.000000,24.129565,0.000000,0.000000,1.667469,4.886040,0.600669,35.254808
0.000000,0.000000,21.911134,0.000000,0.000000,1.741975,5.217338,0.645376,32.657150
0.000000,0.000000,23.258826,0.000000,0.000000,1.827033,4.459949,0.564920,33.362237
0.000000,0.000000,23.194961,0.000000,0.000000,1.683840,5.528453,0.598206,32.350154
0.000000,0.000000,24.845885,0.000000,0.000000,1.785736,5.681372,0.618724,36.446040
0.000000,0.000000,22.898480,0.000000,0.000000,1.831506,6.891971,0.925312,32.598107
0.000000,0.000000,23.005911,0.000000,0.000000,2.647332,5.056656,0.688735,33.279134
0.000000,0.000000,23.952251,0.000000,0.000000,2.897404,7.265933,0.721498,34.857723
0.000000,0.000000,23.283579,0.000000,0.000000,2.189160,5.685106,1.115783,35.868548
0.000000,0.000000,24.839620,0.000000,0.000000,2.070156,4.836070,0.651575,36.205327
0.000000,0.000000,24.527790,0.000000,0.000000,1.945614,5.845831,0.702131,39.157696
0.000000,0.000000,23.580201,0.000000,0.000000,1.693926,4.388558,0.610864,35.390466
0.000000,0.000000,23.633319,0.000000,0.000000,1.761907,4.482269,0.619321,34.417150
0.000000,0.000000,23.176657,0.000000,0.000000,1.700363,5.576892,0.674372,35.507768
0.000000,0.000000,23.548587,0.000000,0.000000,1.875050,4.715165,0.696019,33.152649
0.000000,0.000000,23.473149,0.000000,0.000000,1.673907,6.515599,0.611536,33.807489
0.000000,0.000000,23.715252,0.000000,0.000000,1.482448,4.990521,0.694195,34.353402
0.000000,0.000000,23.136869,0.000000,0.000000,1.495845,5.259404,0.698744,33.516438
0.000000,0.000000,23.862157,0.000000,0.000000,1.981634,5.101437,0.645626,35.867051
0.000000,0.000000,22.571765,0.000000,0.000000,1.688791,4.905560,0.649033,32.755999
0.000000,0.000000,23.789757,0.000000,0.000000,1.411308,4.419422,0.839722,33.929600
0.000000,0.000000,23.017766,0.000000,0.000000,1.818750,4.963119,0.605555,33.793507
0.000000,0.000000,22.982398,0.000000,0.000000,2.327923,6.622218,0.586709,33.013191
0.000000,0.000000,23.093954,0.000000,0.000000,1.507917,4.822706,0.619071,32.436090
0.000000,0.000000,23.036472,0.000000,0.000000,1.270591,5.626939,0.606673,33.445091
0.000000,0.000000,22.567401,0.000000,0.000000,1.266639,4.599460,0.700437,35.938214
0.000000,0.000000,23.172650,0.000000,0.000000,1.720480,4.264603,0.924335,33.035206
0.000000,0.000000,22.719136,0.000000,0.000000,1.431272,5.547364,0.623424,32.968681
0.000000,0.000000,23.534701,0.000000,0.000000,2.666407,7.464578,0.965653,32.855341
0.000000,0.000000,21.821464,0.000000,0.000000,1.759996,4.421463,0.687606,31.124777
0.000000,0.000000,22.788247,0.000000,0.000000,1.762145,4.343842,0.690048,33.095992
0.000000,0.000000,24.831803,0.000000,0.000000,1.825241,5.169983,0.905977,39.197288
0.000000,0.000000,24.782641,0.000000,0.000000,1.956155,5.379528,0.715354,34.521969
0.000000,0.000000,23.417500,0.000000,0.000000,2.033386,5.652635,0.698320,33.875678
0.000000,0.000000,22.392757,0.000000,0.000000,2.029043,4.197524,0.846213,33.081346
0.000000,0.000000,22.978354,0.000000,0.000000,1.950185,4.934926,0.666860,33.967282
0.000000,0.000000,22.951554,0.000000,0.000000,1.875451,4.172119,0.676945,34.717528
0.000000,0.000000,23.307202,0.000000,0.000000,1.893179,3.747450,0.779188,33.428232
0.000000,0.000000,22.815571,0.000000,0.000000,1.845184,4.054255,1.179052,33.031982
0.000000,0.000000,23.411625,0.000000,0.000000,2.412352,5.324737,0.720098,33.172068
0.000000,0.000000,21.910419,0.000000,0.000000,2.415087,7.030973,0.706745,30.736183
0.000000,0.000000,22.204914,0.000000,0.000000,1.821756,3.755168,0.707668,31.458212
0.000000,0.000000,23.028925,0.000000,0.000000,1.893646,5.025423,0.853157,35.197280
0.000000,0.000000,28.049910,0.000000,0.000000,2.004204,4.719979,0.890214,42.457752
0.000000,0.000000,23.003545,0.000000,0.000000,1.953572,3.759217,2.586208,31.864667
0.000000,0.000000,25.646082,0.000000,0.000000,2.670662,6.551479,0.744177,35.909936
0.000000,0.000000,24.314191,0.000000,0.000000,3.427031,6.608692,0.904304,34.608467
0.000000,0.000000,23.066652,0.000000,0.000000,2.165093,6.726025,0.759473,32.355131
0.000000,0.000000,23.875694,0.000000,0.000000,2.274316,4.571815,0.906162,36.596854
0.000000,0.000000,23.067684,0.000000,0.000000,2.246872,4.556394,1.041822,38.857369
0.000000,0.000000,23.442208,0.000000,0.000000,2.101617,4.643623,0.814525,35.824083
0.000000,0.000000,23.628810,0.000000,0.000000,2.152185,5.339838,1.021877,34.506918
0.000000,0.000000,23.171086,0.000000,0.000000,2.232487,4.392738,0.811018,33.549613
0.000000,0.000000,24.255627,0.000000,0.000000,2.117369,4.908437,0.798534,35.039748
0.000000,0.000000,23.710474,0.000000,0.000000,2.274913,4.923668,0.665448,35.226289
0.000000,0.000000,22.738958,0.000000,0.000000,2.197389,4.947606,0.664765,33.341038
0.000000,0.000000,22.462226,0.000000,0.000000,2.057834,4.532196,0.802583,33.633967
0.000000,0.000000,22.940970,0.000000,0.000000,1.969063,4.337123,0.737533,33.949785
0.000000,0.000000,22.150971,0.000000,0.000000,2.120616,4.053201,0.665687,32.998036
0.000000,0.000000,22.186220,0.000000,0.000000,2.159079,4.418912,0.693870,32.121686
0.000000,0.000000,22.713794,0.000000,0.000000,2.016330,4.545713,0.710556,32.304719
0.000000,0.000000,22.622625,0.000000,0.000000,2.062599,4.911119,0.729857,32.450984
0.000000,0.000000,22.978315,0.000000,0.000000,1.965865,4.061202,0.678606,33.256022
0.000000,0.000000,22.957396,0.000000,0.000000,1.983056,4.097864,0.741050,32.915431
0.000000,0.000000,22.775869,0.000000,0.000000,1.959380,4.410966,0.668738,33.180461
0.000000,0.000000,22.230584,0.000000,0.000000,2.117098,4.178590,0.621916,31.669158
0.000000,0.000000,22.128095,0.000000,0.000000,2.197857,4.238863,0.606347,31.940973
0.000000,0.000000,22.979031,0.000000,0.000000,1.944366,4.207727,0.773315,32.935537
0.000000,0.000000,21.796919,0.000000,0.000000,1.899259,3.935652,0.658881,31.345830
0.000000,0.000000,22.845262,0.000000,0.000000,1.882224,4.672230,0.605371,32.443222
0.000000,0.000000,23.373999,0.000000,0.000000,1.916835,4.195265,0.565344,32.861303
0.000000,0.000000,22.981345,0.000000,0.000000,1.913756,3.890067,0.668043,32.194627
0.000000,0.000000,22.752911,0.000000,0.000000,1.935952,4.031880,0.638471,32.694553
0.000000,0.000000,22.429386,0.000000,0.000000,1.918690,3.899457,0.616889,31.774865
0.000000,0.000000,22.731735,0.000000,0.000000,1.751234,4.312989,0.703249,31.683814
0.000000,0.000000,22.240316,0.000000,0.000000,1.691016,4.364491,0.679398,31.263106
0.000000,0.000000,23.241491,0.000000,0.000000,1.732172,3.936173,0.681722,32.350144
0.000000,0.000000,22.192115,0.000000,0.000000,1.735808,4.159364,0.596034,31.588225
0.000000,0.000000,22.182811,0.000000,0.000000,1.928363,3.975103,0.561859,31.381460
0.000000,0.000000,22.770996,0.000000,0.000000,1.747056,4.180187,0.604556,31.642583
0.000000,0.000000,22.333048,0.000000,0.000000,2.064771,4.421691,0.578143,31.610698
0.000000,0.000000,21.499808,0.000000,0.000000,1.849917,4.340303,0.657132,30.755713
0.000000,0.000000,21.905828,0.000000,0.000000,1.795518,4.335776,0.610820,31.058740
0.000000,0.000000,22.081154,0.000000,0.000000,1.882442,5.432820,0.668315,31.729942
0.000000,0.000000,22.705294,0.000000,0.000000,1.855334,5.732005,0.699819,32.158542
0.000000,0.000000,22.163335,0.000000,0.000000,2.368450,4.811893,0.536705,31.528681
0.000000,0.000000,21.923696,0.000000,0.000000,1.935583,4.744194,0.852837,32.943267
0.000000,0.000000,21.647299,0.000000,0.000000,1.873519,4.806477,0.843608,32.752437
0.000000,0.000000,23.790293,0.000000,0.000000,1.988463,5.380006,0.695716,34.902542
0.000000,0.000000,22.157136,0.000000,0.000000,1.952595,3.872490,0.661540,32.398919
0.000000,0.000000,21.772177,0.000000,0.000000,2.287170,5.795480,0.680495,31.640628
0.000000,0.000000,23.847461,0.000000,0.000000,2.014724,4.820361,0.669585,35.324618
0.000000,0.000000,25.190665,0.000000,0.000000,1.831093,4.342463,0.657849,35.045220
0.000000,0.000000,23.256709,0.000000,0.000000,1.802932,3.821869,0.712108,34.707528
0.000000,0.000000,23.171501,0.000000,0.000000,1.952540,4.404440,0.655612,33.610192
0.000000,0.000000,22.470617,0.000000,0.000000,1.774956,4.105485,0.627702,32.315586
0.000000,0.000000,22.508289,0.000000,0.000000,1.813690,4.240047,0.646342,31.676238
0.000000,0.000000,22.948287,0.000000,0.000000,1.637842,3.901737,0.729294,32.647393
0.000000,0.000000,22.644717,0.000000,0.000000,1.627942,4.002861,0.694727,31.875099
0.000000,0.000000,23.007182,0.000000,0.000000,1.756403,3.822226,0.569186,32.307401
0.000000,0.000000,22.853882,0.000000,0.000000,1.664179,5.160777,0.635322,31.882308
0.000000,0.000000,23.049076,0.000000,0.000000,1.706251,4.198794,0.725396,31.957736
0.000000,0.000000,22.071514,0.000000,0.000000,1.690017,4.614572,0.615554,30.823629
0.000000,0.000000,22.874814,0.000000,0.000000,1.807795,4.504870,0.662984,33.178465
0.000000,0.000000,22.745263,0.000000,0.000000,1.783206,4.299234,0.899243,31.687484
0.000000,0.000000,21.756762,0.000000,0.000000,1.832103,4.360440,0.720054,31.550349
0.000000,0.000000,22.886885,0.000000,0.000000,1.986672,4.479380,0.765303,32.665032
0.000000,0.000000,23.182845,0.000000,0.000000,1.916644,4.550076,0.742147,32.609203
0.000000,0.000000,22.652534,0.000000,0.000000,1.989886,4.790648,0.712629,32.192598
0.000000,0.000000,22.451055,0.000000,0.000000,1.924346,4.804349,1.065964,32.503481
0.000000,0.000000,22.116784,0.000000,0.000000,2.150018,4.437119,0.641347,31.925389
0.000000,0.000000,22.662803,0.000000,0.000000,2.225018,5.762890,0.802648,33.135562
0.000000,0.000000,22.371925,0.000000,0.000000,2.321301,4.622801,0.681613,32.546183
0.000000,0.000000,22.694260,0.000000,0.000000,2.151577,4.845742,4.939073,32.724906
0.000000,0.000000,24.114214,0.000000,0.000000,1.903634,4.417576,0.861238,36.142047
0.000000,0.000000,24.233717,0.000000,0.000000,2.176036,9.865759,1.602821,34.612005
0.000000,0.000000,23.511319,0.000000,0.000000,2.735127,11.603663,0.846246,34.012683
0.000000,0.000000,22.678175,0.000000,0.000000,4.220483,10.304813,0.808047,32.191099
0.000000,0.000000,23.721906,0.000000,0.000000,2.424380,6.473554,0.866102,43.719344
0.000000,0.000000,22.323680,0.000000,0.000000,2.185632,5.913465,0.796460,41.007842
0.000000,0.000000,26.771100,0.000000,0.000000,2.452041,6.325162,0.696160,48.517396
0.000000,0.000000,26.404478,0.000000,0.000000,2.800231,6.294775,0.676120,39.739369
0.000000,0.000000,25.364494,0.000000,0.000000,2.392180,5.208186,0.663147,37.778306
0.000000,0.000000,24.971816,0.000000,0.000000,1.992437,4.625505,0.793594,38.280521
0.000000,0.000000,24.967705,0.000000,0.000000,2.285574,5.089300,0.694629,38.307589
0.000000,0.000000,24.946044,0.000000,0.000000,2.107349,5.423592,0.738716,36.649669
0.000000,0.000000,24.370776,0.000000,0.000000,2.182299,4.640497,0.775725,34.578634
0.000000,0.000000,24.470198,0.000000,0.000000,2.203545,4.963239,0.747987,35.423534
0.000000,0.000000,24.551503,0.000000,0.000000,2.188607,4.692346,0.118907,35.691983
0.000000,0.000000,23.817473,0.000000,0.000000,2.195240,4.740688,0.688040,33.995779
0.000000,0.000000,24.167876,0.000000,0.000000,2.558942,5.054745,0.793551,34.870114
0.000000,0.000000,25.255664,0.000000,0.000000,1.094222,4.946682,0.627170,36.123228
0.000000,0.000000,23.371968,0.000000,0.000000,2.905470,6.410350,0.597999,33.803810
0.000000,0.000000,23.499170,0.000000,0.000000,2.071567,4.421583,0.640718,33.880204
0.000000,0.000000,22.681878,0.000000,0.000000,2.133744,4.280963,0.649740,32.209512
0.000000,0.000000,23.952121,0.000000,0.000000,2.063099,8.286041,0.665763,37.226749
0.000000,0.000000,23.739992,0.000000,0.000000,7.553489,6.038842,0.994839,33.680575
0.000000,0.000000,23.022192,0.000000,0.000000,2.770029,7.429654,0.691828,32.546421
0.000000,0.000000,23.252942,0.000000,0.000000,2.244386,7.908236,0.880150,37.055438
0.000000,0.000000,25.011919,0.000000,0.000000,2.354369,6.150151,0.765010,41.981789
0.000000,0.000000,24.278565,0.000000,0.000000,2.058811,7.074365,0.836183,38.183240
0.000000,0.000000,23.857014,0.000000,0.000000,1.904100,6.664608,0.863551,38.225972
0.000000,0.000000,24.336613,0.000000,0.000000,2.183114,5.943591,0.748726,36.176755
0.000000,0.000000,24.791140,0.000000,0.000000,2.791339,7.549668,0.989352,38.007499
0.000000,0.000000,23.275122,0.000000,0.000000,2.089295,5.512353,0.699113,35.552081
0.000000,0.000000,24.314987,0.000000,0.000000,1.738631,5.280119,0.727024,36.910727
0.000000,0.000000,24.557332,0.000000,0.000000,1.975349,5.327756,0.644420,39.382563
0.000000,0.000000,24.110348,0.000000,0.000000,1.716485,4.521296,0.592549,35.916348
0.000000,0.000000,23.259978,0.000000,0.000000,1.919754,5.411967,0.665578,34.192504
0.000000,0.000000,24.243097,0.000000,0.000000,1.923207,5.626320,0.736636,35.029944
0.000000,0.000000,23.445660,0.000000,0.000000,1.604145,7.347289,1.027023,33.595882
0.000000,0.000000,22.691844,0.000000,0.000000,2.183840,6.055115,1.130079,33.723181
0.000000,0.000000,23.948582,0.000000,0.000000,1.540442,2.848486,0.943984,34.950512
0.000000,0.000000,22.038044,0.000000,0.000000,1.735168,4.026582,0.741082,35.037675
0.000000,0.000000,23.380133,0.000000,0.000000,2.146833,4.262876,0.925366,35.486826
0.000000,0.000000,22.725628,0.000000,0.000000,1.818272,4.476385,0.838962,31.157769
0.000000,0.000000,23.504924,0.000000,0.000000,1.512617,3.524248,0.866092,34.464135
0.000000,0.000000,22.667038,0.000000,0.000000,1.574259,3.684137,1.003947,35.548076
0.000000,0.000000,21.846364,0.000000,0.000000,1.788494,4.853574,0.831644,32.682155
0.000000,0.000000,21.799248,0.000000,0.000000,1.917790,6.154814,1.036446,32.140727
0.000000,0.000000,22.650883,0.000000,0.000000,1.829149,4.451361,0.925778,33.701746
0.000000,0.000000,22.447363,0.000000,0.000000,2.090326,4.468655,0.857439,34.963397
0.000000,0.000000,23.662196,0.000000,0.000000,2.494728,4.771107,0.747292,36.307657
0.000000,0.000000,22.636043,0.000000,0.000000,2.217767,5.131183,0.873843,33.246902
0.000000,0.000000,21.972397,0.000000,0.000000,1.826447,4.954196,0.887532,35.117314
0.000000,0.000000,22.136498,0.000000,0.000000,2.038911,5.232275,0.856429,35.317219
0.000000,0.000000,23.035093,0.000000,0.000000,2.950508,6.052905,0.924573,35.113146
0.000000,0.000000,22.326491,0.000000,0.000000,2.350645,4.761109,0.795928,32.555257
0.000000,0.000000,24.100568,0.000000,0.000000,2.488291,4.760055,0.931445,35.650101
0.000000,0.000000,23.273743,0.000000,0.000000,2.638365,4.996980,0.819540,36.603769
0.000000,0.000000,22.055262,0.000000,0.000000,2.506779,5.922996,0.847972,32.962851
0.000000,0.000000,22.964061,0.000000,0.000000,2.724639,5.907212,0.895196,34.384743
0.000000,0.000000,22.609445,0.000000,0.000000,2.174266,5.042141,0.720282,34.367992
0.000000,0.000000,23.668208,0.000000,0.000000,2.153683,5.350499,0.726579,36.181965
0.000000,0.000000,22.679098,0.000000,0.000000,1.999005,10.380436,0.652247,35.158252
0.000000,0.000000,22.870341,0.000000,0.000000,2.275945,4.331043,0.664710,33.969898
0.000000,0.000000,23.263396,0.000000,0.000000,2.735810,4.481173,0.581607,35.213696
0.000000,0.000000,24.519777,0.000000,0.000000,2.202210,4.882502,0.734103,40.331873
0.000000,0.000000,23.680413,0.000000,0.000000,2.141908,4.136143,0.759181,33.502260
0.000000,0.000000,23.471162,0.000000,0.000000,2.275728,4.316485,1.248325,33.987897
0.000000,0.000000,22.855412,0.000000,0.000000,2.315993,5.246377,0.678725,33.310540
0.000000,0.000000,22.528075,0.000000,0.000000,2.263243,5.906332,0.691286,32.273042
0.000000,0.000000,23.048688,0.000000,0.000000,2.245721,4.398286,0.712803,32.996868
0.000000,0.000000,25.893305,0.000000,0.000000,2.088784,4.786902,0.759158,37.518577
0.000000,0.000000,23.012490,0.000000,0.000000,1.914218,5.158845,0.841035,36.371100
0.000000,0.000000,22.401638,0.000000,0.000000,1.945907,5.268687,0.580033,32.435526
0.000000,0.000000,22.303249,0.000000,0.000000,1.925574,5.384717,0.836432,32.798033
0.000000,0.000000,22.929592,0.000000,0.000000,2.079199,4.623051,0.805155,33.595643
0.000000,0.000000,23.774428,0.000000,0.000000,2.207800,4.649192,0.927602,34.638148
0.000000,0.000000,24.022219,0.000000,0.000000,2.174711,5.370224,0.831678,35.071741
0.000000,0.000000,22.299503,0.000000,0.000000,2.155952,5.880983,0.693848,32.171927
0.000000,0.000000,23.096030,0.000000,0.000000,2.106622,5.037961,0.748834,33.990830
0.000000,0.000000,22.830107,0.000000,0.000000,2.173354,4.505098,0.879617,34.496659
0.000000,0.000000,23.413733,0.000000,0.000000,2.044491,4.419944,1.165351,35.618337
0.000000,0.000000,23.297464,0.000000,0.000000,1.948632,4.322597,0.871346,34.473667
0.000000,0.000000,22.215184,0.000000,0.000000,2.267715,4.964889,0.783737,32.312829
0.000000,0.000000,24.337312,0.000000,0.000000,1.833481,4.767796,0.778699,34.748135
0.000000,0.000000,23.341355,0.000000,0.000000,1.847920,5.842422,0.859968,33.688614
0.000000,0.000000,23.322064,0.000000,0.000000,1.764263,5.010865,0.686997,35.334775
0.000000,0.000000,23.347912,0.000000,0.000000,2.944270,5.674554,0.914076,33.861315
0.000000,0.000000,23.557892,0.000000,0.000000,1.746447,4.969493,0.626931,35.244083
0.000000,0.000000,23.401574,0.000000,0.000000,1.807720,4.044582,0.631208,34.164875
0.000000,0.000000,23.546828,0.000000,0.000000,1.691450,3.816083,0.842078,36.592805
0.000000,0.000000,23.255886,0.000000,0.000000,1.649361,4.893803,1.296504,33.467282
0.000000,0.000000,22.201548,0.000000,0.000000,1.903286,3.617729,0.982512,32.382667
0.000000,0.000000,24.252160,0.000000,0.000000,2.441511,8.699180,0.735308,33.315037
0.000000,0.000000,24.133820,0.000000,0.000000,2.460693,4.193431,0.885426,34.196237
0.000000,0.000000,23.821924,0.000000,0.000000,1.824742,3.880112,0.583994,33.714052
0.000000,0.000000,25.588268,0.000000,0.000000,3.200214,5.520434,0.596110,42.250464
0.000000,0.000000,25.534370,0.000000,0.000000,1.785486,7.885948,0.654266,36.728702
0.000000,0.000000,26.163744,0.000000,0.000000,1.694989,3.430147,0.116388,36.204971
0.000000,0.000000,25.507345,0.000000,0.000000,1.719361,3.395841,0.674643,38.183966
0.000000,0.000000,24.914185,0.000000,0.000000,1.919364,4.509343,0.672994,37.986867
0.000000,0.000000,23.671178,0.000000,0.000000,0.769439,4.380688,0.192208,32.200754
0.000000,0.000000,23.706512,0.000000,0.000000,2.632980,5.899809,0.502476,32.341609
0.000000,0.000000,25.481729,0.000000,0.000000,2.432599,6.139414,0.623121,35.037394
0.000000,0.000000,23.872864,0.000000,0.000000,0.875210,4.497999,0.122534,33.176568
0.000000,0.000000,25.022634,0.000000,0.000000,1.893906,5.986527,0.677694,37.297936
0.000000,0.000000,25.552423,0.000000,0.000000,1.612374,4.681880,0.644681,37.746595
0.000000,0.000000,23.795913,0.000000,0.000000,1.490612,5.879266,0.134659,32.407496
0.000000,0.000000,24.609406,0.000000,0.000000,1.800815,5.053595,0.888509,36.235671
0.000000,0.000000,25.152744,0.000000,0.000000,2.477249,6.026477,0.610104,34.328205
0.000000,0.000000,24.903414,0.000000,0.000000,0.854714,3.738678,0.631067,36.453533
0.000000,0.000000,24.541546,0.000000,0.000000,2.263275,5.634202,0.678433,35.122507
0.000000,0.000000,23.834474,0.000000,0.000000,1.924433,4.426480,0.605381,35.243595
0.000000,0.000000,23.961294,0.000000,0.000000,2.220719,5.622108,0.546769,32.707710
0.000000,0.000000,23.330162,0.000000,0.000000,1.991926,5.799768,1.056497,37.918609
0.000000,0.000000,23.774872,0.000000,0.000000,1.509556,6.366090,0.249067,34.035795
0.000000,0.000000,23.263016,0.000000,0.000000,1.667817,4.988664,0.000000,37.848588
0.000000,0.000000,25.722520,0.000000,0.000000,2.517407,5.596878,0.000000,38.927386
0.000000,0.000000,23.931646,0.000000,0.000000,0.000000,0.000000,0.000000,35.117001
0.000000,0.000000,24.697261,0.000000,0.000000,0.000000,0.000000,0.000000,37.444769
0.000000,0.000000,26.252966,0.000000,0.000000,0.000000,0.000000,0.000000,38.501110
