#Stereo rect[ms], MP culling[ms], MP creation[ms], LBA[ms], KF culling[ms], Total[ms]
4.664785,0.030452,0.321308,0.005826,0.005826,5.027319
4.630776,0.043609,1.550987,0.000808,0.000808,6.227432
6.021170,0.252063,3.423372,0.062370,0.062370,17.781056
4.963707,0.210762,3.969728,0.126566,0.126566,17.756490
7.239273,0.234694,6.633594,0.236127,0.236127,26.263731
5.524156,0.262463,6.816931,0.247468,0.247468,25.310906
4.630829,0.253935,7.593347,0.208865,0.208865,25.654869
5.352802,0.295715,9.185116,0.527482,0.527482,34.900868
5.292858,0.321686,9.656372,0.270157,0.270157,31.123870
4.958502,0.294028,12.383704,0.633146,0.633146,40.099600
5.512189,0.248639,13.588302,0.454854,0.454854,40.076154
5.353134,0.259278,13.623279,0.660434,0.660434,46.082055
5.435328,0.239221,13.685444,0.633065,0.633065,43.862103
6.616327,0.345891,14.002151,1.768891,1.768891,80.614554
6.653525,0.394653,8.594485,1.500369,1.500369,54.865364
6.619092,0.375536,7.594259,0.904439,0.904439,51.359079
6.463733,0.521315,8.189152,0.854331,0.854331,50.416296
7.856116,0.363916,8.134123,0.446344,0.446344,45.313741
5.129095,0.335568,8.246743,0.262532,0.262532,26.128260
5.246272,0.266799,9.455477,0.365439,0.365439,29.419722
5.485756,0.307662,10.381320,0.496643,0.496643,33.742393
5.363068,0.257325,10.440076,0.439525,0.439525,33.681366
5.094097,0.269290,10.314385,0.786886,0.786886,36.866603
5.368741,0.275352,11.959627,0.821114,0.821114,39.662608
5.277069,0.274392,12.574389,0.553974,0.553974,41.209319
5.366096,0.295706,11.896961,0.525948,0.525948,41.805060
5.003271,0.275680,11.642389,0.548647,0.548647,41.952245
4.827365,0.313956,11.724107,0.966344,0.966344,51.160405
4.814697,0.282811,12.198466,0.908691,0.908691,53.411738
4.939575,0.264086,12.239499,1.553644,1.553644,56.468898
5.310314,0.284778,12.878674,0.825592,0.825592,66.515668
5.089519,0.303336,14.528675,1.002895,1.002895,55.794413
5.527297,0.302997,14.958168,0.959319,0.959319,61.165791
5.756080,0.371970,13.227648,1.107813,1.107813,59.139756
5.095771,0.370114,13.306083,1.015377,1.015377,52.517686
5.507029,0.306197,13.193333,1.701769,1.701769,44.450330
5.965552,0.342033,13.009491,1.111824,1.111824,41.988384
5.370846,0.370327,13.040084,1.073476,1.073476,42.932434
5.507617,0.372832,12.206028,1.226125,1.226125,39.984428
4.831379,0.386500,10.475634,0.952942,0.952942,31.787046
4.603442,0.329638,12.068574,0.894322,0.894322,36.734440
4.721024,0.324442,11.552250,0.785966,0.785966,34.391377
4.716124,0.399292,8.975441,1.184781,1.184781,25.835696
4.493459,0.386428,7.832693,0.700901,0.700901,23.527497
5.101334,0.394555,7.972488,1.089482,1.089482,24.292488
4.947166,0.370344,9.313918,1.217213,1.217213,25.692884
4.989866,0.379300,10.213631,1.090199,1.090199,28.636048
5.325382,0.517062,12.407163,1.399556,1.399556,32.307042
5.113873,0.352856,10.252606,1.044583,1.044583,26.506364
4.817210,0.318794,11.500163,0.979057,0.979057,28.784479
4.577354,0.283946,11.492884,1.144233,1.144233,28.292958
4.869627,0.316992,11.460664,1.343179,1.343179,29.651764
4.723610,0.271357,12.628985,1.329759,1.329759,32.163577
5.007448,0.299954,11.239422,1.092318,1.092318,30.781478
4.724195,0.356494,11.852304,1.504143,1.504143,32.901334
4.850804,0.352447,12.412457,1.889980,1.889980,35.768731
5.287323,0.369577,12.588367,1.646897,1.646897,37.157298
5.339470,0.373014,13.575493,1.769158,1.769158,38.706661
4.862650,0.302224,11.344145,2.207798,2.207798,36.727268
4.961699,0.399477,13.408865,3.531193,3.531193,44.805381
4.770518,0.390949,12.614660,1.801718,1.801718,38.838538
4.800104,0.354751,13.661193,3.920423,3.920423,46.139788
5.276204,0.380092,13.965189,3.636766,3.636766,46.424172
4.939208,0.318948,12.598780,3.521033,3.521033,43.425554
4.970919,0.327488,13.221189,3.204847,3.204847,42.625955
5.063098,0.324282,13.349155,3.323178,3.323178,41.173666
5.144866,0.305245,13.257601,2.785136,2.785136,50.531323
5.127873,0.310439,12.547363,2.965177,2.965177,43.987929
4.954881,0.347373,11.676239,3.297936,3.297936,35.257854
4.940100,0.315148,13.703775,3.701116,3.701116,53.016593
5.147045,0.413405,12.279817,2.684712,2.684712,42.364329
4.914648,0.335657,13.984856,2.013085,2.013085,43.974692
5.270289,0.327506,15.177617,2.515538,2.515538,49.514685
5.325121,0.302214,12.235549,3.047683,3.047683,47.091599
5.292520,0.263620,13.148658,2.318201,2.318201,46.095682
5.545425,0.296543,17.294115,2.505349,2.505349,53.085681
5.436241,0.259049,17.447734,2.261314,2.261314,45.267511
5.783326,0.270870,18.052407,2.796433,2.796433,58.386938
5.689232,0.549187,17.713357,2.481463,2.481463,53.524030
5.668392,0.368668,16.929914,2.710775,2.710775,50.973550
6.100270,0.442200,12.145816,2.659076,2.659076,39.705331
5.508803,0.525691,9.934137,2.507952,2.507952,35.068556
5.636748,0.605646,7.939643,2.222958,2.222958,30.070602
5.633358,0.472723,8.664617,2.316786,2.316786,27.779035
5.393656,0.385833,9.279241,2.527703,2.527703,28.139880
5.518287,0.645260,9.716653,2.556234,2.556234,27.382803
5.209992,0.384147,8.380026,1.527301,1.527301,23.467978
6.358990,0.455392,9.908711,1.507827,1.507827,29.088152
5.448223,0.377219,10.741231,2.555114,2.555114,29.828174
5.554489,0.304988,11.281983,2.253166,2.253166,30.736644
6.496006,0.417272,12.513879,2.454986,2.454986,34.274693
5.851784,0.469067,12.492585,2.466930,2.466930,35.288331
5.352498,0.424717,13.117332,2.243247,2.243247,37.410190
5.655639,0.448930,10.395600,1.489928,1.489928,32.998588
5.153502,0.449610,8.096081,2.274600,2.274600,27.041697
5.348745,0.398071,8.705804,2.454283,2.454283,26.930721
5.358762,0.371735,9.543873,1.986950,1.986950,27.540807
4.968235,0.390487,10.214668,1.901250,1.901250,29.347379
5.124097,0.404852,9.718375,2.244247,2.244247,30.636086
5.639018,0.451835,11.008721,1.882651,1.882651,32.330035
5.439275,0.383508,11.694355,1.933925,1.933925,34.025059
6.152067,0.445265,13.071314,1.952706,1.952706,38.741281
5.831377,0.467165,14.034463,1.918234,1.918234,40.433844
5.277021,0.328079,13.933318,2.186176,2.186176,42.242847
5.738320,0.297300,14.626869,2.205568,2.205568,43.681475
5.953708,0.310548,14.739762,2.406133,2.406133,46.725419
6.215064,0.360182,15.076105,2.365178,2.365178,53.573600
7.032864,0.349882,15.192594,2.311763,2.311763,51.491039
7.496875,0.420079,14.518671,2.688864,2.688864,52.494659
7.907344,0.396252,13.916651,2.567884,2.567884,54.527937
7.010253,0.687160,13.838359,2.506470,2.506470,50.049384
7.197561,0.616962,13.966624,1.450617,1.450617,49.741944
8.795136,0.506188,14.410323,2.279898,2.279898,56.266233
5.271240,0.306932,16.335836,2.091024,2.091024,57.805822
6.145536,0.499980,15.899649,2.140769,2.140769,59.156439
5.284981,2.531389,15.789260,1.807564,1.807564,65.502083
5.811203,0.304348,14.427655,1.454125,1.454125,52.589721
7.307771,0.484097,16.526642,1.902811,1.902811,62.826068
5.233520,0.395874,15.169657,2.068052,2.068052,45.109463
5.050594,0.457667,16.686509,2.156473,2.156473,44.903958
5.026064,0.508839,10.661551,1.599421,1.599421,38.444796
5.235445,0.520387,8.466262,1.825180,1.825180,35.336637
5.195418,0.515881,10.444330,1.814915,1.814915,35.364688
4.819334,0.460485,8.412497,2.950665,2.950665,27.797661
5.182606,0.488967,8.161145,1.560466,1.560466,23.761288
5.243592,0.417535,9.878528,1.155639,1.155639,30.903209
4.916943,0.461439,9.082637,1.360634,1.360634,30.279143
4.802177,0.406090,10.069649,0.871933,0.871933,28.958925
4.766744,0.432787,8.962837,0.843010,0.843010,25.691155
4.808797,0.361722,9.840441,0.793501,0.793501,27.392631
4.942466,0.395009,10.645695,0.792158,0.792158,28.163558
5.106455,0.528363,10.326245,1.150022,1.150022,29.149801
4.723713,0.435943,8.364731,0.831659,0.831659,24.458093
4.890148,0.342634,9.675143,1.546351,1.546351,26.023215
4.702979,0.329658,10.964863,1.427010,1.427010,27.530651
5.185476,0.391351,12.024730,1.361994,1.361994,31.377110
4.927399,0.235956,12.211590,1.473164,1.473164,30.911867
4.947466,0.244456,11.265447,1.556518,1.556518,31.149708
5.502722,0.315301,13.117469,1.760820,1.760820,35.361950
5.676545,0.500748,12.415660,1.918215,1.918215,35.106908
5.390086,0.277208,12.389613,1.378848,1.378848,35.749367
5.208073,0.264807,12.778813,0.383641,0.383641,35.136436
5.206363,0.309856,13.887094,0.524202,0.524202,38.341430
5.659662,0.301290,13.845821,0.388897,0.388897,39.532575
5.182021,0.354522,10.871745,0.585409,0.585409,37.015063
6.083378,0.398730,10.038362,0.684331,0.684331,32.083229
4.767930,0.233268,9.385163,0.589626,0.589626,29.289486
4.985550,0.214354,10.276436,0.371906,0.371906,29.735892
6.229878,0.260224,12.499832,0.554942,0.554942,34.817890
4.619257,0.302009,15.521391,0.685627,0.685627,35.408352
4.735722,0.290344,10.823903,0.856811,0.856811,38.702955
4.691343,0.312388,11.836191,0.586077,0.586077,36.395797
4.845761,0.371385,12.726837,0.849482,0.849482,44.708221
5.050934,0.394599,11.590343,0.835075,0.835075,37.691705
5.354179,0.543649,11.323627,0.689418,0.689418,38.415426
5.586992,0.473820,11.149469,0.827656,0.827656,37.700881
5.431195,0.615200,11.143653,0.601816,0.601816,37.698130
5.248605,0.582589,10.346220,0.649980,0.649980,31.740432
6.712310,0.419038,11.579858,0.897391,0.897391,36.744147
5.546163,0.349345,15.101182,1.127515,1.127515,41.689447
5.001826,0.370081,18.554167,1.060357,1.060357,52.060541
5.258855,0.402717,12.517081,1.655175,1.655175,44.905573
4.938814,0.341209,12.948933,4.687756,4.687756,45.837343
5.037633,0.401988,12.628709,1.153219,1.153219,42.584851
5.651569,0.412856,11.722831,1.249820,1.249820,43.050804
4.999633,0.350788,11.402895,0.687734,0.687734,37.169848
5.315109,0.418500,9.160481,0.753527,0.753527,33.587784
7.025135,0.471569,9.662470,0.736903,0.736903,36.522731
6.059817,0.488935,10.349613,0.861890,0.861890,38.047394
7.705815,0.406611,10.999086,0.761615,0.761615,38.716935
4.906594,0.410898,7.652472,0.935515,0.935515,35.901060
5.076858,0.433107,8.552845,0.426095,0.426095,29.801750
4.873734,0.475282,10.184570,0.503180,0.503180,32.933833
4.980919,0.436382,11.022705,0.536327,0.536327,34.626044
5.870525,0.478988,11.456472,0.637291,0.637291,38.913784
5.233324,0.479059,10.779775,0.649300,0.649300,36.106622
5.548772,0.530636,11.511323,0.892922,0.892922,38.592694
6.348212,0.576215,11.942666,0.697643,0.697643,39.871730
6.978139,0.612561,13.347379,1.200382,1.200382,46.890505
6.575195,0.446298,14.171447,1.067229,1.067229,44.136925
4.841411,0.526570,15.472130,1.201007,1.201007,45.816344
5.200781,0.512446,13.158077,1.055936,1.055936,46.813817
4.759699,0.408634,12.626218,1.581354,1.581354,42.627146
4.901174,0.413300,13.082672,1.107858,1.107858,38.337531
4.842715,0.385879,13.856214,0.810850,0.810850,44.542437
4.997585,0.381840,12.952840,1.029186,1.029186,45.160886
5.530520,0.449022,13.132724,1.473029,1.473029,45.817257
5.333261,0.597597,13.623328,1.330954,1.330954,42.787021
6.735609,0.515833,13.779263,1.188239,1.188239,43.067671
6.722826,0.554204,13.393375,1.217733,1.217733,39.529572
5.397078,0.465719,15.165131,1.507443,1.507443,41.572740
5.948892,0.336171,15.314383,1.421772,1.421772,44.302438
5.077668,0.291334,19.362201,1.420165,1.420165,49.228410
6.007867,0.280721,19.919089,1.546242,1.546242,60.632947
5.119504,0.280105,16.151042,1.649567,1.649567,54.699394
6.166065,0.304886,20.047004,1.789712,1.789712,64.963223
5.270907,0.317710,14.449409,1.911425,1.911425,58.123413
4.792082,0.348429,13.369138,1.547471,1.547471,49.459585
5.852971,0.406119,13.162597,1.655479,1.655479,52.523004
5.552361,0.492586,12.955619,1.949344,1.949344,55.662811
7.378117,0.634153,14.507392,1.771465,1.771465,65.349863
5.211159,0.427949,17.936072,1.879305,1.879305,66.182388
5.115776,0.432902,12.451645,2.977626,2.977626,63.172922
5.142614,0.475650,12.782627,8.024219,8.024219,65.117590
6.149017,0.528965,13.006002,1.956109,1.956109,57.692272
6.054717,0.461975,13.544054,2.368518,2.368518,61.148808
5.169440,0.373616,14.083362,2.464339,2.464339,51.885475
4.966143,0.521301,16.019901,2.314257,2.314257,48.931294
5.133531,0.574922,13.357941,3.842104,3.842104,51.185750
5.538069,0.471388,13.337924,2.359940,2.359940,48.691102
5.735055,0.546337,13.562190,2.840809,2.840809,46.922244
6.850099,0.545534,14.346775,2.530631,2.530631,49.331584
5.006519,0.569627,18.119057,3.058560,3.058560,51.081630
5.396832,0.463712,13.305178,2.649160,2.649160,44.556460
5.358933,0.528433,14.013513,3.763297,3.763297,49.699496
5.360918,0.509796,13.961466,2.485021,2.485021,48.103510
5.336912,0.540005,10.535331,2.509404,2.509404,34.304997
5.868618,0.464810,11.692372,2.792424,2.792424,38.537482
8.356563,0.434897,14.925748,3.134667,3.134667,49.314891
4.975233,0.465892,12.417754,2.632707,2.632707,45.218743
6.035400,0.465293,14.053474,5.049436,5.049436,55.743361
5.078116,0.450839,13.648820,2.292933,2.292933,40.151175
5.804621,0.477474,13.252009,2.867612,2.867612,44.768263
5.606928,0.481715,20.822209,3.344355,3.344355,61.553446
5.566664,0.486736,13.509630,2.809087,2.809087,44.922189
4.916084,0.457122,9.542290,0.614641,0.614641,30.130302
7.231132,0.511666,10.558806,0.999752,0.999752,37.814361
4.991400,0.358644,7.726243,1.452678,1.452678,28.413856
5.376772,0.308477,7.258562,0.708723,0.708723,25.100949
5.292215,0.335048,8.078438,0.650513,0.650513,27.785667
4.901014,0.356732,7.811473,0.390617,0.390617,25.676752
5.391778,0.390366,8.825428,0.347832,0.347832,30.120233
6.213867,0.437563,9.376479,0.690370,0.690370,35.323582
5.053314,0.521605,17.135762,0.523698,0.523698,43.816135
5.484065,0.401496,10.400042,0.885895,0.885895,39.528606
4.883376,0.490952,11.170303,0.668097,0.668097,36.841459
5.454582,0.487448,12.306799,0.665469,0.665469,41.992847
5.409001,0.644976,12.900024,0.730384,0.730384,45.860022
5.319343,7.103862,13.988721,1.135384,1.135384,57.457777
4.784493,0.382346,12.521448,1.003324,1.003324,51.438689
4.950035,0.400175,12.465845,0.785235,0.785235,46.703545
4.942669,0.340491,12.972692,0.681919,0.681919,47.699030
5.756240,0.360352,13.157236,0.843337,0.843337,51.486006
5.974266,0.406900,13.783638,1.554932,1.554932,64.442427
5.220575,0.376357,17.371878,1.155643,1.155643,68.521261
5.471162,0.405908,12.643612,6.710422,6.710422,56.506461
5.282070,0.412271,13.509095,1.347252,1.347252,48.312970
5.404098,0.563022,19.280572,1.582010,1.582010,60.389211
5.082214,0.508078,8.226162,1.060492,1.060492,32.203319
5.173124,0.451849,7.058962,0.681789,0.681789,28.674624
7.625682,0.610183,6.388265,0.503676,0.503676,26.841873
5.261733,0.607994,6.391957,0.603766,0.603766,26.641119
5.060270,0.560788,8.204925,0.475819,0.475819,25.048926
5.094445,0.649874,8.459490,0.371726,0.371726,25.925105
6.924233,0.522034,9.530476,0.378160,0.378160,29.736543
4.951915,0.503231,9.492233,0.505249,0.505249,37.622245
5.340007,0.572740,9.430970,0.476081,0.476081,29.386029
5.409955,0.576054,10.783357,0.836504,0.836504,36.849168
5.789182,0.860054,8.287169,0.879365,0.879365,32.169659
5.825949,0.688632,9.283011,1.424187,1.424187,33.804808
5.625941,0.722795,10.379232,0.749860,0.749860,33.978509
5.719283,0.645337,10.273310,0.813289,0.813289,34.946347
5.810018,0.652958,17.262164,1.001343,1.001343,47.037227
5.745990,0.739142,7.965231,1.205364,1.205364,31.756760
5.887343,0.614429,10.425198,0.894960,0.894960,33.050637
11.556860,0.557802,11.883465,1.141620,1.141620,39.943402
5.159407,0.590940,8.408953,1.036329,1.036329,28.244296
5.788851,0.586498,9.493190,1.192735,1.192735,32.255616
6.752879,0.567982,11.051507,1.061971,1.061971,35.461168
4.825812,0.479513,9.431705,0.814933,0.814933,28.259874
4.787986,0.432876,11.467650,1.063503,1.063503,33.434067
5.577999,0.514115,13.153082,0.912008,0.912008,37.962196
7.467775,0.411577,13.912399,1.023840,1.023840,40.527494
5.394681,0.434197,12.528501,2.137943,2.137943,43.167456
4.999159,0.414075,11.789153,1.693567,1.693567,42.331340
5.743466,0.570209,12.978418,1.207155,1.207155,44.483616
9.739587,0.555979,14.126777,1.642219,1.642219,52.298720
5.292947,0.589555,11.973926,1.294346,1.294346,45.204506
5.460434,0.584473,12.440182,1.443489,1.443489,46.803334
5.860008,0.516946,13.023949,2.017654,2.017654,53.308620
5.083748,0.474708,20.045647,1.654858,1.654858,58.047164
5.282978,0.434345,12.453186,2.450059,2.450059,56.449594
5.141929,0.444281,12.819489,2.165636,2.165636,51.993370
6.154302,0.522496,13.157364,1.750063,1.750063,53.303817
7.262050,0.464564,13.380889,1.582403,1.582403,54.501217
5.338592,0.448616,12.472354,1.836532,1.836532,58.047812
5.407639,0.503322,12.636755,2.166592,2.166592,53.092755
5.253787,0.589032,13.105815,1.699583,1.699583,50.714663
5.572434,0.454985,20.102879,2.521818,2.521818,55.912281
5.418862,0.451271,12.587178,3.048247,3.048247,45.744998
5.352768,0.518243,12.396536,1.825460,1.825460,40.784575
5.704754,0.425337,13.106037,2.077748,2.077748,44.344815
6.932700,0.719019,13.164760,1.460822,1.460822,46.948314
5.036901,0.362923,18.568665,2.771793,2.771793,58.957150
5.058453,0.378956,13.464297,2.554863,2.554863,66.732056
5.314440,0.390158,13.296951,1.454262,1.454262,56.188143
5.438750,0.350667,13.255528,1.990272,1.990272,51.486986
6.575490,0.405123,13.369157,1.726427,1.726427,47.376226
5.305947,0.384002,12.796762,2.426938,2.426938,54.925662
5.756901,0.378167,12.740468,1.806394,1.806394,46.850491
9.121833,0.351171,14.530873,1.067128,1.067128,51.367629
4.853648,0.411247,9.817856,7.647707,7.647707,40.171871
4.643406,0.391857,7.359360,0.844536,0.844536,24.732701
5.075389,0.577960,8.100888,0.759764,0.759764,26.923429
9.320742,0.385947,9.560961,0.995632,0.995632,33.267956
4.910009,0.470465,6.930344,0.761892,0.761892,27.070985
5.143225,0.482975,7.834087,0.491040,0.491040,25.785556
5.013537,0.437234,9.131777,0.487565,0.487565,28.089718
7.917936,0.631814,11.973554,0.513092,0.513092,36.391485
5.027785,0.460940,11.067747,0.987334,0.987334,39.894950
5.247279,0.548751,11.679894,0.678326,0.678326,35.205602
5.414907,0.541603,14.650132,0.608621,0.608621,43.099438
7.659652,0.533033,15.126813,1.194169,1.194169,47.721156
4.984957,0.483722,12.073705,1.397204,1.397204,38.525404
5.129979,0.444704,11.102473,0.575698,0.575698,35.010348
5.130871,0.552164,9.426110,0.671521,0.671521,32.112376
6.445357,0.673817,10.650037,1.243302,1.243302,36.226969
4.860300,0.497867,9.959895,1.318616,1.318616,42.899821
5.497193,0.511929,9.095863,0.728939,0.728939,30.705388
6.360245,0.598283,9.135771,1.291620,1.291620,34.459369
5.469973,0.653616,7.652294,1.318617,1.318617,33.950794
4.806345,0.723953,8.600450,0.754553,0.754553,26.899065
11.668646,0.464027,8.882120,0.778183,0.778183,35.383158
5.358771,0.592644,6.331588,0.412009,0.412009,21.760894
5.614792,0.546502,6.262535,0.397675,0.397675,22.614350
4.964040,0.509359,6.771820,0.520075,0.520075,25.071648
4.902783,0.478414,7.984720,0.351443,0.351443,25.595658
5.274426,0.484931,8.633361,0.334269,0.334269,27.684968
5.973122,0.482908,10.285766,0.437465,0.437465,34.396002
5.490092,0.571513,22.444308,0.713140,0.713140,51.283722
5.688011,0.551602,12.024040,0.561310,0.561310,39.472890
5.357860,0.587639,11.837053,0.429810,0.429810,38.679148
5.144748,0.546024,20.889077,0.997333,0.997333,52.492425
5.205523,0.548500,11.769738,1.013185,1.013185,44.211591
5.553816,0.616437,12.032410,0.929379,0.929379,43.705922
5.730745,0.556172,12.934534,0.739597,0.739597,47.237510
5.220400,0.473593,22.065775,1.091940,1.091940,61.533657
5.444136,0.519131,12.145384,1.951744,1.951744,51.864656
5.299889,0.535758,12.207715,0.929959,0.929959,51.640699
7.150389,0.705769,13.179511,1.007457,1.007457,67.572041
5.584476,0.506423,12.560618,1.480160,1.480160,67.626307
5.853978,0.632337,13.296024,1.388765,1.388765,61.176328
8.146614,0.568909,13.850060,1.242765,1.242765,62.879670
5.618105,0.576906,24.606152,1.319359,1.319359,77.785632
4.945060,0.517616,12.883540,8.742809,8.742809,60.872896
5.306079,0.515917,13.137681,1.608145,1.608145,46.588150
13.739455,0.858188,13.815693,2.116259,2.116259,51.967135
5.080817,0.509715,11.734979,1.557511,1.557511,42.373786
5.186083,0.750358,11.715417,1.783168,1.783168,42.157486
5.202448,0.558740,19.268250,1.659961,1.659961,54.032199
5.175101,0.539336,13.562268,1.839661,1.839661,43.428615
5.124113,0.741070,12.212602,1.722688,1.722688,41.184725
4.937176,0.497706,9.057358,1.644115,1.644115,30.459144
5.377669,0.645524,10.292447,1.665340,1.665340,33.558680
6.804490,0.566131,12.917603,1.908530,1.908530,39.762586
4.995663,0.469183,11.477540,1.841184,1.841184,35.243553
4.903463,0.521222,12.283487,1.953548,1.953548,36.325086
5.321973,0.558027,13.952871,2.047315,2.047315,42.558429
12.350409,0.448339,17.225250,3.100874,3.100874,57.456727
5.601941,0.510998,13.546684,2.519299,2.519299,40.599476
5.608149,0.442795,14.160529,2.029823,2.029823,41.499007
5.156344,0.452952,19.052263,2.395390,2.395390,48.841823
5.378953,0.519163,13.910248,2.301646,2.301646,39.891206
5.128497,0.570630,13.621111,2.554221,2.554221,41.080239
7.160149,0.642711,15.507159,2.521979,2.521979,46.735234
5.122822,0.571963,15.066934,3.014054,3.014054,44.956144
5.463753,0.551334,15.965884,2.556925,2.556925,43.636834
5.005785,0.418948,23.906308,2.374547,2.374547,57.010865
5.398976,0.390061,14.837125,3.062693,3.062693,51.885922
5.453469,0.433113,18.193048,3.157262,3.157262,57.571219
7.295962,0.472005,15.655142,2.743606,2.743606,54.712218
5.154923,0.311116,14.676304,3.372474,3.372474,64.147835
5.806031,0.435658,15.015487,2.295263,2.295263,55.165199
9.868715,0.527350,16.662420,2.601914,2.601914,66.212597
5.457391,0.390667,14.391784,3.358121,3.358121,92.008424
5.752906,0.404483,14.245514,12.399703,12.399703,76.010511
11.130232,0.374892,16.963273,2.428223,2.428223,79.521523
5.868529,0.428877,14.700414,4.076725,4.076725,82.345050
5.662567,0.476406,14.153226,3.506861,3.506861,82.324434
6.193381,1.004962,16.894449,2.853075,2.853075,79.038681
12.473572,0.644074,17.568317,2.270374,2.270374,84.431028
5.903289,0.545508,13.060854,1.398504,1.398504,51.653135
5.107984,8.753133,14.733468,1.426392,1.426392,62.271290
4.891484,0.414938,10.016780,1.376950,1.376950,42.960549
6.665271,0.543898,7.209996,1.197142,1.197142,34.278651
5.112424,0.518570,7.599362,0.592300,0.592300,29.528458
5.062891,0.536133,7.800469,0.651835,0.651835,28.710150
5.885526,0.534524,8.817640,0.838570,0.838570,39.521179
5.348018,0.624249,8.612102,0.560240,0.560240,31.658137
4.920888,0.531727,9.080557,0.624307,0.624307,31.103262
4.936996,0.546159,10.770076,0.604733,0.604733,34.135491
5.009453,0.597596,22.920847,1.179059,1.179059,54.769426
4.990255,0.505939,12.164475,0.980190,0.980190,38.254603
5.000808,0.477348,12.965579,1.006946,1.006946,41.789165
6.723089,0.641981,13.450114,0.995787,0.995787,46.154481
5.064988,0.460947,22.296459,1.265689,1.265689,62.168980
5.258756,0.470926,13.288382,1.102384,1.102384,57.857635
5.363163,0.464217,13.577425,0.815669,0.815669,50.136972
9.417944,0.321880,14.834767,0.882106,0.882106,62.085219
5.107921,0.442986,12.496956,1.428305,1.428305,62.663328
7.724387,0.585579,13.558214,1.467779,1.467779,65.736382
5.482329,0.567562,12.920169,1.385664,1.385664,56.844222
6.187567,0.554185,12.795421,1.728313,1.728313,62.886369
5.302788,0.530357,13.454719,1.772233,1.772233,69.158655
7.203589,0.658742,14.735912,1.879153,1.879153,57.542847
5.212362,0.543876,13.358674,1.935271,1.935271,51.653318
7.135767,0.691276,14.335615,1.918715,1.918715,62.118481
5.859793,0.425319,14.839065,1.715390,1.715390,59.108347
5.493561,0.390199,13.988258,1.862769,1.862769,57.573958
14.340347,0.326108,15.866296,1.697389,1.697389,73.545149
5.174431,0.433720,12.751288,2.139664,2.139664,55.304217
6.248187,0.950478,14.079575,2.041488,2.041488,57.026731
5.797111,0.541205,13.061806,2.278497,2.278497,80.878687
6.606538,0.593035,12.965919,1.796308,1.796308,48.110830
4.898735,0.545766,12.012455,2.273941,2.273941,53.666810
6.342343,0.537574,12.801444,2.137328,2.137328,48.087680
4.972358,0.528978,25.399273,2.800472,2.800472,67.024729
5.734221,0.538109,13.828444,3.269570,3.269570,57.987986
5.147720,0.443195,13.043753,2.093074,2.093074,50.616823
7.769288,0.548204,18.511133,2.295541,2.295541,68.034682
5.358970,0.379152,25.770032,2.964859,2.964859,69.950972
5.055433,0.364481,13.602480,2.389857,2.389857,49.479242
8.047393,0.567332,14.332133,3.374226,3.374226,69.770638
5.300711,0.534137,13.106871,2.362589,2.362589,50.368969
5.321114,0.613247,12.826959,2.979836,2.979836,46.912827
4.949261,0.520259,12.585972,3.262384,3.262384,56.533454
5.358865,0.569587,25.354287,2.618153,2.618153,64.554550
5.356188,0.673040,11.273032,1.748069,1.748069,41.650500
4.873253,0.449553,12.409014,2.870920,2.870920,43.017347
5.037564,0.413857,9.332789,1.773885,1.773885,31.705121
5.630072,0.861730,11.589300,3.451125,3.451125,40.441012
5.307343,0.411641,13.502552,4.302629,4.302629,50.391351
5.558667,0.377920,12.835542,3.378767,3.378767,47.725186
5.864628,0.390608,14.161958,3.466203,3.466203,57.502112
14.003302,0.295355,15.752271,3.021829,3.021829,70.338232
5.156076,0.436728,14.495427,3.776883,3.776883,57.740593
6.889155,0.506973,14.622894,3.346947,3.346947,52.398126
5.545647,0.397890,13.687045,5.226779,5.226779,71.069293
5.973130,0.602313,13.945520,3.218495,3.218495,55.268349
5.264389,0.542170,12.525202,4.638006,4.638006,54.237649
7.728422,0.646313,14.078166,4.236448,4.236448,67.420799
5.594414,0.662523,13.035661,3.996151,3.996151,67.981937
5.589219,1.270878,14.963105,3.955512,3.955512,60.934582
5.453984,0.495900,13.176026,5.280979,5.280979,54.275587
5.451048,0.517990,12.972287,3.862163,3.862163,54.226237
5.622526,0.556488,12.185823,4.329105,4.329105,57.144074
5.567085,0.522394,13.519727,4.858186,4.858186,60.543505
5.780830,0.396690,15.673115,4.551763,4.551763,61.851224
5.412165,0.443939,13.455871,3.819239,3.819239,41.988689
6.610965,0.375573,13.863248,3.146187,3.146187,46.965147
5.485691,0.458043,13.632951,3.557941,3.557941,46.881791
5.364170,0.369617,14.464238,4.156996,4.156996,61.521956
5.443818,0.390882,14.203830,4.340880,4.340880,61.187751
5.327983,0.383547,14.058333,2.604458,2.604458,54.548293
5.136486,0.417777,11.161765,2.253425,2.253425,36.566402
6.248374,0.461554,11.499176,1.057147,1.057147,35.752421
4.881213,0.336152,11.351931,1.090435,1.090435,42.421345
5.269991,0.520333,12.004526,0.850310,0.850310,35.168412
4.661337,0.310682,9.948379,0.851841,0.851841,29.653753
4.817983,0.339321,9.606315,0.600421,0.600421,29.644993
15.237006,0.410773,12.372731,0.972567,0.972567,45.284782
4.802881,0.348379,10.735969,0.783240,0.783240,41.456042
4.691089,0.394904,11.816360,0.696083,0.696083,32.406968
5.419070,0.393121,11.660792,0.807511,0.807511,35.123403
13.845872,0.404259,14.269773,0.509559,0.509559,47.087254
4.821729,0.314580,11.478774,0.758952,0.758952,45.609785
5.147233,0.379309,12.155533,0.921722,0.921722,37.565126
4.973782,0.404167,12.688685,1.197304,1.197304,39.213688
5.315645,0.431800,14.668940,0.820992,0.820992,46.244403
5.187646,0.454648,13.908790,1.253450,1.253450,51.275532
6.929427,0.594475,14.189151,1.095819,1.095819,50.327510
5.367875,0.534654,13.772090,1.192728,1.192728,59.138697
5.980570,0.899707,14.899967,1.079919,1.079919,55.404815
5.158327,0.499124,15.039686,1.362052,1.362052,55.334890
5.598163,0.534614,14.346320,1.130094,1.130094,56.107635
5.911241,0.466379,14.333704,1.711658,1.711658,70.533293
5.471756,0.541204,14.823861,1.120295,1.120295,58.295603
19.696613,0.428794,16.329929,1.142841,1.142841,77.921840
4.969086,0.500170,13.482654,1.254361,1.254361,55.049243
6.267094,0.858425,15.503705,1.419170,1.419170,67.489989
5.523003,0.572951,14.784216,2.488888,2.488888,65.520199
5.137724,0.628832,14.399593,1.609072,1.609072,57.826552
4.860228,0.627126,24.988426,1.394857,1.394857,56.167586
5.065608,0.424734,14.580199,1.830565,1.830565,62.443045
5.263890,0.548889,13.482252,1.622638,1.622638,45.712603
5.383603,13.581094,16.667045,1.990230,1.990230,64.441407
4.921176,0.465324,12.606664,1.748541,1.748541,37.043789
5.640662,0.463412,12.757815,2.002252,2.002252,37.597162
4.695101,0.491159,10.981379,1.458343,1.458343,33.916287
5.478539,0.636611,12.711011,1.396010,1.396010,38.619738
15.982500,0.606501,15.464014,1.644640,1.644640,53.289226
5.316388,0.511184,14.502063,1.925955,1.925955,43.723699
5.973292,0.615154,13.026619,1.733989,1.733989,38.105186
5.241457,0.397956,11.264388,1.298220,1.298220,30.216389
5.059756,0.398407,11.952799,1.562144,1.562144,34.055322
20.245840,0.413292,14.659554,1.758884,1.758884,52.904717
5.352225,0.533741,11.167879,2.184192,2.184192,34.191292
5.015407,0.506650,11.898166,1.748254,1.748254,34.800231
5.177828,0.445118,28.067206,1.658647,1.658647,54.391003
5.062337,0.405712,12.784775,1.822501,1.822501,35.351872
5.404042,0.558690,12.935560,1.619938,1.619938,35.279039
5.619127,0.420213,14.035328,2.563755,2.563755,40.295499
5.144304,0.482836,11.799369,1.675350,1.675350,36.851664
5.020922,0.767542,14.395606,2.053969,2.053969,43.591172
5.140687,0.580728,12.308902,2.333403,2.333403,53.493696
5.522392,0.565515,13.910282,2.254150,2.254150,43.395188
5.932262,1.083241,15.090549,2.826554,2.826554,49.813102
5.408919,0.474816,13.563454,3.045716,3.045716,66.686736
5.008427,0.519575,13.999514,2.417519,2.417519,45.395533
5.908279,0.470725,14.468807,2.229316,2.229316,48.945535
5.016074,0.401554,13.436316,4.052436,4.052436,49.052920
5.216085,0.472759,13.089603,2.543215,2.543215,45.952385
6.086829,0.746903,14.323532,2.847408,2.847408,52.617725
5.223590,0.458668,13.894230,2.758417,2.758417,71.666292
5.499327,0.425671,13.630606,2.777036,2.777036,48.577542
5.115349,0.404844,14.306819,2.791752,2.791752,50.284820
18.135291,0.360765,15.699560,2.561571,2.561571,69.937841
5.060735,0.447057,13.365930,2.704344,2.704344,49.302797
6.850304,0.532640,14.482550,2.921339,2.921339,56.040110
5.084186,0.564259,13.370359,2.865028,2.865028,46.650333
4.954954,0.523564,25.102226,2.457940,2.457940,66.643170
5.355206,0.859200,9.682120,3.127471,3.127471,39.485802
5.039756,0.515645,9.795295,3.364224,3.364224,45.115285
4.834994,0.506913,11.143891,2.910338,2.910338,37.467173
5.571285,0.465789,11.131269,2.663845,2.663845,35.321767
6.061759,0.528277,13.302608,3.254701,3.254701,40.521284
5.187664,0.340580,11.376957,3.283126,3.283126,49.409719
5.093733,0.354282,14.366528,2.482350,2.482350,41.194947
5.360664,0.375104,13.919183,3.197635,3.197635,54.042277
4.868340,0.312612,26.631878,2.026234,2.026234,56.878281
5.315431,0.355184,31.846882,4.276886,4.276886,74.265524
5.064605,0.358532,14.038125,2.094079,2.094079,41.625977
4.979891,0.372217,12.244522,14.659167,14.659167,54.077831
5.095623,0.362689,11.594093,1.553527,1.553527,38.280272
4.935813,0.585449,9.086538,1.160893,1.160893,31.016362
4.958539,0.446396,24.657848,1.595273,1.595273,48.846619
5.358492,0.536388,7.550285,1.019533,1.019533,28.290454
4.935132,0.445591,21.976803,0.862911,0.862911,45.433203
4.788500,0.418841,9.520464,0.602050,0.602050,29.226594
4.952103,0.386466,9.106088,0.822168,0.822168,34.474946
5.275760,0.492218,9.981995,0.382203,0.382203,31.208573
5.332228,0.412799,23.412574,0.792185,0.792185,51.554768
5.018529,0.439480,12.241723,1.196845,1.196845,42.318840
5.280253,0.363903,17.650040,1.250208,1.250208,60.169213
4.928263,0.416842,12.702816,0.651386,0.651386,37.960909
5.167318,0.590009,13.474066,0.944216,0.944216,45.152097
5.062664,0.392380,26.589496,1.204692,1.204692,63.850568
4.997653,0.371331,12.426232,0.757638,0.757638,41.256309
6.666869,0.574443,14.139460,1.038399,1.038399,54.719839
5.196742,0.336075,12.425677,1.229139,1.229139,59.545386
5.343840,0.394189,13.321503,1.176861,1.176861,50.733890
5.328029,0.393496,13.026263,1.837941,1.837941,75.218645
5.456399,0.522825,13.766321,1.255134,1.255134,56.125071
5.058728,0.380393,12.847353,1.514725,1.514725,53.248014
5.544556,0.907390,14.334490,1.274860,1.274860,55.703997
5.527630,0.737588,13.234141,1.535434,1.535434,51.631561
6.064535,0.514409,15.401750,1.316339,1.316339,52.446448
5.351668,0.645633,7.657120,0.817419,0.817419,32.602013
5.282291,0.818420,6.517323,0.497274,0.497274,23.370146
4.982453,0.566996,24.696442,0.554430,0.554430,45.698540
5.275797,0.570999,8.115441,0.405592,0.405592,24.707021
5.421427,0.458402,7.085580,0.393671,0.393671,22.935369
4.982431,0.411562,8.375599,0.676648,0.676648,43.529956
4.951814,0.387768,8.584407,0.420506,0.420506,24.644060
5.297958,0.396332,25.196489,0.565990,0.565990,45.918090
5.105659,0.325251,10.988722,0.386365,0.386365,29.264029
5.582543,0.352875,10.869937,0.718464,0.718464,43.242308
5.186824,0.351162,12.689729,0.784238,0.784238,41.508760
5.415782,0.451861,28.993268,0.679350,0.679350,58.201145
5.431180,0.568885,14.100748,0.839390,0.839390,42.730975
5.338055,0.563776,12.863363,0.602311,0.602311,39.566494
5.022055,0.445494,28.313285,1.019104,1.019104,60.858562
5.683721,0.466091,10.973055,0.790519,0.790519,34.408235
5.155475,0.453825,9.884215,1.264587,1.264587,46.882495
5.345490,0.391785,13.002201,0.762322,0.762322,40.725069
5.441007,0.551114,10.088593,0.846990,0.846990,31.955923
4.620592,0.466801,9.009673,1.017801,1.017801,29.832664
18.149621,0.445887,12.070163,1.021482,1.021482,46.916399
4.686750,0.352763,10.787539,1.016550,1.016550,31.432884
5.065944,0.574416,25.125209,1.322472,1.322472,48.737777
5.040351,0.416603,11.370490,0.975899,0.975899,32.839693
5.413134,0.511284,11.947881,1.300426,1.300426,34.133350
4.717280,0.491540,9.938638,1.359334,1.359334,29.456681
4.611578,0.464566,9.243328,1.155101,1.155101,26.946349
5.555119,0.507484,8.998880,1.662974,1.662974,28.150345
5.165803,0.430933,8.550142,1.529100,1.529100,25.832749
4.912973,0.378264,10.072428,1.537776,1.537776,29.518843
5.510404,0.495507,9.337386,1.886345,1.886345,32.823413
4.847042,0.445394,9.348294,1.710784,1.710784,41.071841
17.551446,0.611503,13.649959,1.796845,1.796845,49.499789
5.654452,0.508755,12.841945,1.624674,1.624674,36.765367
5.472132,0.626386,15.187776,1.650966,1.650966,40.595683
4.982828,0.673241,12.216467,1.212354,1.212354,32.046686
5.338315,0.419390,13.144685,1.074657,1.074657,34.296878
4.708960,0.364487,8.675288,1.001280,1.001280,25.941041
5.938869,0.347721,10.713568,1.116109,1.116109,28.894664
4.986321,0.334459,11.279571,2.110509,2.110509,40.224744
5.025327,0.382837,12.130165,1.532940,1.532940,31.627113
4.998494,0.346546,14.373976,1.410914,1.410914,36.046300
4.846188,0.350356,12.766874,2.087163,2.087163,35.414392
5.078316,0.364868,28.091354,2.655626,2.655626,57.341838
5.247609,0.431526,14.522983,1.221043,1.221043,40.027191
5.463901,0.410823,16.467477,1.460806,1.460806,45.274459
5.283441,0.498805,10.762647,1.774254,1.774254,31.746215
5.786983,0.561325,7.423021,0.670036,0.670036,25.457140
5.201552,0.499368,5.148584,0.479935,0.479935,19.658095
6.906088,0.589915,3.764976,0.330413,0.330413,19.808968
5.692333,0.471221,6.321860,0.293482,0.293482,22.988142
20.874409,0.478874,6.304893,0.392180,0.392180,42.632063
5.581604,0.507921,8.934487,0.643661,0.643661,31.990216
5.141920,0.623433,6.302688,0.552494,0.552494,38.044486
4.950626,16.838122,8.194649,0.710756,0.710756,48.677955
5.644290,0.702700,8.293751,0.534154,0.534154,31.174217
5.430732,0.589149,8.217527,19.686187,19.686187,51.467910
5.336828,0.642633,13.281268,1.382005,1.382005,43.342508
5.509100,0.911158,9.831024,0.726451,0.726451,40.615809
4.983225,0.579373,10.731984,0.598501,0.598501,34.316004
5.331635,0.638280,10.928973,0.776595,0.776595,37.540610
19.490311,0.783598,12.796516,0.759037,0.759037,56.932121
5.377176,0.664118,11.965166,0.747629,0.747629,42.076913
5.828673,0.599996,11.795934,0.842504,0.842504,42.865611
6.004791,0.657443,13.134044,3.336427,3.336427,61.933574
6.903017,1.139634,14.263213,0.833868,0.833868,56.669392
5.337392,0.728617,13.811391,19.315943,19.315943,68.453656
5.574716,0.645232,14.814218,1.217473,1.217473,53.858089
5.676474,0.585680,13.181081,1.053446,1.053446,46.206086
6.212145,0.516000,12.815287,1.106283,1.106283,48.904832
5.264633,0.445789,12.508325,1.566249,1.566249,70.149171
5.930248,0.759946,13.979192,1.292371,1.292371,54.844647
6.175026,0.528649,12.638983,1.381232,1.381232,48.022845
5.279836,0.491384,12.710847,1.505895,1.505895,54.144642
5.706493,0.610173,12.433041,1.559239,1.559239,51.892492
5.915710,0.894162,13.727274,1.268789,1.268789,50.352181
5.169455,0.692573,11.916421,1.629233,1.629233,41.218116
4.906110,0.536222,12.532464,2.179479,2.179479,48.457073
5.778336,0.560409,11.113838,3.064794,3.064794,56.019655
17.766888,0.398650,9.599044,1.599841,1.599841,54.468783
5.631553,0.495065,10.436384,1.712844,1.712844,38.816269
4.784763,0.451185,11.191477,18.731215,18.731215,56.729989
19.691550,0.343378,15.963541,2.255807,2.255807,61.970192
5.370540,0.401328,11.304538,2.192969,2.192969,40.914053
5.240478,0.388743,12.639669,2.493803,2.493803,51.443155
5.006421,0.449114,13.113358,1.936328,1.936328,67.387973
5.168480,0.453347,12.863760,2.789492,2.789492,45.059412
6.286310,1.180971,16.446994,2.616788,2.616788,60.083231
5.400153,0.626047,13.852007,2.077396,2.077396,44.748456
4.962025,0.519768,13.053527,1.440070,1.440070,40.506544
5.728942,0.525504,13.774232,1.273307,1.273307,43.547799
5.976690,0.583636,14.461568,1.628802,1.628802,47.338862
4.970726,0.486928,12.719734,1.658336,1.658336,38.138899
5.257164,0.393027,29.735553,1.589079,1.589079,68.160930
5.399250,0.494410,15.234790,1.316362,1.316362,47.515433
5.244256,0.541606,13.693453,2.767685,2.767685,47.307754
5.770672,0.618549,13.561494,1.490661,1.490661,45.809000
5.551335,0.608413,13.154931,1.382792,1.382792,41.963597
5.531389,0.699179,32.755550,1.551567,1.551567,64.906528
5.373939,0.482625,14.305652,2.949282,2.949282,43.401605
5.511460,0.524182,13.919363,2.042010,2.042010,41.497881
5.400542,0.537183,32.273265,2.137103,2.137103,65.513301
5.609169,0.498381,14.019771,1.725189,1.725189,45.176124
5.517808,0.478737,13.883555,18.641209,18.641209,61.931359
5.703995,0.812357,16.172077,2.146690,2.146690,49.605604
5.390706,0.425647,13.942386,1.804879,1.804879,49.414480
5.539858,0.346747,16.776889,1.913346,1.913346,51.518463
5.698917,0.425616,14.019633,2.023858,2.023858,54.748562
7.945402,0.548418,14.706128,2.458535,2.458535,56.305162
5.908523,0.394041,13.790367,2.118627,2.118627,72.408293
6.592415,0.384930,18.746180,1.805377,1.805377,63.456799
5.612441,0.409250,13.525392,4.221840,4.221840,73.390254
5.991611,0.513160,13.885472,2.477969,2.477969,64.037669
6.316602,0.534272,36.375349,3.727135,3.727135,112.545762
5.267954,0.476498,32.421544,1.162245,1.162245,74.043984
5.470850,0.580733,29.736867,4.133611,4.133611,76.641997
5.547374,0.610392,10.593173,2.174433,2.174433,43.168715
5.532761,0.575302,30.702875,2.688686,2.688686,60.949804
5.351987,0.524886,35.663341,3.222342,3.222342,93.395373
6.279706,0.555895,15.962669,3.597032,3.597032,78.528219
5.445146,0.554450,16.515459,3.061527,3.061527,73.095673
5.541899,0.554732,9.773555,2.420708,2.420708,52.255106
5.399649,0.639778,12.647021,2.744408,2.744408,51.827378
5.732053,0.685196,16.751537,3.601776,3.601776,54.213177
5.119313,0.613573,12.216922,2.422842,2.422842,46.000918
5.567314,0.577244,13.491995,3.756286,3.756286,61.030245
6.225703,0.532675,34.029648,3.123717,3.123717,75.496735
6.014075,0.665879,14.002754,3.637945,3.637945,51.416906
5.768579,0.591271,13.301480,3.527810,3.527810,46.377169
5.345156,0.636054,11.437528,2.554628,2.554628,42.657618
5.215107,0.661837,11.176412,2.628666,2.628666,52.873606
5.648799,0.507604,12.350066,2.686586,2.686586,37.833984
5.782838,0.667566,10.307836,2.501899,2.501899,35.365326
5.442631,0.574849,9.626160,2.262944,2.262944,32.170349
5.026837,0.584063,9.763023,2.138640,2.138640,31.502741
5.136941,0.825535,28.734111,1.664449,1.664449,54.904599
6.625629,0.664822,10.440699,2.815332,2.815332,39.711208
5.243465,0.650293,9.803366,1.382355,1.382355,48.433655
6.283150,0.893812,6.128018,1.191231,1.191231,30.527659
7.113125,0.975592,5.063377,0.514228,0.514228,23.807298
5.054884,0.517383,5.797994,0.504863,0.504863,20.937421
20.198079,0.657678,5.959789,0.633506,0.633506,41.396500
5.847643,0.732837,6.375166,0.499764,0.499764,23.471803
5.222700,0.494282,6.706385,0.387965,0.387965,22.970053
22.032799,0.592878,8.019091,0.521283,0.521283,45.513145
4.879539,0.422030,9.150060,0.572274,0.572274,28.604711
22.423019,0.580884,9.455798,0.534014,0.534014,50.911688
5.644288,0.415692,11.851555,0.659573,0.659573,36.163527
5.791758,0.606665,10.196145,0.847476,0.847476,35.910930
4.965755,0.640212,9.543784,0.571158,0.571158,30.469299
5.317005,0.523975,11.787000,0.659345,0.659345,35.810224
4.864773,0.461268,9.455348,0.658355,0.658355,29.255730
6.954097,0.456297,12.632802,0.791916,0.791916,38.431869
5.187264,0.414896,11.019290,0.849353,0.849353,43.873480
5.159947,0.455597,12.117505,0.861124,0.861124,36.223461
20.179203,0.511331,15.146800,0.962454,0.962454,59.931458
5.138538,0.484266,14.075329,1.332207,1.332207,47.103724
5.152077,0.410597,15.432682,1.102722,1.102722,45.453230
5.085915,0.402119,13.538289,0.970386,0.970386,43.594105
4.979926,0.465615,16.073275,1.176090,1.176090,51.028049
5.775942,0.501820,13.998723,1.415043,1.415043,40.893238
5.373561,0.682919,14.072708,1.449824,1.449824,62.043556
5.437225,0.331789,14.449535,1.158998,1.158998,47.726247
5.368936,0.493991,12.476169,1.242739,1.242739,38.361732
4.802506,0.521003,13.571426,1.267019,1.267019,40.222698
5.204445,0.473666,15.826054,1.345646,1.345646,45.341336
5.387768,0.477879,13.762089,1.541812,1.541812,64.688106
5.832503,0.455047,14.081667,1.308490,1.308490,42.567583
5.196463,0.537413,32.729174,1.672798,1.672798,71.604138
5.246741,0.423893,16.235529,1.519190,1.519190,50.151151
5.024564,0.478501,13.956176,2.352600,2.352600,58.260485
5.239060,0.445816,14.607028,2.138595,2.138595,49.770243
5.513302,0.487682,14.007496,1.561843,1.561843,48.263721
5.574761,0.517309,17.251970,1.774724,1.774724,59.255111
5.443967,0.465496,13.850873,1.757577,1.757577,49.412036
20.522010,0.420315,16.143387,2.069780,2.069780,69.995446
5.337777,0.515639,14.163568,1.892597,1.892597,43.020866
4.791237,0.498886,12.679844,1.885230,1.885230,39.766159
5.409126,0.616671,13.698567,2.132830,2.132830,43.459509
4.991116,0.630263,13.788291,2.603326,2.603326,50.329951
5.108105,0.448476,15.253931,1.989161,1.989161,43.493488
5.454603,0.467216,40.241719,2.447817,2.447817,82.359989
5.437339,0.400546,18.132896,1.973329,1.973329,50.184592
5.045354,0.447142,12.059816,2.319654,2.319654,38.648126
4.907537,0.480656,31.441033,2.194371,2.194371,65.112551
5.799380,0.605355,12.893045,0.951608,0.951608,39.035467
5.053407,0.503308,32.993592,2.213536,2.213536,64.112021
5.220366,0.437538,16.065364,1.835222,1.835222,44.463975
5.033519,0.478698,13.829069,2.595229,2.595229,66.071892
5.932310,0.584833,12.907900,1.135736,1.135736,40.220661
5.131447,0.480644,33.445129,1.924062,1.924062,65.526620
4.969938,0.482913,13.993214,0.954949,0.954949,38.144852
5.250482,0.356955,16.984343,1.566975,1.566975,45.099542
5.153668,0.410308,14.920450,1.481173,1.481173,42.119459
6.435534,0.541518,15.265740,1.300109,1.300109,44.350400
5.374509,0.378635,14.258684,1.040100,1.040100,40.582046
23.630042,0.379847,16.017876,1.706773,1.706773,63.715431
5.415854,0.526303,14.929757,1.924631,1.924631,44.420680
4.720170,0.456504,14.824202,27.647842,27.647842,67.566138
6.061521,0.560750,16.316690,1.692558,1.692558,49.406299
5.019754,0.441903,14.038564,2.035640,2.035640,55.470080
5.365683,0.369928,14.361437,1.162459,1.162459,43.467096
4.819864,0.413926,34.727384,3.137223,3.137223,76.604071
4.969722,0.439693,15.070158,2.067393,2.067393,43.132556
5.403421,0.303636,16.508472,1.822365,1.822365,47.494590
4.916251,0.328894,14.384488,3.160949,3.160949,51.969746
5.653940,0.466423,15.280070,1.167331,1.167331,45.098263
25.969420,0.272516,16.084682,2.391808,2.391808,75.083986
5.189119,0.365793,14.553580,2.233703,2.233703,45.841799
5.412090,0.469264,16.737635,2.031514,2.031514,54.216956
5.198535,0.449997,14.798310,3.540757,3.540757,48.640272
5.335556,0.369133,15.895394,3.581755,3.581755,53.443455
5.002202,0.399391,14.590368,23.777085,23.777085,70.149138
5.437061,0.384060,16.650092,1.444020,1.444020,49.673304
5.059007,0.449916,14.648509,1.759197,1.759197,63.254162
5.268051,0.368415,15.725345,1.296097,1.296097,49.319699
5.822119,0.462275,12.291013,1.470762,1.470762,40.151823
24.646923,0.695952,10.984530,1.946283,1.946283,59.758918
5.100796,0.444891,11.124497,1.301910,1.301910,32.419372
5.106875,0.370969,11.908434,1.522654,1.522654,36.155485
5.074346,0.412715,11.208262,1.747486,1.747486,32.666750
5.391885,0.444893,11.779565,1.708915,1.708915,35.764574
4.828079,0.417369,35.055190,2.919576,2.919576,60.731578
5.328794,0.395528,12.675763,1.796073,1.796073,35.922210
4.749803,0.391965,12.023609,1.476421,1.476421,33.165623
4.773208,0.458282,31.880207,2.227648,2.227648,59.008974
6.095822,0.432595,13.930375,1.594940,1.594940,38.222456
5.027379,0.420439,12.877582,2.345075,2.345075,52.183288
5.545243,0.385458,16.202789,1.883565,1.883565,44.819829
5.844747,0.419952,13.020753,1.038318,1.038318,37.428960
20.315993,0.500201,15.431571,2.446352,2.446352,61.172955
5.976790,0.574820,15.252993,1.088463,1.088463,45.062352
5.103297,0.506583,14.009445,1.061246,1.061246,45.124185
8.096210,0.520842,15.044465,0.939446,0.939446,49.175244
4.956158,0.435821,13.908023,1.333805,1.333805,57.876471
5.194171,0.418390,14.746235,1.689902,1.689902,49.437906
5.441890,0.401625,34.680278,1.273490,1.273490,75.332202
5.179384,0.375135,14.095345,1.370910,1.370910,47.408268
5.629587,0.338877,16.048369,1.730774,1.730774,55.237022
5.208952,0.412728,13.949444,1.472254,1.472254,53.740108
5.222702,0.422769,12.567649,2.086331,2.086331,59.145413
5.104246,0.526773,13.099856,1.486880,1.486880,44.036313
5.636490,0.562848,11.923698,1.679043,1.679043,38.851694
5.260049,0.528613,13.338845,3.542779,3.542779,65.361220
4.906041,0.451300,35.350946,1.577954,1.577954,68.139047
5.006918,0.499703,13.698900,1.295614,1.295614,43.959956
5.024837,0.479388,35.440288,1.917676,1.917676,74.441552
4.991376,0.427202,15.313669,1.411833,1.411833,46.794566
5.015678,0.443465,14.051350,1.579753,1.579753,48.282245
4.994994,0.459742,10.789260,1.599934,1.599934,56.539733
4.874999,0.583268,13.766222,1.342576,1.342576,37.142428
4.660369,0.412149,33.011606,1.324948,1.324948,61.848962
4.740660,0.420323,13.773036,1.134820,1.134820,36.286746
24.429693,0.350593,12.628375,1.529599,1.529599,61.719995
5.181909,0.415369,12.037636,1.482683,1.482683,37.542326
4.995680,0.438728,10.309742,1.542970,1.542970,48.749789
4.773871,0.470827,10.929947,2.150187,2.150187,60.450127
4.888057,0.768763,33.787286,1.509335,1.509335,60.643068
5.470920,0.403129,13.301459,0.913946,0.913946,37.167962
5.020359,0.350646,10.912451,0.999418,0.999418,34.042870
5.140646,0.424869,7.809438,0.977161,0.977161,27.845772
5.440244,0.524810,8.675565,0.949192,0.949192,28.500775
5.367531,0.571778,8.873545,0.668627,0.668627,28.390131
23.829875,0.511030,7.566644,0.642535,0.642535,46.278712
4.887795,0.517142,9.237733,0.769872,0.769872,28.384073
4.583533,0.465323,8.390656,0.613505,0.613505,26.046671
5.071512,0.417582,8.853742,0.934044,0.934044,42.079221
6.753783,0.465404,11.240548,0.615010,0.615010,32.923059
4.738190,0.361722,11.386882,0.618342,0.618342,30.498956
5.312599,0.473099,13.401465,1.158785,1.158785,50.883123
4.676828,0.371106,37.118509,0.999531,0.999531,66.671214
5.167411,0.298090,15.217026,0.748743,0.748743,39.432104
5.180302,0.387675,14.825563,0.926271,0.926271,39.165521
4.757960,0.365310,13.614185,1.219623,1.219623,49.396539
5.221522,0.381552,15.123789,1.986518,1.986518,55.219853
4.899710,0.411346,13.727896,1.033964,1.033964,41.874853
5.769492,0.338866,17.223171,1.165960,1.165960,50.062042
5.702389,0.339911,15.370048,1.336277,1.336277,46.447195
5.853999,0.851403,14.755123,1.154132,1.154132,48.361034
5.452694,0.527560,13.683136,1.295687,1.295687,46.303181
5.452043,0.643436,13.836547,1.334748,1.334748,52.874349
4.874715,0.524401,12.912125,1.115655,1.115655,42.979621
28.026728,0.653714,13.951001,1.448606,1.448606,78.823760
5.643059,0.502870,15.291604,1.019488,1.019488,49.146728
5.365754,0.495511,14.096026,1.476523,1.476523,64.749663
6.692277,0.441175,14.329845,1.590188,1.590188,53.165982
5.214295,0.494274,14.331717,2.409970,2.409970,64.230445
5.653820,0.419662,14.740028,1.536616,1.536616,52.251645
5.406366,0.427681,14.094134,1.996980,1.996980,54.437526
5.876002,0.369840,16.619082,1.797774,1.797774,51.292551
5.188966,0.427499,13.239871,1.608057,1.608057,46.588107
5.881170,0.454532,14.059254,1.665823,1.665823,45.796444
5.588472,0.672108,10.307011,0.890047,0.890047,39.965888
4.854115,0.585485,9.844360,0.761230,0.761230,32.842275
5.107481,0.536551,10.561066,1.064165,1.064165,32.167006
5.005658,0.447546,10.521313,0.897057,0.897057,30.619347
5.006670,0.484171,9.139784,1.097057,1.097057,28.033489
5.224152,0.572683,8.677430,1.148502,1.148502,26.967905
5.147600,0.484827,10.049866,1.844140,1.844140,33.045288
27.580807,0.614884,10.874022,1.620479,1.620479,59.021327
6.434507,0.535036,12.118333,2.061276,2.061276,36.391787
4.767559,0.436078,10.948468,1.039612,1.039612,29.798664
4.971551,0.458744,13.811816,1.158761,1.158761,37.774823
4.840227,0.368877,13.634917,0.964926,0.964926,35.698817
4.840200,0.411089,35.000290,1.723480,1.723480,66.898709
5.463937,0.423470,14.477709,1.654468,1.654468,40.531256
5.518946,0.424680,13.454052,0.961324,0.961324,36.986961
5.603635,0.641287,13.987685,1.181909,1.181909,40.838767
5.530501,0.514313,13.271653,1.507720,1.507720,38.971375
6.117167,0.837159,12.349319,1.276108,1.276108,38.894916
5.053397,0.451535,8.691921,1.444609,1.444609,28.157457
4.874409,0.425080,7.302129,23.906204,23.906204,47.511429
5.086798,0.523566,32.765742,1.764708,1.764708,53.761206
5.001887,0.445632,10.049616,1.313292,1.313292,29.527927
4.760287,0.493815,9.540115,1.527039,1.527039,29.002130
4.923777,0.476519,8.407832,1.461563,1.461563,27.337761
4.843317,0.446160,8.638969,1.799205,1.799205,51.521861
6.195682,0.520787,12.358724,1.984001,1.984001,36.290480
4.984911,0.551855,11.111513,1.627232,1.627232,32.809776
33.574182,0.624761,12.635619,1.914749,1.914749,68.233615
5.135277,0.421120,13.228367,1.680228,1.680228,37.421082
5.156612,0.849106,12.263755,2.385190,2.385190,35.764673
5.354273,0.611994,10.226387,1.697787,1.697787,33.157853
6.049072,0.640359,10.952587,1.804629,1.804629,36.189571
5.104143,0.637136,12.603516,2.128619,2.128619,40.643358
5.152616,0.612971,13.419605,25.653261,25.653261,62.331962
5.491743,0.526137,15.084011,2.239847,2.239847,47.045044
5.558631,0.579501,15.980805,2.629501,2.629501,48.691211
5.475703,0.517804,15.000782,2.189034,2.189034,45.319414
4.983055,0.458199,12.196230,2.197446,2.197446,37.582346
4.770525,0.462125,13.599874,2.103064,2.103064,39.493667
29.219241,0.439344,11.576335,3.479203,3.479203,66.363433
4.988777,0.524073,11.973942,2.278814,2.278814,38.701089
5.968311,0.577257,12.093393,2.430244,2.430244,41.461614
5.145560,0.546517,10.888155,2.053564,2.053564,35.429609
4.799826,0.497268,11.051693,2.755847,2.755847,50.107565
5.438706,0.506389,14.130878,3.198580,3.198580,47.778954
4.941006,0.537202,11.563076,2.661467,2.661467,39.241996
4.906464,0.487767,10.464675,2.782532,2.782532,35.127845
29.943722,0.533509,10.090655,3.533783,3.533783,61.777717
5.437028,0.472962,12.069308,1.969485,1.969485,36.405569
4.705055,0.472318,12.245020,2.741362,2.741362,35.654723
5.198512,0.441496,11.268937,2.197245,2.197245,54.735678
5.203356,0.432740,15.780514,2.659774,2.659774,47.198652
4.813192,0.495210,13.921913,3.027197,3.027197,47.492318
5.055031,0.481176,12.663636,2.996176,2.996176,54.863816
5.433931,0.643504,14.050255,2.870539,2.870539,45.511382
5.729676,0.478629,14.567317,3.530778,3.530778,61.283917
5.871630,0.464879,15.747273,2.889960,2.889960,47.807087
5.007033,0.383268,14.004341,2.986939,2.986939,43.951934
4.995050,0.383807,13.323822,3.679259,3.679259,71.155690
5.428599,0.505931,15.670704,3.385708,3.385708,53.942663
5.368684,0.458474,13.970013,2.959403,2.959403,41.294283
5.177151,0.409136,13.722991,30.621761,30.621761,70.193685
26.681594,0.342732,14.475109,3.597037,3.597037,69.939904
5.469889,0.378935,16.016694,3.615859,3.615859,48.880974
5.347155,0.467818,16.004773,3.746683,3.746683,51.241835
5.215163,0.453697,14.014494,3.915583,3.915583,47.353453
5.503829,0.563475,14.054848,3.169674,3.169674,41.849373
5.662141,0.502273,11.459553,3.828626,3.828626,40.416114
5.519787,0.507526,8.941342,4.386492,4.386492,64.591529
5.754742,0.569610,12.718286,3.759833,3.759833,39.779064
5.447850,0.467065,13.174516,4.377015,4.377015,41.125208
5.085141,0.518241,12.474630,3.577475,3.577475,36.603224
5.660659,0.506695,12.066947,28.993503,28.993503,61.902109
5.293455,0.544886,10.879308,4.324019,4.324019,63.677543
6.023795,0.491339,13.774166,4.525802,4.525802,45.094343
5.674029,0.513023,13.925224,1.841057,1.841057,38.376098
5.610331,0.403837,16.112464,1.786494,1.786494,48.703860
5.364245,0.371280,14.364080,2.312982,2.312982,44.510618
5.857610,0.411384,14.330182,2.685407,2.685407,72.777386
5.808747,0.364433,15.524638,2.204505,2.204505,47.851604
5.320223,0.355804,14.301543,31.650201,31.650201,75.540617
5.522788,0.381560,42.970633,4.329554,4.329554,82.747636
5.421738,0.451284,44.348900,3.249407,3.249407,79.309904
5.565413,0.442631,14.597822,1.998817,1.998817,48.716743
6.093120,0.541460,10.042914,1.633763,1.633763,36.138265
5.062376,0.476004,11.085015,1.817676,1.817676,58.644105
5.425068,0.506501,12.809910,1.946020,1.946020,40.964069
5.080590,0.402543,12.740487,2.425085,2.425085,69.468515
31.739052,0.394406,11.522024,2.208503,2.208503,68.493891
5.190435,0.462002,38.222570,1.652232,1.652232,65.298515
4.809609,0.565276,7.097895,1.832439,1.832439,52.464012
4.985362,0.607716,6.822628,1.417670,1.417670,49.349182
5.146452,0.603997,9.893335,1.544494,1.544494,33.730362
5.312437,0.712402,6.729479,2.175902,2.175902,31.472098
5.199660,0.972259,7.987929,1.665374,1.665374,27.467241
5.041420,0.633637,7.649290,1.525248,1.525248,25.415471
5.057959,0.500373,8.321242,1.393773,1.393773,26.006071
28.783803,0.581258,10.212436,1.907167,1.907167,57.384712
5.213018,0.434961,12.644346,1.549415,1.549415,35.241068
5.931637,0.453679,11.868107,1.573573,1.573573,35.349789
6.017988,0.451525,12.770369,1.974375,1.974375,37.431700
4.683981,0.385146,12.101407,1.503186,1.503186,35.135484
4.740232,0.489747,10.888780,1.353714,1.353714,53.781144
4.967904,0.407460,13.545409,0.642789,0.642789,38.833541
5.170299,0.529710,13.713195,0.760004,0.760004,40.622450
5.349773,0.448983,14.721481,1.150154,1.150154,45.365478
5.625579,0.568077,13.857033,0.851422,0.851422,43.956927
5.374193,0.609592,9.639805,1.065351,1.065351,33.395382
4.860540,0.586938,5.157815,30.224456,30.224456,51.325888
4.937239,0.572200,5.477978,0.621963,0.621963,19.398417
5.006972,0.445978,6.556845,0.431986,0.431986,21.161855
5.296636,0.416540,8.353254,0.681365,0.681365,26.712970
5.480371,0.558650,5.550363,0.435821,0.435821,22.968724
4.973845,0.600300,3.436397,0.403643,0.403643,19.143699
5.424463,0.645758,2.009804,0.803663,0.803663,20.156349
5.036314,0.717051,3.514528,0.473752,0.473752,18.696885
5.018974,0.645820,3.293167,0.373693,0.373693,18.585491
5.110749,0.502682,5.648696,0.679925,0.679925,23.690657
5.239039,0.615992,6.581303,0.684999,0.684999,27.318465
5.509183,1.014586,7.129668,0.558850,0.558850,27.550018
32.447684,0.797431,7.782682,0.638917,0.638917,60.816349
5.197209,0.667590,37.315795,2.251108,2.251108,62.465851
4.872845,0.610890,8.179307,1.001605,1.001605,59.910282
5.491695,0.594733,9.242352,0.717011,0.717011,31.769232
4.904882,0.566366,7.152323,0.559520,0.559520,25.050511
4.835970,0.483823,8.380850,0.724403,0.724403,28.890650
5.514509,0.500600,10.954411,0.947606,0.947606,35.373702
5.810858,0.504151,10.736425,0.918666,0.918666,35.977289
5.046173,0.597083,10.528925,1.181214,1.181214,34.690753
4.883707,0.515507,9.860860,1.335977,1.335977,34.755051
4.959287,0.511113,8.247438,1.260535,1.260535,48.085073
5.471620,0.517749,12.579716,0.933458,0.933458,36.933465
5.080379,0.596493,10.615558,1.301575,1.301575,35.525107
37.008732,0.623349,12.932415,1.221423,1.221423,80.079207
5.317830,0.692788,10.734429,1.400569,1.400569,60.195490
31.021914,0.640030,6.549689,1.929906,1.929906,58.623929
6.450822,0.597431,12.238360,1.978569,1.978569,43.964184
6.751454,0.743435,10.120584,1.509466,1.509466,38.659943
5.592290,0.572518,9.672152,1.340506,1.340506,31.999351
5.362644,0.638433,9.199466,1.706133,1.706133,31.447522
35.840235,0.627147,9.512710,1.814106,1.814106,65.056372
5.404601,0.587651,8.698385,1.709551,1.709551,30.313347
4.996239,0.594348,11.242234,1.997754,1.997754,63.881037
5.476156,0.527191,12.331655,1.821524,1.821524,38.351094
5.579276,0.608078,10.915125,1.484047,1.484047,33.212601
5.170321,0.509958,11.457106,1.550154,1.550154,34.494743
4.933831,0.525374,46.024763,2.581607,2.581607,85.882076
5.724189,0.558969,14.891203,2.024709,2.024709,45.372758
5.227237,0.583443,13.522656,1.705318,1.705318,39.718833
4.990510,0.692068,12.588677,2.049325,2.049325,37.110563
4.870109,0.536235,40.826955,2.682490,2.682490,77.138475
5.238852,0.499385,14.592457,2.077661,2.077661,41.899744
4.978933,0.453636,13.994400,2.518867,2.518867,58.381785
5.625988,0.501312,16.203707,2.361854,2.361854,50.017814
5.561539,0.471229,15.812978,2.057128,2.057128,49.981066
5.642335,0.628883,15.962369,2.356181,2.356181,51.948060
5.241304,0.480445,14.319041,2.138530,2.138530,48.405942
6.047057,0.565164,14.123042,2.560967,2.560967,51.088120
5.764350,0.594548,12.542662,2.922917,2.922917,46.598922
5.266612,0.604222,13.039977,2.508212,2.508212,53.366653
5.182328,0.587960,12.909301,2.426945,2.426945,56.999396
5.406972,0.603109,13.203200,2.602929,2.602929,50.625957
5.419309,0.525736,10.581253,33.740330,33.740330,78.569306
5.185793,0.546999,10.414866,3.120273,3.120273,57.163997
5.423916,0.594557,12.900843,2.658291,2.658291,42.913873
5.514046,0.549301,13.950384,2.909720,2.909720,53.445841
5.949266,0.691442,14.261305,2.495047,2.495047,54.261049
5.610553,0.559155,13.695541,2.914994,2.914994,49.646295
5.292851,0.551540,12.579880,2.605661,2.605661,43.193464
5.597388,0.567616,41.470039,2.814448,2.814448,81.935822
6.417441,0.613644,13.765662,3.335919,3.335919,60.702841
5.450608,0.462836,13.105897,4.128154,4.128154,72.993640
5.914027,0.466473,17.289977,3.405247,3.405247,62.463632
5.589021,0.438299,12.896955,2.602422,2.602422,46.753197
5.751755,0.457263,15.801787,2.709726,2.709726,62.424140
6.397776,0.540447,13.767174,2.511199,2.511199,58.861562
6.267781,0.480257,13.302280,4.356904,4.356904,69.879085
5.614935,0.561760,12.922724,2.913760,2.913760,56.509515
7.263460,0.810786,14.022930,3.733984,3.733984,80.557674
5.628589,0.573552,14.755759,2.862472,2.862472,64.521126
5.390934,0.596206,12.834799,4.382953,4.382953,69.467807
6.493701,0.663760,13.437806,3.552434,3.552434,57.546657
5.838286,0.716655,11.575421,3.471523,3.471523,58.334338
5.899455,0.774907,14.337555,3.439476,3.439476,57.045953
5.555064,0.693624,12.850336,3.358084,3.358084,45.406367
6.078467,0.530102,13.253617,3.232796,3.232796,44.081792
5.790574,0.521378,11.602050,32.549144,32.549144,76.022422
5.638083,0.621709,11.073587,2.858994,2.858994,39.503444
5.501278,0.561536,11.316518,3.050946,3.050946,39.299461
5.369641,0.598308,10.062947,4.268851,4.268851,56.349528
5.849070,0.586478,14.360616,3.694749,3.694749,52.772934
5.496326,0.543284,10.903013,3.442644,3.442644,39.428115
6.391928,0.547276,11.412731,2.857168,2.857168,39.989107
5.682862,0.522290,12.204183,3.718238,3.718238,40.473916
5.352568,0.518826,11.869889,3.500970,3.500970,40.405044
5.689204,0.550955,14.435375,4.822793,4.822793,47.338129
5.429402,0.550652,12.025351,2.577595,2.577595,39.051390
5.760408,0.459775,12.205270,3.084510,3.084510,38.736403
5.621205,0.473556,10.443813,3.850516,3.850516,57.325671
5.656708,0.399116,13.927441,1.926172,1.926172,41.292641
5.891012,0.399934,15.488933,3.371609,3.371609,51.010440
5.845419,0.491313,15.235464,1.305009,1.305009,49.791925
5.708159,0.537517,16.016455,1.070922,1.070922,51.576558
6.151377,0.670440,13.209738,1.234324,1.234324,47.425150
5.756736,0.709414,10.311325,1.786607,1.786607,60.289713
4.893745,0.632100,41.349047,1.092489,1.092489,74.056156
5.953885,0.753593,8.254378,1.397367,1.397367,41.767971
4.979304,0.708345,6.249322,29.846758,29.846758,53.314154
4.827363,0.436913,7.357107,1.015136,1.015136,26.245783
5.067992,0.336748,5.244339,0.839973,0.839973,47.634899
4.991063,0.434621,6.493436,0.748781,0.748781,27.340273
5.059093,0.374668,7.298063,0.762005,0.762005,26.549909
5.787970,0.437858,10.557104,0.931324,0.931324,37.441120
5.581782,0.483809,13.062247,1.151608,1.151608,46.207109
6.980630,0.623797,10.229453,0.911486,0.911486,43.145077
5.386179,0.604336,10.356540,0.673646,0.673646,37.639680
5.455375,0.458582,10.813541,0.945630,0.945630,39.577476
5.414545,0.479062,10.482774,1.502853,1.502853,63.654456
34.206837,0.471930,12.535968,1.350898,1.350898,81.663275
5.452232,0.517449,12.012985,1.187365,1.187365,46.124806
5.275498,0.482067,11.757396,1.099929,1.099929,46.254870
29.738399,0.604037,12.775092,1.746553,1.746553,96.301061
5.629061,0.588982,15.009185,1.290044,1.290044,59.498824
6.131374,0.892969,13.516771,1.716291,1.716291,63.744303
5.257624,0.615909,12.942294,1.675208,1.675208,83.216939
5.508476,0.548299,15.747549,1.254701,1.254701,64.604818
6.499017,0.581518,14.446249,1.527315,1.527315,63.758192
5.295418,0.541642,14.078969,1.376942,1.376942,67.620025
5.267251,0.548100,14.501433,1.824028,1.824028,78.316565
4.964295,0.523617,13.009167,2.563347,2.563347,95.649434
5.858643,0.525519,14.606830,2.176026,2.176026,83.411525
5.644313,0.582999,13.367462,1.870544,1.870544,50.251889
5.521013,0.442127,43.287721,1.823096,1.823096,97.503849
5.379416,0.459188,14.335335,1.618558,1.618558,48.118987
5.304349,0.418101,13.527238,1.378058,1.378058,46.291975
5.000648,0.524674,13.778524,2.024661,2.024661,44.665056
5.428387,0.516340,14.741242,2.353837,2.353837,50.799825
5.837502,0.447332,13.902023,1.832679,1.832679,49.046532
5.014668,0.427523,13.290561,1.670486,1.670486,42.162428
5.305566,0.485164,13.400361,2.422584,2.422584,47.630157
5.362438,0.562667,15.457878,2.516327,2.516327,48.814841
5.533331,0.428013,14.184678,2.560469,2.560469,62.559846
5.722484,0.346698,15.516724,2.259560,2.259560,53.767627
6.111798,0.402863,18.375470,2.664170,2.664170,65.437325
5.627753,0.612657,15.475302,2.984028,2.984028,61.220363
5.523821,0.526968,16.155494,2.438173,2.438173,59.525554
34.500939,0.743225,13.484003,2.441633,2.441633,91.078956
5.394536,0.615697,12.418320,3.018867,3.018867,76.943257
5.421262,0.541034,12.669897,3.069329,3.069329,62.819529
5.722942,0.587709,44.131722,2.747922,2.747922,89.427587
6.031380,0.512288,12.868650,2.804140,2.804140,51.396604
5.947022,0.493116,12.498871,2.369487,2.369487,51.449381
5.643866,0.499322,12.242775,2.981835,2.981835,52.398033
5.381467,0.490239,12.354657,3.186375,3.186375,81.809299
5.556071,0.650383,13.251780,6.188611,6.188611,108.458312
5.866766,0.703848,12.953097,3.361602,3.361602,58.151330
5.926182,0.569260,14.843718,2.936743,2.936743,66.993332
5.688842,0.609655,15.573631,2.785385,2.785385,57.852149
5.814747,0.631585,11.892618,3.021885,3.021885,56.197986
5.217693,0.625408,8.095512,3.672243,3.672243,60.535681
5.428885,0.531232,13.759907,3.515678,3.515678,47.653773
5.502041,0.550020,10.827841,3.134404,3.134404,41.442316
5.508525,0.521379,11.846597,3.190758,3.190758,42.769774
5.377225,0.619922,12.369498,3.643846,3.643846,40.969258
5.288160,0.564935,13.683911,3.417842,3.417842,42.514621
5.292910,0.539342,13.609899,4.598556,4.598556,78.757379
5.587449,0.573943,16.473235,3.670179,3.670179,51.976024
5.761559,0.474451,15.719048,2.702376,2.702376,52.108066
8.049390,0.611762,14.133509,3.551596,3.551596,51.719545
5.612187,0.575600,13.571900,39.071417,39.071417,85.060035
36.831340,0.601447,14.378927,3.248635,3.248635,86.942879
5.904211,0.539377,14.804417,3.208326,3.208326,51.760857
5.264584,0.399451,14.345115,3.936518,3.936518,50.335164
5.988295,0.438367,14.668106,3.864046,3.864046,52.252093
5.632413,0.370368,46.451348,3.151172,3.151172,95.786953
6.333024,0.325658,15.711778,3.299556,3.299556,59.173756
5.926989,0.380662,16.455862,3.666949,3.666949,62.950586
5.855505,0.342790,16.075413,3.699430,3.699430,65.859363
5.935692,0.327049,16.336935,2.736862,2.736862,66.348149
6.147793,0.375734,14.822850,3.330774,3.330774,94.397229
6.356605,0.365977,16.771890,2.647119,2.647119,86.175137
6.574402,0.322060,15.590153,3.916851,3.916851,71.034421
6.475188,0.310872,20.962077,3.498980,3.498980,98.159221
8.157802,0.337642,57.441002,4.628296,4.628296,152.900182
7.004433,0.322757,21.130373,1.605177,1.605177,90.535546
6.773629,0.305096,16.225892,8.829314,8.829314,104.579243
7.012016,0.392680,15.975968,38.182513,38.182513,122.970096
7.547999,0.295512,18.440646,3.572140,3.572140,104.180009
6.725695,0.330366,15.611416,5.619303,5.619303,128.546048
6.677995,0.378601,15.402639,6.300890,6.300890,124.600179
39.571115,0.532654,16.123422,2.912646,2.912646,157.030733
6.715838,0.345041,15.564766,5.840763,5.840763,141.312294
6.086774,0.425355,15.627549,3.709571,3.709571,120.708277
5.986956,0.348224,16.617752,1.632965,1.632965,86.790811
5.867299,0.393412,14.817880,3.045086,3.045086,78.773940
5.473969,0.401428,15.613235,2.805012,2.805012,98.443468
5.365966,0.351875,14.488401,2.807131,2.807131,95.266757
6.634239,0.334248,13.380380,34.971256,34.971256,123.244186
5.867172,0.322827,12.929702,1.997592,1.997592,118.792803
5.327629,0.448395,11.424777,1.643271,1.643271,49.436950
5.754669,0.438047,11.621970,3.527149,3.527149,59.002264
5.418477,0.511996,14.910025,0.951776,0.951776,56.244834
