0.000000 0.000000 0.000000 0.000000 0.000000 0.000000 -0.000000 1.000000
0.103875 -0.004597 -0.002002 0.091543 -0.000156 -0.003190 -0.000251 0.999995
0.207894 -0.010011 -0.004360 0.185737 -0.000103 -0.006703 -0.000530 0.999977
0.311750 -0.017534 -0.006860 0.283467 0.000209 -0.010465 -0.000696 0.999945
0.415622 -0.028632 -0.006727 0.387310 0.000910 -0.015042 -0.001026 0.999886
0.519499 -0.042737 -0.007303 0.501140 0.001792 -0.020701 -0.001153 0.999783
0.623377 -0.060000 -0.008065 0.627936 0.002265 -0.027461 -0.001135 0.999620
0.727122 -0.082757 -0.008995 0.766940 0.002267 -0.035509 -0.001193 0.999366
0.830874 -0.109050 -0.010340 0.919180 0.002266 -0.044830 -0.000598 0.998992
0.934622 -0.141534 -0.011951 1.081913 0.002266 -0.054847 0.000054 0.998492
1.038404 -0.181606 -0.016045 1.251378 0.002372 -0.065962 0.000069 0.997819
1.142127 -0.232564 -0.022654 1.425643 0.003114 -0.078116 -0.001712 0.996938
1.245873 -0.293459 -0.031164 1.604140 0.004200 -0.090942 -0.004040 0.995839
1.349627 -0.361651 -0.039334 1.788640 0.004763 -0.104529 -0.005932 0.994493
1.453253 -0.436624 -0.043135 1.979231 0.005063 -0.119517 -0.006443 0.992798
1.556997 -0.522492 -0.045736 2.173020 0.004972 -0.135286 -0.007464 0.990766
1.660772 -0.620094 -0.049022 2.368741 0.004682 -0.151723 -0.008698 0.988374
1.764374 -0.724845 -0.051407 2.565689 0.004427 -0.169251 -0.009761 0.985515
1.868002 -0.839493 -0.053978 2.758285 0.004667 -0.186783 -0.011254 0.982326
1.971750 -0.968759 -0.051010 2.950416 0.004855 -0.204480 -0.013018 0.978772
2.075498 -1.103633 -0.046762 3.142085 0.004851 -0.223232 -0.013591 0.974658
2.179126 -1.242764 -0.042927 3.333105 0.005072 -0.243045 -0.011842 0.969930
2.282875 -1.392475 -0.042390 3.523028 0.004857 -0.263988 -0.009370 0.964468
2.386504 -1.564446 -0.044920 3.706267 0.003711 -0.286408 -0.009902 0.958050
2.490144 -1.761568 -0.048994 3.880703 0.002627 -0.310397 -0.013325 0.950510
2.593620 -1.969361 -0.051411 4.049498 0.002517 -0.335236 -0.015149 0.942009
2.697329 -2.187835 -0.053587 4.215884 0.002595 -0.360859 -0.015501 0.932488
2.800890 -2.415527 -0.053189 4.382391 0.001327 -0.387166 -0.013035 0.921917
2.904641 -2.663146 -0.052870 4.540774 0.000303 -0.413696 -0.010896 0.910350
3.008248 -2.929115 -0.052838 4.687680 -0.001024 -0.439674 -0.010249 0.898098
3.112001 -3.215512 -0.051389 4.824434 -0.002568 -0.466003 -0.010115 0.884721
3.215751 -3.517839 -0.048776 4.948178 -0.003593 -0.492487 -0.009975 0.870255
3.319374 -3.836955 -0.045057 5.057271 -0.004608 -0.518435 -0.010464 0.855041
3.423126 -4.177130 -0.038788 5.153468 -0.005883 -0.543894 -0.010982 0.839061
3.526893 -4.534335 -0.033251 5.233794 -0.006639 -0.568728 -0.011734 0.822415
3.630648 -4.911075 -0.029454 5.302451 -0.008721 -0.592432 -0.012202 0.805481
3.734395 -5.299329 -0.026977 5.360943 -0.010991 -0.614726 -0.011890 0.788575
3.838251 -5.701357 -0.023031 5.401694 -0.011966 -0.635191 -0.011271 0.772181
3.942122 -6.122091 -0.016043 5.421290 -0.011333 -0.653678 -0.012430 0.756586
4.046284 -6.558994 -0.005757 5.427674 -0.010367 -0.669916 -0.013496 0.742242
4.150266 -7.009091 0.006192 5.424017 -0.009185 -0.684048 -0.013679 0.729251
4.254380 -7.473426 0.016251 5.410697 -0.008394 -0.696646 -0.012699 0.717254
4.358512 -7.950411 0.023064 5.389282 0.007607 0.707972 0.011676 -0.706103
4.462646 -8.444612 0.030664 5.353644 0.006684 0.717422 0.011426 -0.696513
4.566885 -8.953007 0.040575 5.310729 0.005626 0.724804 0.010870 -0.688847
4.671250 -9.480377 0.052490 5.263869 0.005224 0.730452 0.010329 -0.682866
4.775500 -10.023020 0.061417 5.211227 0.005725 0.734984 0.010147 -0.677985
4.879959 -10.579210 0.065962 5.153075 0.005908 0.738309 0.011205 -0.674343
4.984250 -11.152740 0.069364 5.088360 0.005686 0.740587 0.012638 -0.671817
5.088502 -11.739410 0.078555 5.025880 0.005953 0.742116 0.013001 -0.670119
5.192878 -12.344120 0.091230 4.964841 0.006856 0.742699 0.012175 -0.669479
5.297154 -12.964270 0.102671 4.901812 0.008267 0.742474 0.012091 -0.669715
5.401501 -13.600150 0.109516 4.835681 0.008988 0.741957 0.013378 -0.670254
5.505749 -14.251640 0.117824 4.767225 0.008300 0.741313 0.014418 -0.670954
5.610008 -14.913410 0.129615 4.697363 0.006760 0.740767 0.013992 -0.671582
5.714253 -15.593720 0.145080 4.629999 0.006556 0.740351 0.014044 -0.672042
5.818377 -16.290980 0.162225 4.563302 0.007500 0.739815 0.014710 -0.672608
5.922523 -17.004780 0.177019 4.494630 0.008360 0.739160 0.016313 -0.673281
6.026772 -17.733220 0.190559 4.426532 0.009064 0.738510 0.017887 -0.673944
6.130876 -18.471830 0.209275 4.359249 0.008273 0.737899 0.017883 -0.674623
6.235023 -19.224270 0.230555 4.290984 0.006529 0.737274 0.017627 -0.675332
6.339025 -19.988330 0.250319 4.223122 0.005765 0.736739 0.017777 -0.675919
6.443143 -20.773100 0.270352 4.161929 0.007462 0.736169 0.017654 -0.676526
6.547271 -21.564480 0.288025 4.100217 0.009017 0.735764 0.017571 -0.676949
6.651280 -22.364190 0.306224 4.035961 0.010076 0.735289 0.018136 -0.677436
6.755380 -23.164150 0.321615 3.971019 0.008651 0.735084 0.016633 -0.677717
6.859377 -23.969500 0.334206 3.908970 0.006576 0.734978 0.013405 -0.677926
6.963378 -24.789470 0.349254 3.849052 0.006170 0.735006 0.010401 -0.677953
7.067377 -25.618860 0.361510 3.786079 0.006529 0.735183 0.009653 -0.677768
7.171256 -26.461360 0.371770 3.716343 0.009097 0.735064 0.013178 -0.677808
7.275272 -27.307550 0.385499 3.644752 0.011025 0.735121 0.016123 -0.677654
7.379272 -28.152870 0.402882 3.569541 0.012340 0.735166 0.018995 -0.677509
7.483251 -28.997620 0.419417 3.492898 0.011993 0.735273 0.019947 -0.677371
7.587271 -29.837210 0.437006 3.418460 0.010757 0.735440 0.018836 -0.677243
7.691129 -30.674240 0.456660 3.346046 0.009702 0.735624 0.017562 -0.677093
7.795131 -31.515860 0.476386 3.271990 0.009573 0.735595 0.018562 -0.677099
7.899003 -32.354420 0.491726 3.198821 0.010130 0.735493 0.019969 -0.677162
8.003004 -33.195170 0.507645 3.123626 0.009447 0.735502 0.019881 -0.677165
8.107005 -34.026260 0.524190 3.051261 0.007444 0.735407 0.018244 -0.677339
8.211004 -34.860040 0.538670 2.980358 0.005462 0.735314 0.016991 -0.677491
8.315006 -35.696390 0.550032 2.910621 0.005631 0.735161 0.017190 -0.677651
8.418880 -36.533450 0.557955 2.843137 0.006920 0.734883 0.017884 -0.677922
8.522877 -37.373750 0.570778 2.775070 0.008635 0.734688 0.019353 -0.678074
8.626899 -38.214760 0.587862 2.706985 0.010782 0.734425 0.021078 -0.678276
8.730751 -39.049180 0.605565 2.638855 0.012083 0.734435 0.022565 -0.678197
8.834756 -39.881670 0.624650 2.572257 0.011992 0.734350 0.022227 -0.678301
8.938756 -40.711710 0.646486 2.504806 0.010837 0.734329 0.020888 -0.678385
9.042758 -41.538400 0.664017 2.436154 0.009002 0.734240 0.019433 -0.678552
9.146631 -42.365200 0.680723 2.363072 0.006716 0.734110 0.019872 -0.678707
9.250652 -43.191430 0.697748 2.290205 0.004853 0.734269 0.020285 -0.678538
9.354505 -44.015190 0.709279 2.223683 0.004772 0.734515 0.019252 -0.678303
9.458529 -44.838830 0.720699 2.160908 0.004899 0.734997 0.016641 -0.677848
9.562503 -45.661210 0.733196 2.096619 0.005602 0.735280 0.014308 -0.677589
9.666385 -46.483350 0.743445 2.028253 0.007010 0.735816 0.015188 -0.676975
9.770380 -47.307440 0.753414 1.959122 0.009916 0.736372 0.017003 -0.676290
9.874249 -48.123330 0.764692 1.890493 0.011988 0.736953 0.017737 -0.675605
9.978133 -48.933140 0.776721 1.820295 0.011921 0.737555 0.016967 -0.674968
10.082130 -49.735530 0.787419 1.740695 0.009494 0.737901 0.017203 -0.674623
10.186010 -50.532520 0.798993 1.659366 0.006679 0.738339 0.017211 -0.674177
10.290010 -51.328710 0.812643 1.575304 0.004633 0.738703 0.018203 -0.673769
10.393880 -52.122760 0.821950 1.493752 0.004311 0.739003 0.019536 -0.673405
10.497760 -52.915900 0.831770 1.416807 0.005012 0.739312 0.019973 -0.673048
10.601750 -53.701960 0.841954 1.337479 0.004247 0.739612 0.020477 -0.672708
10.705630 -54.484000 0.849493 1.258994 0.003824 0.739800 0.020818 -0.672493
10.809650 -55.263030 0.860136 1.184702 0.004857 0.739978 0.020882 -0.672289
10.913510 -56.038080 0.869673 1.110756 0.006147 0.740068 0.021398 -0.672164
11.017510 -56.810740 0.882023 1.032637 0.007451 0.740013 0.023257 -0.672150
11.121380 -57.574600 0.895700 0.956539 0.008307 0.740143 0.024163 -0.671963
11.225380 -58.330390 0.910654 0.883063 0.008401 0.740393 0.023952 -0.671694
11.329280 -59.077590 0.923455 0.810007 0.008025 0.740571 0.023046 -0.671534
11.433260 -59.810400 0.933780 0.735968 0.006915 0.740641 0.021643 -0.671516
11.537150 -60.536580 0.943218 0.662366 0.005947 0.740655 0.020739 -0.671539
11.641130 -61.245480 0.950801 0.591948 0.004925 0.740256 0.019992 -0.672010
11.745130 -61.940330 0.956511 0.523760 0.003955 0.739470 0.020444 -0.672867
11.849140 -62.620220 0.960729 0.461718 0.004000 0.738159 0.021184 -0.674282
11.953260 -63.285510 0.965475 0.408841 0.004697 0.736168 0.021223 -0.676449
12.057260 -63.935460 0.969673 0.362295 0.005583 0.733746 0.021488 -0.679061
12.161380 -64.570470 0.974213 0.320188 0.005737 0.730784 0.022280 -0.682221
12.265510 -65.189910 0.980183 0.285958 0.005579 0.726649 0.023591 -0.686581
12.369630 -65.791360 0.988245 0.262767 0.005110 0.721613 0.025109 -0.691823
12.473910 -66.375630 0.996652 0.255567 0.005030 0.715175 0.025964 -0.698445
12.578130 -66.937030 1.003712 0.264620 0.004933 0.707505 0.026396 -0.706198
12.682390 -67.476730 1.009213 0.294170 -0.005329 -0.698475 -0.026265 0.715133
12.786780 -67.990520 1.013813 0.345560 -0.005766 -0.688142 -0.025139 0.725118
12.891130 -68.482140 1.016477 0.416481 -0.006282 -0.675813 -0.024430 0.736642
12.995510 -68.954120 1.019824 0.504881 -0.006696 -0.661856 -0.023842 0.749222
13.099880 -69.403760 1.021543 0.611089 -0.006788 -0.646504 -0.023273 0.762525
13.204380 -69.848460 1.023928 0.741967 -0.007711 -0.628951 -0.022832 0.777071
13.308760 -70.270470 1.024337 0.895575 -0.008588 -0.609732 -0.021276 0.792276
13.413260 -70.681710 1.023888 1.080744 -0.010050 -0.589125 -0.017060 0.807800
13.517630 -71.068610 1.025888 1.285746 -0.010591 -0.567235 -0.013425 0.823379
13.622130 -71.451440 1.032362 1.513560 -0.011215 -0.543980 -0.009951 0.838965
13.726510 -71.814190 1.040291 1.753829 -0.011290 -0.520022 -0.009441 0.854026
13.830760 -72.170750 1.045549 2.013647 -0.011762 -0.496464 -0.008561 0.867936
13.935130 -72.507420 1.049184 2.296944 -0.014066 -0.473253 -0.005286 0.880798
14.039380 -72.810710 1.052187 2.601772 -0.017433 -0.449632 -0.000100 0.893044
14.143650 -73.108550 1.052214 2.908665 -0.016554 -0.425364 0.001964 0.904869
14.247880 -73.385240 1.051991 3.220823 -0.012844 -0.400386 0.002238 0.916254
14.352150 -73.659320 1.056081 3.554385 -0.006808 -0.374231 0.003370 0.927304
14.456380 -73.913330 1.058753 3.911270 -0.001593 -0.346858 0.003202 0.937911
14.560630 -74.165880 1.057855 4.300551 0.000186 -0.318796 0.003126 0.947818
14.664880 -74.401710 1.057076 4.718510 0.001265 -0.290629 0.003827 0.956827
14.769010 -74.615150 1.053457 5.155827 0.003104 -0.262569 0.002977 0.964904
14.873160 -74.825600 1.044844 5.623155 0.002402 -0.235957 0.002212 0.971758
14.977150 -75.018160 1.038119 6.110247 0.002532 -0.211673 -0.000612 0.977337
15.081160 -75.205570 1.035836 6.618096 0.003954 -0.189320 -0.003012 0.981903
15.185010 -75.379890 1.030282 7.151976 0.003840 -0.169896 -0.005140 0.985441
15.288760 -75.539300 1.020134 7.706095 0.002644 -0.153825 -0.005635 0.988079
15.392480 -75.691960 1.010452 8.281091 0.001795 -0.141108 -0.004882 0.989980
15.496190 -75.836980 1.004688 8.874404 0.000701 -0.130031 -0.004611 0.991499
15.599910 -75.980690 0.996633 9.486418 -0.000655 -0.120550 -0.005787 0.992690
15.703610 -76.122250 0.988948 10.112200 -0.000897 -0.112593 -0.007731 0.993611
15.807320 -76.258040 0.981275 10.755220 -0.001756 -0.105585 -0.009938 0.994359
15.911010 -76.379030 0.976809 11.414990 -0.001722 -0.098835 -0.009087 0.995061
16.014760 -76.492940 0.973449 12.091500 -0.001639 -0.091857 -0.009040 0.995730
16.118550 -76.602030 0.970597 12.784220 -0.001915 -0.084434 -0.009188 0.996385
16.222360 -76.702710 0.965085 13.494070 -0.002141 -0.077142 -0.009791 0.996970
16.326140 -76.796580 0.954649 14.212500 -0.000942 -0.070646 -0.009891 0.997452
16.429890 -76.884620 0.943731 14.945450 0.001261 -0.064919 -0.010698 0.997832
16.533760 -76.964630 0.935227 15.687850 0.004674 -0.059996 -0.009525 0.998142
16.637520 -77.040910 0.926755 16.446840 0.005260 -0.055840 -0.009253 0.998383
16.741260 -77.118730 0.913311 17.218560 0.002033 -0.052384 -0.009981 0.998575
16.845140 -77.198810 0.897536 17.993590 -0.002029 -0.049767 -0.012066 0.998686
16.948890 -77.272010 0.885944 18.767540 -0.004657 -0.047598 -0.012529 0.998777
17.052630 -77.337230 0.876560 19.534010 -0.003717 -0.045869 -0.011560 0.998874
17.156420 -77.402440 0.867371 20.301510 -0.003232 -0.044221 -0.011702 0.998948
17.260280 -77.463740 0.859522 21.072460 -0.004211 -0.042774 -0.010876 0.999017
17.364000 -77.521130 0.851420 21.842960 -0.005713 -0.041542 -0.009875 0.999072
17.467890 -77.573400 0.840816 22.614340 -0.006819 -0.039980 -0.008649 0.999140
17.571660 -77.622100 0.827911 23.377660 -0.005420 -0.038583 -0.008333 0.999206
17.675510 -77.676750 0.819127 24.138270 -0.001527 -0.037569 -0.009728 0.999246
17.779390 -77.734200 0.804672 24.898110 0.002326 -0.036744 -0.010118 0.999271
17.883140 -77.789610 0.790315 25.654780 0.004760 -0.036132 -0.010497 0.999281
17.987010 -77.846140 0.773941 26.421910 0.003818 -0.035158 -0.011385 0.999310
18.090880 -77.908780 0.750850 27.180670 0.002005 -0.033984 -0.012798 0.999338
18.194760 -77.968970 0.729373 27.939230 -0.000704 -0.032880 -0.014627 0.999352
18.298510 -78.020070 0.713706 28.692000 -0.001612 -0.031749 -0.013587 0.999402
18.402390 -78.064690 0.696969 29.440670 -0.001502 -0.031195 -0.012032 0.999440
18.506260 -78.109700 0.679877 30.192770 -0.001809 -0.030776 -0.011070 0.999463
18.610130 -78.155480 0.664743 30.945690 -0.001010 -0.030156 -0.011108 0.999483
18.713910 -78.198100 0.647677 31.701300 0.000029 -0.029862 -0.010064 0.999503
18.817760 -78.242330 0.630163 32.464130 -0.000273 -0.029535 -0.009266 0.999521
18.921640 -78.294980 0.614909 33.230790 -0.000506 -0.029096 -0.010778 0.999518
19.025510 -78.346240 0.599053 34.000930 -0.000030 -0.029085 -0.010732 0.999519
19.129390 -78.399280 0.578998 34.776850 -0.000007 -0.029963 -0.010802 0.999493
19.233260 -78.449740 0.564155 35.561520 -0.000319 -0.031020 -0.009556 0.999473
19.337010 -78.507180 0.547364 36.347540 -0.000020 -0.032558 -0.010064 0.999419
19.440890 -78.571520 0.528529 37.143470 -0.000124 -0.034061 -0.012014 0.999348
19.544760 -78.636170 0.511017 37.937520 0.001979 -0.035352 -0.012846 0.999290
19.648510 -78.700400 0.494083 38.735230 0.004461 -0.036664 -0.012865 0.999235
19.752390 -78.762700 0.482570 39.546020 0.004912 -0.037621 -0.012297 0.999204
19.856260 -78.828620 0.464618 40.364540 0.004327 -0.038708 -0.012778 0.999160
19.960140 -78.895930 0.446148 41.194680 0.003631 -0.039794 -0.012418 0.999124
20.064010 -78.959890 0.433903 42.030640 0.003043 -0.040766 -0.011451 0.999098
20.167930 -79.028970 0.420782 42.874290 0.001168 -0.041310 -0.011168 0.999083
20.271890 -79.100340 0.403992 43.724740 -0.001171 -0.041768 -0.010878 0.999067
20.375760 -79.171300 0.388897 44.578940 -0.002570 -0.041541 -0.010821 0.999075
20.479750 -79.246680 0.375658 45.438630 -0.002447 -0.040479 -0.012594 0.999098
20.583640 -79.318630 0.363929 46.299200 -0.001853 -0.039553 -0.012633 0.999136
20.687510 -79.384920 0.349896 47.162960 -0.000755 -0.038773 -0.011505 0.999182
20.791530 -79.445270 0.334438 48.031660 0.000105 -0.037992 -0.009479 0.999233
20.895390 -79.508610 0.320996 48.902070 0.000118 -0.037037 -0.008758 0.999275
20.999260 -79.573760 0.302792 49.778950 -0.001080 -0.036493 -0.007874 0.999302
21.103270 -79.633920 0.286751 50.656300 -0.002508 -0.036177 -0.006266 0.999323
21.207140 -79.697420 0.272043 51.529450 -0.002702 -0.035744 -0.005739 0.999341
21.311120 -79.764680 0.257441 52.396640 -0.001428 -0.035218 -0.006634 0.999357
21.415040 -79.833580 0.240860 53.254800 0.001529 -0.034867 -0.008049 0.999358
21.519010 -79.900390 0.220100 54.113500 0.004206 -0.034353 -0.008984 0.999361
21.622900 -79.969640 0.192300 54.965620 0.007545 -0.033986 -0.011372 0.999329
21.726890 -80.032590 0.164934 55.819060 0.007972 -0.033463 -0.011711 0.999340
21.830760 -80.092730 0.140807 56.670630 0.005438 -0.033383 -0.009869 0.999379
21.934640 -80.155580 0.116112 57.526890 0.000015 -0.033607 -0.009533 0.999390
22.038660 -80.222440 0.092335 58.377750 -0.004453 -0.034185 -0.010072 0.999355
22.142620 -80.280860 0.075100 59.213100 -0.002583 -0.035506 -0.008099 0.999333
22.246540 -80.338710 0.059143 60.042640 -0.001017 -0.036642 -0.005101 0.999315
22.350390 -80.403050 0.040007 60.872230 -0.000620 -0.037969 -0.004900 0.999267
22.454390 -80.474010 0.018267 61.695670 0.000767 -0.039231 -0.005624 0.999214
22.558370 -80.549720 -0.003743 62.513650 0.002419 -0.040979 -0.006619 0.999135
22.662270 -80.620890 -0.026323 63.327870 0.004269 -0.043003 -0.006971 0.999042
22.766140 -80.696040 -0.054528 64.136290 0.006516 -0.044614 -0.007647 0.998954
22.870160 -80.778100 -0.083800 64.945080 0.006255 -0.046107 -0.010391 0.998863
22.974020 -80.859670 -0.109077 65.752790 0.005675 -0.047886 -0.011789 0.998767
23.078010 -80.945180 -0.136047 66.559290 0.003108 -0.049847 -0.013395 0.998662
23.181990 -81.034080 -0.157383 67.363500 -0.000340 -0.051816 -0.013750 0.998562
23.285910 -81.123410 -0.175582 68.159990 -0.001969 -0.054281 -0.013341 0.998435
23.389770 -81.219160 -0.191357 68.948800 -0.002218 -0.057541 -0.013100 0.998255
23.493760 -81.316850 -0.204217 69.739550 -0.004064 -0.060586 -0.011719 0.998086
23.597640 -81.421640 -0.217481 70.520300 -0.004069 -0.063829 -0.011805 0.997883
23.701510 -81.542260 -0.230556 71.291910 -0.003642 -0.066792 -0.014183 0.997659
23.805540 -81.663680 -0.242631 72.059430 -0.001687 -0.069625 -0.015223 0.997456
23.909390 -81.783440 -0.255072 72.821930 -0.000180 -0.072704 -0.014873 0.997243
24.013390 -81.910890 -0.269177 73.584740 0.000195 -0.075381 -0.015831 0.997029
24.117270 -82.049100 -0.283652 74.343350 -0.001575 -0.077691 -0.016561 0.996839
24.221270 -82.186570 -0.297589 75.101240 -0.003918 -0.080707 -0.016878 0.996587
24.325140 -82.326990 -0.316046 75.851980 -0.005264 -0.083919 -0.016622 0.996320
24.429140 -82.467090 -0.327379 76.594700 -0.003696 -0.087406 -0.015677 0.996043
24.533020 -82.614160 -0.338095 77.331610 0.000188 -0.091642 -0.014541 0.995686
24.636890 -82.765640 -0.354245 78.069230 0.001361 -0.096226 -0.013356 0.995269
24.740760 -82.930340 -0.375398 78.807770 -0.000568 -0.101623 -0.013602 0.994730
24.844640 -83.101190 -0.386632 79.544110 -0.002893 -0.107376 -0.012819 0.994132
24.948510 -83.284090 -0.399493 80.280970 -0.006911 -0.113348 -0.013498 0.993440
25.052390 -83.467260 -0.408391 81.010600 -0.009314 -0.119027 -0.013737 0.992752
25.156270 -83.657900 -0.417823 81.725680 -0.006805 -0.124890 -0.015591 0.992025
25.260140 -83.856430 -0.425895 82.430700 -0.001660 -0.131052 -0.015522 0.991253
25.364010 -84.057420 -0.427494 83.140380 0.000742 -0.137387 -0.014877 0.990405
25.467890 -84.265820 -0.428874 83.862390 -0.001291 -0.143736 -0.013600 0.989522
25.571790 -84.492780 -0.436950 84.584160 -0.005449 -0.149654 -0.014022 0.988624
25.675640 -84.727510 -0.442440 85.302990 -0.008298 -0.155704 -0.014228 0.987666
25.779520 -84.965070 -0.444697 86.011740 -0.007605 -0.162275 -0.012332 0.986639
25.883390 -85.212300 -0.447748 86.715560 -0.005126 -0.168313 -0.011646 0.985651
25.987390 -85.468790 -0.455118 87.417010 -0.002503 -0.173056 -0.010649 0.984851
26.091270 -85.726680 -0.463307 88.118040 0.000862 -0.177110 -0.008866 0.984151
26.195270 -85.996320 -0.472599 88.820790 0.001880 -0.181015 -0.008841 0.983439
26.299290 -86.280290 -0.487271 89.521110 0.002456 -0.185025 -0.011557 0.982663
26.403140 -86.569050 -0.489633 90.215530 0.001153 -0.189168 -0.011994 0.981871
26.507020 -86.860390 -0.483398 90.918090 -0.001748 -0.193397 -0.011448 0.981052
26.611020 -87.158780 -0.480414 91.621940 -0.005630 -0.197076 -0.010996 0.980310
26.714890 -87.476320 -0.482503 92.318500 -0.008826 -0.200209 -0.015635 0.979589
26.818890 -87.802500 -0.475623 93.003510 -0.007302 -0.203129 -0.020054 0.978919
26.922890 -88.117950 -0.468056 93.686980 -0.002918 -0.206212 -0.019093 0.978317
27.026890 -88.427840 -0.461975 94.375770 0.000317 -0.208973 -0.015666 0.977796
27.130890 -88.749010 -0.463180 95.068170 0.001220 -0.211068 -0.015867 0.977342
27.234770 -89.084520 -0.466622 95.766060 -0.000989 -0.213341 -0.018815 0.976796
27.338640 -89.416370 -0.473654 96.465710 -0.003122 -0.216137 -0.019829 0.976157
27.442660 -89.747960 -0.478890 97.163510 -0.003175 -0.219027 -0.018178 0.975544
27.546520 -90.084950 -0.484703 97.849760 0.000168 -0.221506 -0.017800 0.974997
27.650520 -90.426650 -0.487590 98.534740 0.003838 -0.224072 -0.017053 0.974416
27.754390 -90.774930 -0.495814 99.219550 0.004958 -0.226673 -0.017528 0.973801
27.858410 -91.131040 -0.506482 99.909500 0.002786 -0.228789 -0.018979 0.973287
27.962300 -91.487030 -0.517229 100.594800 0.001838 -0.231046 -0.019483 0.972746
28.066150 -91.840000 -0.526198 101.277400 0.001518 -0.233531 -0.019932 0.972144
28.170020 -92.196170 -0.534938 101.954100 0.001520 -0.235977 -0.019273 0.971566
28.274040 -92.552940 -0.543459 102.627300 0.001810 -0.238270 -0.018226 0.971026
28.377890 -92.914780 -0.551172 103.296100 0.001339 -0.240561 -0.018029 0.970466
28.481890 -93.283210 -0.558967 103.960100 0.001405 -0.242819 -0.018510 0.969894
28.585770 -93.650460 -0.565996 104.618700 0.001130 -0.245170 -0.019048 0.969292
28.689660 -94.015070 -0.576757 105.267400 0.003055 -0.247668 -0.017959 0.968674
28.793670 -94.382110 -0.588392 105.910300 0.005035 -0.250043 -0.016866 0.968075
28.897520 -94.748240 -0.598078 106.547200 0.006536 -0.252197 -0.016285 0.967517
29.001520 -95.123350 -0.605007 107.187800 0.004933 -0.254127 -0.016695 0.967014
29.105390 -95.496210 -0.613444 107.823300 0.000677 -0.255852 -0.017775 0.966552
29.209390 -95.864510 -0.621003 108.452900 -0.004314 -0.257325 -0.017694 0.966153
29.313270 -96.223200 -0.625131 109.067700 -0.007378 -0.258843 -0.016793 0.965745
29.417270 -96.574020 -0.624599 109.668300 -0.007642 -0.260463 -0.014915 0.965338
29.521140 -96.920770 -0.626205 110.248100 -0.005831 -0.262182 -0.014391 0.964894
29.625020 -97.263380 -0.627327 110.813500 -0.004564 -0.263753 -0.013795 0.964481
29.729040 -97.600830 -0.627085 111.365400 -0.004165 -0.265211 -0.013175 0.964091
29.832900 -97.924330 -0.628327 111.902500 -0.004034 -0.266470 -0.012127 0.963758
29.936770 -98.241750 -0.632462 112.423300 -0.004664 -0.267682 -0.012280 0.963418
30.040770 -98.550270 -0.636065 112.925200 -0.005629 -0.268811 -0.012098 0.963101
30.144650 -98.843480 -0.636794 113.405600 -0.006100 -0.270067 -0.011282 0.962756
30.248520 -99.124850 -0.638411 113.865700 -0.006467 -0.271320 -0.010130 0.962414
30.352400 -99.396820 -0.640081 114.302300 -0.006192 -0.272366 -0.009683 0.962125
30.456270 -99.664230 -0.648192 114.717300 -0.004403 -0.273450 -0.010380 0.961820
30.560270 -99.918840 -0.656040 115.113700 -0.002358 -0.274838 -0.009748 0.961438
30.664040 -100.162300 -0.658629 115.494100 -0.001707 -0.276857 -0.008033 0.960876
30.767900 -100.399300 -0.658588 115.860800 -0.002542 -0.279210 -0.005672 0.960210
30.871790 -100.633200 -0.660794 116.204600 -0.003143 -0.282142 -0.005783 0.959350
30.975650 -100.865200 -0.664724 116.528600 -0.003731 -0.285295 -0.007608 0.958402
31.079540 -101.090400 -0.669467 116.834800 -0.004994 -0.288351 -0.010247 0.957457
31.183270 -101.305600 -0.671392 117.126600 -0.008078 -0.291528 -0.012330 0.956449
31.287140 -101.506000 -0.672278 117.401100 -0.010238 -0.295349 -0.012744 0.955249
31.390900 -101.692900 -0.672146 117.657400 -0.011410 -0.299774 -0.011077 0.953878
31.494660 -101.873900 -0.672996 117.899200 -0.012322 -0.305262 -0.009459 0.952142
31.598390 -102.051300 -0.673639 118.122000 -0.013318 -0.312011 -0.008362 0.949948
31.702150 -102.229200 -0.675323 118.325600 -0.013832 -0.319823 -0.008452 0.947339
31.805770 -102.405300 -0.676643 118.508600 -0.013413 -0.328772 -0.009441 0.944267
31.909520 -102.576000 -0.681909 118.681500 -0.012504 -0.338903 -0.009279 0.940692
32.013150 -102.742000 -0.685851 118.838000 -0.009886 -0.349381 -0.008891 0.936886
32.116900 -102.901800 -0.687004 118.981600 -0.007472 -0.359727 -0.007864 0.932995
32.220650 -103.068400 -0.685597 119.116000 -0.004730 -0.369941 -0.008829 0.929001
32.324400 -103.245000 -0.682754 119.242200 -0.002336 -0.380030 -0.011854 0.924895
32.428170 -103.418300 -0.681989 119.366800 -0.001582 -0.390746 -0.013597 0.920397
32.531770 -103.594700 -0.676932 119.497600 -0.002722 -0.402176 -0.012390 0.915475
32.635530 -103.773100 -0.672655 119.623800 -0.003862 -0.414081 -0.011402 0.910160
32.739270 -103.954800 -0.668027 119.734800 -0.004980 -0.426777 -0.011740 0.904267
32.842900 -104.148100 -0.662419 119.838400 -0.005524 -0.440112 -0.014188 0.897814
32.946650 -104.338500 -0.658038 119.934200 -0.006552 -0.453401 -0.016010 0.891139
33.050400 -104.533600 -0.655870 120.029100 -0.007207 -0.466859 -0.017486 0.884130
33.154020 -104.733000 -0.653700 120.113700 -0.007246 -0.480125 -0.019337 0.876957
33.257770 -104.931200 -0.651510 120.185400 -0.007329 -0.493320 -0.022055 0.869537
33.361650 -105.136200 -0.650239 120.256600 -0.007794 -0.506831 -0.024002 0.861676
33.465270 -105.343700 -0.651238 120.328300 -0.008048 -0.520925 -0.023862 0.853231
33.569020 -105.558200 -0.651294 120.388600 -0.006895 -0.535822 -0.023161 0.843985
33.672790 -105.801600 -0.646722 120.452000 -0.005175 -0.551384 -0.022003 0.833945
33.776420 -106.056500 -0.640480 120.500300 -0.004400 -0.568343 -0.021377 0.822502
33.880040 -106.340800 -0.632082 120.553600 -0.004362 -0.585944 -0.021119 0.810065
33.983650 -106.640800 -0.625165 120.599400 -0.004063 -0.603919 -0.020681 0.796767
34.087400 -106.946000 -0.615136 120.620600 -0.003548 -0.622798 -0.019597 0.782129
34.191020 -107.279500 -0.604701 120.640200 -0.003298 -0.641991 -0.018917 0.766472
34.294770 -107.630100 -0.593768 120.643400 -0.003527 -0.661002 -0.018882 0.750138
34.398420 -107.973300 -0.585177 120.616300 -0.004458 -0.680086 -0.019247 0.732866
34.502140 -108.346800 -0.578058 120.590800 -0.006596 -0.699299 -0.019183 0.714541
34.605900 -108.711300 -0.572441 120.530800 0.008777 0.718149 0.018824 -0.695580
34.709660 -109.103400 -0.565109 120.464800 0.010792 0.736523 0.018263 -0.676080
34.813400 -109.503900 -0.557173 120.376400 0.012477 0.754227 0.017937 -0.656250
34.917150 -109.893600 -0.549816 120.252600 0.013718 0.771092 0.017910 -0.636324
35.021020 -110.310500 -0.538502 120.121200 0.015141 0.786997 0.017343 -0.616528
35.124770 -110.735800 -0.527119 119.968800 0.017128 0.802256 0.016096 -0.596517
35.228670 -111.159800 -0.514543 119.776100 0.019006 0.816755 0.014788 -0.576482
35.332520 -111.603700 -0.500303 119.568800 0.020878 0.830307 0.013635 -0.556748
35.436400 -112.041900 -0.486064 119.324800 0.022314 0.842963 0.012727 -0.537359
35.540420 -112.496700 -0.470144 119.062200 0.023209 0.854531 0.012046 -0.518742
35.644400 -112.959900 -0.451811 118.768600 0.023520 0.864565 0.011922 -0.501829
35.748650 -113.421500 -0.433277 118.447000 0.023315 0.872962 0.011947 -0.487084
35.852770 -113.898700 -0.414091 118.106700 0.022423 0.879642 0.012152 -0.474951
35.957050 -114.379000 -0.400553 117.749200 0.021376 0.884877 0.011995 -0.465180
36.061290 -114.875600 -0.384654 117.375500 0.020796 0.888866 0.012434 -0.457527
36.165670 -115.384500 -0.368547 116.988900 0.021241 0.892055 0.012535 -0.451253
36.269900 -115.907200 -0.351180 116.587500 0.021828 0.894811 0.012610 -0.445733
36.374170 -116.439400 -0.333420 116.170500 0.022531 0.897031 0.012779 -0.441209
36.478420 -116.978000 -0.314504 115.737300 0.022350 0.898810 0.013212 -0.437568
36.582670 -117.526800 -0.293981 115.291900 0.022158 0.900385 0.013465 -0.434321
36.686900 -118.086400 -0.273294 114.835200 0.022348 0.901641 0.013522 -0.431695
36.791110 -118.659900 -0.251332 114.366200 0.022813 0.902567 0.013475 -0.429733
36.895150 -119.239600 -0.228354 113.887400 0.023460 0.903236 0.013468 -0.428290
36.999490 -119.835100 -0.204377 113.394700 0.023666 0.903543 0.013422 -0.427633
37.103550 -120.438900 -0.181612 112.893300 0.023670 0.903761 0.013104 -0.427181
37.207650 -121.056900 -0.157509 112.381200 0.023611 0.903992 0.012626 -0.426710
37.311780 -121.687000 -0.132212 111.857700 0.023690 0.904171 0.011982 -0.426346
37.415890 -122.328200 -0.105071 111.322200 0.023915 0.904393 0.012284 -0.425853
37.520030 -122.970400 -0.075356 110.772800 0.023823 0.904646 0.013603 -0.425281
37.624150 -123.625800 -0.047366 110.213500 0.023828 0.904975 0.014883 -0.424536
37.728150 -124.284900 -0.018676 109.650200 0.023930 0.905285 0.014942 -0.423867
37.832280 -124.956200 0.011110 109.079800 0.023849 0.905585 0.013751 -0.423271
37.936280 -125.636900 0.042218 108.500600 0.023973 0.905830 0.012890 -0.422767
38.040280 -126.332000 0.071334 107.913600 0.024850 0.906096 0.012171 -0.422165
38.144280 -127.037200 0.099291 107.317900 0.025973 0.906321 0.011606 -0.421632
38.248280 -127.745300 0.125042 106.713200 0.025383 0.906676 0.010507 -0.420932
38.352280 -128.461900 0.148435 106.101400 0.024450 0.907008 0.008690 -0.420312
38.456150 -129.186000 0.166941 105.482400 0.022882 0.907281 0.007111 -0.419841
38.560150 -129.919300 0.183594 104.851500 0.021494 0.907268 0.007368 -0.419939
38.664150 -130.662300 0.197900 104.214900 0.021156 0.907237 0.008390 -0.420004
38.768150 -131.413200 0.214470 103.574400 0.021426 0.907239 0.009920 -0.419953
38.872030 -132.164800 0.231887 102.938600 0.022463 0.907236 0.010890 -0.419880
38.976020 -132.923400 0.251366 102.303500 0.023566 0.907250 0.011488 -0.419774
39.079900 -133.679900 0.270299 101.668100 0.024062 0.907271 0.011804 -0.419692
39.183930 -134.435700 0.290010 101.030100 0.024363 0.907268 0.011892 -0.419677
39.287780 -135.189200 0.310650 100.390400 0.023689 0.907326 0.012300 -0.419580
39.391750 -135.946500 0.329842 99.751070 0.023863 0.907316 0.012809 -0.419577
39.495830 -136.710500 0.347864 99.108510 0.023972 0.907342 0.013568 -0.419491
39.599580 -137.468500 0.368016 98.469440 0.024311 0.907361 0.014014 -0.419414
39.703630 -138.227400 0.389982 97.827850 0.024362 0.907496 0.013957 -0.419121
39.807870 -138.990100 0.414807 97.182690 0.024556 0.907640 0.013263 -0.418821
39.911280 -139.748000 0.434391 96.546090 0.024716 0.907860 0.012901 -0.418345
40.015280 -140.511100 0.452956 95.904220 0.024990 0.908035 0.012901 -0.417948
40.119140 -141.265600 0.472610 95.262590 0.024693 0.908258 0.012939 -0.417481
40.223030 -142.020800 0.491274 94.620440 0.024239 0.908419 0.012781 -0.417161
40.326930 -142.770400 0.511181 93.978890 0.023703 0.908559 0.012477 -0.416897
40.430770 -143.529400 0.527413 93.337000 0.023278 0.908539 0.012560 -0.416961
40.534990 -144.286200 0.544563 92.690670 0.021932 0.908514 0.013542 -0.417060
40.638670 -145.040900 0.561296 92.048920 0.021317 0.908293 0.013938 -0.417558
40.742540 -145.794000 0.577964 91.410520 0.020552 0.908033 0.013495 -0.418176
40.846410 -146.547500 0.593759 90.774040 0.019324 0.907667 0.013067 -0.419042
40.950400 -147.307200 0.608649 90.139280 0.019637 0.907265 0.012752 -0.419906
41.054600 -148.070400 0.625037 89.503210 0.020693 0.906964 0.013512 -0.420482
41.158230 -148.833300 0.646810 88.871460 0.023056 0.906584 0.015250 -0.421118
41.262460 -149.600500 0.671683 88.236960 0.025744 0.906266 0.017724 -0.421550
41.365930 -150.359100 0.696756 87.606830 0.026493 0.906090 0.018870 -0.421832
41.469820 -151.113400 0.725626 86.978090 0.025560 0.906091 0.016596 -0.421985
41.573580 -151.867100 0.753953 86.349890 0.024438 0.906145 0.014411 -0.422016
41.677410 -152.621800 0.780696 85.718940 0.024526 0.906102 0.014153 -0.422110
41.781210 -153.379000 0.803951 85.085390 0.024857 0.906107 0.015796 -0.422021
41.885060 -154.132200 0.828824 84.456760 0.025683 0.906121 0.016536 -0.421915
41.988800 -154.882300 0.853667 83.832150 0.025833 0.906275 0.015463 -0.421614
42.092740 -155.629200 0.879699 83.206150 0.025660 0.906478 0.014516 -0.421223
42.196450 -156.374300 0.905655 82.579060 0.025589 0.906642 0.015090 -0.420853
42.300170 -157.119000 0.932452 81.951460 0.026698 0.906728 0.016837 -0.420532
42.404080 -157.861400 0.961836 81.326710 0.027702 0.906847 0.018483 -0.420142
42.507790 -158.603200 0.992066 80.703490 0.028360 0.906988 0.018254 -0.419804
42.611550 -159.335800 1.022069 80.083830 0.028555 0.907172 0.017413 -0.419429
42.715290 -160.058500 1.049905 79.464550 0.028388 0.907312 0.016389 -0.419178
42.819190 -160.780400 1.077505 78.844280 0.027216 0.907333 0.016267 -0.419215
42.922920 -161.500000 1.102704 78.224870 0.025989 0.907123 0.016620 -0.419734
43.026850 -162.221300 1.128462 77.608580 0.025250 0.906991 0.016661 -0.420062
43.130550 -162.940200 1.154301 76.994110 0.024521 0.906829 0.017105 -0.420437
43.234430 -163.658500 1.179845 76.382230 0.023854 0.906669 0.017533 -0.420803
43.338330 -164.376700 1.205952 75.774280 0.024289 0.906503 0.017632 -0.421130
43.442050 -165.093000 1.231444 75.170180 0.023659 0.906416 0.017147 -0.421374
43.545910 -165.808100 1.257020 74.566370 0.023011 0.906264 0.016778 -0.421751
43.649770 -166.524800 1.282062 73.967130 0.023498 0.906152 0.016559 -0.421975
43.753650 -167.241800 1.306576 73.372100 0.025073 0.905949 0.016530 -0.422321
43.857500 -167.955200 1.330108 72.778380 0.025709 0.905878 0.016719 -0.422427
43.961280 -168.668400 1.351053 72.191080 0.025147 0.905818 0.015468 -0.422638
44.065190 -169.381200 1.373431 71.612670 0.025013 0.905759 0.013380 -0.422843
44.169050 -170.084400 1.396727 71.035580 0.025082 0.905560 0.012220 -0.423299
44.272790 -170.783100 1.405731 70.468000 0.023759 0.905398 0.013386 -0.423687
44.376660 -171.472200 1.416166 69.905700 0.023690 0.905344 0.014178 -0.423781
44.480540 -172.158800 1.425569 69.352610 0.023665 0.905392 0.014194 -0.423679
44.584310 -172.829900 1.436887 68.807490 0.023561 0.905440 0.013827 -0.423593
44.688220 -173.493900 1.448357 68.269990 0.023741 0.905428 0.013643 -0.423615
44.792180 -174.145100 1.460081 67.739150 0.023509 0.905458 0.013699 -0.423563
44.895870 -174.785600 1.470417 67.216050 0.023120 0.905442 0.014053 -0.423607
44.999710 -175.419300 1.482743 66.698150 0.023055 0.905494 0.014071 -0.423498
45.103550 -176.044700 1.496245 66.188350 0.023366 0.905556 0.014297 -0.423342
45.207330 -176.663800 1.510435 65.684200 0.023894 0.905581 0.015200 -0.423227
45.311220 -177.274500 1.525125 65.185390 0.024572 0.905597 0.016100 -0.423120
45.415240 -177.868300 1.538016 64.689340 0.025459 0.905575 0.016693 -0.423091
45.518940 -178.444800 1.550332 64.197390 0.026342 0.905626 0.016941 -0.422920
45.622980 -179.007800 1.561925 63.712230 0.027399 0.905660 0.016848 -0.422782
45.726540 -179.561200 1.575397 63.240710 0.027938 0.905758 0.016601 -0.422547
45.831090 -180.100300 1.586480 62.765190 0.027808 0.905961 0.016875 -0.422109
45.934310 -180.624900 1.600125 62.311410 0.028565 0.906184 0.016495 -0.421595
46.038180 -181.141600 1.611948 61.860560 0.029068 0.906714 0.015514 -0.420458
46.142050 -181.648600 1.623859 61.419590 0.030082 0.907646 0.014399 -0.418409
46.245920 -182.142200 1.635244 60.980050 0.031248 0.909024 0.013470 -0.415352
46.349680 -182.622300 1.648540 60.545300 0.032466 0.911088 0.012721 -0.410734
46.453430 -183.088500 1.662241 60.110320 0.033686 0.913457 0.012440 -0.405349
46.557220 -183.536900 1.673611 59.672520 0.034577 0.916180 0.012176 -0.399088
46.660970 -183.974700 1.685440 59.235700 0.035839 0.919414 0.011898 -0.391474
46.764550 -184.404500 1.698748 58.801210 0.037725 0.923217 0.010997 -0.382264
46.868310 -184.812200 1.713703 58.360660 0.039478 0.927462 0.010179 -0.371689
46.971930 -185.198200 1.732581 57.912030 0.040108 0.932262 0.010231 -0.359408
47.075560 -185.549500 1.749510 57.458340 0.039427 0.937426 0.011076 -0.345768
47.179170 -185.879800 1.767896 57.000330 0.038161 0.942744 0.012210 -0.331101
47.282920 -186.187100 1.784988 56.537570 0.036684 0.948285 0.013268 -0.315014
47.386540 -186.455000 1.807526 56.066080 0.035634 0.953994 0.014101 -0.297368
47.490160 -186.715200 1.826654 55.596830 0.036067 0.959862 0.014860 -0.277746
47.593870 -186.944500 1.842880 55.125640 0.034057 0.965939 0.015607 -0.256042
47.697410 -187.120600 1.856411 54.647590 0.030403 0.971775 0.015749 -0.233411
47.801160 -187.283500 1.870218 54.170850 0.024469 0.977077 0.015738 -0.210888
47.904910 -187.422700 1.883289 53.694160 0.020034 0.981797 0.015300 -0.188251
48.008600 -187.525600 1.887417 53.213090 0.016434 0.986117 0.014122 -0.164634
48.112290 -187.630700 1.893359 52.737100 0.015368 0.989914 0.013126 -0.140217
48.216060 -187.691500 1.900316 52.252760 0.014965 0.993125 0.013200 -0.115347
48.319780 -187.748500 1.901338 51.772320 0.015013 0.995683 0.013853 -0.090544
48.423630 -187.772300 1.900778 51.290980 0.011615 0.997661 0.015746 -0.065495
48.527420 -187.741400 1.901606 50.803410 0.006489 0.998992 0.018631 -0.040324
48.631190 -187.716500 1.903912 50.330420 0.004721 0.999661 0.020723 -0.015025
48.734910 -187.682800 1.909578 49.867160 0.006760 0.999714 0.020186 0.010913
48.838780 -187.604500 1.913879 49.403750 0.010980 0.999080 0.019364 0.036663
48.942530 -187.519800 1.916071 48.954720 0.012738 0.997821 0.018168 0.062133
49.046410 -187.385600 1.916040 48.508720 0.013399 0.995938 0.017542 0.087299
49.150280 -187.245400 1.919502 48.083220 0.012951 0.993472 0.016302 0.112160
49.254030 -187.091900 1.921924 47.667580 0.013870 0.990340 0.015157 0.137133
49.357910 -186.905000 1.925132 47.249800 0.016430 0.986464 0.015204 0.162443
49.461780 -186.714200 1.922721 46.840890 0.018167 0.982323 0.014742 0.185725
49.565780 -186.478200 1.917552 46.430560 0.015887 0.977950 0.015218 0.207676
49.669780 -186.243300 1.910636 46.024980 0.014277 0.973332 0.017197 0.228310
49.773780 -185.999900 1.906858 45.620570 0.015187 0.968743 0.019426 0.246837
49.878030 -185.743700 1.904895 45.217520 0.017037 0.964356 0.021303 0.263199
49.982180 -185.476200 1.903482 44.824940 0.017138 0.960264 0.021723 0.277719
50.086410 -185.190400 1.903992 44.433500 0.016364 0.956552 0.022065 0.290264
50.190690 -184.898100 1.906175 44.044150 0.015664 0.953383 0.021452 0.300591
50.295050 -184.597100 1.908337 43.651480 0.015352 0.950740 0.021073 0.308891
50.399300 -184.287400 1.908808 43.257150 0.014803 0.948580 0.020640 0.315517
50.503680 -183.968900 1.909156 42.858990 0.013941 0.946861 0.019808 0.320731
50.608030 -183.643400 1.911087 42.456350 0.013095 0.945473 0.018446 0.324915
50.712390 -183.313300 1.914906 42.046060 0.013784 0.944270 0.017715 0.328405
50.816730 -182.972800 1.921291 41.628580 0.014582 0.943309 0.017732 0.331122
50.920920 -182.624700 1.928571 41.204340 0.016551 0.942548 0.018055 0.333171
51.025280 -182.260800 1.933488 40.777400 0.015419 0.941983 0.017281 0.334861
51.129530 -181.887200 1.936481 40.344680 0.013740 0.941593 0.015792 0.336101
51.233800 -181.501200 1.944762 39.894890 0.012066 0.941364 0.015228 0.336831
51.338030 -181.116600 1.952827 39.432450 0.012990 0.941188 0.016030 0.337253
51.442160 -180.726700 1.954282 38.951790 0.015499 0.941147 0.016990 0.337215
51.546400 -180.326500 1.951012 38.461470 0.015933 0.941307 0.017045 0.336744
51.650530 -179.912100 1.948467 37.965090 0.014458 0.941482 0.014438 0.336443
51.754650 -179.492700 1.950893 37.459110 0.015176 0.941602 0.010928 0.336208
51.858780 -179.063500 1.950476 36.937390 0.015456 0.941740 0.008430 0.335879
51.962780 -178.623900 1.946894 36.394180 0.016759 0.941836 0.008877 0.335536
52.066910 -178.162100 1.942150 35.849180 0.015588 0.941891 0.009762 0.335415
52.171030 -177.684200 1.937626 35.296160 0.012355 0.941969 0.009922 0.335327
52.275030 -177.199700 1.929672 34.726890 0.010216 0.941925 0.009977 0.335519
52.379030 -176.710600 1.923186 34.142700 0.009766 0.941845 0.010411 0.335744
52.483160 -176.207900 1.922565 33.538890 0.009046 0.941850 0.011896 0.335700
52.587160 -175.695500 1.923742 32.922070 0.008778 0.941934 0.014060 0.335388
52.691180 -175.171800 1.922179 32.296660 0.007139 0.941901 0.014619 0.335496
52.795150 -174.638800 1.921438 31.664970 0.005815 0.941837 0.013048 0.335768
52.899160 -174.105200 1.927099 31.022040 0.006955 0.941772 0.011447 0.335985
53.003160 -173.559000 1.933011 30.363270 0.008127 0.941583 0.012083 0.336466
53.107160 -173.002100 1.938375 29.695990 0.007970 0.941591 0.015199 0.336320
53.211180 -172.438200 1.945840 29.023580 0.009192 0.941561 0.016979 0.336289
53.315160 -171.867000 1.951405 28.346750 0.009874 0.941457 0.017089 0.336555
53.419160 -171.288100 1.956277 27.660600 0.012047 0.941402 0.015938 0.336696
53.523150 -170.709300 1.958687 26.963320 0.014734 0.941336 0.014472 0.336839
53.627040 -170.123400 1.951058 26.259270 0.015439 0.941383 0.013422 0.336719
53.731040 -169.531400 1.943279 25.546220 0.015165 0.941599 0.012799 0.336151
53.835050 -168.934200 1.936670 24.823580 0.014236 0.941743 0.013959 0.335741
53.938910 -168.337100 1.929608 24.097840 0.013245 0.941861 0.015330 0.335392
54.042910 -167.743400 1.921892 23.368700 0.013394 0.942016 0.016874 0.334875
54.146780 -167.159100 1.914344 22.639200 0.015541 0.942062 0.018401 0.334574
54.250800 -166.581500 1.908782 21.908660 0.018883 0.942113 0.020023 0.334163
54.354660 -166.000100 1.908068 21.179590 0.020023 0.942152 0.022127 0.333854
54.458660 -165.412900 1.914190 20.448420 0.020609 0.942159 0.025403 0.333565
54.562530 -164.835100 1.923826 19.714670 0.021156 0.942100 0.028904 0.333414
54.666410 -164.256700 1.934077 18.992520 0.022324 0.942178 0.028654 0.333139
54.770420 -163.677800 1.940348 18.280240 0.022687 0.942417 0.024650 0.332757
54.874290 -163.104500 1.941640 17.573870 0.024206 0.942719 0.020275 0.332091
54.978530 -162.525100 1.942748 16.856800 0.025030 0.942905 0.018552 0.331601
55.082040 -161.950500 1.939281 16.143890 0.024573 0.943086 0.019942 0.331039
55.185920 -161.377300 1.936519 15.429150 0.024409 0.943214 0.021317 0.330602
55.290780 -160.802600 1.935710 14.712060 0.024233 0.943355 0.022042 0.330164
55.393730 -160.241500 1.936584 14.013830 0.022774 0.943925 0.021742 0.328656
55.497680 -159.682200 1.936046 13.303470 0.021034 0.945044 0.021182 0.325578
55.601700 -159.133800 1.935031 12.590960 0.019965 0.946531 0.021129 0.321300
55.705670 -158.602700 1.939067 11.875860 0.020294 0.948360 0.020969 0.315852
55.809690 -158.088000 1.945549 11.153610 0.020921 0.950623 0.021551 0.308892
55.913810 -157.593300 1.952156 10.423110 0.022320 0.953272 0.023296 0.300386
56.017930 -157.107900 1.958096 9.685989 0.022723 0.956221 0.025513 0.290646
56.122050 -156.652500 1.968002 8.940913 0.023709 0.959650 0.026269 0.278963
56.226190 -156.213700 1.981362 8.187478 0.025656 0.963417 0.026951 0.265412
56.330510 -155.811300 2.002674 7.419730 0.027065 0.967413 0.027792 0.250213
56.434670 -155.433700 2.020771 6.640524 0.028291 0.971366 0.028708 0.234144
56.538940 -155.073600 2.039549 5.854252 0.029420 0.975048 0.028280 0.218210
56.643030 -154.755100 2.055959 5.066725 0.031402 0.978541 0.024660 0.202146
56.747290 -154.451100 2.070725 4.275819 0.033085 0.981843 0.019605 0.185759
56.851430 -154.179900 2.076776 3.475256 0.031754 0.984904 0.016105 0.169398
56.955550 -153.918600 2.081455 2.660279 0.029359 0.987594 0.015495 0.153482
57.059650 -153.690900 2.081084 1.836084 0.028239 0.989766 0.015419 0.139027
57.163560 -153.486300 2.082675 1.004297 0.028754 0.991481 0.014944 0.126156
57.267470 -153.295200 2.088962 0.164283 0.030743 0.992780 0.013734 0.115128
57.371290 -153.116700 2.094656 -0.684920 0.030493 0.993855 0.014090 0.105471
57.475150 -152.946300 2.099191 -1.551019 0.028398 0.994852 0.016921 0.095800
57.579070 -152.793600 2.108057 -2.422346 0.028242 0.995682 0.018444 0.086481
57.682930 -152.659200 2.120983 -3.301845 0.028295 0.996422 0.018190 0.077534
57.786690 -152.534700 2.129986 -4.184410 0.027825 0.997083 0.016000 0.069252
57.890570 -152.422400 2.145234 -5.081774 0.029172 0.997538 0.014542 0.062095
57.994890 -152.323800 2.164537 -6.003442 0.032122 0.997743 0.015691 0.056848
58.098070 -152.230100 2.184519 -6.932667 0.034693 0.997749 0.021103 0.053359
58.201850 -152.134400 2.208027 -7.875658 0.036211 0.997675 0.025769 0.051656
58.305440 -152.034900 2.236569 -8.818435 0.035980 0.997716 0.026055 0.050878
58.409230 -151.930900 2.264380 -9.767273 0.034535 0.997836 0.024405 0.050354
58.512810 -151.822200 2.290503 -10.723430 0.032024 0.997989 0.022315 0.049945
58.616560 -151.705400 2.314806 -11.696490 0.027862 0.998155 0.020754 0.049804
58.720450 -151.590600 2.340253 -12.686010 0.025273 0.998220 0.020831 0.049833
58.824030 -151.479600 2.366234 -13.684360 0.024116 0.998207 0.021851 0.050240
58.927820 -151.368100 2.390739 -14.689410 0.022925 0.998191 0.022820 0.050671
59.031700 -151.253900 2.419304 -15.709740 0.022794 0.998160 0.022908 0.051297
59.135420 -151.138500 2.446252 -16.729960 0.021833 0.998153 0.022539 0.052019
59.239170 -151.018300 2.471748 -17.760610 0.020944 0.998170 0.021497 0.052492
59.343070 -150.898600 2.495354 -18.794450 0.020032 0.998186 0.020522 0.052927
59.446780 -150.778700 2.516209 -19.836290 0.018427 0.998232 0.019961 0.052868
59.550680 -150.658400 2.531082 -20.884570 0.017150 0.998285 0.020049 0.052249
59.654550 -150.541800 2.546922 -21.935240 0.016387 0.998332 0.020375 0.051479
59.758420 -150.428700 2.562912 -22.987770 0.016165 0.998368 0.020603 0.050753
59.862460 -150.317300 2.580523 -24.039630 0.015738 0.998405 0.020912 0.050022
59.965990 -150.210000 2.602248 -25.093940 0.015761 0.998424 0.021465 0.049409
60.069690 -150.100800 2.624842 -26.148050 0.015507 0.998419 0.022795 0.048990
60.173450 -149.995500 2.652068 -27.198720 0.015070 0.998425 0.023642 0.048589
60.277190 -149.891500 2.677343 -28.243180 0.014637 0.998473 0.023078 0.048016
60.381050 -149.789800 2.703716 -29.284840 0.014481 0.998520 0.021918 0.047614
60.484800 -149.688200 2.727489 -30.326210 0.014168 0.998557 0.021212 0.047259
60.588540 -149.588100 2.749371 -31.365200 0.013948 0.998583 0.021268 0.046752
60.692600 -149.489200 2.772055 -32.406070 0.013500 0.998617 0.021761 0.045921
60.797000 -149.392500 2.798290 -33.448800 0.012902 0.998672 0.022338 0.044602
60.900200 -149.300400 2.822913 -34.472370 0.012380 0.998732 0.022749 0.043172
61.003920 -149.211600 2.847794 -35.500250 0.012061 0.998814 0.022043 0.041704
61.107700 -149.124700 2.872146 -36.525700 0.011545 0.998887 0.021806 0.040194
61.211580 -149.038900 2.893300 -37.549890 0.011088 0.998942 0.022299 0.038663
61.315290 -148.957100 2.914898 -38.570650 0.010954 0.998974 0.023199 0.037326
61.419200 -148.881400 2.936848 -39.588890 0.011221 0.999006 0.023902 0.035927
61.522950 -148.810100 2.958886 -40.602750 0.011576 0.999040 0.024003 0.034768
61.626790 -148.735200 2.980846 -41.611810 0.011464 0.999086 0.023756 0.033645
61.730990 -148.663600 3.002899 -42.621440 0.011996 0.999124 0.023187 0.032699
61.834510 -148.592700 3.027276 -43.621640 0.011619 0.999151 0.023217 0.031983
61.938390 -148.517600 3.054980 -44.625450 0.010937 0.999171 0.023544 0.031361
62.042070 -148.444100 3.079101 -45.622170 0.010532 0.999200 0.023002 0.030976
62.145930 -148.368900 3.102061 -46.613930 0.010354 0.999257 0.020922 0.030679
62.249910 -148.296000 3.122209 -47.602590 0.009888 0.999300 0.019195 0.030554
62.353660 -148.225800 3.142814 -48.590750 0.010079 0.999296 0.018990 0.030742
62.457420 -148.155600 3.159721 -49.576110 0.010506 0.999283 0.019008 0.030999
62.561290 -148.085100 3.175297 -50.558430 0.011342 0.999248 0.019768 0.031379
62.665290 -148.013500 3.189403 -51.538440 0.012401 0.999208 0.020418 0.031821
62.769050 -147.942400 3.205788 -52.511780 0.012806 0.999178 0.020872 0.032320
62.872800 -147.870000 3.219705 -53.479730 0.013122 0.999152 0.021192 0.032768
62.976670 -147.797700 3.231897 -54.448530 0.012636 0.999136 0.021440 0.033280
63.080660 -147.724300 3.243527 -55.413520 0.012556 0.999135 0.020882 0.033683
63.184460 -147.653200 3.257265 -56.372840 0.013617 0.999104 0.020284 0.034548
63.288240 -147.579700 3.270311 -57.330200 0.014310 0.999052 0.019811 0.036014
63.392070 -147.500100 3.282400 -58.281100 0.013714 0.999015 0.019462 0.037436
63.495820 -147.420700 3.291390 -59.229350 0.013646 0.998984 0.018803 0.038618
63.599720 -147.341500 3.301002 -60.171640 0.013810 0.998948 0.018494 0.039637
63.703640 -147.259900 3.310925 -61.108030 0.013417 0.998930 0.018594 0.040171
63.807440 -147.178100 3.317449 -62.037440 0.012575 0.998910 0.019715 0.040388
63.911420 -147.099100 3.324624 -62.956470 0.012151 0.998907 0.020699 0.040119
64.015770 -147.021800 3.332509 -63.869090 0.012012 0.998916 0.021264 0.039640
64.119460 -146.946200 3.341452 -64.761620 0.011317 0.998947 0.021385 0.038993
64.223410 -146.873600 3.350949 -65.641890 0.010674 0.998997 0.021251 0.037947
64.327430 -146.804600 3.362788 -66.507320 0.010185 0.999066 0.021428 0.036122
64.431450 -146.740900 3.376135 -67.357840 0.010281 0.999157 0.021624 0.033360
64.535560 -146.684200 3.387862 -68.188960 0.010562 0.999264 0.021657 0.029833
64.639590 -146.637000 3.400870 -68.999220 0.011496 0.999359 0.021870 0.025910
64.743580 -146.601800 3.409958 -69.786850 0.012659 0.999420 0.022680 0.022002
64.847590 -146.575000 3.416011 -70.550950 0.014350 0.999473 0.022831 0.018079
64.951550 -146.551500 3.421360 -71.289440 0.015212 0.999512 0.023203 0.014330
65.055500 -146.529800 3.426278 -72.003420 0.015911 0.999540 0.023520 0.010614
65.159520 -146.515200 3.430945 -72.689370 0.016347 0.999565 0.023459 0.007171
65.263460 -146.506300 3.436511 -73.348500 0.017019 0.999576 0.023291 0.004001
65.367480 -146.499000 3.443175 -73.981910 0.017455 0.999580 0.023114 0.001026
65.471470 -146.496000 3.451189 -74.588600 0.018027 0.999575 0.022849 -0.001686
65.575320 -146.499700 3.454673 -75.167710 0.019076 0.999556 0.022500 -0.004091
65.679310 -146.508700 3.458263 -75.724260 0.019938 0.999511 0.023233 -0.006365
65.783300 -146.520100 3.460680 -76.249210 0.020199 0.999467 0.024228 -0.008387
65.887300 -146.531000 3.464948 -76.745010 0.020641 0.999429 0.024688 -0.010265
65.991170 -146.545800 3.469095 -77.208360 0.020852 0.999400 0.025000 -0.011800
66.095340 -146.562400 3.474975 -77.644470 0.021584 0.999361 0.025330 -0.013042
66.199080 -146.582800 3.481100 -78.045560 0.022709 0.999316 0.025616 -0.013999
66.303070 -146.598200 3.487735 -78.415320 0.023294 0.999285 0.025948 -0.014602
66.407050 -146.614700 3.489838 -78.752900 0.023173 0.999271 0.026511 -0.014761
66.512930 -146.626700 3.492333 -79.060600 0.022668 0.999279 0.026754 -0.014537
66.614800 -146.635800 3.493390 -79.326940 0.021966 0.999310 0.026477 -0.013999
66.718800 -146.644400 3.496768 -79.571930 0.021104 0.999348 0.026167 -0.013138
66.824140 -146.650200 3.501775 -79.797170 0.020306 0.999389 0.025828 -0.011904
66.926760 -146.657400 3.507398 -79.998770 0.019785 0.999430 0.025206 -0.010666
67.031610 -146.661300 3.513405 -80.195760 0.019636 0.999480 0.023861 -0.009240
67.134650 -146.663600 3.523785 -80.384670 0.019884 0.999509 0.022817 -0.008085
67.238470 -146.663500 3.531968 -80.569880 0.020310 0.999511 0.022716 -0.006970
67.342520 -146.655800 3.544429 -80.746170 0.019880 0.999516 0.023215 -0.005831
67.446480 -146.645200 3.553303 -80.911480 0.018920 0.999536 0.023430 -0.004617
67.550330 -146.631500 3.562076 -81.061590 0.018030 0.999565 0.023100 -0.003243
67.654290 -146.626400 3.568355 -81.202170 0.018326 0.999574 0.022669 -0.001418
67.758210 -146.623600 3.574643 -81.334900 0.018943 0.999571 0.022302 0.000899
67.862190 -146.617200 3.580246 -81.460930 0.019146 0.999567 0.022062 0.003593
67.966080 -146.606400 3.586432 -81.580050 0.018577 0.999561 0.022033 0.006891
68.070190 -146.591000 3.591611 -81.691810 0.017574 0.999547 0.021925 0.010775
68.173980 -146.574300 3.595945 -81.796110 0.016548 0.999513 0.022044 0.014655
68.277930 -146.554400 3.599009 -81.887990 0.015886 0.999455 0.022541 0.018162
68.381800 -146.537100 3.601598 -81.964070 0.015199 0.999396 0.022796 0.021356
68.485930 -146.521800 3.605125 -82.025350 0.014831 0.999346 0.022889 0.023762
68.589980 -146.509800 3.607875 -82.072680 0.014904 0.999302 0.022479 0.025851
68.693970 -146.498800 3.610893 -82.108130 0.014841 0.999265 0.022261 0.027462
68.797970 -146.489700 3.612361 -82.133070 0.014961 0.999232 0.022291 0.028555
68.902060 -146.481300 3.614901 -82.147900 0.014733 0.999214 0.021965 0.029524
69.006040 -146.474900 3.616561 -82.154660 0.014595 0.999201 0.022064 0.029957
69.110830 -146.470000 3.618715 -82.151620 0.014567 0.999203 0.022107 0.029881
69.214230 -146.467500 3.618427 -82.144490 0.014935 0.999207 0.021668 0.029870
69.318190 -146.466600 3.617487 -82.142890 0.015152 0.999213 0.021056 0.030008
69.422330 -146.469100 3.619237 -82.145980 0.015029 0.999222 0.020886 0.029878
69.526320 -146.474300 3.621418 -82.148460 0.014907 0.999217 0.021093 0.029984
69.630320 -146.478400 3.622343 -82.148140 0.014919 0.999219 0.020886 0.030058
69.734330 -146.480900 3.626275 -82.146890 0.015017 0.999219 0.020880 0.030003
69.838430 -146.483700 3.630956 -82.145920 0.015007 0.999211 0.021103 0.030108
69.943310 -146.485300 3.635666 -82.144300 0.015015 0.999214 0.020962 0.030124
70.047250 -146.486000 3.642197 -82.143390 0.015050 0.999210 0.020952 0.030219
70.150510 -146.487400 3.646408 -82.144780 0.015063 0.999207 0.021053 0.030255
70.254450 -146.489600 3.650913 -82.146510 0.015088 0.999206 0.021044 0.030289
70.358440 -146.490300 3.653096 -82.147320 0.015154 0.999202 0.021017 0.030395
70.462450 -146.492900 3.660850 -82.150980 0.015189 0.999200 0.020991 0.030470
70.566450 -146.493500 3.666124 -82.152550 0.015244 0.999196 0.021051 0.030524
70.670640 -146.495000 3.672670 -82.154600 0.015269 0.999193 0.021038 0.030609
70.774540 -146.495200 3.677041 -82.155360 0.015285 0.999192 0.021038 0.030644
70.878550 -146.496100 3.682929 -82.156620 0.015303 0.999188 0.021047 0.030759
70.982540 -146.494400 3.686575 -82.156120 0.015340 0.999183 0.021057 0.030906
71.086680 -146.494300 3.692587 -82.156570 0.015429 0.999178 0.021049 0.031027
71.190680 -146.492900 3.697692 -82.155230 0.015483 0.999171 0.021010 0.031238
71.294670 -146.490300 3.703976 -82.151850 0.015551 0.999164 0.021009 0.031427
71.398790 -146.487800 3.711265 -82.148430 0.015594 0.999155 0.020982 0.031708
71.503010 -146.485800 3.717330 -82.145440 0.015671 0.999149 0.020990 0.031856
71.606920 -146.486600 3.721405 -82.143020 0.015711 0.999149 0.020983 0.031847
71.710990 -146.487300 3.725380 -82.140910 0.015776 0.999146 0.021018 0.031873
71.817720 -146.487600 3.730224 -82.138420 0.015756 0.999143 0.021028 0.031986
71.918960 -146.487100 3.733757 -82.136350 0.015789 0.999142 0.021000 0.032024
72.023080 -146.486500 3.736302 -82.135050 0.015862 0.999140 0.021011 0.032049
72.127050 -146.486000 3.737147 -82.133620 0.015950 0.999134 0.021008 0.032168
72.231970 -146.487900 3.738183 -82.133260 0.015996 0.999133 0.021039 0.032154
72.335120 -146.488100 3.739743 -82.132520 0.015987 0.999131 0.020998 0.032246
72.439200 -146.488700 3.743962 -82.132970 0.016016 0.999130 0.021006 0.032284
72.543190 -146.488700 3.746808 -82.133150 0.016013 0.999128 0.021027 0.032323
72.647200 -146.489000 3.749734 -82.133460 0.016040 0.999125 0.021059 0.032382
72.751200 -146.488500 3.751969 -82.133240 0.016060 0.999120 0.021067 0.032506
72.855180 -146.486200 3.756727 -82.133580 0.016074 0.999117 0.021055 0.032627
72.959210 -146.484700 3.760390 -82.133480 0.016073 0.999114 0.021096 0.032690
73.063300 -146.485000 3.762686 -82.133630 0.016139 0.999112 0.021098 0.032696
73.167460 -146.485400 3.763251 -82.133820 0.016177 0.999109 0.021100 0.032771
73.271730 -146.484900 3.763444 -82.133510 0.016135 0.999110 0.021115 0.032755
73.375310 -146.485100 3.764354 -82.133390 0.016149 0.999110 0.021120 0.032760
73.479440 -146.485100 3.765829 -82.133040 0.016166 0.999109 0.021152 0.032741
73.583460 -146.480100 3.769760 -82.133670 0.016112 0.999109 0.021151 0.032789
73.687600 -146.476400 3.772636 -82.132760 0.016078 0.999107 0.021184 0.032838
73.791560 -146.473300 3.773749 -82.132260 0.016090 0.999107 0.021135 0.032848
73.895660 -146.472100 3.774660 -82.131890 0.016106 0.999106 0.021150 0.032861
73.999560 -146.475500 3.775066 -82.132810 0.016100 0.999108 0.021161 0.032799
74.103680 -146.477100 3.775151 -82.133080 0.016106 0.999109 0.021169 0.032782
74.207700 -146.477500 3.776020 -82.133220 0.016138 0.999107 0.021168 0.032801
74.311710 -146.476500 3.778253 -82.133180 0.016134 0.999108 0.021136 0.032810
74.415680 -146.506000 3.817593 -82.149960 0.016142 0.999107 0.021178 0.032818
74.519800 -146.525000 3.844867 -82.162010 0.016093 0.999099 0.021079 0.033146
74.623890 -146.541400 3.867997 -82.176050 0.016011 0.999065 0.020851 0.034310
74.727840 -146.556900 3.891863 -82.195570 0.015763 0.999043 0.020656 0.035194
74.831850 -146.565900 3.908776 -82.217300 0.015486 0.998995 0.020546 0.036710
74.935850 -146.579400 3.927281 -82.245650 0.015721 0.998898 0.020634 0.039115
75.039850 -146.585800 3.940279 -82.275440 0.015729 0.998786 0.020632 0.041885
75.143810 -146.590600 3.955031 -82.310130 0.015395 0.998655 0.020619 0.045001
75.247810 -146.587800 3.963825 -82.344310 0.015268 0.998477 0.020642 0.048836
75.351710 -146.588200 3.974088 -82.384390 0.015252 0.998249 0.020553 0.053324
75.455730 -146.581800 3.980790 -82.426170 0.015150 0.997986 0.020598 0.058058
75.559590 -146.578000 3.988369 -82.473540 0.014992 0.997666 0.020639 0.063339
75.663570 -146.567500 3.993899 -82.522590 0.014991 0.997268 0.020622 0.069334
75.767480 -146.551800 4.000773 -82.574220 0.014901 0.996798 0.020503 0.075833
75.871360 -146.533100 4.006616 -82.632340 0.014787 0.996245 0.020025 0.082921
75.975180 -146.507500 4.013233 -82.698050 0.014526 0.995566 0.019000 0.090979
76.079100 -146.475900 4.019203 -82.778480 0.013910 0.994768 0.017892 0.099614
76.182950 -146.445200 4.024429 -82.880310 0.013283 0.993850 0.017365 0.108559
76.286810 -146.396400 4.029323 -82.987780 0.012904 0.992805 0.017584 0.117738
76.390670 -146.351300 4.033562 -83.116710 0.013485 0.991605 0.018264 0.127292
76.495070 -146.295800 4.037831 -83.258390 0.014250 0.990159 0.019050 0.137907
76.598340 -146.230900 4.040989 -83.410050 0.013766 0.988491 0.019672 0.149365
76.702070 -146.156300 4.045713 -83.574440 0.012928 0.986583 0.020962 0.161391
76.805830 -146.070100 4.051946 -83.743030 0.012927 0.984455 0.021964 0.173778
76.909690 -145.980400 4.058185 -83.920980 0.013757 0.982048 0.022582 0.186771
77.013440 -145.879500 4.063554 -84.106160 0.014271 0.979273 0.023828 0.200632
77.117090 -145.759900 4.070054 -84.291310 0.014653 0.976012 0.025451 0.215726
77.220840 -145.633200 4.076339 -84.484530 0.014914 0.972191 0.026306 0.232230
77.324460 -145.491300 4.083620 -84.682600 0.015222 0.967665 0.025904 0.250442
77.428190 -145.315300 4.089716 -84.880830 0.014829 0.962338 0.024613 0.270334
77.531820 -145.125500 4.095105 -85.097530 0.013616 0.956142 0.023249 0.291663
77.635430 -144.895700 4.100068 -85.318510 0.013437 0.948869 0.022301 0.314594
77.739080 -144.660100 4.109917 -85.564920 0.015308 0.940391 0.021646 0.339060
77.842690 -144.396400 4.121088 -85.819420 0.017665 0.931072 0.020362 0.363838
77.946530 -144.077500 4.128858 -86.065360 0.018668 0.921196 0.018681 0.388201
78.050250 -143.742200 4.134474 -86.327230 0.018765 0.910773 0.018151 0.412082
78.153970 -143.370700 4.137690 -86.591410 0.019299 0.899538 0.018457 0.436026
78.257840 -142.947400 4.141571 -86.840620 0.019901 0.887553 0.019322 0.459869
78.361560 -142.503300 4.143550 -87.088030 0.018938 0.874986 0.020521 0.483343
78.465430 -142.010000 4.148160 -87.315640 0.018546 0.861581 0.022761 0.506770
78.569310 -141.509200 4.153370 -87.543350 0.019294 0.847303 0.025636 0.530139
78.673060 -140.976200 4.156256 -87.751400 0.019767 0.832357 0.028020 0.553178
78.776930 -140.392100 4.158657 -87.924310 0.019467 0.817042 0.029670 0.575485
78.880800 -139.798500 4.160018 -88.087580 0.019101 0.801686 0.031243 0.596623
78.984860 -139.158600 4.162171 -88.219880 0.019294 0.786234 0.032292 0.616783
79.088830 -138.508600 4.166045 -88.338790 0.020833 0.771624 0.032580 0.634902
79.192960 -137.828100 4.168871 -88.433330 0.021682 0.758619 0.031677 0.650402
79.297060 -137.112800 4.171257 -88.501470 0.021597 0.747319 0.030312 0.663423
79.401310 -136.379200 4.171706 -88.560310 0.022034 0.738090 0.028699 0.673732
79.505690 -135.614800 4.169899 -88.607530 0.022945 0.730628 0.027571 0.681833
79.610070 -134.825400 4.168382 -88.646460 0.023486 0.724683 0.027347 0.688139
79.714470 -134.012900 4.164762 -88.676090 0.024480 0.719466 0.027206 0.693563
79.818800 -133.180100 4.156812 -88.696560 0.025773 0.714561 0.026866 0.698581
79.923050 -132.327700 4.147637 -88.705560 0.027711 0.709423 0.026036 0.703756
80.027420 -131.452700 4.136633 -88.701090 0.029079 0.704403 0.024645 0.708776
80.131680 -130.552000 4.122623 -88.680490 0.028412 0.699964 0.023190 0.713236
80.235930 -129.631200 4.103983 -88.649530 0.026779 0.696551 0.021640 0.716681
80.340300 -128.688800 4.084791 -88.612120 0.024941 0.694660 0.019978 0.718628
80.444550 -127.723900 4.065878 -88.575690 0.024357 0.693785 0.018690 0.719527
80.548940 -126.735200 4.048213 -88.540510 0.023576 0.693497 0.018676 0.719831
80.653190 -125.721000 4.031067 -88.504890 0.023413 0.693059 0.019412 0.720239
80.757320 -124.683500 4.013952 -88.464330 0.023421 0.692030 0.019790 0.721217
80.861430 -123.628800 3.996890 -88.419700 0.023742 0.690491 0.020026 0.722673
80.965550 -122.553100 3.978093 -88.368340 0.023908 0.688807 0.019823 0.724280
81.069680 -121.460200 3.960347 -88.294280 0.023800 0.687029 0.019731 0.725972
81.173790 -120.350200 3.940654 -88.210780 0.023557 0.685039 0.019462 0.727866
81.277810 -119.227100 3.920264 -88.130570 0.023009 0.683091 0.020546 0.729682
81.381810 -118.086600 3.901849 -88.040550 0.022021 0.681130 0.022221 0.731494
81.485930 -116.930100 3.883303 -87.948680 0.021157 0.679447 0.023212 0.733053
81.589930 -115.761400 3.867981 -87.848580 0.021292 0.678621 0.023098 0.733816
81.694050 -114.579400 3.849717 -87.745070 0.021668 0.678609 0.021957 0.733852
81.798060 -113.383700 3.830963 -87.639240 0.021674 0.678964 0.021602 0.733534
81.902180 -112.181700 3.812180 -87.539240 0.021085 0.679182 0.022760 0.733314
82.006180 -110.975100 3.791845 -87.438680 0.020717 0.679292 0.024075 0.733181
82.110180 -109.774500 3.771694 -87.342890 0.020627 0.679466 0.025039 0.732990
82.214180 -108.579400 3.750574 -87.247080 0.020403 0.679586 0.025274 0.732876
82.318180 -107.385700 3.726738 -87.146760 0.020397 0.679775 0.025438 0.732695
82.422200 -106.197600 3.701746 -87.049880 0.020569 0.679983 0.024753 0.732521
82.526180 -105.009900 3.677172 -86.952960 0.021413 0.680166 0.023935 0.732355
82.630180 -103.821100 3.653224 -86.859660 0.021504 0.680302 0.023779 0.732230
82.734050 -102.632200 3.628733 -86.764010 0.020329 0.680491 0.024241 0.732073
82.838070 -101.444600 3.607239 -86.672220 0.019553 0.680675 0.025115 0.731894
82.942060 -100.261700 3.588698 -86.572000 0.019841 0.680771 0.024380 0.731822
83.046050 -99.084360 3.569432 -86.480670 0.020959 0.680905 0.023984 0.731679
83.149930 -97.910110 3.547496 -86.386260 0.021467 0.680966 0.023526 0.731622
83.253960 -96.736140 3.526824 -86.293870 0.020178 0.681095 0.023767 0.731531
83.357930 -95.562790 3.506517 -86.201430 0.018853 0.681175 0.024463 0.731469
83.461930 -94.392300 3.490095 -86.110230 0.017269 0.681352 0.024756 0.731334
83.565930 -93.228880 3.474064 -86.017520 0.016697 0.681532 0.023455 0.731222
83.669810 -92.070770 3.457332 -85.930070 0.016947 0.681591 0.022638 0.731187
83.773690 -90.914820 3.439932 -85.844400 0.016995 0.681644 0.022325 0.731146
83.877560 -89.760830 3.420499 -85.757500 0.016429 0.681742 0.022103 0.731074
83.981560 -88.607560 3.402298 -85.674060 0.016138 0.681743 0.022975 0.731053
84.085580 -87.458220 3.383825 -85.591180 0.016499 0.681724 0.023238 0.731054
84.189660 -86.314280 3.365660 -85.511300 0.018027 0.681798 0.023337 0.730946
84.293370 -85.176390 3.347256 -85.431600 0.019366 0.681551 0.023599 0.731133
84.397140 -84.042120 3.327124 -85.352570 0.020212 0.680986 0.024679 0.731601
84.500970 -82.904810 3.306136 -85.266650 0.020126 0.679986 0.025392 0.732509
84.604690 -81.774420 3.285675 -85.178220 0.019918 0.678761 0.025913 0.733632
84.708560 -80.646580 3.266626 -85.082470 0.019206 0.677687 0.025729 0.734649
84.812320 -79.525840 3.245394 -84.982830 0.018611 0.676715 0.024385 0.735606
84.916060 -78.409690 3.221768 -84.882440 0.018969 0.675644 0.023221 0.736618
85.020090 -77.288960 3.191912 -84.784610 0.019006 0.674670 0.023000 0.737516
85.123720 -76.174850 3.162484 -84.684980 0.018395 0.673910 0.023488 0.738211
85.227440 -75.063630 3.133853 -84.584360 0.018185 0.673238 0.023854 0.738817
85.331180 -73.955990 3.108503 -84.481550 0.017989 0.672662 0.024020 0.739341
85.435100 -72.849640 3.082721 -84.375480 0.017459 0.672140 0.024389 0.739816
85.538870 -71.748560 3.059320 -84.267510 0.016715 0.671807 0.023918 0.740152
85.642600 -70.650490 3.035851 -84.159700 0.016482 0.671835 0.023614 0.740141
85.746450 -69.556400 3.014567 -84.051650 0.016144 0.672101 0.022730 0.739935
85.850400 -68.463100 2.993483 -83.946570 0.016181 0.672617 0.022521 0.739471
85.954220 -67.368710 2.973202 -83.844520 0.016256 0.673208 0.022970 0.738918
86.058060 -66.269780 2.959134 -83.744240 0.017341 0.674008 0.023908 0.738133
86.161940 -65.173610 2.945193 -83.648550 0.018972 0.674783 0.024567 0.737363
86.266420 -64.072250 2.930056 -83.553850 0.020296 0.675621 0.025068 0.736543
86.369740 -62.988460 2.914583 -83.463860 0.020889 0.676425 0.026048 0.735755
86.473600 -61.893850 2.894478 -83.371920 0.020097 0.677264 0.026870 0.734974
86.577490 -60.801650 2.873362 -83.279830 0.019021 0.678134 0.027024 0.734195
86.681310 -59.725320 2.851534 -83.192290 0.018880 0.679012 0.026547 0.733404
86.785510 -58.653230 2.826080 -83.105820 0.018756 0.679827 0.025612 0.732685
86.889090 -57.588910 2.801637 -83.022880 0.019399 0.680564 0.024486 0.732022
86.992950 -56.511930 2.779651 -82.928720 0.020065 0.681221 0.023223 0.731434
87.096690 -55.439240 2.756445 -82.845570 0.021260 0.681800 0.022889 0.730871
87.200570 -54.362930 2.731590 -82.759480 0.021422 0.682171 0.022759 0.730525
87.304430 -53.287950 2.707333 -82.677770 0.020852 0.682358 0.023558 0.730341
87.408330 -52.214910 2.684340 -82.594490 0.019875 0.682260 0.024411 0.730432
87.512180 -51.151050 2.663165 -82.509830 0.018348 0.682137 0.024220 0.730593
87.616060 -50.102380 2.644628 -82.423820 0.016858 0.681966 0.023236 0.730820
87.719790 -49.053340 2.626537 -82.336960 0.015323 0.681834 0.021527 0.731030
87.823570 -48.004720 2.609242 -82.250220 0.014324 0.681721 0.020130 0.731195
87.927320 -46.961330 2.591640 -82.161740 0.013335 0.681621 0.018467 0.731351
88.031060 -45.913850 2.573083 -82.077170 0.013236 0.681522 0.017699 0.731464
88.135050 -44.853980 2.560563 -81.993560 0.013666 0.681232 0.016329 0.731758
88.238710 -43.795000 2.547118 -81.913070 0.013949 0.681026 0.016487 0.731940
88.342600 -42.729750 2.539457 -81.836000 0.013950 0.680674 0.019201 0.732202
88.446330 -41.668730 2.528194 -81.755230 0.011999 0.680290 0.021920 0.732517
88.550190 -40.605850 2.515850 -81.669580 0.012943 0.679811 0.023051 0.732911
88.653930 -39.551650 2.503950 -81.593300 0.015293 0.679332 0.022566 0.733325
88.757820 -38.496440 2.488082 -81.513020 0.017056 0.679050 0.021402 0.733582
88.861690 -37.446990 2.467897 -81.429200 0.017319 0.678934 0.020675 0.733704
88.965560 -36.399310 2.449328 -81.343520 0.017363 0.678705 0.020444 0.733921
89.069450 -35.358930 2.430647 -81.260150 0.017828 0.678571 0.020980 0.734019
89.173320 -34.324130 2.409772 -81.178460 0.019336 0.678541 0.020892 0.734010
89.277420 -33.290690 2.388158 -81.098330 0.021409 0.678557 0.021015 0.733935
89.381180 -32.265650 2.364654 -81.018880 0.022426 0.678718 0.021248 0.733749
89.485130 -31.234230 2.341459 -80.938930 0.022182 0.678993 0.022748 0.733457
89.588990 -30.205420 2.319947 -80.863340 0.021387 0.679179 0.024742 0.733244
89.692870 -29.181980 2.301513 -80.790030 0.020846 0.679463 0.025449 0.732972
89.796830 -28.164850 2.286540 -80.719500 0.020881 0.679881 0.024744 0.732607
89.900710 -27.154930 2.273856 -80.650870 0.020814 0.680279 0.023466 0.732281
90.004580 -26.142480 2.258338 -80.579600 0.020353 0.680689 0.023268 0.731920
90.108700 -25.130870 2.243360 -80.512870 0.019493 0.681039 0.023876 0.731598
90.212510 -24.126160 2.224417 -80.445130 0.018828 0.681412 0.024254 0.731256
90.316520 -23.123140 2.200874 -80.380110 0.019461 0.681666 0.024762 0.730986
90.420320 -22.128140 2.179186 -80.313820 0.019573 0.681908 0.024763 0.730757
90.524330 -21.136240 2.158118 -80.247300 0.019542 0.682192 0.024791 0.730492
90.628220 -20.159140 2.136539 -80.181020 0.018335 0.682479 0.024600 0.730261
90.732220 -19.203440 2.115684 -80.118030 0.017735 0.682795 0.024494 0.729984
90.836200 -18.265450 2.094794 -80.056050 0.017340 0.683108 0.024498 0.729700
90.940100 -17.342960 2.076612 -79.993110 0.016707 0.683339 0.024578 0.729496
91.044070 -16.439970 2.056734 -79.929640 0.015451 0.683358 0.024563 0.729506
91.148110 -15.558050 2.038136 -79.866310 0.015547 0.683080 0.024929 0.729752
91.251940 -14.701870 2.021472 -79.797550 0.016036 0.682256 0.024492 0.730527
91.355930 -13.862420 2.006898 -79.730950 0.016450 0.681132 0.024184 0.731576
91.459820 -13.047990 1.982635 -79.657740 0.015804 0.679691 0.023332 0.732957
91.563820 -12.252090 1.955701 -79.580950 0.015174 0.678123 0.022222 0.734456
91.667690 -11.471000 1.931372 -79.505250 0.015523 0.676245 0.021682 0.736194
91.771700 -10.714070 1.907256 -79.428360 0.016304 0.673674 0.021459 0.738537
91.875570 -9.978597 1.882125 -79.346850 0.017763 0.670305 0.021495 0.741562
91.979540 -9.267307 1.855018 -79.258710 0.019125 0.666205 0.021413 0.745216
92.083700 -8.577034 1.824620 -79.159040 0.019158 0.661710 0.021011 0.749221
92.187280 -7.915426 1.793514 -79.051590 0.019250 0.656949 0.020751 0.753403
92.291780 -7.272311 1.764992 -78.940490 0.019159 0.651634 0.020937 0.758003
92.394820 -6.660991 1.732230 -78.823440 0.018787 0.645748 0.021896 0.763005
92.498710 -6.068827 1.702411 -78.696390 0.018313 0.639209 0.021373 0.768518
92.607140 -5.472914 1.669583 -78.549550 0.017767 0.631708 0.019592 0.774755
92.706330 -4.940333 1.642761 -78.407300 0.017057 0.624212 0.018045 0.780860
92.812670 -4.382647 1.616116 -78.248560 0.017273 0.615405 0.018073 0.787814
92.913890 -3.867830 1.594797 -78.086270 0.016723 0.606599 0.017898 0.794630
93.017610 -3.358995 1.576012 -77.902750 0.015993 0.597071 0.016950 0.801850
93.121320 -2.864838 1.557809 -77.711290 0.015863 0.586245 0.016065 0.809819
93.225060 -2.385605 1.538800 -77.503960 0.016392 0.574001 0.014702 0.818559
93.328690 -1.921735 1.519288 -77.287130 0.018005 0.559766 0.013758 0.828341
93.432440 -1.469750 1.500554 -77.054480 0.019238 0.543751 0.013057 0.838925
93.536240 -1.027851 1.487556 -76.800120 0.020065 0.525552 0.014312 0.850405
93.639690 -0.603678 1.472946 -76.533140 0.019897 0.504347 0.015987 0.863124
93.743290 -0.205123 1.455786 -76.238840 0.018421 0.481882 0.015154 0.875912
93.847210 0.166806 1.434811 -75.911920 0.017161 0.459322 0.012226 0.888020
93.950650 0.520539 1.418536 -75.581570 0.017431 0.436206 0.010104 0.899621
94.054400 0.859237 1.400138 -75.241810 0.019035 0.412230 0.009934 0.910827
94.158110 1.182030 1.376718 -74.883010 0.020688 0.388235 0.011325 0.921259
94.261830 1.473046 1.350348 -74.509320 0.018854 0.364593 0.009109 0.930931
94.365720 1.733786 1.324453 -74.110790 0.015810 0.340979 0.004677 0.939926
94.469450 1.977241 1.308518 -73.709730 0.013410 0.316637 0.001870 0.948450
94.573250 2.211269 1.295259 -73.299080 0.010454 0.291918 0.002241 0.956384
94.677090 2.431700 1.282661 -72.868800 0.007540 0.267290 0.004009 0.963578
94.780820 2.625592 1.268760 -72.432540 0.003867 0.242845 0.003221 0.970052
94.884790 2.778690 1.258343 -71.968370 -0.000730 0.218303 -0.002086 0.975878
94.988570 2.915642 1.253995 -71.511800 -0.002458 0.194028 -0.004202 0.980984
95.092440 3.046312 1.258350 -71.053430 -0.001299 0.169797 -0.004965 0.985466
95.196460 3.160868 1.257972 -70.579580 -0.000346 0.147479 -0.004617 0.989054
95.300440 3.257933 1.264619 -70.102600 -0.000300 0.127577 -0.005071 0.991816
95.404570 3.332790 1.267119 -69.610070 -0.000472 0.108976 -0.007991 0.994012
95.508570 3.394982 1.272526 -69.116480 0.000076 0.091907 -0.010850 0.995708
95.612820 3.452999 1.270676 -68.611430 -0.000224 0.077654 -0.012012 0.996908
95.717080 3.505748 1.267062 -68.096830 -0.000781 0.066382 -0.012502 0.997716
95.821210 3.551082 1.261750 -67.575730 -0.001272 0.055989 -0.012859 0.998348
95.925440 3.591560 1.259481 -67.046250 -0.001099 0.046460 -0.011736 0.998851
96.029700 3.623078 1.252875 -66.505600 -0.000105 0.038863 -0.011343 0.999180
96.133950 3.647772 1.243096 -65.950340 0.000481 0.031835 -0.011904 0.999422
96.238190 3.663801 1.234892 -65.377050 0.000565 0.024518 -0.012334 0.999623
96.342320 3.673887 1.227201 -64.790020 0.000803 0.017588 -0.012153 0.999771
96.446460 3.677308 1.218704 -64.185040 0.001008 0.010625 -0.011882 0.999872
96.550570 3.675967 1.209466 -63.563370 0.000653 0.003456 -0.010816 0.999935
96.654710 3.664022 1.199856 -62.925430 0.000937 -0.003097 -0.010729 0.999937
96.758950 3.643049 1.189755 -62.271330 0.001486 -0.008241 -0.011316 0.999901
96.863080 3.617203 1.179028 -61.602360 0.002119 -0.012533 -0.012233 0.999844
96.967200 3.591227 1.168096 -60.915700 0.002824 -0.015753 -0.012144 0.999798
97.071450 3.556391 1.152451 -60.209600 0.003105 -0.017894 -0.012247 0.999760
97.175570 3.520319 1.139602 -59.493480 0.003182 -0.019662 -0.011976 0.999730
97.279720 3.485568 1.128869 -58.760380 0.002672 -0.021089 -0.012015 0.999702
97.383810 3.451301 1.117531 -58.012660 0.001744 -0.022418 -0.011335 0.999683
97.487940 3.415287 1.106594 -57.255200 0.000504 -0.024014 -0.010611 0.999655
97.592070 3.375737 1.094891 -56.493750 -0.000694 -0.025564 -0.010102 0.999622
97.696240 3.332427 1.084248 -55.729640 -0.001903 -0.027113 -0.009940 0.999581
97.800340 3.288581 1.074394 -54.965140 -0.002859 -0.028741 -0.009010 0.999542
97.904320 3.243097 1.064884 -54.203520 -0.003283 -0.030491 -0.007899 0.999498
98.008320 3.192353 1.056466 -53.437990 -0.003407 -0.032322 -0.006865 0.999448
98.112320 3.132861 1.049640 -52.673270 -0.003363 -0.034204 -0.006606 0.999387
98.216470 3.069795 1.042836 -51.907210 -0.003148 -0.036095 -0.006407 0.999323
98.320320 3.005492 1.035311 -51.142420 -0.003225 -0.037655 -0.006425 0.999265
98.424320 2.937896 1.027891 -50.376430 -0.003363 -0.038683 -0.006764 0.999223
98.528320 2.871709 1.018952 -49.612280 -0.003242 -0.039311 -0.007075 0.999197
98.632320 2.803220 1.010036 -48.846160 -0.003223 -0.039645 -0.007694 0.999179
98.736320 2.741985 0.998086 -48.082200 -0.003301 -0.039733 -0.007752 0.999175
98.840320 2.690256 0.981828 -47.318710 -0.003652 -0.039708 -0.007342 0.999178
98.944340 2.632847 0.966562 -46.555900 -0.004056 -0.039695 -0.007231 0.999177
99.048200 2.573747 0.951503 -45.797330 -0.004640 -0.039688 -0.007254 0.999175
99.152220 2.514617 0.939008 -45.039680 -0.005099 -0.039691 -0.007095 0.999174
99.256070 2.455917 0.926006 -44.286280 -0.005081 -0.039664 -0.007011 0.999176
99.360070 2.395278 0.913947 -43.535580 -0.004899 -0.039510 -0.007465 0.999179
99.464100 2.336487 0.902527 -42.787040 -0.004623 -0.039062 -0.007386 0.999199
99.567940 2.281395 0.891135 -42.043600 -0.004344 -0.038499 -0.006874 0.999226
99.671950 2.229024 0.876560 -41.303970 -0.004314 -0.037731 -0.006988 0.999254
99.775950 2.176053 0.856402 -40.574230 -0.004006 -0.036963 -0.007491 0.999281
99.879940 2.128161 0.839766 -39.853310 -0.004681 -0.036336 -0.006157 0.999310
99.983820 2.080478 0.823396 -39.141840 -0.005555 -0.035778 -0.005311 0.999330
100.087800 2.023801 0.810377 -38.441270 -0.006614 -0.035121 -0.006729 0.999339
100.191800 1.975410 0.793353 -37.753780 -0.006849 -0.034372 -0.007020 0.999361
100.295700 1.933230 0.780185 -37.078800 -0.005486 -0.034246 -0.005631 0.999383
100.399700 1.895520 0.759729 -36.414710 -0.004484 -0.034057 -0.005349 0.999396
100.503700 1.851613 0.742229 -35.757560 -0.002389 -0.033455 -0.006538 0.999416
100.607700 1.807991 0.722083 -35.105870 -0.001457 -0.033286 -0.007958 0.999413
100.711600 1.766675 0.701511 -34.458180 -0.001250 -0.033103 -0.008383 0.999416
100.815600 1.727417 0.681710 -33.813780 -0.001256 -0.032755 -0.008380 0.999427
100.919600 1.687773 0.664294 -33.176910 -0.000589 -0.032534 -0.008437 0.999435
101.023600 1.645582 0.648805 -32.544470 -0.000052 -0.032510 -0.009146 0.999430
101.127400 1.602843 0.633750 -31.917220 0.000349 -0.032454 -0.009919 0.999424
101.231500 1.561553 0.619247 -31.293340 0.000452 -0.032475 -0.010484 0.999417
101.335400 1.524724 0.603585 -30.674470 0.000153 -0.032728 -0.010301 0.999411
101.439300 1.488055 0.585489 -30.059210 -0.000286 -0.033034 -0.009932 0.999405
101.543300 1.450030 0.561575 -29.449280 -0.000409 -0.033455 -0.009678 0.999393
101.647200 1.412389 0.542382 -28.840280 -0.000227 -0.034135 -0.009335 0.999374
101.751200 1.378315 0.519691 -28.234600 0.000387 -0.034974 -0.008993 0.999348
101.855100 1.340783 0.497527 -27.630610 0.000931 -0.035701 -0.008967 0.999322
101.959100 1.305986 0.477652 -27.028700 0.000939 -0.036643 -0.009007 0.999287
102.062900 1.267692 0.459126 -26.430740 0.000878 -0.037707 -0.008899 0.999249
102.166900 1.229249 0.440591 -25.834080 0.000914 -0.038706 -0.008406 0.999215
102.270800 1.191105 0.425645 -25.239530 0.000770 -0.039649 -0.007542 0.999185
102.374800 1.152074 0.412478 -24.646900 0.000146 -0.040709 -0.007036 0.999146
102.478700 1.111448 0.402668 -24.060420 -0.000313 -0.041600 -0.007055 0.999109
102.582700 1.067365 0.392010 -23.476920 -0.000791 -0.042387 -0.007324 0.999074
102.686600 1.022814 0.381693 -22.898450 -0.001457 -0.043319 -0.007636 0.999031
102.790600 0.977752 0.370715 -22.326600 -0.001839 -0.043963 -0.007583 0.999003
102.894400 0.934574 0.361218 -21.765460 -0.001927 -0.044319 -0.007536 0.998987
102.998500 0.886782 0.350649 -21.212670 -0.001898 -0.044424 -0.007733 0.998981
103.102400 0.844647 0.342802 -20.670460 -0.002044 -0.044104 -0.008273 0.998991
103.206500 0.802905 0.333032 -20.140230 -0.001950 -0.043380 -0.008778 0.999018
103.310300 0.766710 0.328206 -19.619950 -0.001937 -0.042685 -0.008967 0.999046
103.414300 0.732212 0.321646 -19.111600 -0.001914 -0.042057 -0.008686 0.999076
103.518300 0.699503 0.317084 -18.615910 -0.001788 -0.041325 -0.008639 0.999107
103.622300 0.667367 0.310824 -18.132000 -0.001355 -0.040512 -0.008684 0.999140
103.726300 0.635536 0.306033 -17.657260 -0.001180 -0.039946 -0.008817 0.999162
103.830300 0.601767 0.296482 -17.196320 -0.001200 -0.039365 -0.008898 0.999185
103.934300 0.567945 0.286712 -16.744310 -0.001183 -0.038757 -0.009126 0.999206
104.038400 0.536630 0.275364 -16.307040 -0.001404 -0.038184 -0.009018 0.999229
104.142300 0.507341 0.264476 -15.885810 -0.001582 -0.037696 -0.008691 0.999250
104.251000 0.475696 0.253889 -15.464920 -0.002044 -0.037137 -0.008376 0.999273
104.350600 0.446610 0.245082 -15.095020 -0.002696 -0.036646 -0.008863 0.999285
104.455200 0.417035 0.236343 -14.726660 -0.003082 -0.036157 -0.009567 0.999296
104.558200 0.391631 0.227900 -14.385140 -0.003019 -0.035677 -0.009862 0.999310
104.662200 0.369966 0.214066 -14.064630 -0.002768 -0.035317 -0.009267 0.999329
104.766200 0.351258 0.203202 -13.760620 -0.002351 -0.035018 -0.008836 0.999345
104.870200 0.331922 0.191911 -13.474370 -0.002082 -0.034667 -0.008557 0.999360
104.974200 0.313929 0.182225 -13.199140 -0.001800 -0.034375 -0.008821 0.999368
105.078600 0.299516 0.173749 -12.930350 -0.001326 -0.034134 -0.008813 0.999378
105.181900 0.286085 0.166066 -12.669990 -0.000385 -0.033968 -0.008553 0.999386
105.286000 0.275599 0.159315 -12.410890 0.000548 -0.033766 -0.008322 0.999395
105.390000 0.263868 0.152929 -12.153000 0.000738 -0.033626 -0.008304 0.999400
105.494000 0.256120 0.147259 -11.896700 0.000465 -0.033580 -0.008297 0.999401
105.597900 0.250315 0.141123 -11.643500 0.000202 -0.033518 -0.007981 0.999406
105.701800 0.238575 0.135523 -11.391050 0.000069 -0.033455 -0.007708 0.999411
105.805700 0.225556 0.128771 -11.140190 -0.000109 -0.033441 -0.007502 0.999413
105.909700 0.211538 0.122866 -10.893340 -0.000133 -0.033524 -0.007655 0.999409
106.013700 0.198165 0.120429 -10.644890 -0.000171 -0.033568 -0.007479 0.999408
106.117600 0.183954 0.114187 -10.398140 -0.000099 -0.034037 -0.007009 0.999396
106.221500 0.169374 0.107928 -10.152240 -0.000216 -0.035415 -0.006313 0.999353
106.325500 0.151201 0.101075 -9.907869 -0.000212 -0.037637 -0.006186 0.999272
106.429300 0.132765 0.096490 -9.665059 -0.000268 -0.040675 -0.006408 0.999152
106.533200 0.113110 0.092003 -9.424513 -0.000071 -0.044459 -0.006555 0.998990
106.637700 0.091011 0.088273 -9.183499 -0.000082 -0.048273 -0.007216 0.998808
106.741000 0.065435 0.082413 -8.947690 -0.000066 -0.051138 -0.008274 0.998657
106.845000 0.040831 0.074068 -8.713565 0.000108 -0.053486 -0.009002 0.998528
106.949400 0.016860 0.068953 -8.476707 0.000240 -0.055943 -0.008525 0.998398
107.052900 -0.008131 0.065320 -8.242587 0.000264 -0.058443 -0.007946 0.998259
107.156800 -0.037081 0.062242 -8.008871 0.000340 -0.060459 -0.008446 0.998135
107.260700 -0.070862 0.057939 -7.778389 0.000490 -0.061614 -0.009757 0.998052
107.364700 -0.105571 0.050575 -7.549918 0.000667 -0.061893 -0.010899 0.998023
107.468800 -0.133208 0.044938 -7.321385 0.000805 -0.061523 -0.010921 0.998046
107.572800 -0.158415 0.040667 -7.094030 0.000734 -0.060863 -0.010686 0.998089
107.676800 -0.181726 0.035545 -6.867589 0.000600 -0.060007 -0.010282 0.998145
107.780900 -0.208201 0.026077 -6.638255 0.000393 -0.058885 -0.010377 0.998211
107.885000 -0.234301 0.016899 -6.412690 0.000310 -0.057629 -0.010301 0.998285
107.989000 -0.260514 0.006487 -6.188841 0.000642 -0.056391 -0.010155 0.998357
108.093000 -0.284870 -0.002995 -5.965868 0.000709 -0.055042 -0.010057 0.998433
108.197100 -0.307917 -0.012580 -5.742297 0.000617 -0.053449 -0.010164 0.998519
108.301100 -0.327640 -0.021208 -5.519328 0.000586 -0.051537 -0.010018 0.998621
108.405100 -0.344249 -0.027767 -5.296044 0.000590 -0.049448 -0.009991 0.998727
108.509100 -0.360353 -0.033659 -5.068979 0.000988 -0.047463 -0.009926 0.998823
108.613000 -0.376189 -0.040175 -4.833849 0.001932 -0.045411 -0.009869 0.998918
108.717000 -0.388383 -0.044083 -4.586875 0.002688 -0.043147 -0.009561 0.999019
108.821000 -0.401589 -0.048523 -4.328040 0.002866 -0.040859 -0.009391 0.999117
108.925000 -0.412903 -0.051847 -4.057574 0.002692 -0.038444 -0.009140 0.999215
109.028800 -0.424088 -0.056964 -3.776090 0.002589 -0.036026 -0.008715 0.999309
109.132800 -0.431289 -0.063087 -3.483170 0.002155 -0.033540 -0.007759 0.999405
109.236800 -0.440851 -0.069902 -3.181643 0.001424 -0.030902 -0.006875 0.999498
109.340700 -0.454006 -0.075447 -2.872732 0.000750 -0.028477 -0.006335 0.999574
109.444700 -0.464543 -0.080653 -2.555900 0.000449 -0.026133 -0.005896 0.999641
109.548600 -0.472589 -0.083146 -2.231273 0.000095 -0.024003 -0.005938 0.999694
109.652600 -0.480476 -0.087335 -1.896997 -0.000385 -0.021881 -0.005957 0.999743
109.756500 -0.487938 -0.093353 -1.556277 -0.000909 -0.019799 -0.005464 0.999789
109.860500 -0.492906 -0.099901 -1.206877 -0.001106 -0.018043 -0.004625 0.999826
109.964400 -0.494918 -0.105076 -0.850660 -0.000256 -0.016767 -0.003359 0.999854
110.068200 -0.499710 -0.110593 -0.485171 0.000897 -0.015987 -0.002688 0.999868
110.172100 -0.508838 -0.115787 -0.108858 0.002035 -0.015299 -0.003326 0.999875
110.276000 -0.520983 -0.119628 0.278521 0.002049 -0.014026 -0.005007 0.999887
110.380000 -0.511556 -0.110547 0.679747 0.001508 -0.011349 -0.007515 0.999906
110.484000 -0.473736 -0.092245 1.088900 0.001049 -0.007415 -0.006529 0.999951
110.587800 -0.433998 -0.087699 1.492117 0.000958 -0.003507 -0.002303 0.999991
110.691700 -0.388368 -0.086606 1.890361 0.002188 -0.001691 0.002060 0.999994
110.795600 -0.369629 -0.094135 2.281506 0.003859 -0.003203 0.003909 0.999980
110.899200 -0.368577 -0.096196 2.669212 0.004898 -0.008796 0.002073 0.999947
111.002900 -0.387786 -0.097572 3.050660 0.006739 -0.017071 -0.000530 0.999831
111.106600 -0.414732 -0.099485 3.428579 0.008509 -0.025794 -0.004308 0.999622
111.210200 -0.442804 -0.104489 3.803063 0.009451 -0.035252 -0.004720 0.999323
111.314000 -0.473375 -0.113000 4.175334 0.009322 -0.046809 -0.002798 0.998856
111.417700 -0.521258 -0.124453 4.545801 0.006163 -0.058835 -0.002932 0.998244
111.521300 -0.590795 -0.137119 4.909245 0.002796 -0.071481 -0.005759 0.997421
111.625100 -0.669462 -0.145480 5.262875 0.000948 -0.084605 -0.008358 0.996379
111.728700 -0.754007 -0.152645 5.608678 0.000054 -0.097610 -0.009665 0.995178
111.832500 -0.838940 -0.157779 5.951591 -0.001644 -0.109707 -0.010136 0.993911
111.936400 -0.929674 -0.162834 6.291946 -0.003187 -0.120297 -0.009706 0.992685
112.040200 -1.032008 -0.168255 6.626423 -0.004778 -0.127350 -0.012011 0.991774
112.144200 -1.135960 -0.174300 6.958512 -0.006235 -0.131496 -0.015558 0.991175
112.248300 -1.229340 -0.174997 7.289411 -0.007442 -0.132558 -0.017727 0.990989
112.352500 -1.312862 -0.176227 7.617634 -0.007365 -0.130300 -0.018495 0.991275
112.456700 -1.383808 -0.178361 7.944145 -0.007388 -0.126403 -0.017358 0.991800
112.561000 -1.438607 -0.180040 8.249384 -0.009319 -0.122323 -0.014483 0.992341
112.665100 -1.485319 -0.178479 8.521081 -0.010481 -0.117551 -0.012945 0.992927
112.769200 -1.531094 -0.180069 8.751345 -0.011216 -0.112409 -0.013680 0.993505
112.873300 -1.565470 -0.184381 8.946937 -0.011266 -0.107500 -0.014135 0.994041
112.977500 -1.589383 -0.187608 9.106580 -0.010566 -0.102661 -0.013953 0.994562
113.081600 -1.603789 -0.188093 9.232185 -0.010075 -0.098750 -0.012619 0.994981
113.185700 -1.615795 -0.188175 9.324632 -0.009586 -0.096115 -0.011705 0.995255
113.289700 -1.626597 -0.188572 9.380866 -0.009122 -0.094166 -0.011933 0.995443
113.393700 -1.634967 -0.188805 9.405472 -0.008331 -0.093254 -0.012356 0.995531
113.497700 -1.635852 -0.189036 9.404838 -0.008120 -0.093375 -0.012291 0.995522
113.601700 -1.636807 -0.192465 9.386956 -0.006956 -0.093575 -0.012546 0.995509
113.705700 -1.637558 -0.197720 9.378778 -0.004484 -0.093397 -0.012645 0.995539
113.809700 -1.640332 -0.199379 9.376167 -0.002990 -0.093554 -0.012463 0.995532
113.913600 -1.641127 -0.196313 9.372464 -0.003242 -0.093553 -0.012307 0.995533
114.017600 -1.643107 -0.193254 9.369584 -0.003650 -0.093432 -0.012271 0.995543
114.121600 -1.643540 -0.193283 9.371050 -0.003887 -0.093603 -0.012279 0.995526
114.225600 -1.643726 -0.192492 9.370281 -0.004225 -0.093534 -0.012473 0.995529
114.329600 -1.643555 -0.191078 9.367453 -0.004167 -0.093547 -0.012503 0.995528
