#Stereo rect[ms], MP culling[ms], MP creation[ms], LBA[ms], KF culling[ms], Total[ms]
4.253983,0.040006,0.366690,0.006480,0.006480,4.673727
0.768625,0.080971,1.488479,0.001532,0.001532,2.343134
3.893390,0.292512,1.900380,0.240346,0.240346,21.552277
6.109080,0.690761,6.404783,0.400833,0.400833,48.473457
4.924038,0.413154,5.166842,0.608887,0.608887,38.816384
6.841819,0.413662,7.070388,0.682562,0.682562,60.772944
5.804506,0.592807,6.597364,1.357399,1.357399,49.024882
4.524807,0.370933,5.500788,1.107542,1.107542,32.336243
4.332796,0.234284,5.002243,0.950096,0.950096,41.227112
7.879125,0.488494,12.781044,1.354191,1.354191,60.730222
5.536333,0.247069,7.072511,1.499072,1.499072,46.166704
4.895469,0.357697,8.072449,1.635568,1.635568,55.252919
5.935929,0.436485,8.119470,2.382822,2.382822,52.630336
5.160064,0.433201,7.238189,2.059456,2.059456,53.085625
4.978031,0.243233,8.887003,1.587097,1.587097,63.812668
7.361426,0.828689,11.093850,1.881302,1.881302,72.992549
4.663448,0.271490,7.559429,1.950635,1.950635,68.197758
4.400699,0.285388,6.167734,3.464719,3.464719,54.658948
2.156396,1.023463,6.133450,1.997816,1.997816,42.326441
5.366157,0.825173,6.150684,1.624415,1.624415,42.667697
3.801421,0.578722,5.433053,2.258077,2.258077,43.885107
3.965280,0.443330,5.140799,0.568098,0.568098,23.514833
4.595969,0.589368,4.451405,0.661049,0.661049,23.411426
6.152701,0.620679,3.436670,0.616051,0.616051,22.259719
4.730069,0.320060,4.164121,0.717278,0.717278,24.226401
6.960828,0.803473,8.879421,1.465697,1.465697,33.717487
4.495665,0.467752,5.806311,0.952873,0.952873,25.710784
5.637768,0.618585,11.026583,0.901218,0.901218,35.221233
4.664957,0.293786,6.773721,1.480437,1.480437,34.776360
5.884538,0.609493,7.817099,3.029577,3.029577,38.969687
5.011159,0.280759,11.682760,1.687234,1.687234,62.516876
5.052322,0.357035,9.166765,2.313123,2.313123,60.496997
5.019822,0.324810,8.668213,1.782874,1.782874,55.439539
5.170776,0.335798,8.867276,2.111740,2.111740,53.797667
5.765082,0.547224,9.576356,3.409426,3.409426,62.760342
5.906437,0.280848,12.508881,3.984081,3.984081,82.389620
4.852562,0.354214,12.260017,4.010906,4.010906,103.228997
5.173917,0.387939,12.949411,5.803909,5.803909,130.647089
4.859428,0.334542,12.748565,11.829301,11.829301,158.536541
4.889433,0.426247,14.547453,6.230730,6.230730,140.899337
5.631031,0.479523,14.033994,5.625082,5.625082,161.442416
5.189533,0.419426,11.030637,3.385136,3.385136,75.410279
4.652085,0.689174,13.216417,3.921670,3.921670,71.792590
4.615947,0.358876,17.877065,5.966369,5.966369,91.990662
10.389903,0.608820,20.029183,3.305631,3.305631,90.614869
6.426858,0.658205,20.794758,2.626915,2.626915,105.746181
5.638125,0.382714,9.682024,3.298577,3.298577,109.953628
5.118211,0.429101,10.360365,4.789703,4.789703,77.170631
5.010950,0.387817,10.613449,3.805938,3.805938,74.928762
6.180573,0.447429,8.878309,10.990257,10.990257,105.729561
3.972179,0.433555,7.388174,2.888696,2.888696,46.883286
4.816610,0.410036,10.644876,2.616864,2.616864,67.815621
3.688763,0.524797,7.605640,2.143964,2.143964,39.427431
4.938057,0.369324,9.537087,4.239323,4.239323,83.005005
4.975881,0.353530,9.764355,6.716753,6.716753,105.374899
4.566732,0.529172,14.256429,3.739008,3.739008,60.356814
5.841308,0.580023,14.695627,5.705679,5.705679,79.627229
5.498617,0.381205,10.740246,4.929450,4.929450,81.177423
5.369727,0.339546,14.301233,8.605562,8.605562,102.585476
5.737066,0.808501,22.790422,5.209602,5.209602,99.456257
5.656470,0.358623,10.483546,4.422231,4.422231,95.610202
5.790942,0.488527,16.173222,4.809564,4.809564,128.560928
5.859283,0.438415,13.759861,9.179862,9.179862,134.533582
7.441882,0.490279,13.376573,5.857284,5.857284,144.365206
5.473875,0.300101,11.568859,19.172974,19.172974,131.820808
9.947993,0.341739,12.739639,3.613601,3.613601,103.209528
5.398678,0.552250,23.999424,4.800174,4.800174,138.612352
6.064114,0.522031,11.900149,7.362231,7.362231,137.141527
5.602401,0.384026,10.581059,12.150380,12.150380,132.391674
5.575567,0.509809,9.166816,7.577867,7.577867,116.253468
5.896563,0.518989,10.717256,3.582301,3.582301,55.443044
4.840301,0.692095,9.855903,4.878393,4.878393,45.394473
5.001956,0.489486,7.869979,10.241581,10.241581,69.887121
4.372891,0.322297,13.356229,6.149902,6.149902,64.832626
4.396740,0.418279,15.400311,6.204147,6.204147,112.664904
4.793308,0.259092,13.319782,14.864108,14.864108,124.076009
7.179337,0.541493,19.300137,11.086294,11.086294,199.732651
7.476764,1.213622,23.609981,20.522386,20.522386,254.278383
6.480464,0.412691,23.468938,9.641478,9.641478,196.060827
6.233415,0.379805,22.162206,13.789464,13.789464,208.351182
6.989689,0.336360,20.980350,17.080512,17.080512,223.473545
7.849139,0.348032,25.606004,14.721585,14.721585,240.483980
9.715378,0.348252,25.934907,15.194054,15.194054,245.647564
7.104868,0.288827,20.799408,15.175384,15.175384,243.149291
7.935906,0.270719,26.323131,11.317536,11.317536,293.313508
7.233185,0.231452,24.742756,17.745351,17.745351,284.268461
9.247313,0.433157,24.362499,16.659656,16.659656,311.483444
7.589130,0.458572,20.245047,4.343964,4.343964,272.936357
6.684239,0.313073,27.769931,15.819582,15.819582,123.754105
8.322047,0.343876,22.556339,10.568151,10.568151,83.964379
13.248798,0.333319,30.483495,0.000000,0.000000,44.066339
12.776338,0.347569,22.374642,5.260856,5.260856,153.744551
8.081341,0.305755,19.219663,3.356041,3.356041,157.254709
7.636917,0.262134,27.888946,4.240180,4.240180,213.637360
6.763417,0.434910,20.657906,8.126351,8.126351,174.800335
8.547641,0.618828,0.240742,0.000000,0.000000,9.408071
8.688981,0.531332,23.236807,2.838353,2.838353,130.333080
6.062372,0.537515,11.984128,8.463446,8.463446,120.455773
6.892979,0.583847,13.826394,5.481842,5.481842,127.126940
8.661727,1.402044,27.503511,6.053920,6.053920,127.462372
5.942872,0.531024,16.920741,7.472660,7.472660,113.119408
8.158088,0.712466,24.577331,10.789941,10.789941,142.895912
6.218231,0.606175,19.432489,8.966079,8.966079,149.842955
8.190126,1.022952,32.254424,8.883654,8.883654,186.644596
6.930726,0.359427,18.481136,8.588508,8.588508,146.179116
6.972412,0.450460,18.441185,2.977161,2.977161,142.162593
6.452973,0.281729,0.002491,0.000000,0.000000,6.737931
8.035711,0.281641,22.983363,6.003234,6.003234,195.796821
7.628949,0.334762,12.590767,0.000000,0.000000,20.555911
5.882930,0.220838,23.285530,3.030548,3.030548,185.571815
6.057556,0.582095,17.920156,4.345845,4.345845,167.821831
5.928226,0.487501,17.141327,15.321594,15.321594,238.470159
6.457696,0.422346,20.317725,24.015239,24.015239,258.061230
7.062684,0.368685,24.077246,29.655504,29.655504,296.974125
8.170454,0.376101,26.190424,22.722690,22.722690,311.983654
7.597398,0.382461,25.054998,13.814823,13.814823,253.519885
8.102767,0.367384,23.169050,22.812818,22.812818,238.610614
8.990105,0.527067,24.937629,35.503613,35.503613,246.055013
8.022214,2.596076,23.656620,16.888132,16.888132,220.509148
9.584985,0.540083,39.367364,25.576023,25.576023,267.719703
8.200669,0.430225,23.645909,19.487042,19.487042,255.805481
6.481125,0.432100,47.700901,18.240217,18.240217,268.157519
11.566264,0.734570,36.957455,16.373584,16.373584,234.115199
6.754280,0.583429,22.030512,33.362832,33.362832,273.713567
7.080468,0.510634,21.862195,20.812809,20.812809,246.574277
7.374871,0.319267,22.831543,20.527444,20.527444,306.541253
7.915840,0.449788,30.218306,22.945853,22.945853,436.434622
10.208500,3.019086,30.409829,22.721818,22.721818,414.940860
11.036049,0.424021,32.752182,15.616444,15.616444,300.572383
10.320258,0.264349,27.749577,16.302487,16.302487,225.592339
12.516136,0.582172,37.743781,9.410847,9.410847,220.991093
9.005821,0.412372,24.638591,33.471487,33.471487,459.792105
9.148146,0.642060,30.629995,15.468442,15.468442,413.201339
9.680977,0.432849,41.859099,36.750381,36.750381,396.024004
21.026168,0.602417,64.973151,15.646796,15.646796,318.109180
9.929687,0.521160,27.071885,20.873843,20.873843,226.341655
