#Image Rect[ms], Image Resize[ms], ORB ext[ms], Stereo match[ms], IMU preint[ms], Pose pred[ms], LM track[ms], KF dec[ms], Total[ms]
0.000000,0.000000,23.671033,0.000000,0.000000,4.864096,2.048887,0.450637,274.000289
0.000000,0.000000,6.319403,0.000000,0.000000,1.892478,1.963971,0.418775,26.868097
0.000000,0.000000,5.817829,0.000000,0.000000,2.609594,2.102702,0.073962,11.599233
0.000000,0.000000,10.151962,0.000000,0.000000,1.979455,4.867884,0.106021,16.110400
0.000000,0.000000,8.676316,0.000000,0.000000,1.254231,2.891429,0.090218,29.469825
0.000000,0.000000,8.390120,0.000000,0.000000,2.471616,2.047961,0.736918,14.627956
0.000000,0.000000,12.752750,0.000000,0.000000,3.729453,3.423445,0.130863,19.639533
0.000000,0.000000,9.545410,0.000000,0.000000,2.236719,2.185701,0.070600,18.631742
0.000000,0.000000,8.715882,0.000000,0.000000,1.511383,2.578335,0.071967,14.559996
0.000000,0.000000,5.939291,0.000000,0.000000,1.451870,5.567660,0.587142,11.254133
0.000000,0.000000,7.425562,0.000000,0.000000,3.275907,3.487884,0.085545,16.566777
0.000000,0.000000,9.270935,0.000000,0.000000,2.057373,2.586457,0.068936,17.861761
0.000000,0.000000,9.463105,0.000000,0.000000,1.736905,3.083217,0.691830,15.771167
0.000000,0.000000,7.231775,0.000000,0.000000,4.384275,3.949244,0.088134,14.276006
0.000000,0.000000,11.727649,0.000000,0.000000,1.398231,4.839408,0.132519,22.277888
0.000000,0.000000,7.526321,0.000000,0.000000,1.545119,3.077656,0.721962,16.269364
0.000000,0.000000,11.672407,0.000000,0.000000,2.242966,3.107650,0.073554,19.273545
0.000000,0.000000,7.267802,0.000000,0.000000,8.575331,6.357985,0.115422,14.439734
0.000000,0.000000,7.726726,0.000000,0.000000,1.546463,4.722396,0.079054,24.733549
0.000000,0.000000,6.273733,0.000000,0.000000,1.347325,3.153629,0.547787,14.306534
0.000000,0.000000,6.255074,0.000000,0.000000,2.735852,3.799150,0.086801,12.852273
0.000000,0.000000,7.193527,0.000000,0.000000,3.052513,3.092739,0.060704,15.715357
0.000000,0.000000,8.679843,0.000000,0.000000,2.696566,5.075637,0.145874,16.392155
0.000000,0.000000,12.443474,0.000000,0.000000,1.790611,2.495931,0.050719,24.407320
0.000000,0.000000,7.425491,0.000000,0.000000,1.922410,2.678757,0.382064,13.209353
0.000000,0.000000,11.788616,0.000000,0.000000,1.629572,4.019822,0.050146,18.148060
0.000000,0.000000,6.347122,0.000000,0.000000,0.894209,2.906974,0.055160,13.639515
0.000000,0.000000,7.398441,0.000000,0.000000,1.582793,2.774915,0.043224,12.994751
0.000000,0.000000,5.813305,0.000000,0.000000,1.640262,3.276943,0.551434,11.551302
0.000000,0.000000,11.299671,0.000000,0.000000,2.728154,5.169652,0.112866,18.669131
0.000000,0.000000,12.867177,0.000000,0.000000,1.704780,3.288207,0.553462,22.724491
0.000000,0.000000,5.883039,0.000000,0.000000,3.673191,4.638805,0.312302,13.091682
0.000000,0.000000,9.732742,0.000000,0.000000,3.143787,3.135592,0.456930,21.146290
0.000000,0.000000,8.766346,0.000000,0.000000,2.922343,3.400146,0.097889,17.348304
0.000000,0.000000,7.690445,0.000000,0.000000,1.298794,3.488789,0.403379,16.034127
0.000000,0.000000,6.648981,0.000000,0.000000,1.654778,3.436416,0.080729,13.606559
0.000000,0.000000,6.030633,0.000000,0.000000,1.399213,3.096552,0.078304,12.907301
0.000000,0.000000,7.734783,0.000000,0.000000,2.140362,4.701084,0.144088,13.976116
0.000000,0.000000,8.397849,0.000000,0.000000,1.334265,3.572146,1.013183,18.061931
0.000000,0.000000,6.360397,0.000000,0.000000,2.230094,3.811714,0.107322,14.532608
0.000000,0.000000,7.281424,0.000000,0.000000,1.237810,3.160176,0.087507,15.338407
0.000000,0.000000,7.378860,0.000000,0.000000,1.161875,3.571379,0.397406,13.774800
0.000000,0.000000,6.965013,0.000000,0.000000,1.824841,3.127730,0.102143,13.785231
0.000000,0.000000,6.134163,0.000000,0.000000,1.585422,4.697183,0.538683,13.005788
0.000000,0.000000,15.891349,0.000000,0.000000,1.762177,2.803086,0.067183,24.788923
0.000000,0.000000,7.746885,0.000000,0.000000,0.969570,2.473261,0.394606,14.148858
0.000000,0.000000,6.621389,0.000000,0.000000,1.725167,2.266209,0.060571,12.037140
0.000000,0.000000,7.063478,0.000000,0.000000,0.864937,2.318807,0.423988,12.774414
0.000000,0.000000,8.871008,0.000000,0.000000,5.416929,2.454249,0.714049,13.848867
0.000000,0.000000,8.579377,0.000000,0.000000,5.693258,2.799448,0.077478,19.002407
0.000000,0.000000,13.215844,0.000000,0.000000,0.878361,2.595286,0.069157,24.194729
0.000000,0.000000,7.613961,0.000000,0.000000,0.824578,2.727324,0.634532,13.177183
0.000000,0.000000,6.665265,0.000000,0.000000,1.374381,1.810074,0.030969,12.484027
0.000000,0.000000,7.577121,0.000000,0.000000,0.791673,2.079283,0.414962,12.328953
0.000000,0.000000,7.360059,0.000000,0.000000,1.811186,1.957325,0.037923,12.280781
0.000000,0.000000,11.191501,0.000000,0.000000,1.131248,3.372407,0.075229,16.705954
0.000000,0.000000,6.915088,0.000000,0.000000,1.239529,2.475807,0.088851,13.050937
0.000000,0.000000,11.158740,0.000000,0.000000,1.298799,3.042108,0.055336,16.816247
0.000000,0.000000,8.773896,0.000000,0.000000,0.889150,2.364417,0.049352,14.965990
0.000000,0.000000,7.435288,0.000000,0.000000,0.724662,2.049780,0.597898,12.360891
0.000000,0.000000,8.526310,0.000000,0.000000,2.159609,2.884738,0.057916,13.391705
0.000000,0.000000,14.944214,0.000000,0.000000,1.180324,2.252852,0.071130,21.696328
0.000000,0.000000,8.260726,0.000000,0.000000,1.129253,2.326714,0.275927,13.738127
0.000000,0.000000,6.625825,0.000000,0.000000,1.491964,3.734489,0.144507,11.795196
0.000000,0.000000,12.864329,0.000000,0.000000,1.003096,3.357043,0.072353,20.609047
0.000000,0.000000,8.332859,0.000000,0.000000,0.939075,3.656847,0.111499,14.371271
0.000000,0.000000,8.500554,0.000000,0.000000,0.672169,2.595561,0.714666,14.846573
0.000000,0.000000,7.275423,0.000000,0.000000,2.588816,2.969293,0.071306,13.375532
0.000000,0.000000,8.063803,0.000000,0.000000,1.571088,2.622782,0.050278,15.510554
0.000000,0.000000,8.742525,0.000000,0.000000,1.063425,2.629880,0.078800,14.508229
0.000000,0.000000,8.018172,0.000000,0.000000,1.160854,8.966972,0.139239,13.427552
0.000000,0.000000,7.963910,0.000000,0.000000,0.742405,3.031638,1.080342,20.370246
0.000000,0.000000,7.642565,0.000000,0.000000,1.795415,2.040808,0.567712,14.605456
0.000000,0.000000,7.397673,0.000000,0.000000,2.093566,3.063709,0.072287,13.111375
0.000000,0.000000,7.749765,0.000000,0.000000,1.514095,3.257050,0.078513,14.500883
0.000000,0.000000,7.599281,0.000000,0.000000,1.299246,3.267972,0.092125,14.197768
0.000000,0.000000,6.484438,0.000000,0.000000,1.418036,4.565336,1.331598,12.835533
0.000000,0.000000,8.050766,0.000000,0.000000,1.821128,2.592133,0.043478,17.540006
0.000000,0.000000,8.154638,0.000000,0.000000,1.831355,3.097118,0.510050,14.950965
0.000000,0.000000,8.343941,0.000000,0.000000,1.372673,3.188213,0.451761,15.326708
0.000000,0.000000,7.112705,0.000000,0.000000,2.393337,3.544719,0.059591,13.889435
0.000000,0.000000,8.126077,0.000000,0.000000,2.238205,4.516626,0.166968,15.692824
0.000000,0.000000,7.531766,0.000000,0.000000,1.644418,3.318194,0.091805,16.490903
0.000000,0.000000,8.019516,0.000000,0.000000,1.715304,3.984527,0.079692,14.872880
0.000000,0.000000,13.013737,0.000000,0.000000,1.187763,2.770441,0.442811,20.900514
0.000000,0.000000,5.971604,0.000000,0.000000,1.806910,2.872627,0.038431,12.062047
0.000000,0.000000,7.334722,0.000000,0.000000,1.360076,2.831299,0.058577,13.629979
0.000000,0.000000,6.926565,0.000000,0.000000,1.081786,2.675727,0.486246,12.612836
0.000000,0.000000,6.586497,0.000000,0.000000,1.645960,2.942401,0.051104,12.578655
0.000000,0.000000,8.211500,0.000000,0.000000,2.170415,5.487024,0.080520,14.813235
0.000000,0.000000,7.019523,0.000000,0.000000,1.984826,3.783842,0.064594,16.625832
0.000000,0.000000,9.905723,0.000000,0.000000,0.992571,3.214410,0.399301,17.861260
0.000000,0.000000,6.229419,0.000000,0.000000,1.794296,2.567589,0.072849,12.430887
0.000000,0.000000,8.621350,0.000000,0.000000,1.270817,3.519052,0.381623,14.734203
0.000000,0.000000,8.809890,0.000000,0.000000,3.539352,5.101784,0.189655,15.781449
0.000000,0.000000,9.673053,0.000000,0.000000,1.402264,3.800164,0.492726,21.496270
0.000000,0.000000,7.166531,0.000000,0.000000,2.608753,5.304537,0.180810,15.170971
0.000000,0.000000,11.680776,0.000000,0.000000,2.597349,4.308264,0.417232,22.337693
0.000000,0.000000,16.696231,0.000000,0.000000,2.787832,4.958843,0.184458,26.620608
0.000000,0.000000,9.601759,0.000000,0.000000,1.673644,4.514043,0.506480,20.235035
0.000000,0.000000,8.535600,0.000000,0.000000,2.373565,4.904365,0.119864,17.179917
0.000000,0.000000,9.785938,0.000000,0.000000,1.621086,4.634314,0.115379,19.637875
0.000000,0.000000,9.316497,0.000000,0.000000,1.761647,5.502794,0.143923,17.950828
0.000000,0.000000,8.043392,0.000000,0.000000,1.353183,4.206639,0.080861,18.064763
0.000000,0.000000,9.457290,0.000000,0.000000,2.201037,5.414301,0.460754,16.988289
0.000000,0.000000,13.313578,0.000000,0.000000,1.919512,4.273024,0.103587,24.013157
0.000000,0.000000,12.448452,0.000000,0.000000,1.065937,4.214156,0.445710,20.976222
0.000000,0.000000,10.972864,0.000000,0.000000,2.169734,5.386236,0.168809,18.760925
0.000000,0.000000,8.796147,0.000000,0.000000,1.603808,3.783423,0.358170,19.239004
0.000000,0.000000,9.155814,0.000000,0.000000,1.607773,5.340036,0.199866,16.752342
0.000000,0.000000,7.081092,0.000000,0.000000,1.226678,4.883988,0.190365,16.812501
0.000000,0.000000,12.036376,0.000000,0.000000,0.613560,3.351137,0.450229,23.623710
0.000000,0.000000,7.189852,0.000000,0.000000,1.862963,3.499016,0.085655,13.213586
0.000000,0.000000,6.887990,0.000000,0.000000,0.983952,4.373684,0.102726,14.292885
0.000000,0.000000,7.336430,0.000000,0.000000,0.701562,3.493042,0.446195,14.836534
0.000000,0.000000,8.442582,0.000000,0.000000,1.456895,4.110559,0.101580,15.031163
0.000000,0.000000,7.611073,0.000000,0.000000,0.967983,7.649095,0.160289,15.607637
0.000000,0.000000,12.369719,0.000000,0.000000,0.525282,2.931182,0.436905,24.109921
0.000000,0.000000,6.757722,0.000000,0.000000,1.600620,5.017001,0.114453,12.911742
0.000000,0.000000,10.392370,0.000000,0.000000,0.637276,4.090092,0.105945,19.509315
0.000000,0.000000,9.393180,0.000000,0.000000,0.566368,3.702794,1.120182,17.444614
0.000000,0.000000,7.162013,0.000000,0.000000,2.359083,11.339501,0.222492,14.744773
0.000000,0.000000,16.468052,0.000000,0.000000,0.710445,4.113772,0.195115,33.656762
0.000000,0.000000,7.315402,0.000000,0.000000,0.606164,2.597345,0.564990,15.078003
0.000000,0.000000,8.354953,0.000000,0.000000,1.363537,3.760114,0.108601,14.163736
0.000000,0.000000,8.784343,0.000000,0.000000,1.228971,4.307967,0.064197,16.274561
0.000000,0.000000,8.675335,0.000000,0.000000,1.005608,3.951966,0.047147,16.301287
0.000000,0.000000,7.687933,0.000000,0.000000,1.297863,4.210343,0.115885,14.495846
0.000000,0.000000,11.834389,0.000000,0.000000,1.261648,3.235516,0.459464,20.133404
0.000000,0.000000,8.340892,0.000000,0.000000,1.844922,3.715887,0.071284,15.408996
0.000000,0.000000,7.318191,0.000000,0.000000,1.442260,5.132622,0.064429,15.172688
0.000000,0.000000,11.902325,0.000000,0.000000,2.084319,5.052752,0.075196,20.782249
0.000000,0.000000,10.024258,0.000000,0.000000,1.360307,3.029676,0.032622,19.387975
0.000000,0.000000,7.079895,0.000000,0.000000,1.310041,4.823991,0.078800,13.280758
0.000000,0.000000,6.729461,0.000000,0.000000,1.920330,4.409525,0.575868,14.960001
0.000000,0.000000,15.128036,0.000000,0.000000,2.883307,4.416170,0.120019,24.344831
0.000000,0.000000,10.235341,0.000000,0.000000,2.436980,4.602656,0.466407,20.045452
0.000000,0.000000,11.722204,0.000000,0.000000,2.192623,3.932008,0.042838,21.217753
0.000000,0.000000,10.211395,0.000000,0.000000,1.372354,3.599086,0.082425,18.351253
0.000000,0.000000,7.516116,0.000000,0.000000,1.063216,3.378225,0.403004,14.910726
0.000000,0.000000,7.703313,0.000000,0.000000,3.772744,5.094014,0.104952,14.285412
0.000000,0.000000,8.206007,0.000000,0.000000,1.188127,3.427936,0.454240,19.495351
0.000000,0.000000,7.467437,0.000000,0.000000,2.887241,4.406879,0.135635,14.284746
0.000000,0.000000,10.368455,0.000000,0.000000,1.341517,3.482705,0.069587,20.535285
0.000000,0.000000,10.745163,0.000000,0.000000,1.357233,3.777224,0.070876,17.665739
0.000000,0.000000,7.653884,0.000000,0.000000,1.286048,3.933572,0.512850,14.427997
0.000000,0.000000,8.190303,0.000000,0.000000,2.109117,2.785892,0.040766,15.722069
0.000000,0.000000,37.455461,0.000000,0.000000,1.663562,3.299228,0.426964,44.094142
0.000000,0.000000,5.220779,0.000000,0.000000,3.156736,4.692831,0.082062,12.214314
0.000000,0.000000,8.920793,0.000000,0.000000,1.739165,2.761988,0.479655,18.901430
0.000000,0.000000,6.623858,0.000000,0.000000,4.072958,4.750458,0.157082,13.248531
0.000000,0.000000,8.587727,0.000000,0.000000,1.832311,4.521585,0.152729,20.194556
0.000000,0.000000,13.077484,0.000000,0.000000,0.740565,2.244432,0.537537,26.204017
0.000000,0.000000,13.329657,0.000000,0.000000,2.728748,3.287239,0.669863,18.346040
0.000000,0.000000,5.336079,0.000000,0.000000,1.903190,2.675595,0.036182,13.695785
0.000000,0.000000,5.333534,0.000000,0.000000,1.051798,2.809705,0.036799,11.500055
0.000000,0.000000,5.003301,0.000000,0.000000,4.575972,5.645110,0.089887,10.290355
0.000000,0.000000,7.743093,0.000000,0.000000,0.748180,2.562883,0.335115,20.151805
0.000000,0.000000,4.927819,0.000000,0.000000,1.658998,4.791882,0.098131,10.008311
0.000000,0.000000,5.827674,0.000000,0.000000,1.040170,3.640503,0.459023,14.491940
0.000000,0.000000,6.152249,0.000000,0.000000,1.356703,5.168510,0.686155,13.476402
0.000000,0.000000,14.763759,0.000000,0.000000,2.792827,7.016755,0.174363,24.276977
0.000000,0.000000,11.495434,0.000000,0.000000,1.169953,3.629912,0.057111,24.310555
0.000000,0.000000,50.803479,0.000000,0.000000,2.078324,3.202507,0.346257,57.638951
0.000000,0.000000,8.481686,0.000000,0.000000,1.735505,4.418804,0.065718,16.065470
0.000000,0.000000,6.153498,0.000000,0.000000,2.567578,5.461421,0.669194,14.203811
0.000000,0.000000,11.253340,0.000000,0.000000,2.633417,3.767961,0.044227,22.137861
0.000000,0.000000,5.215427,0.000000,0.000000,1.639910,5.761467,0.831145,13.215761
0.000000,0.000000,5.649064,0.000000,0.000000,2.417064,3.574939,0.040194,15.670895
0.000000,0.000000,5.650816,0.000000,0.000000,1.578760,3.299795,0.035488,13.578313
0.000000,0.000000,5.467361,0.000000,0.000000,1.819121,4.778484,0.340967,12.008526
0.000000,0.000000,8.654407,0.000000,0.000000,2.339263,3.680466,0.073830,17.953131
0.000000,0.000000,7.281849,0.000000,0.000000,2.514037,4.972134,0.655759,15.154390
0.000000,0.000000,10.219992,0.000000,0.000000,1.921077,3.240210,0.045086,20.742331
0.000000,0.000000,8.028427,0.000000,0.000000,1.390627,6.612407,0.179764,15.135293
0.000000,0.000000,6.060719,0.000000,0.000000,1.369646,4.411838,0.339600,16.421261
0.000000,0.000000,6.726064,0.000000,0.000000,2.872321,4.895538,0.090845,14.654213
0.000000,0.000000,8.593213,0.000000,0.000000,1.391431,5.506321,0.085049,18.271876
0.000000,0.000000,8.908098,0.000000,0.000000,1.149906,5.324635,0.554696,18.753743
0.000000,0.000000,6.091506,0.000000,0.000000,3.166248,6.352302,0.167805,15.236617
0.000000,0.000000,11.350599,0.000000,0.000000,1.483919,4.389863,0.096312,23.940100
0.000000,0.000000,6.868799,0.000000,0.000000,1.176995,4.391086,0.360937,14.992447
0.000000,0.000000,6.039306,0.000000,0.000000,2.383738,5.813509,0.170748,13.942777
0.000000,0.000000,6.736222,0.000000,0.000000,2.196832,12.040788,0.158647,17.804574
0.000000,0.000000,10.498078,0.000000,0.000000,1.330353,6.480051,0.125628,28.102236
0.000000,0.000000,7.262982,0.000000,0.000000,1.512270,4.641064,0.056097,17.766955
0.000000,0.000000,6.891182,0.000000,0.000000,1.371627,4.810197,0.057166,15.094550
0.000000,0.000000,6.421083,0.000000,0.000000,1.203854,4.895803,0.407104,14.791121
0.000000,0.000000,6.411694,0.000000,0.000000,2.302005,4.830967,0.060802,14.986892
0.000000,0.000000,7.620066,0.000000,0.000000,1.872309,6.585660,0.088454,16.628730
0.000000,0.000000,21.658625,0.000000,0.000000,2.403339,5.310097,0.097701,32.342897
0.000000,0.000000,8.673160,0.000000,0.000000,1.161368,5.689849,0.399378,20.635807
0.000000,0.000000,7.512258,0.000000,0.000000,2.781704,5.667884,0.145477,16.772565
0.000000,0.000000,9.220300,0.000000,0.000000,1.762099,5.707552,0.269595,20.387808
0.000000,0.000000,9.598731,0.000000,0.000000,1.246769,5.975939,0.747111,21.486653
0.000000,0.000000,11.827817,0.000000,0.000000,1.841902,5.942140,0.189450,24.084430
0.000000,0.000000,11.254705,0.000000,0.000000,0.635425,5.109047,0.440707,22.331554
0.000000,0.000000,6.682886,0.000000,0.000000,2.732176,6.586226,0.184514,14.919101
0.000000,0.000000,14.070470,0.000000,0.000000,1.333472,7.178749,0.126477,28.276995
0.000000,0.000000,11.446271,0.000000,0.000000,0.756458,4.564270,0.674627,23.446436
0.000000,0.000000,8.535672,0.000000,0.000000,1.594327,3.309317,0.101768,16.831378
0.000000,0.000000,6.809452,0.000000,0.000000,1.053914,6.014387,0.178441,13.493027
0.000000,0.000000,6.647018,0.000000,0.000000,0.832128,6.599212,0.754408,16.555776
0.000000,0.000000,8.655426,0.000000,0.000000,1.711810,3.800285,0.051336,18.993878
0.000000,0.000000,9.506878,0.000000,0.000000,0.968027,4.695078,0.085038,17.321554
0.000000,0.000000,8.769680,0.000000,0.000000,0.771887,4.354430,0.090482,16.607509
0.000000,0.000000,7.829045,0.000000,0.000000,1.130587,5.795194,0.931118,15.326789
0.000000,0.000000,9.886364,0.000000,0.000000,2.399034,4.587905,0.140220,20.684236
0.000000,0.000000,12.492058,0.000000,0.000000,1.951396,4.583579,0.116447,22.237711
0.000000,0.000000,8.506935,0.000000,0.000000,1.510898,3.937849,0.076937,17.749807
0.000000,0.000000,8.775251,0.000000,0.000000,1.372992,4.153364,0.084156,16.379337
0.000000,0.000000,8.299653,0.000000,0.000000,2.616677,10.584795,0.137542,16.205515
0.000000,0.000000,12.203548,0.000000,0.000000,4.251432,5.541885,0.080684,29.648757
0.000000,0.000000,8.689041,0.000000,0.000000,0.994334,2.928978,0.101547,21.076133
0.000000,0.000000,8.109677,0.000000,0.000000,1.131259,3.997759,0.088995,14.756389
0.000000,0.000000,8.913773,0.000000,0.000000,1.135006,4.630407,0.091099,16.246638
0.000000,0.000000,8.119669,0.000000,0.000000,0.983049,3.570800,0.046685,16.407936
0.000000,0.000000,7.515900,0.000000,0.000000,1.014172,4.721715,0.057618,14.119933
0.000000,0.000000,7.793122,0.000000,0.000000,1.198123,6.340222,1.040567,15.195424
0.000000,0.000000,13.044886,0.000000,0.000000,3.259894,4.542516,0.101327,24.178405
0.000000,0.000000,12.805086,0.000000,0.000000,1.479621,4.036013,0.067382,23.857490
0.000000,0.000000,12.364065,0.000000,0.000000,1.826616,4.631299,0.119764,20.087893
0.000000,0.000000,11.470308,0.000000,0.000000,1.551819,4.524992,0.090637,20.953702
0.000000,0.000000,11.626784,0.000000,0.000000,1.347744,3.169191,0.061464,20.222714
0.000000,0.000000,8.039965,0.000000,0.000000,1.557384,3.149354,0.056637,14.476764
0.000000,0.000000,8.058959,0.000000,0.000000,1.350741,3.485581,0.101668,14.489586
0.000000,0.000000,9.193039,0.000000,0.000000,1.086657,3.618201,0.070953,15.945534
0.000000,0.000000,7.094151,0.000000,0.000000,1.371494,3.398217,0.103553,13.660815
0.000000,0.000000,6.288766,0.000000,0.000000,1.525468,4.358993,0.580287,14.698734
0.000000,0.000000,9.228923,0.000000,0.000000,2.085708,2.758830,0.040733,17.917803
0.000000,0.000000,7.655988,0.000000,0.000000,1.505194,2.782895,0.039334,14.177853
0.000000,0.000000,7.646180,0.000000,0.000000,1.368188,3.305069,0.134830,13.634794
0.000000,0.000000,8.067308,0.000000,0.000000,2.170956,5.708103,0.153831,15.248960
0.000000,0.000000,7.556948,0.000000,0.000000,1.232783,3.516847,0.154426,18.568036
0.000000,0.000000,7.150528,0.000000,0.000000,1.295206,3.107066,0.062390,14.536035
0.000000,0.000000,6.661759,0.000000,0.000000,1.660783,3.826338,0.073477,12.966648
0.000000,0.000000,7.652264,0.000000,0.000000,1.143371,3.017839,0.394980,15.224747
0.000000,0.000000,6.306448,0.000000,0.000000,2.912854,4.736660,0.115500,12.755828
0.000000,0.000000,15.156681,0.000000,0.000000,1.498345,3.211114,0.068385,25.374060
0.000000,0.000000,10.122367,0.000000,0.000000,1.283789,3.282839,0.036898,16.700267
0.000000,0.000000,6.788071,0.000000,0.000000,1.556393,2.756125,0.040954,12.840943
0.000000,0.000000,7.995572,0.000000,0.000000,1.394374,2.806105,0.037692,14.360891
0.000000,0.000000,8.354966,0.000000,0.000000,1.362170,2.880563,0.045219,14.116698
0.000000,0.000000,8.705852,0.000000,0.000000,1.292959,2.367801,0.487943,14.758972
0.000000,0.000000,6.676042,0.000000,0.000000,3.917669,5.006013,0.078524,12.276255
0.000000,0.000000,11.418192,0.000000,0.000000,1.946866,3.344061,0.062126,22.456334
0.000000,0.000000,10.347128,0.000000,0.000000,1.722479,3.737807,0.067338,18.032747
0.000000,0.000000,7.393772,0.000000,0.000000,1.823410,4.105945,0.069234,14.539594
0.000000,0.000000,6.040734,0.000000,0.000000,2.055830,6.388413,0.163683,13.748884
0.000000,0.000000,6.816461,0.000000,0.000000,2.143943,5.250502,0.158636,17.580211
0.000000,0.000000,9.952821,0.000000,0.000000,1.361674,6.322192,0.151384,20.041143
0.000000,0.000000,7.324427,0.000000,0.000000,1.270839,4.476763,0.041152,17.747811
0.000000,0.000000,6.448614,0.000000,0.000000,1.279017,3.112698,0.101184,13.820818
0.000000,0.000000,6.475782,0.000000,0.000000,1.197792,3.080472,0.065762,12.625110
0.000000,0.000000,6.431190,0.000000,0.000000,1.280847,3.582769,0.055149,12.449633
0.000000,0.000000,7.042508,0.000000,0.000000,1.310713,5.281845,0.072794,13.558354
0.000000,0.000000,8.874319,0.000000,0.000000,1.456697,3.267598,0.038750,17.662344
0.000000,0.000000,8.094927,0.000000,0.000000,1.522657,3.680553,0.377380,14.490409
0.000000,0.000000,6.494440,0.000000,0.000000,2.782189,4.420478,0.137928,13.691708
0.000000,0.000000,7.485495,0.000000,0.000000,1.446640,3.859137,0.070666,17.284061
0.000000,0.000000,8.860598,0.000000,0.000000,1.149245,3.544439,0.376112,16.355411
0.000000,0.000000,7.481191,0.000000,0.000000,1.966473,4.188146,0.071482,14.304771
0.000000,0.000000,6.636092,0.000000,0.000000,2.008975,5.131585,0.108193,14.618588
0.000000,0.000000,7.890957,0.000000,0.000000,1.103089,3.959979,0.395465,18.450693
0.000000,0.000000,6.512260,0.000000,0.000000,2.818449,5.944029,0.134676,13.726644
0.000000,0.000000,7.507291,0.000000,0.000000,1.433707,5.599448,0.276319,18.854099
0.000000,0.000000,9.375599,0.000000,0.000000,1.700393,6.998972,0.476233,19.089033
0.000000,0.000000,12.965432,0.000000,0.000000,1.665996,8.640674,0.091540,26.776886
0.000000,0.000000,11.355647,0.000000,0.000000,1.460852,6.209349,1.077090,25.533442
0.000000,0.000000,11.537901,0.000000,0.000000,2.996351,5.807050,0.082073,23.786489
0.000000,0.000000,8.942228,0.000000,0.000000,1.875494,15.443987,0.165722,20.359583
0.000000,0.000000,12.755135,0.000000,0.000000,1.690088,7.674047,0.119170,32.808004
0.000000,0.000000,11.688407,0.000000,0.000000,1.196073,7.453853,0.100115,24.347246
0.000000,0.000000,10.475603,0.000000,0.000000,1.068715,5.282991,0.073731,23.581090
0.000000,0.000000,7.078378,0.000000,0.000000,11.004640,8.088028,0.580332,15.749768
0.000000,0.000000,10.050121,0.000000,0.000000,2.659734,6.784324,0.057662,33.471092
0.000000,0.000000,9.811249,0.000000,0.000000,1.171001,5.985462,0.094185,21.687494
0.000000,0.000000,8.672037,0.000000,0.000000,1.167717,6.041014,0.089214,18.004855
0.000000,0.000000,7.861115,0.000000,0.000000,1.421198,7.513440,0.114729,18.062730
0.000000,0.000000,8.248755,0.000000,0.000000,1.089422,5.059684,0.344979,19.846524
0.000000,0.000000,7.361493,0.000000,0.000000,1.962814,5.723743,0.150051,16.003446
0.000000,0.000000,6.612341,0.000000,0.000000,1.898694,9.551249,0.175620,17.048300
0.000000,0.000000,9.232590,0.000000,0.000000,2.229609,6.435243,0.155120,23.880509
0.000000,0.000000,11.120808,0.000000,0.000000,1.469493,6.394005,0.070843,22.725141
0.000000,0.000000,7.518668,0.000000,0.000000,1.435933,5.336536,0.065674,17.731357
0.000000,0.000000,8.218291,0.000000,0.000000,2.103421,7.489821,0.076342,17.419420
0.000000,0.000000,12.316573,0.000000,0.000000,1.558178,6.737991,0.057441,24.598955
0.000000,0.000000,8.793766,0.000000,0.000000,1.477009,5.856623,0.381766,19.448359
0.000000,0.000000,6.912160,0.000000,0.000000,2.866269,7.160734,0.124956,16.970546
0.000000,0.000000,8.547812,0.000000,0.000000,2.693959,6.688205,0.095001,21.547927
0.000000,0.000000,8.119017,0.000000,0.000000,1.542716,6.768961,0.098219,20.367133
0.000000,0.000000,7.918261,0.000000,0.000000,2.702277,8.778954,0.097503,18.910496
0.000000,0.000000,10.744292,0.000000,0.000000,3.574028,7.716048,0.280715,27.037069
0.000000,0.000000,8.241352,0.000000,0.000000,2.635357,8.098519,0.135844,22.308873
0.000000,0.000000,15.522522,0.000000,0.000000,1.709937,10.793654,0.183223,29.967789
0.000000,0.000000,9.674215,0.000000,0.000000,2.418420,9.839654,0.168853,26.480371
0.000000,0.000000,15.418917,0.000000,0.000000,2.760026,10.122598,0.101426,31.720642
0.000000,0.000000,11.361229,0.000000,0.000000,1.726380,7.157582,0.080112,27.190398
0.000000,0.000000,7.235456,0.000000,0.000000,1.687796,13.265418,0.409892,18.992366
0.000000,0.000000,10.349588,0.000000,0.000000,1.771324,6.634548,0.079351,29.209866
0.000000,0.000000,7.002765,0.000000,0.000000,1.998642,8.430075,0.104622,18.255177
0.000000,0.000000,7.160176,0.000000,0.000000,1.295119,9.090888,0.229280,20.139543
0.000000,0.000000,8.560534,0.000000,0.000000,1.743242,18.097176,0.199910,22.623093
0.000000,0.000000,13.007508,0.000000,0.000000,1.454702,7.171525,0.745833,37.207720
0.000000,0.000000,9.168751,0.000000,0.000000,1.177734,6.054317,0.391135,21.890806
0.000000,0.000000,8.446032,0.000000,0.000000,2.041845,6.555810,0.084520,18.732931
0.000000,0.000000,7.875282,0.000000,0.000000,1.577852,7.941064,0.091882,18.954481
0.000000,0.000000,7.272552,0.000000,0.000000,2.103099,10.946603,1.941114,19.797613
0.000000,0.000000,7.405664,0.000000,0.000000,1.370303,11.850500,0.145984,26.058330
0.000000,0.000000,8.809834,0.000000,0.000000,1.754627,10.144598,0.071658,25.140206
0.000000,0.000000,10.748479,0.000000,0.000000,1.284208,7.353099,0.399731,25.550926
0.000000,0.000000,8.881901,0.000000,0.000000,1.921716,7.153803,0.072198,20.712843
0.000000,0.000000,6.906611,0.000000,0.000000,2.665499,11.950361,0.195127,18.668768
0.000000,0.000000,8.780078,0.000000,0.000000,1.576903,6.834590,0.111565,27.271828
0.000000,0.000000,8.178046,0.000000,0.000000,1.407455,10.790491,0.194663,20.077589
0.000000,0.000000,9.526474,0.000000,0.000000,1.955969,13.018943,0.270760,26.196478
0.000000,0.000000,9.852992,0.000000,0.000000,1.259840,9.748404,0.075450,30.291469
0.000000,0.000000,12.209309,0.000000,0.000000,1.667815,7.629081,0.711205,26.711866
0.000000,0.000000,10.620558,0.000000,0.000000,1.751266,7.026852,0.072022,24.230513
0.000000,0.000000,9.881701,0.000000,0.000000,1.820004,8.220015,0.171971,21.692482
0.000000,0.000000,10.801965,0.000000,0.000000,1.610641,10.781421,0.115037,24.889534
0.000000,0.000000,9.555964,0.000000,0.000000,1.785705,8.757099,0.114442,25.487311
0.000000,0.000000,9.017023,0.000000,0.000000,1.383606,7.507272,0.108072,23.667584
0.000000,0.000000,9.796669,0.000000,0.000000,2.355270,12.026670,0.075064,21.985232
0.000000,0.000000,12.313183,0.000000,0.000000,2.047560,9.805188,0.364750,30.562183
0.000000,0.000000,9.073204,0.000000,0.000000,1.825073,7.415231,0.125132,24.364374
0.000000,0.000000,7.667835,0.000000,0.000000,1.612490,10.017072,0.133420,20.825080
0.000000,0.000000,7.408937,0.000000,0.000000,1.288660,9.162131,0.111885,22.716340
0.000000,0.000000,7.697896,0.000000,0.000000,1.217961,9.520220,0.194807,21.181879
0.000000,0.000000,7.017182,0.000000,0.000000,0.922598,18.672196,0.208726,22.022610
0.000000,0.000000,10.094996,0.000000,0.000000,1.170780,9.772137,0.240791,33.560306
0.000000,0.000000,7.200321,0.000000,0.000000,1.193439,6.889493,0.077863,22.284319
0.000000,0.000000,7.997017,0.000000,0.000000,1.068759,10.544138,0.380157,19.452370
0.000000,0.000000,7.259934,0.000000,0.000000,1.515736,8.446926,0.108193,22.022152
0.000000,0.000000,8.328410,0.000000,0.000000,1.351788,7.136206,0.162912,22.802541
0.000000,0.000000,7.728942,0.000000,0.000000,1.127721,8.321254,0.187290,19.644657
0.000000,0.000000,8.847377,0.000000,0.000000,1.429928,15.244297,0.196614,22.100451
0.000000,0.000000,9.737881,0.000000,0.000000,0.882229,7.701841,0.460809,30.636908
0.000000,0.000000,9.701861,0.000000,0.000000,1.707777,9.510251,0.121572,22.455962
0.000000,0.000000,8.595610,0.000000,0.000000,1.047786,8.406726,0.135316,23.686330
0.000000,0.000000,9.389109,0.000000,0.000000,1.465525,8.401640,0.370702,22.493171
0.000000,0.000000,7.759957,0.000000,0.000000,1.888719,16.230623,0.150348,21.535027
0.000000,0.000000,6.322180,0.000000,0.000000,0.901306,7.917511,0.812452,28.848205
0.000000,0.000000,5.892385,0.000000,0.000000,1.538908,9.234932,0.387167,19.063495
0.000000,0.000000,12.632003,0.000000,0.000000,1.120017,8.659559,0.481544,35.078424
0.000000,0.000000,8.916453,0.000000,0.000000,1.149896,5.978988,0.076871,22.351679
0.000000,0.000000,7.103513,0.000000,0.000000,1.130543,7.696840,0.367440,17.185719
0.000000,0.000000,7.468756,0.000000,0.000000,2.308728,8.420772,0.134555,19.801316
0.000000,0.000000,7.811997,0.000000,0.000000,1.628100,7.546473,0.037240,24.542786
0.000000,0.000000,7.351133,0.000000,0.000000,0.957292,6.917093,0.104909,19.657382
0.000000,0.000000,7.698353,0.000000,0.000000,1.226502,9.769607,0.514206,18.755298
0.000000,0.000000,10.469350,0.000000,0.000000,2.481901,10.602859,0.221081,25.836918
0.000000,0.000000,9.597977,0.000000,0.000000,1.483026,9.097135,0.075791,27.419849
0.000000,0.000000,7.608556,0.000000,0.000000,1.019683,8.710051,0.206478,21.056714
0.000000,0.000000,7.114998,0.000000,0.000000,1.411577,10.380984,0.532800,20.754696
0.000000,0.000000,9.986787,0.000000,0.000000,1.511548,7.905675,0.835092,26.730499
0.000000,0.000000,9.200132,0.000000,0.000000,1.880685,9.220851,0.159529,25.164479
0.000000,0.000000,7.679397,0.000000,0.000000,1.936120,5.694280,0.062092,22.010607
0.000000,0.000000,7.088425,0.000000,0.000000,1.216043,6.153384,0.135525,17.746146
0.000000,0.000000,7.862047,0.000000,0.000000,1.251355,6.858814,0.556515,18.736761
0.000000,0.000000,7.230336,0.000000,0.000000,2.713308,11.196741,0.693936,20.367297
0.000000,0.000000,11.563811,0.000000,0.000000,2.151647,7.014618,0.084773,30.625807
0.000000,0.000000,12.090908,0.000000,0.000000,0.990902,5.589486,0.142689,25.750144
0.000000,0.000000,7.710592,0.000000,0.000000,0.805843,4.212161,2.501254,17.058600
0.000000,0.000000,8.801393,0.000000,0.000000,1.751045,4.437616,0.097899,18.783992
0.000000,0.000000,8.460890,0.000000,0.000000,1.191102,7.140356,0.081555,16.809652
0.000000,0.000000,8.693002,0.000000,0.000000,0.926346,3.767784,0.067052,19.695459
0.000000,0.000000,9.066685,0.000000,0.000000,0.823851,4.041505,0.067900,16.079969
0.000000,0.000000,8.046347,0.000000,0.000000,1.196513,7.713348,0.603806,15.366654
0.000000,0.000000,7.574869,0.000000,0.000000,2.673567,6.489918,0.108094,19.693466
0.000000,0.000000,9.633757,0.000000,0.000000,1.765196,7.919802,0.075946,21.690820
0.000000,0.000000,9.151938,0.000000,0.000000,1.096774,8.081888,0.079958,21.344297
0.000000,0.000000,10.448175,0.000000,0.000000,1.094053,4.459383,0.067856,22.436045
0.000000,0.000000,7.463998,0.000000,0.000000,3.758746,9.664154,0.874547,15.764708
0.000000,0.000000,11.083794,0.000000,0.000000,5.011513,4.642507,0.064373,28.665980
0.000000,0.000000,15.293700,0.000000,0.000000,1.321640,4.920165,0.106859,29.257476
0.000000,0.000000,8.703147,0.000000,0.000000,1.263102,4.467737,0.083252,17.947760
0.000000,0.000000,8.668667,0.000000,0.000000,1.098494,4.909557,0.591793,16.989751
0.000000,0.000000,8.334016,0.000000,0.000000,2.266574,4.920632,0.087903,17.419178
0.000000,0.000000,7.333808,0.000000,0.000000,1.125826,5.739943,0.114133,16.973809
0.000000,0.000000,10.674732,0.000000,0.000000,2.965904,6.465696,0.720000,20.498470
0.000000,0.000000,11.748402,0.000000,0.000000,4.164663,6.819906,0.129970,25.187784
0.000000,0.000000,10.254811,0.000000,0.000000,1.149642,5.629623,0.118376,24.576424
0.000000,0.000000,8.386932,0.000000,0.000000,2.092497,8.080018,0.088741,18.311175
0.000000,0.000000,7.873570,0.000000,0.000000,1.282588,6.477238,0.452246,24.039939
0.000000,0.000000,10.238773,0.000000,0.000000,2.356108,5.874939,0.097911,22.056109
0.000000,0.000000,6.657323,0.000000,0.000000,0.912559,7.578076,0.117252,17.536841
0.000000,0.000000,7.338271,0.000000,0.000000,1.153719,6.468827,0.137355,19.168040
0.000000,0.000000,7.325287,0.000000,0.000000,0.938844,10.255076,0.447859,19.287537
0.000000,0.000000,7.704227,0.000000,0.000000,1.691058,7.334348,0.100027,22.518570
0.000000,0.000000,8.292819,0.000000,0.000000,0.884753,10.343157,0.093932,20.795265
0.000000,0.000000,7.756361,0.000000,0.000000,1.942799,8.091629,0.504033,22.089038
0.000000,0.000000,11.844806,0.000000,0.000000,1.888245,9.143033,0.109218,29.164534
0.000000,0.000000,8.033044,0.000000,0.000000,1.135568,6.296712,0.071658,22.187754
0.000000,0.000000,7.104394,0.000000,0.000000,1.274432,6.410804,0.113671,17.405886
0.000000,0.000000,7.131970,0.000000,0.000000,0.982784,6.980750,0.437037,17.973977
0.000000,0.000000,7.895997,0.000000,0.000000,1.397823,5.605641,0.074556,19.289744
0.000000,0.000000,8.868676,0.000000,0.000000,1.118607,10.914125,0.146182,18.622335
0.000000,0.000000,9.238268,0.000000,0.000000,1.124569,8.522538,0.550368,30.425964
0.000000,0.000000,8.605418,0.000000,0.000000,2.092248,6.837290,0.462881,22.916096
0.000000,0.000000,8.370039,0.000000,0.000000,1.430048,6.188640,0.121947,21.043533
0.000000,0.000000,7.119604,0.000000,0.000000,1.097589,6.817970,0.093656,18.171670
0.000000,0.000000,5.892583,0.000000,0.000000,2.556753,12.440319,0.605756,16.832772
0.000000,0.000000,10.170591,0.000000,0.000000,2.522597,6.917525,0.127634,32.363521
0.000000,0.000000,7.007089,0.000000,0.000000,0.788617,6.592101,0.395003,20.113705
0.000000,0.000000,7.452068,0.000000,0.000000,1.869862,5.531261,0.059436,17.642870
0.000000,0.000000,7.763295,0.000000,0.000000,1.216296,11.698740,0.159297,17.774284
0.000000,0.000000,8.132663,0.000000,0.000000,1.429806,13.745551,0.796100,24.428405
0.000000,0.000000,13.354493,0.000000,0.000000,1.405747,7.180561,0.117726,33.790336
0.000000,0.000000,5.964485,0.000000,0.000000,0.968325,5.187384,0.081687,17.908166
0.000000,0.000000,6.879661,0.000000,0.000000,0.955673,7.252373,0.164730,16.059167
0.000000,0.000000,10.233937,0.000000,0.000000,0.952268,5.622581,1.155045,22.071264
0.000000,0.000000,9.142999,0.000000,0.000000,2.060911,8.669813,0.188712,20.762091
0.000000,0.000000,7.041938,0.000000,0.000000,1.551918,8.123902,0.183367,21.390561
0.000000,0.000000,7.542460,0.000000,0.000000,1.088431,8.495440,0.134356,21.065436
0.000000,0.000000,7.746355,0.000000,0.000000,1.367493,7.972297,0.083275,20.765145
0.000000,0.000000,8.648929,0.000000,0.000000,1.134201,6.278714,2.314936,21.020004
0.000000,0.000000,9.403777,0.000000,0.000000,3.071721,11.302449,0.083803,23.188757
0.000000,0.000000,8.579193,0.000000,0.000000,1.295427,6.479175,0.075813,27.147334
0.000000,0.000000,8.601567,0.000000,0.000000,1.294380,8.566493,0.063878,19.469870
0.000000,0.000000,7.977046,0.000000,0.000000,1.963122,11.969845,0.129684,20.838841
0.000000,0.000000,8.609363,0.000000,0.000000,1.084794,6.031127,0.049363,26.766328
0.000000,0.000000,8.996667,0.000000,0.000000,1.152827,6.557821,0.089931,18.659271
0.000000,0.000000,8.879575,0.000000,0.000000,1.151868,6.941427,0.436342,19.569731
0.000000,0.000000,8.793326,0.000000,0.000000,2.027242,6.935630,0.081213,20.425621
0.000000,0.000000,7.652123,0.000000,0.000000,1.432065,7.370639,0.095904,19.860620
0.000000,0.000000,8.776971,0.000000,0.000000,1.979366,9.284640,0.210655,20.987513
0.000000,0.000000,13.541840,0.000000,0.000000,1.449665,7.205875,0.161391,28.911472
0.000000,0.000000,12.533447,0.000000,0.000000,0.880896,7.276735,0.083318,24.724253
0.000000,0.000000,8.301685,0.000000,0.000000,1.110720,6.357856,0.655781,19.397936
0.000000,0.000000,7.745109,0.000000,0.000000,1.723283,7.763262,0.209089,19.325716
0.000000,0.000000,11.852059,0.000000,0.000000,1.281298,8.442458,0.094582,26.399197
0.000000,0.000000,7.729119,0.000000,0.000000,0.966826,6.597330,1.551874,20.521587
0.000000,0.000000,6.774597,0.000000,0.000000,0.917837,7.665064,0.264889,18.988887
0.000000,0.000000,5.954653,0.000000,0.000000,1.330045,9.356784,0.113847,18.503309
0.000000,0.000000,11.244747,0.000000,0.000000,0.790204,6.723367,0.088212,26.246895
0.000000,0.000000,8.952663,0.000000,0.000000,1.749375,6.892064,0.349839,20.296484
0.000000,0.000000,9.410805,0.000000,0.000000,2.331895,6.742609,0.067206,21.607967
0.000000,0.000000,6.973300,0.000000,0.000000,1.245535,7.557158,0.125408,19.078120
0.000000,0.000000,6.599844,0.000000,0.000000,0.981209,7.480298,0.112072,18.728579
0.000000,0.000000,7.043074,0.000000,0.000000,2.559489,10.236052,0.129739,18.794947
0.000000,0.000000,12.588008,0.000000,0.000000,1.744911,7.371906,0.116745,29.733339
0.000000,0.000000,11.347047,0.000000,0.000000,1.819016,7.941327,0.126323,23.811386
0.000000,0.000000,6.518322,0.000000,0.000000,1.072616,9.244690,0.104435,21.854403
0.000000,0.000000,7.857612,0.000000,0.000000,1.533756,7.426498,0.474883,21.190090
0.000000,0.000000,7.522905,0.000000,0.000000,1.598647,6.162465,0.184987,21.394310
0.000000,0.000000,8.265323,0.000000,0.000000,1.187962,7.121499,0.192944,20.492452
0.000000,0.000000,8.965914,0.000000,0.000000,2.175562,12.093329,0.275326,21.219815
0.000000,0.000000,8.841570,0.000000,0.000000,1.674422,9.729767,0.120944,30.402004
0.000000,0.000000,9.423544,0.000000,0.000000,1.097337,6.433978,0.126774,24.196260
0.000000,0.000000,8.034610,0.000000,0.000000,1.081720,6.834690,0.695027,18.910888
0.000000,0.000000,7.463381,0.000000,0.000000,2.283150,7.742245,0.119809,19.417390
0.000000,0.000000,8.888469,0.000000,0.000000,1.410289,7.373047,0.148783,22.210236
0.000000,0.000000,7.872491,0.000000,0.000000,1.799587,8.611997,0.118597,20.102745
0.000000,0.000000,8.918435,0.000000,0.000000,1.603357,13.593070,0.225820,23.915262
0.000000,0.000000,11.021556,0.000000,0.000000,1.717101,9.556808,0.047059,31.946171
0.000000,0.000000,10.958998,0.000000,0.000000,1.884047,9.151078,0.414818,25.789827
0.000000,0.000000,9.064343,0.000000,0.000000,1.685907,6.479561,0.066468,23.518117
0.000000,0.000000,6.752091,0.000000,0.000000,1.501321,6.917748,0.102330,17.800613
0.000000,0.000000,6.441589,0.000000,0.000000,1.330264,7.211794,0.154327,17.918515
0.000000,0.000000,7.133645,0.000000,0.000000,1.477207,6.620520,0.104314,19.105761
0.000000,0.000000,7.907207,0.000000,0.000000,1.788071,17.665600,0.113681,19.232413
0.000000,0.000000,10.740096,0.000000,0.000000,1.131016,6.387805,0.497289,34.302382
0.000000,0.000000,6.297957,0.000000,0.000000,1.949787,7.247062,0.122796,17.328545
0.000000,0.000000,8.393635,0.000000,0.000000,1.677238,7.411175,0.107664,20.656264
0.000000,0.000000,7.576214,0.000000,0.000000,1.721509,9.557488,0.208748,19.805824
0.000000,0.000000,7.125499,0.000000,0.000000,1.186232,6.388692,0.096357,22.329758
0.000000,0.000000,8.732014,0.000000,0.000000,1.928659,7.911573,0.386605,19.782514
0.000000,0.000000,8.160135,0.000000,0.000000,2.787513,12.671689,0.100137,21.307641
0.000000,0.000000,12.889435,0.000000,0.000000,2.541657,11.139234,0.104016,31.797926
0.000000,0.000000,8.989460,0.000000,0.000000,1.533646,11.568623,0.146777,25.739633
0.000000,0.000000,11.293743,0.000000,0.000000,2.986177,9.224278,0.179366,27.767271
0.000000,0.000000,8.800709,0.000000,0.000000,1.875891,7.438420,0.119996,24.350112
0.000000,0.000000,8.109374,0.000000,0.000000,1.255455,7.524494,0.078392,21.864995
0.000000,0.000000,8.359766,0.000000,0.000000,1.429755,6.202681,0.610750,20.361726
0.000000,0.000000,8.150886,0.000000,0.000000,2.415857,13.764014,0.573443,19.206812
0.000000,0.000000,8.563578,0.000000,0.000000,1.978706,8.744977,0.184006,32.495282
0.000000,0.000000,10.490514,0.000000,0.000000,1.517721,8.816813,0.143383,25.319039
0.000000,0.000000,7.207650,0.000000,0.000000,1.103640,7.221847,2.318229,20.937205
0.000000,0.000000,9.269421,0.000000,0.000000,1.277022,6.192564,0.064671,24.033501
0.000000,0.000000,8.194116,0.000000,0.000000,2.072132,5.977786,0.542121,19.610500
0.000000,0.000000,8.093306,0.000000,0.000000,4.168441,10.528145,0.100853,19.405191
0.000000,0.000000,10.775359,0.000000,0.000000,1.706575,6.205227,0.106705,30.145716
0.000000,0.000000,6.032362,0.000000,0.000000,2.078566,6.173960,2.542561,17.242014
0.000000,0.000000,8.689891,0.000000,0.000000,1.906948,14.726847,0.166163,22.723384
0.000000,0.000000,8.622020,0.000000,0.000000,2.614822,8.598665,0.156718,28.937514
0.000000,0.000000,11.111333,0.000000,0.000000,2.140383,9.692339,0.072055,26.693981
0.000000,0.000000,7.365206,0.000000,0.000000,1.488933,6.713613,0.439484,22.156994
0.000000,0.000000,7.006016,0.000000,0.000000,3.645946,9.111276,0.157445,18.437366
0.000000,0.000000,13.022526,0.000000,0.000000,1.966728,7.748879,0.101437,29.214942
0.000000,0.000000,9.428899,0.000000,0.000000,1.871340,6.778703,0.115841,22.282626
0.000000,0.000000,9.684850,0.000000,0.000000,1.375792,7.454917,0.096191,21.927526
0.000000,0.000000,7.173265,0.000000,0.000000,1.408856,9.543292,0.138776,18.789404
0.000000,0.000000,8.710490,0.000000,0.000000,1.102268,6.334481,0.477935,23.818420
0.000000,0.000000,8.350717,0.000000,0.000000,6.892274,9.531309,0.126587,19.076026
0.000000,0.000000,7.521583,0.000000,0.000000,2.224925,9.688152,0.136120,28.965473
0.000000,0.000000,10.011379,0.000000,0.000000,1.692965,8.599533,0.161843,26.112877
0.000000,0.000000,7.314808,0.000000,0.000000,1.347126,10.643868,0.106771,21.107005
0.000000,0.000000,7.786360,0.000000,0.000000,3.024654,11.158823,0.133971,23.251463
0.000000,0.000000,12.040016,0.000000,0.000000,1.327123,11.919258,0.164092,33.989067
0.000000,0.000000,6.716347,0.000000,0.000000,1.089401,8.068906,0.656134,23.831146
0.000000,0.000000,7.404376,0.000000,0.000000,1.660299,8.014794,0.091596,21.066156
0.000000,0.000000,6.454819,0.000000,0.000000,1.101436,8.113717,0.084410,19.020227
0.000000,0.000000,7.093544,0.000000,0.000000,2.112996,9.329011,0.137906,19.760870
0.000000,0.000000,11.659824,0.000000,0.000000,1.465139,10.599461,0.108237,27.966249
0.000000,0.000000,8.309914,0.000000,0.000000,1.003834,7.600063,0.073763,23.824093
0.000000,0.000000,6.824627,0.000000,0.000000,1.115918,6.763384,0.352098,18.428136
0.000000,0.000000,7.328818,0.000000,0.000000,1.691521,7.298397,0.086933,18.272707
0.000000,0.000000,7.908915,0.000000,0.000000,1.223593,8.253953,0.119247,19.798815
0.000000,0.000000,8.011427,0.000000,0.000000,1.200328,8.196562,0.120172,20.775163
0.000000,0.000000,9.634514,0.000000,0.000000,1.403488,13.179486,0.230250,22.586306
0.000000,0.000000,14.553044,0.000000,0.000000,1.214357,9.040967,0.091650,34.439667
0.000000,0.000000,7.792082,0.000000,0.000000,2.211181,10.633178,0.082481,21.443882
0.000000,0.000000,8.789699,0.000000,0.000000,0.892501,7.675843,0.384577,26.590236
0.000000,0.000000,9.129745,0.000000,0.000000,1.982595,13.479399,0.139757,21.019436
0.000000,0.000000,12.380432,0.000000,0.000000,1.583880,7.795734,0.190684,32.260354
0.000000,0.000000,9.169611,0.000000,0.000000,1.520112,9.687258,0.110672,22.707856
0.000000,0.000000,7.001299,0.000000,0.000000,1.633209,10.123656,0.120669,22.061590
0.000000,0.000000,7.254180,0.000000,0.000000,1.078446,10.855895,0.149202,24.688637
0.000000,0.000000,9.256184,0.000000,0.000000,1.681900,12.080212,0.115731,25.611040
0.000000,0.000000,10.876020,0.000000,0.000000,0.991992,8.282691,1.573745,30.314497
0.000000,0.000000,9.005849,0.000000,0.000000,1.665941,16.732801,0.239287,23.339540
0.000000,0.000000,14.275378,0.000000,0.000000,0.928263,10.160863,0.064429,37.757434
0.000000,0.000000,6.690854,0.000000,0.000000,1.157587,7.329354,0.405319,21.729545
0.000000,0.000000,8.773906,0.000000,0.000000,1.840687,7.319185,0.070060,20.704517
0.000000,0.000000,9.777663,0.000000,0.000000,2.301593,13.225955,0.198840,22.350566
0.000000,0.000000,14.967569,0.000000,0.000000,1.916415,8.749361,0.119126,35.054926
0.000000,0.000000,11.816512,0.000000,0.000000,1.409043,8.394851,0.118078,26.675097
0.000000,0.000000,9.672138,0.000000,0.000000,1.515858,8.499165,0.165248,23.068736
0.000000,0.000000,7.917070,0.000000,0.000000,1.902419,10.745240,0.123986,21.303673
0.000000,0.000000,11.682088,0.000000,0.000000,1.676885,10.071946,0.143956,28.263869
0.000000,0.000000,11.540693,0.000000,0.000000,5.945958,16.034085,0.101790,27.694437
0.000000,0.000000,15.511243,0.000000,0.000000,2.533380,9.923783,0.579196,50.057088
0.000000,0.000000,14.681090,0.000000,0.000000,1.745314,9.624099,0.062599,31.542014
0.000000,0.000000,8.831381,0.000000,0.000000,1.635893,11.131304,0.082448,23.367307
0.000000,0.000000,8.308651,0.000000,0.000000,2.544284,12.957061,0.088499,24.885380
0.000000,0.000000,8.740502,0.000000,0.000000,1.677006,9.546257,0.143195,27.706483
0.000000,0.000000,8.250400,0.000000,0.000000,2.351785,9.783917,0.109559,23.782808
0.000000,0.000000,9.297400,0.000000,0.000000,3.160628,12.057208,0.110243,25.328466
0.000000,0.000000,11.291169,0.000000,0.000000,1.279403,6.822738,0.594453,38.391956
0.000000,0.000000,10.208915,0.000000,0.000000,1.732078,6.749894,0.062841,22.965690
0.000000,0.000000,8.008551,0.000000,0.000000,1.436022,7.877461,0.101569,19.787314
0.000000,0.000000,8.656060,0.000000,0.000000,2.251497,8.206922,0.095034,21.218437
0.000000,0.000000,9.053675,0.000000,0.000000,1.985186,9.606982,0.512608,22.646150
0.000000,0.000000,11.399996,0.000000,0.000000,1.870391,9.424645,0.228905,27.384816
0.000000,0.000000,7.932383,0.000000,0.000000,1.985660,10.448345,0.112183,24.567727
0.000000,0.000000,11.476912,0.000000,0.000000,2.079548,8.191572,0.138611,28.415618
0.000000,0.000000,9.264132,0.000000,0.000000,0.903488,7.856301,0.139305,25.694781
0.000000,0.000000,6.730932,0.000000,0.000000,1.103489,7.638384,0.568175,19.163634
0.000000,0.000000,8.512408,0.000000,0.000000,1.508264,7.896262,0.131998,21.542696
0.000000,0.000000,8.567409,0.000000,0.000000,1.494278,7.945582,0.069851,21.882291
0.000000,0.000000,7.171567,0.000000,0.000000,1.517368,9.371652,0.153985,19.517163
0.000000,0.000000,9.361821,0.000000,0.000000,1.391959,12.257701,0.310737,23.910200
0.000000,0.000000,13.191278,0.000000,0.000000,3.040689,10.738945,0.133056,32.304368
0.000000,0.000000,8.508235,0.000000,0.000000,1.172753,9.982841,0.119412,26.030701
0.000000,0.000000,10.423911,0.000000,0.000000,1.317911,7.913263,0.125473,24.929056
0.000000,0.000000,8.142124,0.000000,0.000000,1.343005,9.560618,0.132252,20.972140
0.000000,0.000000,8.425632,0.000000,0.000000,1.317668,10.067864,0.141487,23.247453
0.000000,0.000000,8.988880,0.000000,0.000000,1.576043,8.453065,0.080442,23.889077
0.000000,0.000000,7.523114,0.000000,0.000000,1.460919,14.098657,0.126157,25.086182
0.000000,0.000000,11.252623,0.000000,0.000000,0.970386,8.513911,1.181246,32.261320
0.000000,0.000000,6.012602,0.000000,0.000000,1.376487,8.211414,0.079991,20.881665
0.000000,0.000000,8.306508,0.000000,0.000000,1.519164,9.256283,0.129518,21.060143
0.000000,0.000000,6.964119,0.000000,0.000000,1.653664,12.438845,0.085843,22.140506
0.000000,0.000000,7.991913,0.000000,0.000000,1.573332,11.174385,1.413340,25.742062
0.000000,0.000000,9.200947,0.000000,0.000000,1.872177,14.397236,0.135128,28.342161
0.000000,0.000000,12.509564,0.000000,0.000000,2.041542,12.595346,0.126719,33.203810
0.000000,0.000000,12.472737,0.000000,0.000000,1.880288,9.089085,0.155892,32.521933
0.000000,0.000000,9.231916,0.000000,0.000000,1.201981,8.889793,0.229545,23.907070
0.000000,0.000000,8.413318,0.000000,0.000000,2.731476,8.300325,0.029140,22.812125
0.000000,0.000000,8.421026,0.000000,0.000000,1.776451,8.108924,0.441269,23.096632
0.000000,0.000000,8.375229,0.000000,0.000000,1.743077,12.167144,0.141267,22.045804
0.000000,0.000000,7.823502,0.000000,0.000000,4.416467,15.473215,0.197143,25.447971
0.000000,0.000000,11.028048,0.000000,0.000000,1.282058,15.750194,0.140583,37.223712
0.000000,0.000000,6.559187,0.000000,0.000000,2.486568,14.603198,0.222316,27.456429
0.000000,0.000000,10.934177,0.000000,0.000000,1.772415,8.636653,0.135547,33.464170
0.000000,0.000000,8.213126,0.000000,0.000000,1.371648,8.091059,0.131017,22.278643
0.000000,0.000000,8.605847,0.000000,0.000000,1.465503,9.397353,0.171522,21.631988
0.000000,0.000000,12.007650,0.000000,0.000000,1.601494,9.776882,0.069751,28.300536
0.000000,0.000000,8.605379,0.000000,0.000000,1.489242,8.434307,0.822418,24.138533
0.000000,0.000000,9.113474,0.000000,0.000000,4.001105,16.848515,0.096743,23.885755
0.000000,0.000000,12.824536,0.000000,0.000000,3.580145,9.779603,0.113229,38.300405
0.000000,0.000000,12.143018,0.000000,0.000000,2.408655,8.891438,0.191048,29.124860
0.000000,0.000000,7.930395,0.000000,0.000000,1.645751,7.783744,0.130797,24.901580
0.000000,0.000000,6.867917,0.000000,0.000000,1.527848,8.949673,0.164234,19.657519
0.000000,0.000000,9.154104,0.000000,0.000000,1.410630,6.387018,0.097877,23.037625
0.000000,0.000000,8.305063,0.000000,0.000000,1.711645,5.240485,0.065057,18.669782
0.000000,0.000000,7.612109,0.000000,0.000000,1.639590,8.123383,1.063140,17.194867
0.000000,0.000000,11.564814,0.000000,0.000000,2.232706,7.223112,0.118597,28.146567
0.000000,0.000000,8.936526,0.000000,0.000000,2.043134,5.500557,0.080563,21.435407
0.000000,0.000000,8.350900,0.000000,0.000000,3.391032,6.721887,0.101889,18.693444
0.000000,0.000000,7.923099,0.000000,0.000000,2.041812,6.957728,0.100941,21.411066
0.000000,0.000000,10.153744,0.000000,0.000000,2.014777,13.430195,0.067481,22.040415
0.000000,0.000000,8.814541,0.000000,0.000000,2.229653,5.996985,0.078050,27.304673
0.000000,0.000000,10.428112,0.000000,0.000000,5.911922,8.813367,0.134886,21.771338
0.000000,0.000000,7.713572,0.000000,0.000000,2.490762,7.865272,0.143008,26.802026
0.000000,0.000000,8.011926,0.000000,0.000000,2.085521,7.051406,0.073918,22.397326
0.000000,0.000000,7.261979,0.000000,0.000000,1.630762,7.876072,0.087010,19.081896
0.000000,0.000000,7.865249,0.000000,0.000000,1.683619,8.087157,0.081556,20.668105
0.000000,0.000000,8.100695,0.000000,0.000000,2.270837,8.260087,0.083605,20.905280
0.000000,0.000000,8.349863,0.000000,0.000000,1.860715,7.663064,0.081886,22.883040
0.000000,0.000000,8.585568,0.000000,0.000000,2.913855,14.072030,0.089071,23.389641
0.000000,0.000000,13.182341,0.000000,0.000000,1.865917,10.412615,0.069003,34.976496
0.000000,0.000000,8.618632,0.000000,0.000000,1.827553,7.410900,0.095651,24.229102
0.000000,0.000000,8.020526,0.000000,0.000000,2.031584,7.407714,2.209323,20.561588
0.000000,0.000000,8.008542,0.000000,0.000000,1.959254,7.241308,0.073521,22.735420
0.000000,0.000000,8.385908,0.000000,0.000000,2.014172,7.518277,0.079594,20.707572
0.000000,0.000000,8.379201,0.000000,0.000000,2.151118,7.405388,0.071416,21.225061
0.000000,0.000000,9.698335,0.000000,0.000000,2.509398,12.713039,0.097150,22.352764
0.000000,0.000000,12.292419,0.000000,0.000000,2.557249,11.211827,0.114001,31.785457
0.000000,0.000000,8.826995,0.000000,0.000000,2.200645,7.675595,0.080794,26.108564
0.000000,0.000000,9.444864,0.000000,0.000000,1.940562,7.608296,0.075802,22.522136
0.000000,0.000000,9.256956,0.000000,0.000000,2.204222,7.142952,0.090052,21.630711
0.000000,0.000000,8.569511,0.000000,0.000000,2.148738,7.001040,0.100225,21.419019
0.000000,0.000000,9.538794,0.000000,0.000000,1.849408,7.506066,0.164830,21.715990
0.000000,0.000000,8.035116,0.000000,0.000000,2.812388,10.956787,0.083197,25.062604
0.000000,0.000000,13.615915,0.000000,0.000000,2.172245,10.444819,0.087231,31.338306
0.000000,0.000000,13.376757,0.000000,0.000000,1.798700,8.877339,0.077511,30.244481
0.000000,0.000000,8.578769,0.000000,0.000000,1.741413,6.466792,0.085908,22.332007
0.000000,0.000000,8.079988,0.000000,0.000000,0.000000,0.000000,0.000000,19.502824
