#Image Rect[ms], Image Resize[ms], ORB ext[ms], Stereo match[ms], IMU preint[ms], Pose pred[ms], LM track[ms], KF dec[ms], Total[ms]
0.000000,0.000000,98.688247,0.000000,0.000000,9.905395,4.345014,0.074799,101.201713
0.000000,0.000000,26.777071,0.000000,0.000000,3.851430,3.077496,0.068687,42.629594
0.000000,0.000000,25.100156,0.000000,0.000000,3.290624,3.080373,0.068741,33.251157
0.000000,0.000000,24.567989,0.000000,0.000000,3.268043,2.763798,0.068709,31.874709
0.000000,0.000000,24.498587,0.000000,0.000000,3.322335,3.226377,0.070706,31.438510
0.000000,0.000000,22.519752,0.000000,0.000000,3.206142,3.386700,0.071824,30.122963
0.000000,0.000000,25.414866,0.000000,0.000000,3.006681,2.760237,0.075722,33.332589
0.000000,0.000000,25.245705,0.000000,0.000000,2.471550,2.370208,0.573899,32.136765
0.000000,0.000000,26.991436,0.000000,0.000000,4.090807,3.075662,0.427286,33.254893
0.000000,0.000000,24.112455,0.000000,0.000000,6.390537,5.173120,0.184783,32.780685
0.000000,0.000000,25.480968,0.000000,0.000000,3.752879,3.635133,0.071325,39.155481
0.000000,0.000000,23.270149,0.000000,0.000000,3.077040,3.101629,0.532754,31.911402
0.000000,0.000000,23.920704,0.000000,0.000000,4.118599,3.510688,0.063824,31.789759
0.000000,0.000000,22.385408,0.000000,0.000000,3.663728,3.553711,0.073615,31.359944
0.000000,0.000000,22.417911,0.000000,0.000000,2.873455,3.518124,0.152713,31.086152
0.000000,0.000000,24.563213,0.000000,0.000000,2.897317,3.663391,0.585069,32.788404
0.000000,0.000000,27.381161,0.000000,0.000000,4.379158,4.144969,0.105739,35.828478
0.000000,0.000000,22.809220,0.000000,0.000000,2.898804,3.337002,0.068002,33.042545
0.000000,0.000000,26.855951,0.000000,0.000000,3.119281,4.189370,0.145613,34.409387
0.000000,0.000000,24.398330,0.000000,0.000000,2.655671,3.493069,0.671842,33.737870
0.000000,0.000000,22.881467,0.000000,0.000000,4.046297,4.348988,0.091256,31.046526
0.000000,0.000000,22.671184,0.000000,0.000000,3.102975,3.300556,0.064942,32.735426
0.000000,0.000000,24.482063,0.000000,0.000000,2.529022,3.169133,0.080129,32.201369
0.000000,0.000000,22.299807,0.000000,0.000000,2.066193,3.574392,0.712064,29.414297
0.000000,0.000000,22.097123,0.000000,0.000000,3.797834,4.819742,0.129752,29.879981
0.000000,0.000000,22.551377,0.000000,0.000000,2.949046,3.534941,0.071031,32.969865
0.000000,0.000000,22.833830,0.000000,0.000000,1.931468,3.513055,0.646070,30.864220
0.000000,0.000000,22.863100,0.000000,0.000000,3.632809,3.669612,0.076720,30.299093
0.000000,0.000000,22.162564,0.000000,0.000000,2.175438,3.901911,0.092342,30.956465
0.000000,0.000000,22.502882,0.000000,0.000000,1.751984,3.620118,0.597868,30.163707
0.000000,0.000000,22.066411,0.000000,0.000000,2.889277,3.292827,0.056072,29.454561
0.000000,0.000000,21.133736,0.000000,0.000000,1.820041,2.820227,0.557831,28.811597
0.000000,0.000000,21.977478,0.000000,0.000000,3.588158,3.699205,0.086502,28.471887
0.000000,0.000000,23.799999,0.000000,0.000000,2.375984,3.135859,0.079174,32.790004
0.000000,0.000000,21.788732,0.000000,0.000000,2.119508,3.038176,0.101005,28.748283
0.000000,0.000000,22.095397,0.000000,0.000000,1.984582,2.947885,0.092060,28.646540
0.000000,0.000000,22.694351,0.000000,0.000000,1.713966,3.353585,0.678617,28.973298
0.000000,0.000000,23.961468,0.000000,0.000000,4.596356,3.500277,0.068622,30.976316
0.000000,0.000000,22.817601,0.000000,0.000000,2.635467,3.746277,0.101363,32.429523
0.000000,0.000000,23.420810,0.000000,0.000000,2.154768,3.123689,0.079738,31.156445
0.000000,0.000000,23.314410,0.000000,0.000000,1.721044,2.784684,0.546606,30.069182
0.000000,0.000000,27.311682,0.000000,0.000000,3.938409,3.804369,0.069121,33.558027
0.000000,0.000000,22.667613,0.000000,0.000000,2.462128,3.347422,0.087392,31.923290
0.000000,0.000000,26.412805,0.000000,0.000000,1.782957,3.263172,0.573269,33.690299
0.000000,0.000000,23.824341,0.000000,0.000000,3.175202,3.852364,0.068784,30.742795
0.000000,0.000000,22.891106,0.000000,0.000000,2.053936,3.344589,0.057928,31.508618
0.000000,0.000000,23.046752,0.000000,0.000000,1.637224,2.764937,0.630937,29.860559
0.000000,0.000000,22.237677,0.000000,0.000000,3.166874,3.667853,0.057375,28.544905
0.000000,0.000000,22.464115,0.000000,0.000000,2.021487,4.125395,0.098856,30.642549
0.000000,0.000000,22.734214,0.000000,0.000000,1.625021,3.138041,0.632934,30.435880
0.000000,0.000000,22.512869,0.000000,0.000000,3.084400,3.804130,0.099117,29.225378
0.000000,0.000000,22.284207,0.000000,0.000000,1.882149,3.263993,0.060404,30.829003
0.000000,0.000000,22.795617,0.000000,0.000000,1.602843,3.405503,0.916268,29.396037
0.000000,0.000000,22.561201,0.000000,0.000000,3.368408,4.042683,0.072161,30.112324
0.000000,0.000000,26.083505,0.000000,0.000000,1.938036,3.479422,0.060447,35.079709
0.000000,0.000000,21.436550,0.000000,0.000000,1.503769,3.050986,0.631023,28.255405
0.000000,0.000000,21.506723,0.000000,0.000000,3.716053,4.561182,0.082192,28.064434
0.000000,0.000000,22.673117,0.000000,0.000000,1.713499,5.576077,0.156296,32.673676
0.000000,0.000000,21.817492,0.000000,0.000000,1.440587,4.703462,0.798545,31.154578
0.000000,0.000000,21.210546,0.000000,0.000000,3.545298,3.932166,0.061305,29.834473
0.000000,0.000000,22.086179,0.000000,0.000000,1.759790,3.837729,0.165165,31.195515
0.000000,0.000000,22.615536,0.000000,0.000000,1.493304,4.095573,0.738565,30.062408
0.000000,0.000000,22.302511,0.000000,0.000000,2.950219,4.054666,0.093265,30.205937
0.000000,0.000000,22.534756,0.000000,0.000000,2.043970,3.791123,0.060979,31.435882
0.000000,0.000000,23.258154,0.000000,0.000000,1.450195,3.478728,0.643931,30.720180
0.000000,0.000000,22.981746,0.000000,0.000000,2.928571,3.764863,0.057950,30.009408
0.000000,0.000000,22.063784,0.000000,0.000000,1.664950,3.769325,0.089357,30.213786
0.000000,0.000000,23.353796,0.000000,0.000000,1.268115,3.290602,0.644811,30.399002
0.000000,0.000000,22.297223,0.000000,0.000000,2.811633,3.543431,0.059372,28.988040
0.000000,0.000000,20.387636,0.000000,0.000000,1.739901,3.413819,0.061587,28.191320
0.000000,0.000000,22.143632,0.000000,0.000000,1.339538,2.981766,0.714801,28.773937
0.000000,0.000000,22.771062,0.000000,0.000000,3.790647,4.033954,0.067667,29.136163
0.000000,0.000000,22.488888,0.000000,0.000000,1.853728,3.522207,0.062824,32.167542
0.000000,0.000000,21.995455,0.000000,0.000000,1.420231,3.235866,0.623403,28.769909
0.000000,0.000000,21.174406,0.000000,0.000000,2.928387,4.196578,0.068611,27.768780
0.000000,0.000000,21.718667,0.000000,0.000000,1.735895,3.555686,0.059003,30.518408
0.000000,0.000000,21.422349,0.000000,0.000000,1.392419,3.606950,0.652008,28.110019
0.000000,0.000000,21.748205,0.000000,0.000000,2.799470,4.841064,0.119048,28.737555
0.000000,0.000000,23.070094,0.000000,0.000000,1.732867,3.517126,0.069263,32.434365
0.000000,0.000000,21.625175,0.000000,0.000000,1.302149,3.168981,0.687573,28.311260
0.000000,0.000000,21.497365,0.000000,0.000000,3.548369,4.329045,0.073387,27.919429
0.000000,0.000000,22.925896,0.000000,0.000000,2.096687,3.894768,0.062173,32.555988
0.000000,0.000000,21.993447,0.000000,0.000000,1.596383,4.180012,0.100777,29.403560
0.000000,0.000000,22.320509,0.000000,0.000000,1.373279,3.775286,0.768277,29.792437
0.000000,0.000000,22.572926,0.000000,0.000000,3.291123,4.067922,0.097141,29.883781
0.000000,0.000000,22.123319,0.000000,0.000000,2.206855,4.226292,0.073159,31.102403
0.000000,0.000000,21.897924,0.000000,0.000000,1.626987,4.208032,0.114728,29.792046
0.000000,0.000000,21.835729,0.000000,0.000000,1.633837,3.952436,0.790359,29.391651
0.000000,0.000000,21.654127,0.000000,0.000000,3.354903,4.504719,0.124064,29.443955
0.000000,0.000000,21.939286,0.000000,0.000000,2.602995,4.660701,0.095490,31.450570
0.000000,0.000000,22.229764,0.000000,0.000000,1.696944,3.881208,0.061435,31.162264
0.000000,0.000000,22.175278,0.000000,0.000000,1.397640,3.984797,0.681222,29.284729
0.000000,0.000000,22.370459,0.000000,0.000000,3.225998,4.284481,0.070446,29.941644
0.000000,0.000000,24.693554,0.000000,0.000000,2.081685,4.183931,0.068762,33.911321
0.000000,0.000000,22.762593,0.000000,0.000000,1.503043,3.825039,0.767648,30.559238
0.000000,0.000000,23.236083,0.000000,0.000000,3.411126,5.527681,0.125095,30.784198
0.000000,0.000000,23.607149,0.000000,0.000000,1.907666,4.543378,0.116258,34.623549
0.000000,0.000000,24.258306,0.000000,0.000000,1.528435,4.763193,0.848895,32.574521
0.000000,0.000000,24.225492,0.000000,0.000000,3.268585,6.116486,0.170984,33.126205
0.000000,0.000000,23.289897,0.000000,0.000000,2.650083,6.827008,1.349797,34.909616
0.000000,0.000000,31.675387,0.000000,0.000000,3.181769,6.698827,0.304851,45.292039
0.000000,0.000000,24.014554,0.000000,0.000000,1.520314,4.533554,0.713128,36.744247
0.000000,0.000000,22.804335,0.000000,0.000000,2.924739,5.437619,0.206212,31.245553
0.000000,0.000000,23.428879,0.000000,0.000000,1.532896,4.348923,0.894046,34.072240
0.000000,0.000000,23.022500,0.000000,0.000000,4.099091,5.679397,0.159368,31.447922
0.000000,0.000000,23.774298,0.000000,0.000000,1.559636,6.547167,0.175011,35.839672
0.000000,0.000000,24.751393,0.000000,0.000000,1.960792,4.585445,0.964752,35.218622
0.000000,0.000000,24.158333,0.000000,0.000000,3.583652,5.587998,0.150184,33.282413
0.000000,0.000000,24.777739,0.000000,0.000000,1.721076,4.965388,0.125193,36.415198
0.000000,0.000000,25.846173,0.000000,0.000000,1.411709,4.513892,0.984662,34.269781
0.000000,0.000000,22.875540,0.000000,0.000000,3.663412,6.382732,0.183610,31.447943
0.000000,0.000000,22.676263,0.000000,0.000000,2.411733,5.384271,0.111764,35.407813
0.000000,0.000000,22.728406,0.000000,0.000000,1.930503,5.700759,0.151324,32.243958
0.000000,0.000000,23.210561,0.000000,0.000000,1.665960,4.834181,1.004539,32.901427
0.000000,0.000000,22.057671,0.000000,0.000000,6.748214,9.091891,0.161007,31.116017
0.000000,0.000000,24.821653,0.000000,0.000000,2.551136,5.234089,0.117061,43.214437
0.000000,0.000000,22.294335,0.000000,0.000000,2.433511,5.503180,0.143865,31.728497
0.000000,0.000000,23.816375,0.000000,0.000000,2.029130,4.655662,0.799901,33.618290
0.000000,0.000000,22.377200,0.000000,0.000000,4.140344,6.020474,0.119689,31.492790
0.000000,0.000000,23.269863,0.000000,0.000000,2.387665,5.853246,0.123673,35.542507
0.000000,0.000000,22.894864,0.000000,0.000000,2.305919,4.726325,0.107291,32.941215
0.000000,0.000000,22.121994,0.000000,0.000000,2.144368,4.141625,0.083820,30.843788
0.000000,0.000000,21.906490,0.000000,0.000000,1.594125,4.357314,0.797567,29.785207
0.000000,0.000000,21.501034,0.000000,0.000000,3.984103,4.769674,0.093688,29.677514
0.000000,0.000000,23.871200,0.000000,0.000000,3.031727,5.184009,0.097825,34.916684
0.000000,0.000000,22.738467,0.000000,0.000000,2.801523,4.655369,0.094394,32.643504
0.000000,0.000000,22.540940,0.000000,0.000000,2.316427,4.698913,0.162180,31.632798
0.000000,0.000000,22.277107,0.000000,0.000000,1.832906,3.923394,0.815741,31.120967
0.000000,0.000000,22.550247,0.000000,0.000000,4.036299,5.556819,0.113381,30.696645
0.000000,0.000000,22.891955,0.000000,0.000000,3.604659,6.523449,0.171060,34.798373
0.000000,0.000000,22.886571,0.000000,0.000000,3.276261,7.435701,0.252633,35.214598
0.000000,0.000000,24.068934,0.000000,0.000000,2.337825,17.907284,0.290010,37.265766
0.000000,0.000000,23.091143,0.000000,0.000000,2.268290,4.836037,1.156504,46.219368
0.000000,0.000000,23.384692,0.000000,0.000000,4.936738,6.229726,0.083376,33.746273
0.000000,0.000000,24.289271,0.000000,0.000000,3.143837,4.526789,0.129861,37.842662
0.000000,0.000000,23.103378,0.000000,0.000000,2.406380,5.261641,0.108594,32.848742
0.000000,0.000000,24.517346,0.000000,0.000000,2.008547,4.542021,1.137983,33.953626
0.000000,0.000000,23.867562,0.000000,0.000000,4.021393,4.502015,0.098573,33.517121
0.000000,0.000000,24.419174,0.000000,0.000000,3.121028,11.784233,0.292801,34.932403
0.000000,0.000000,25.440968,0.000000,0.000000,2.604994,5.324053,1.119181,43.501074
0.000000,0.000000,26.022356,0.000000,0.000000,3.538165,4.116049,0.080227,37.450357
0.000000,0.000000,24.103434,0.000000,0.000000,2.286073,4.094401,0.102275,33.614491
0.000000,0.000000,23.034637,0.000000,0.000000,1.894747,3.498215,0.745588,31.189437
0.000000,0.000000,23.359067,0.000000,0.000000,3.506444,4.148931,0.111818,31.041836
0.000000,0.000000,23.902554,0.000000,0.000000,2.130375,3.676429,0.074397,33.632568
0.000000,0.000000,22.716183,0.000000,0.000000,2.244016,4.697807,1.213325,30.156399
0.000000,0.000000,23.017094,0.000000,0.000000,4.645180,6.795288,0.155493,33.042731
0.000000,0.000000,34.585002,0.000000,0.000000,2.066595,3.924991,0.095686,48.296649
0.000000,0.000000,23.357107,0.000000,0.000000,1.946743,3.826997,0.111254,31.190740
0.000000,0.000000,22.891408,0.000000,0.000000,1.611343,3.286270,0.889290,30.434806
0.000000,0.000000,23.484037,0.000000,0.000000,4.828395,6.793206,0.232115,30.685875
0.000000,0.000000,36.265499,0.000000,0.000000,2.345804,3.829012,0.089042,50.514067
0.000000,0.000000,25.251403,0.000000,0.000000,1.705530,3.513022,0.116335,33.132758
0.000000,0.000000,22.592218,0.000000,0.000000,1.414055,3.420582,3.789743,29.569822
0.000000,0.000000,22.356964,0.000000,0.000000,3.823997,6.630389,0.181928,32.702171
0.000000,0.000000,22.749402,0.000000,0.000000,2.674831,6.458833,0.188006,37.119056
0.000000,0.000000,24.424497,0.000000,0.000000,1.890118,3.805997,0.107508,35.667921
0.000000,0.000000,24.472579,0.000000,0.000000,3.747249,7.755032,1.566378,32.037011
0.000000,0.000000,33.032110,0.000000,0.000000,6.066244,6.511420,0.154396,48.738506
0.000000,0.000000,26.498589,0.000000,0.000000,2.477814,4.375585,0.105445,41.909084
0.000000,0.000000,23.829450,0.000000,0.000000,1.760463,3.694569,0.097379,32.505301
0.000000,0.000000,24.644091,0.000000,0.000000,1.566496,3.447690,0.892591,31.736358
0.000000,0.000000,22.100379,0.000000,0.000000,3.972997,4.994473,0.155254,29.564707
0.000000,0.000000,24.108494,0.000000,0.000000,2.340028,4.102597,0.127483,35.411094
0.000000,0.000000,23.495056,0.000000,0.000000,1.588328,3.842234,1.005756,31.888291
0.000000,0.000000,22.609348,0.000000,0.000000,3.476355,4.206501,0.193923,30.756332
0.000000,0.000000,22.009412,0.000000,0.000000,2.236124,4.016671,0.111297,31.649759
0.000000,0.000000,23.224323,0.000000,0.000000,1.543047,3.873228,1.020498,31.339446
0.000000,0.000000,23.284657,0.000000,0.000000,4.153664,17.547101,0.307826,31.416593
0.000000,0.000000,23.282318,0.000000,0.000000,2.487096,4.357250,0.095328,48.125121
0.000000,0.000000,24.765571,0.000000,0.000000,1.463547,3.901379,0.901635,33.734830
0.000000,0.000000,22.704329,0.000000,0.000000,3.469391,4.610262,0.087522,30.699826
0.000000,0.000000,23.518944,0.000000,0.000000,2.243430,4.510495,0.116606,33.694949
0.000000,0.000000,23.373501,0.000000,0.000000,1.414706,3.964366,1.099075,32.028496
0.000000,0.000000,22.257371,0.000000,0.000000,3.353557,4.192290,0.082224,30.571311
0.000000,0.000000,22.590457,0.000000,0.000000,2.054870,4.434805,0.114576,32.121338
0.000000,0.000000,22.353371,0.000000,0.000000,1.726201,3.931602,1.032016,30.642657
0.000000,0.000000,24.253683,0.000000,0.000000,4.009097,4.370407,0.095415,33.087349
0.000000,0.000000,23.156363,0.000000,0.000000,2.768834,5.210466,0.118137,33.367448
0.000000,0.000000,23.979750,0.000000,0.000000,1.902764,4.164629,0.918939,34.079741
0.000000,0.000000,24.715329,0.000000,0.000000,3.765797,6.468865,0.146688,33.528771
0.000000,0.000000,23.526775,0.000000,0.000000,2.158242,4.803128,0.185933,36.265370
0.000000,0.000000,22.637020,0.000000,0.000000,1.626531,4.893824,1.279287,34.366382
0.000000,0.000000,22.935241,0.000000,0.000000,3.662923,5.550935,0.119819,32.570764
0.000000,0.000000,25.219976,0.000000,0.000000,1.763350,4.589766,0.149728,36.330607
0.000000,0.000000,23.504956,0.000000,0.000000,1.278081,3.973583,1.145366,31.810092
0.000000,0.000000,23.352994,0.000000,0.000000,4.044615,5.280281,0.248236,31.444676
0.000000,0.000000,23.285457,0.000000,0.000000,1.793976,5.345743,0.168759,35.333124
0.000000,0.000000,22.340333,0.000000,0.000000,1.388076,5.097138,1.188681,31.572279
0.000000,0.000000,24.236716,0.000000,0.000000,5.719901,5.751318,0.140446,33.526058
0.000000,0.000000,24.044201,0.000000,0.000000,2.144900,4.835331,0.088586,38.133227
0.000000,0.000000,22.714606,0.000000,0.000000,1.438351,4.074066,0.810540,31.413530
0.000000,0.000000,23.024759,0.000000,0.000000,3.988109,5.611834,0.078674,31.223570
0.000000,0.000000,23.077259,0.000000,0.000000,1.764393,3.529567,0.059731,34.634529
0.000000,0.000000,22.384778,0.000000,0.000000,1.167860,3.896537,0.977551,29.472506
0.000000,0.000000,21.429221,0.000000,0.000000,3.072296,4.998629,0.118169,29.289386
0.000000,0.000000,21.413599,0.000000,0.000000,1.552449,3.953574,0.132879,31.525281
0.000000,0.000000,21.821019,0.000000,0.000000,1.131589,3.554938,0.903252,29.272038
0.000000,0.000000,21.473440,0.000000,0.000000,2.710396,4.046721,0.062097,28.658537
0.000000,0.000000,22.271506,0.000000,0.000000,1.441781,4.664673,0.087827,30.899829
0.000000,0.000000,21.869264,0.000000,0.000000,1.179399,3.429669,0.854562,29.668243
0.000000,0.000000,21.438014,0.000000,0.000000,3.252769,4.434599,0.085981,28.564142
0.000000,0.000000,23.032791,0.000000,0.000000,1.744960,3.920160,0.084406,32.564561
0.000000,0.000000,22.321236,0.000000,0.000000,1.234972,3.349312,0.983044,29.843917
0.000000,0.000000,22.760727,0.000000,0.000000,3.441133,4.185701,0.109517,29.997489
0.000000,0.000000,22.326448,0.000000,0.000000,1.808143,4.920162,0.101646,31.783006
0.000000,0.000000,21.899390,0.000000,0.000000,1.415893,5.112641,0.115401,30.298485
0.000000,0.000000,22.843858,0.000000,0.000000,1.243331,4.249719,0.870727,31.264703
0.000000,0.000000,22.381836,0.000000,0.000000,3.870341,4.385009,0.078012,30.241914
0.000000,0.000000,23.166898,0.000000,0.000000,2.247610,4.270845,0.101407,33.395685
0.000000,0.000000,21.630722,0.000000,0.000000,1.278906,3.726367,0.147318,30.084413
0.000000,0.000000,22.396796,0.000000,0.000000,1.045814,3.606342,0.824523,29.307256
0.000000,0.000000,22.116588,0.000000,0.000000,3.337500,5.332782,0.092744,29.121951
0.000000,0.000000,22.128595,0.000000,0.000000,1.950944,4.148247,0.079792,32.770230
0.000000,0.000000,22.041941,0.000000,0.000000,1.610865,4.346284,0.113968,29.861819
0.000000,0.000000,22.136368,0.000000,0.000000,1.129743,5.042304,1.024645,29.878765
0.000000,0.000000,22.126391,0.000000,0.000000,3.270605,5.926579,0.150922,30.902933
0.000000,0.000000,25.861152,0.000000,0.000000,2.076289,4.892348,0.090279,37.266190
0.000000,0.000000,22.666375,0.000000,0.000000,1.537488,4.140268,0.880997,31.391546
0.000000,0.000000,23.095659,0.000000,0.000000,2.995315,4.379364,0.131131,31.350281
0.000000,0.000000,21.911126,0.000000,0.000000,1.531225,5.243414,0.880606,31.366750
0.000000,0.000000,22.613418,0.000000,0.000000,3.150384,5.337069,0.122620,32.106400
0.000000,0.000000,22.855467,0.000000,0.000000,1.607825,4.032227,0.920176,33.457630
0.000000,0.000000,22.559626,0.000000,0.000000,2.890174,4.251467,0.074907,31.011493
0.000000,0.000000,21.784087,0.000000,0.000000,1.875646,4.145338,0.063758,30.766841
0.000000,0.000000,23.479781,0.000000,0.000000,1.231031,3.807983,0.868762,31.616365
0.000000,0.000000,23.146097,0.000000,0.000000,2.953758,4.231774,0.088250,31.124072
0.000000,0.000000,22.064274,0.000000,0.000000,1.371369,4.380807,0.838831,31.069935
0.000000,0.000000,21.812638,0.000000,0.000000,2.655041,4.843149,0.077166,30.042281
0.000000,0.000000,21.358819,0.000000,0.000000,1.340939,5.253564,0.884970,30.629488
0.000000,0.000000,22.812065,0.000000,0.000000,3.079613,4.425317,0.084711,31.982097
0.000000,0.000000,22.843808,0.000000,0.000000,1.525916,4.025128,0.737696,32.228411
0.000000,0.000000,22.381013,0.000000,0.000000,3.037958,5.450712,0.197745,30.432419
0.000000,0.000000,21.624100,0.000000,0.000000,1.523093,4.297530,0.798241,32.791683
0.000000,0.000000,22.701951,0.000000,0.000000,2.984915,5.228573,0.078099,31.115550
0.000000,0.000000,22.036600,0.000000,0.000000,1.453158,5.304794,0.123857,32.019746
0.000000,0.000000,22.855869,0.000000,0.000000,1.334023,4.550315,0.849047,31.692099
0.000000,0.000000,21.927496,0.000000,0.000000,3.130789,4.412789,0.224538,30.597408
0.000000,0.000000,22.809655,0.000000,0.000000,1.405391,4.306344,0.137829,32.851988
0.000000,0.000000,22.752248,0.000000,0.000000,1.100399,4.317288,1.474957,30.580527
0.000000,0.000000,22.402518,0.000000,0.000000,2.915034,4.356772,0.104078,31.770653
0.000000,0.000000,23.552898,0.000000,0.000000,1.608054,4.466625,0.124248,33.257151
0.000000,0.000000,23.791439,0.000000,0.000000,1.302160,4.546950,0.840677,31.728345
0.000000,0.000000,23.274004,0.000000,0.000000,2.874302,5.378149,0.144310,31.394770
0.000000,0.000000,22.909671,0.000000,0.000000,1.777236,4.825908,0.084970,33.298544
0.000000,0.000000,22.567291,0.000000,0.000000,1.377436,4.551596,0.792237,31.015695
0.000000,0.000000,22.194546,0.000000,0.000000,3.553180,5.334627,0.112003,30.644741
0.000000,0.000000,23.717683,0.000000,0.000000,2.168306,4.093500,0.142975,34.986980
0.000000,0.000000,22.925417,0.000000,0.000000,1.502771,3.708410,0.673938,31.078404
0.000000,0.000000,22.938387,0.000000,0.000000,3.156561,3.802111,0.061923,30.459688
0.000000,0.000000,24.131487,0.000000,0.000000,1.708538,3.834917,0.689875,32.867905
0.000000,0.000000,22.142101,0.000000,0.000000,3.012977,4.341703,0.098899,29.952512
0.000000,0.000000,26.523417,0.000000,0.000000,2.052210,4.027266,1.538694,35.665246
0.000000,0.000000,22.002555,0.000000,0.000000,3.907958,5.928635,0.173177,32.101341
0.000000,0.000000,24.308070,0.000000,0.000000,1.940881,3.848358,0.739910,36.821763
0.000000,0.000000,22.543903,0.000000,0.000000,3.382880,4.373708,0.100734,30.846047
0.000000,0.000000,22.630344,0.000000,0.000000,1.922816,4.208563,0.078392,32.107649
0.000000,0.000000,23.325408,0.000000,0.000000,1.450727,3.676711,0.806589,31.303275
0.000000,0.000000,23.104409,0.000000,0.000000,3.407403,4.485298,0.068361,30.593349
0.000000,0.000000,22.744756,0.000000,0.000000,2.216953,4.385182,0.105250,32.288327
0.000000,0.000000,22.955158,0.000000,0.000000,1.751326,3.719572,0.065408,31.435969
0.000000,0.000000,22.009455,0.000000,0.000000,1.571305,3.502481,0.721520,29.078701
0.000000,0.000000,23.281114,0.000000,0.000000,3.553744,5.089224,0.108344,30.602098
0.000000,0.000000,24.850621,0.000000,0.000000,2.215487,4.302654,0.073691,35.519594
0.000000,0.000000,22.621442,0.000000,0.000000,1.692427,3.648159,1.048105,30.778511
0.000000,0.000000,23.342322,0.000000,0.000000,3.068909,4.173400,0.069175,31.355004
0.000000,0.000000,23.305704,0.000000,0.000000,2.055739,4.066945,0.064942,32.202770
0.000000,0.000000,21.937537,0.000000,0.000000,1.624349,3.436313,0.703119,29.732337
0.000000,0.000000,21.486042,0.000000,0.000000,3.815789,4.852951,0.175663,28.791556
0.000000,0.000000,24.071561,0.000000,0.000000,1.946482,5.985951,0.143963,35.281385
0.000000,0.000000,22.944260,0.000000,0.000000,1.540474,3.663000,1.002824,32.707722
0.000000,0.000000,21.966566,0.000000,0.000000,3.151426,5.469102,0.121024,30.723470
0.000000,0.000000,22.478792,0.000000,0.000000,2.375930,5.981414,0.190937,33.019672
0.000000,0.000000,23.585934,0.000000,0.000000,1.975468,4.649897,1.008545,34.230783
0.000000,0.000000,24.524276,0.000000,0.000000,3.530490,5.208815,0.088368,34.136577
0.000000,0.000000,24.729952,0.000000,0.000000,2.070351,4.278749,0.079163,35.593464
0.000000,0.000000,22.686263,0.000000,0.000000,1.665580,3.836253,0.748389,30.829719
0.000000,0.000000,22.522002,0.000000,0.000000,4.067742,4.080136,0.066852,30.410697
0.000000,0.000000,22.651270,0.000000,0.000000,2.302510,4.380058,0.135441,32.437469
0.000000,0.000000,20.673862,0.000000,0.000000,2.150795,4.363383,1.000056,29.110791
0.000000,0.000000,23.010493,0.000000,0.000000,3.044048,4.112260,0.095252,33.636702
0.000000,0.000000,22.370209,0.000000,0.000000,2.107457,4.441190,0.262566,31.520484
0.000000,0.000000,21.034112,0.000000,0.000000,1.934194,3.813498,0.202369,29.723435
0.000000,0.000000,22.583608,0.000000,0.000000,1.933014,4.191379,0.719871,30.378060
0.000000,0.000000,32.507925,0.000000,0.000000,4.486165,4.900708,0.061022,41.220219
0.000000,0.000000,23.418966,0.000000,0.000000,2.551528,4.379570,0.072692,34.566063
0.000000,0.000000,21.721598,0.000000,0.000000,2.211112,3.999920,0.057179,30.444413
0.000000,0.000000,22.444879,0.000000,0.000000,2.028023,4.038709,0.704834,30.249177
0.000000,0.000000,21.368709,0.000000,0.000000,4.988230,5.502538,0.110635,29.831758
0.000000,0.000000,21.530552,0.000000,0.000000,2.588797,5.283266,0.135235,34.719351
0.000000,0.000000,21.413849,0.000000,0.000000,2.050463,5.338937,0.087859,31.330099
0.000000,0.000000,22.216160,0.000000,0.000000,1.896120,4.504155,0.143203,31.427577
0.000000,0.000000,22.458329,0.000000,0.000000,1.714035,3.997662,1.007253,30.839762
0.000000,0.000000,20.976007,0.000000,0.000000,4.867695,6.302657,0.087402,29.687970
0.000000,0.000000,21.935638,0.000000,0.000000,3.441980,5.574449,0.117268,34.950207
0.000000,0.000000,21.765772,0.000000,0.000000,2.837185,4.628023,0.164437,32.561673
0.000000,0.000000,21.840127,0.000000,0.000000,2.757739,6.290390,0.161278,31.330165
0.000000,0.000000,21.206424,0.000000,0.000000,2.040073,4.133299,0.983110,32.559310
0.000000,0.000000,21.649840,0.000000,0.000000,7.511151,12.692761,0.184934,30.432993
0.000000,0.000000,24.187605,0.000000,0.000000,3.521512,6.591452,0.101603,48.619217
0.000000,0.000000,22.211481,0.000000,0.000000,3.153771,6.458986,0.140999,34.353771
0.000000,0.000000,21.870870,0.000000,0.000000,2.655502,6.136993,0.131033,34.018663
0.000000,0.000000,23.599683,0.000000,0.000000,2.275923,5.065525,0.161800,34.669620
0.000000,0.000000,21.084463,0.000000,0.000000,2.161217,5.979698,0.122794,30.824974
0.000000,0.000000,22.786021,0.000000,0.000000,1.705096,5.884935,0.837811,33.120243
0.000000,0.000000,22.811521,0.000000,0.000000,4.543812,6.663146,0.094123,33.418688
0.000000,0.000000,21.528850,0.000000,0.000000,3.438224,9.142003,0.177075,34.894028
0.000000,0.000000,22.805409,0.000000,0.000000,3.327198,6.856418,0.155112,38.035530
0.000000,0.000000,22.437929,0.000000,0.000000,2.810728,5.919397,0.219880,34.937364
0.000000,0.000000,21.774716,0.000000,0.000000,2.281003,5.721474,0.186888,33.705779
0.000000,0.000000,22.903017,0.000000,0.000000,2.126509,5.964164,0.192078,34.198083
0.000000,0.000000,22.789038,0.000000,0.000000,1.907530,5.055603,1.710286,32.850252
0.000000,0.000000,22.333972,0.000000,0.000000,4.835031,7.407073,0.095686,33.954642
0.000000,0.000000,22.429371,0.000000,0.000000,3.880458,5.569380,0.172797,36.820848
0.000000,0.000000,22.666509,0.000000,0.000000,3.510232,5.733275,0.151345,35.156336
0.000000,0.000000,21.722848,0.000000,0.000000,2.916000,5.422019,0.097672,33.470343
0.000000,0.000000,21.519306,0.000000,0.000000,2.508505,5.192412,0.154993,31.877097
0.000000,0.000000,22.250542,0.000000,0.000000,2.351840,5.505914,0.110689,32.107942
0.000000,0.000000,20.479267,0.000000,0.000000,2.080447,4.665510,1.456686,30.207262
0.000000,0.000000,21.707756,0.000000,0.000000,4.773615,5.630043,0.119624,31.981055
0.000000,0.000000,25.220890,0.000000,0.000000,3.625046,6.443744,0.195269,38.088564
0.000000,0.000000,23.700335,0.000000,0.000000,2.875149,4.819811,0.147567,36.535712
0.000000,0.000000,22.792063,0.000000,0.000000,2.881380,4.671708,0.113653,33.042980
0.000000,0.000000,23.512123,0.000000,0.000000,2.042288,4.269391,0.175185,33.016730
0.000000,0.000000,22.040986,0.000000,0.000000,1.692721,3.516355,1.179833,30.661634
0.000000,0.000000,23.035375,0.000000,0.000000,4.702334,6.528519,0.141890,31.375326
0.000000,0.000000,23.221873,0.000000,0.000000,3.592077,5.939389,0.214006,36.734054
0.000000,0.000000,22.172042,0.000000,0.000000,3.104865,4.861809,0.087924,34.569834
0.000000,0.000000,22.587983,0.000000,0.000000,2.393333,4.339782,0.172884,32.657816
0.000000,0.000000,22.286974,0.000000,0.000000,2.320183,3.941601,0.079076,31.551793
0.000000,0.000000,21.905947,0.000000,0.000000,1.692026,4.247429,0.198168,30.103586
0.000000,0.000000,22.089404,0.000000,0.000000,1.807438,3.627501,0.148773,30.402966
0.000000,0.000000,21.702492,0.000000,0.000000,1.659881,3.317232,1.354617,30.686863
0.000000,0.000000,22.020730,0.000000,0.000000,3.652741,4.418901,0.121360,34.973939
0.000000,0.000000,21.989647,0.000000,0.000000,2.094615,3.230438,0.091180,32.396215
0.000000,0.000000,22.165820,0.000000,0.000000,1.714172,3.105831,0.148903,29.399836
0.000000,0.000000,23.165203,0.000000,0.000000,1.576354,2.929473,0.085861,30.212819
0.000000,0.000000,22.649103,0.000000,0.000000,1.274195,3.110643,1.386057,32.115410
0.000000,0.000000,23.497257,0.000000,0.000000,3.377190,3.895516,0.278786,31.226446
0.000000,0.000000,22.272644,0.000000,0.000000,2.771711,3.700118,0.157175,33.362215
0.000000,0.000000,21.488659,0.000000,0.000000,1.751658,2.967719,0.125214,35.219829
0.000000,0.000000,21.839160,0.000000,0.000000,1.465284,5.186821,0.078446,28.407076
0.000000,0.000000,21.613884,0.000000,0.000000,1.340863,5.475030,0.934137,30.013447
0.000000,0.000000,21.842438,0.000000,0.000000,3.684441,6.432823,0.067656,31.326648
0.000000,0.000000,21.206758,0.000000,0.000000,2.509362,7.006015,0.067004,33.400136
0.000000,0.000000,20.928949,0.000000,0.000000,2.226245,5.503308,0.066559,32.209370
0.000000,0.000000,22.285966,0.000000,0.000000,1.890826,2.514801,0.097976,31.672253
0.000000,0.000000,21.941870,0.000000,0.000000,1.743852,2.612039,0.078327,28.191158
0.000000,0.000000,21.582488,0.000000,0.000000,1.521845,2.362403,1.344506,30.492028
0.000000,0.000000,22.427443,0.000000,0.000000,3.855653,4.619218,0.124640,31.664128
0.000000,0.000000,21.929820,0.000000,0.000000,2.788766,3.666940,0.226144,32.213149
0.000000,0.000000,21.975142,0.000000,0.000000,2.251865,3.044006,0.145255,30.859942
0.000000,0.000000,21.281665,0.000000,0.000000,2.649841,2.816232,0.161897,29.879101
0.000000,0.000000,21.331115,0.000000,0.000000,1.664125,2.640341,0.891929,31.340859
0.000000,0.000000,22.088699,0.000000,0.000000,4.460403,4.932223,0.169801,32.605847
0.000000,0.000000,24.208945,0.000000,0.000000,2.826220,3.524248,0.147100,38.747323
0.000000,0.000000,21.690867,0.000000,0.000000,2.210634,7.929079,0.084189,31.708697
0.000000,0.000000,22.222000,0.000000,0.000000,1.919712,3.046437,0.206267,33.959770
0.000000,0.000000,21.559647,0.000000,0.000000,1.730293,2.685471,1.039736,28.743312
0.000000,0.000000,21.817035,0.000000,0.000000,3.939864,4.648183,0.154385,29.410898
0.000000,0.000000,22.294152,0.000000,0.000000,2.552678,3.550172,0.142617,37.145729
0.000000,0.000000,21.284346,0.000000,0.000000,2.309208,3.150146,0.160746,29.187447
0.000000,0.000000,21.784879,0.000000,0.000000,1.719861,6.000520,0.708319,33.559147
0.000000,0.000000,21.445929,0.000000,0.000000,3.888992,5.507837,0.164536,31.298421
0.000000,0.000000,23.119293,0.000000,0.000000,2.551560,3.730449,0.191839,35.740111
0.000000,0.000000,22.080687,0.000000,0.000000,2.027003,3.192842,0.808087,32.794940
0.000000,0.000000,21.779722,0.000000,0.000000,3.446756,4.115614,0.163102,32.861758
0.000000,0.000000,21.781156,0.000000,0.000000,2.159393,3.554406,0.180603,31.366871
0.000000,0.000000,23.423079,0.000000,0.000000,1.784433,3.258696,1.393482,31.055580
0.000000,0.000000,21.757066,0.000000,0.000000,3.442175,3.968817,0.147893,32.235273
0.000000,0.000000,21.998735,0.000000,0.000000,2.226484,3.223565,0.132673,31.737835
0.000000,0.000000,21.470807,0.000000,0.000000,2.480626,3.217650,0.823601,28.817731
0.000000,0.000000,22.124447,0.000000,0.000000,3.454465,3.963226,0.150716,33.542873
0.000000,0.000000,22.904920,0.000000,0.000000,2.694426,3.441948,0.163070,34.657177
0.000000,0.000000,21.442400,0.000000,0.000000,1.511748,3.177057,1.161693,33.048961
0.000000,0.000000,22.295215,0.000000,0.000000,3.084465,3.563709,0.135246,30.130845
0.000000,0.000000,22.932406,0.000000,0.000000,1.905979,3.208877,1.141956,33.575106
0.000000,0.000000,22.773081,0.000000,0.000000,2.749533,3.565805,0.192381,35.077820
0.000000,0.000000,22.381514,0.000000,0.000000,2.316915,2.966296,0.812180,31.268300
0.000000,0.000000,22.694459,0.000000,0.000000,3.031553,3.828219,0.142118,31.800843
0.000000,0.000000,22.333298,0.000000,0.000000,1.961703,2.989681,0.106380,32.144537
0.000000,0.000000,22.260149,0.000000,0.000000,1.686793,2.734931,1.005083,28.931406
0.000000,0.000000,22.553710,0.000000,0.000000,3.419464,4.513176,0.121816,32.575222
0.000000,0.000000,22.640906,0.000000,0.000000,2.328499,3.218235,0.108268,36.588538
0.000000,0.000000,22.178618,0.000000,0.000000,1.695304,3.053764,0.070001,30.020588
0.000000,0.000000,22.730631,0.000000,0.000000,1.354411,9.147517,0.819301,30.069909
0.000000,0.000000,21.874963,0.000000,0.000000,3.472789,4.292927,0.133194,34.618552
0.000000,0.000000,22.413047,0.000000,0.000000,2.762332,3.888514,0.134073,36.241718
0.000000,0.000000,22.050333,0.000000,0.000000,2.129647,3.264602,0.092559,36.189923
0.000000,0.000000,22.485816,0.000000,0.000000,1.333219,3.289505,0.866156,32.835107
0.000000,0.000000,21.319880,0.000000,0.000000,3.937963,4.683899,0.209132,28.376136
0.000000,0.000000,22.267272,0.000000,0.000000,2.559170,4.176702,0.146645,39.701145
0.000000,0.000000,21.965112,0.000000,0.000000,1.487691,3.413797,0.913511,35.452444
0.000000,0.000000,22.262157,0.000000,0.000000,3.130670,4.283461,0.135310,30.675855
0.000000,0.000000,21.111309,0.000000,0.000000,2.121701,6.402783,0.266279,31.613384
0.000000,0.000000,21.607599,0.000000,0.000000,1.624902,3.635327,0.881160,32.596424
0.000000,0.000000,22.293876,0.000000,0.000000,3.079657,4.111032,0.163764,31.476528
0.000000,0.000000,21.970052,0.000000,0.000000,2.035514,3.675029,0.103350,32.426493
0.000000,0.000000,21.951303,0.000000,0.000000,1.500176,3.506747,0.909776,32.716797
0.000000,0.000000,21.934483,0.000000,0.000000,3.283013,4.103726,0.126681,31.043856
0.000000,0.000000,22.815647,0.000000,0.000000,1.804843,3.906460,0.104295,34.294649
0.000000,0.000000,22.803329,0.000000,0.000000,1.325458,4.065859,1.096209,33.373304
0.000000,0.000000,23.010917,0.000000,0.000000,3.575563,4.858205,0.149055,33.956155
0.000000,0.000000,22.606717,0.000000,0.000000,2.429753,4.798528,0.165957,39.273313
0.000000,0.000000,23.848762,0.000000,0.000000,1.429460,3.610369,0.984021,36.107103
0.000000,0.000000,22.779226,0.000000,0.000000,3.636848,7.067417,0.107270,31.059034
0.000000,0.000000,22.791449,0.000000,0.000000,2.154909,3.973506,0.146819,35.611106
0.000000,0.000000,24.244672,0.000000,0.000000,1.440109,3.709230,1.216495,32.633616
0.000000,0.000000,23.004587,0.000000,0.000000,3.254581,4.436634,0.191958,33.143838
0.000000,0.000000,21.715594,0.000000,0.000000,1.957176,3.863817,0.795081,35.263504
0.000000,0.000000,22.292750,0.000000,0.000000,2.831399,4.415601,0.214344,33.045157
0.000000,0.000000,21.910951,0.000000,0.000000,2.379643,4.247277,0.166500,33.909886
0.000000,0.000000,22.531000,0.000000,0.000000,1.959945,3.638834,0.930881,35.789126
0.000000,0.000000,22.231565,0.000000,0.000000,2.966949,4.169927,0.152626,33.574475
0.000000,0.000000,22.376515,0.000000,0.000000,1.646256,3.777423,0.885100,32.613338
0.000000,0.000000,22.396796,0.000000,0.000000,2.987933,4.485319,0.177325,34.266574
0.000000,0.000000,22.309458,0.000000,0.000000,1.726136,4.359453,0.833924,36.755842
0.000000,0.000000,21.869024,0.000000,0.000000,3.087365,4.481704,0.062206,33.062618
0.000000,0.000000,22.359917,0.000000,0.000000,1.624924,4.027386,0.650044,31.807736
0.000000,0.000000,23.815671,0.000000,0.000000,2.968348,4.728919,0.075993,32.007804
0.000000,0.000000,22.359441,0.000000,0.000000,1.748695,4.491170,0.683046,31.918784
0.000000,0.000000,22.338954,0.000000,0.000000,2.554447,5.098484,0.098911,30.933742
0.000000,0.000000,23.081220,0.000000,0.000000,1.626585,3.873326,0.852022,32.531993
0.000000,0.000000,22.309896,0.000000,0.000000,2.536394,4.161698,0.098107,30.589335
0.000000,0.000000,21.578135,0.000000,0.000000,1.966175,4.339381,0.154396,32.675251
0.000000,0.000000,23.388177,0.000000,0.000000,1.225592,3.643404,0.630622,34.398185
0.000000,0.000000,21.419679,0.000000,0.000000,2.673691,4.052430,0.141119,31.737607
0.000000,0.000000,23.247731,0.000000,0.000000,1.745948,4.405516,0.132315,35.805691
0.000000,0.000000,21.843623,0.000000,0.000000,1.443377,4.231817,0.743927,32.751115
0.000000,0.000000,23.301502,0.000000,0.000000,2.838379,5.152189,0.153169,35.159427
0.000000,0.000000,21.190365,0.000000,0.000000,2.330464,4.202799,0.110396,38.427860
0.000000,0.000000,22.039826,0.000000,0.000000,1.188888,7.619093,0.735557,38.142778
0.000000,0.000000,22.025907,0.000000,0.000000,2.854522,12.962502,0.116117,33.301530
0.000000,0.000000,23.167962,0.000000,0.000000,1.827033,9.043385,0.085872,41.326960
0.000000,0.000000,23.068747,0.000000,0.000000,1.439349,4.213949,0.932867,35.721319
0.000000,0.000000,22.400097,0.000000,0.000000,3.552061,4.887713,0.147090,34.957437
0.000000,0.000000,23.228397,0.000000,0.000000,1.935757,4.082590,0.117637,34.010120
0.000000,0.000000,21.794953,0.000000,0.000000,1.917160,4.218552,0.816555,32.381364
0.000000,0.000000,22.595344,0.000000,0.000000,3.162326,10.500806,0.092917,38.518288
0.000000,0.000000,23.127532,0.000000,0.000000,1.957566,4.303012,0.219609,38.982463
0.000000,0.000000,23.259819,0.000000,0.000000,1.389650,9.929745,0.924573,32.872653
0.000000,0.000000,21.523745,0.000000,0.000000,3.071645,5.386801,0.169986,35.930863
0.000000,0.000000,23.172727,0.000000,0.000000,2.427084,5.009019,0.191274,33.584691
0.000000,0.000000,22.321639,0.000000,0.000000,1.871097,4.923940,0.145374,33.068221
0.000000,0.000000,21.450559,0.000000,0.000000,2.568040,5.099211,1.207224,34.296070
0.000000,0.000000,22.734443,0.000000,0.000000,4.139628,5.234697,0.103709,35.276097
0.000000,0.000000,22.729634,0.000000,0.000000,2.859711,4.555591,0.143551,38.396650
0.000000,0.000000,21.786617,0.000000,0.000000,2.271602,10.010308,0.110624,35.316103
0.000000,0.000000,21.787605,0.000000,0.000000,1.839755,12.481257,0.108800,36.013718
0.000000,0.000000,22.240251,0.000000,0.000000,1.750638,12.206666,1.071315,39.185212
0.000000,0.000000,22.044092,0.000000,0.000000,6.743535,6.259200,0.137808,38.944688
0.000000,0.000000,23.298369,0.000000,0.000000,3.043169,5.069130,0.162082,46.097677
0.000000,0.000000,22.429810,0.000000,0.000000,2.304703,4.394595,0.169149,32.681613
0.000000,0.000000,22.454768,0.000000,0.000000,1.633772,4.293774,0.155883,33.668218
0.000000,0.000000,22.490321,0.000000,0.000000,1.587687,4.145663,1.072792,31.180339
0.000000,0.000000,21.445636,0.000000,0.000000,4.403648,5.212149,0.152333,34.274055
0.000000,0.000000,22.343431,0.000000,0.000000,2.800306,4.662719,0.176760,39.525984
0.000000,0.000000,21.771505,0.000000,0.000000,2.737276,4.162816,0.156165,32.093569
0.000000,0.000000,21.575160,0.000000,0.000000,1.989864,4.200748,0.163124,35.910073
0.000000,0.000000,22.392486,0.000000,0.000000,6.966076,4.100252,0.118473,35.140580
0.000000,0.000000,21.571958,0.000000,0.000000,1.420438,3.783688,1.133054,34.720100
0.000000,0.000000,22.484415,0.000000,0.000000,4.198489,4.626377,0.143366,33.985683
0.000000,0.000000,22.131831,0.000000,0.000000,2.819760,4.622942,0.154787,39.400994
0.000000,0.000000,21.598740,0.000000,0.000000,2.461378,5.192293,0.097846,33.943865
0.000000,0.000000,22.559887,0.000000,0.000000,2.025862,4.825442,0.132010,31.987828
0.000000,0.000000,21.740055,0.000000,0.000000,2.410300,3.672922,0.127668,30.655608
0.000000,0.000000,21.728840,0.000000,0.000000,1.584670,3.591534,0.070283,31.295643
0.000000,0.000000,21.715378,0.000000,0.000000,1.310238,3.185786,0.931489,30.030382
0.000000,0.000000,22.499397,0.000000,0.000000,4.198207,3.924774,0.192675,33.902579
0.000000,0.000000,22.432969,0.000000,0.000000,3.028752,3.850485,0.205637,38.387585
0.000000,0.000000,22.339508,0.000000,0.000000,1.942477,3.404798,0.097771,39.135376
0.000000,0.000000,21.969064,0.000000,0.000000,1.508904,3.272223,0.090519,33.196410
0.000000,0.000000,22.435227,0.000000,0.000000,1.150663,2.912581,0.812603,34.031225
0.000000,0.000000,22.211383,0.000000,0.000000,3.714447,3.223554,0.176934,31.375392
0.000000,0.000000,22.011349,0.000000,0.000000,2.256556,3.589232,0.155210,35.578245
0.000000,0.000000,21.736486,0.000000,0.000000,2.569560,2.888653,0.107465,33.019699
0.000000,0.000000,22.108783,0.000000,0.000000,1.674070,2.696565,0.067004,30.519255
0.000000,0.000000,22.093508,0.000000,0.000000,1.469758,2.495651,7.273413,32.110449
0.000000,0.000000,21.364214,0.000000,0.000000,3.621161,7.748477,0.068437,34.193122
0.000000,0.000000,23.217899,0.000000,0.000000,2.104645,8.030509,0.116931,36.598971
0.000000,0.000000,22.698987,0.000000,0.000000,1.421372,9.882630,0.149022,34.779701
0.000000,0.000000,21.528652,0.000000,0.000000,1.114642,2.497725,6.757128,34.690820
0.000000,0.000000,21.579481,0.000000,0.000000,3.235615,8.240813,0.208579,33.582465
0.000000,0.000000,21.953671,0.000000,0.000000,1.942271,3.217345,0.079218,35.990778
0.000000,0.000000,21.315504,0.000000,0.000000,1.306492,3.038534,0.758290,31.716340
0.000000,0.000000,22.565435,0.000000,0.000000,3.276641,3.660373,0.176889,33.266400
0.000000,0.000000,20.803289,0.000000,0.000000,2.556511,3.730883,0.153267,33.222595
0.000000,0.000000,22.203740,0.000000,0.000000,1.611810,3.304269,0.949271,34.591042
0.000000,0.000000,22.266122,0.000000,0.000000,3.887786,4.947465,0.171646,34.398727
0.000000,0.000000,23.267805,0.000000,0.000000,2.252592,3.768771,0.136353,35.016995
0.000000,0.000000,21.749380,0.000000,0.000000,1.968445,3.794208,1.244048,33.006146
0.000000,0.000000,20.693773,0.000000,0.000000,3.331714,3.878983,0.152399,37.950841
0.000000,0.000000,22.073718,0.000000,0.000000,2.462724,3.941611,0.145212,35.995186
0.000000,0.000000,21.649156,0.000000,0.000000,1.596015,3.487402,0.879227,34.690995
0.000000,0.000000,22.343060,0.000000,0.000000,3.632733,3.829381,0.066863,30.418165
0.000000,0.000000,23.767110,0.000000,0.000000,1.950315,3.846349,0.189885,33.287580
0.000000,0.000000,21.057507,0.000000,0.000000,1.593572,3.531110,0.884449,29.460141
0.000000,0.000000,23.223424,0.000000,0.000000,3.529224,4.472964,0.089758,31.093664
0.000000,0.000000,22.179798,0.000000,0.000000,2.042992,3.464256,0.065984,32.253631
0.000000,0.000000,21.194464,0.000000,0.000000,1.592259,3.547730,0.856505,28.577821
0.000000,0.000000,22.361802,0.000000,0.000000,3.633210,4.115136,0.242417,32.679560
0.000000,0.000000,22.620867,0.000000,0.000000,1.882682,8.784900,0.111927,40.130851
0.000000,0.000000,21.444431,0.000000,0.000000,1.719155,3.613735,1.021758,33.990808
0.000000,0.000000,23.400977,0.000000,0.000000,3.263092,7.034165,0.084146,34.955276
0.000000,0.000000,21.672659,0.000000,0.000000,2.195925,4.081427,0.241549,33.764533
0.000000,0.000000,24.647455,0.000000,0.000000,1.680887,3.412249,0.859024,36.193928
0.000000,0.000000,22.709865,0.000000,0.000000,3.722850,4.578746,0.189147,33.370336
0.000000,0.000000,24.446835,0.000000,0.000000,2.120267,3.722730,0.095544,37.074578
0.000000,0.000000,21.854522,0.000000,0.000000,2.012416,3.940406,1.520629,35.223239
0.000000,0.000000,21.399443,0.000000,0.000000,4.173394,5.017976,0.224918,35.934674
0.000000,0.000000,22.101313,0.000000,0.000000,2.324894,3.854079,0.110776,40.668544
0.000000,0.000000,22.505302,0.000000,0.000000,1.353987,3.556233,0.806253,36.453108
0.000000,0.000000,21.721382,0.000000,0.000000,3.294297,9.784022,0.123011,29.918618
0.000000,0.000000,22.653257,0.000000,0.000000,1.879566,12.343400,0.150944,38.078944
0.000000,0.000000,22.193884,0.000000,0.000000,1.482817,8.159078,0.827921,38.341382
0.000000,0.000000,21.611355,0.000000,0.000000,3.151014,11.396676,0.109560,33.777202
0.000000,0.000000,23.094804,0.000000,0.000000,1.800912,8.461475,0.095903,40.085363
0.000000,0.000000,22.450935,0.000000,0.000000,1.364811,10.386658,0.783389,34.573173
0.000000,0.000000,21.684992,0.000000,0.000000,2.956178,9.478640,0.103122,35.876061
0.000000,0.000000,21.705402,0.000000,0.000000,1.712533,13.015546,0.637570,35.961922
0.000000,0.000000,22.266174,0.000000,0.000000,3.709985,4.515673,0.123923,39.482239
0.000000,0.000000,22.383096,0.000000,0.000000,2.037620,3.919161,0.830646,40.449934
0.000000,0.000000,21.316230,0.000000,0.000000,3.387796,4.277109,0.147948,31.076164
0.000000,0.000000,22.177556,0.000000,0.000000,1.902733,3.979684,0.842458,37.782086
0.000000,0.000000,23.483028,0.000000,0.000000,3.169190,3.979576,0.138090,32.433854
0.000000,0.000000,21.778622,0.000000,0.000000,2.335024,4.265808,0.795125,31.132486
0.000000,0.000000,22.985263,0.000000,0.000000,3.465712,4.120162,0.124769,37.305151
0.000000,0.000000,22.852475,0.000000,0.000000,1.654464,12.605683,0.777733,37.967066
0.000000,0.000000,21.753571,0.000000,0.000000,3.532932,4.584805,0.155102,38.701423
0.000000,0.000000,22.710571,0.000000,0.000000,2.290611,4.599503,1.099455,34.949990
0.000000,0.000000,21.509067,0.000000,0.000000,3.110151,4.850780,0.135810,34.688998
0.000000,0.000000,22.725443,0.000000,0.000000,1.823928,3.960631,0.806806,39.153067
0.000000,0.000000,22.363359,0.000000,0.000000,3.925871,6.910452,0.201110,33.506124
0.000000,0.000000,23.385855,0.000000,0.000000,1.732357,3.926598,0.695639,48.532140
0.000000,0.000000,23.596854,0.000000,0.000000,5.214157,9.260269,0.307620,34.206019
0.000000,0.000000,32.947528,0.000000,0.000000,2.056401,4.559999,0.761308,57.050870
0.000000,0.000000,24.793536,0.000000,0.000000,3.420864,5.821654,0.291802,36.507433
0.000000,0.000000,25.325079,0.000000,0.000000,1.616076,3.980845,0.166935,41.526888
0.000000,0.000000,26.393838,0.000000,0.000000,1.960009,3.857455,0.789751,34.317142
0.000000,0.000000,22.981897,0.000000,0.000000,3.135685,5.019050,0.240594,35.294878
0.000000,0.000000,24.391587,0.000000,0.000000,1.710546,3.819024,0.059926,35.661750
0.000000,0.000000,23.360333,0.000000,0.000000,1.478160,3.491494,0.712249,32.935766
0.000000,0.000000,22.130939,0.000000,0.000000,3.484035,4.838892,0.230671,32.636276
0.000000,0.000000,23.764126,0.000000,0.000000,1.819998,4.159309,0.073518,35.549096
0.000000,0.000000,22.610672,0.000000,0.000000,1.623122,3.577432,0.689212,34.190277
0.000000,0.000000,26.604328,0.000000,0.000000,3.342852,4.540936,0.136342,37.340238
0.000000,0.000000,24.119131,0.000000,0.000000,1.824678,4.539969,0.222442,39.970798
0.000000,0.000000,23.235815,0.000000,0.000000,2.104016,4.274993,0.728968,32.028771
0.000000,0.000000,26.485736,0.000000,0.000000,3.065218,4.514185,0.212976,37.602555
0.000000,0.000000,23.926086,0.000000,0.000000,2.447646,4.048045,0.075797,33.786656
0.000000,0.000000,22.104016,0.000000,0.000000,1.990135,3.646944,0.760656,31.661082
0.000000,0.000000,21.665993,0.000000,0.000000,4.214047,6.291308,0.178226,32.713887
0.000000,0.000000,23.662044,0.000000,0.000000,2.073890,3.787173,0.064170,47.158640
0.000000,0.000000,21.904577,0.000000,0.000000,1.198148,10.686699,0.817694,36.250857
0.000000,0.000000,22.228797,0.000000,0.000000,2.554763,12.500551,0.145418,36.687112
0.000000,0.000000,22.494772,0.000000,0.000000,1.610171,3.129518,0.691308,39.633867
0.000000,0.000000,22.931287,0.000000,0.000000,3.057585,3.768966,0.149087,34.068788
0.000000,0.000000,22.855089,0.000000,0.000000,2.435516,3.526419,1.435289,39.407604
0.000000,0.000000,22.652024,0.000000,0.000000,3.434641,4.220733,0.158923,37.617612
0.000000,0.000000,23.056131,0.000000,0.000000,2.005724,3.988576,0.788991,39.336594
0.000000,0.000000,22.018738,0.000000,0.000000,3.858360,4.160189,0.157685,33.465403
0.000000,0.000000,22.124676,0.000000,0.000000,1.957350,4.076238,0.867079,36.574364
0.000000,0.000000,21.329920,0.000000,0.000000,4.475552,6.122499,0.166424,32.380963
0.000000,0.000000,21.729526,0.000000,0.000000,2.875648,4.170795,0.897433,44.104878
0.000000,0.000000,21.172127,0.000000,0.000000,3.798419,4.458677,0.177291,36.900978
0.000000,0.000000,22.261040,0.000000,0.000000,2.334090,4.051085,1.041852,40.421014
0.000000,0.000000,21.839734,0.000000,0.000000,3.694863,4.479348,0.152018,37.074123
0.000000,0.000000,22.605226,0.000000,0.000000,1.585896,3.744410,0.797329,39.298232
0.000000,0.000000,21.855433,0.000000,0.000000,3.237732,4.563277,0.102894,32.660974
0.000000,0.000000,21.605862,0.000000,0.000000,2.382617,3.888047,1.123088,37.151516
0.000000,0.000000,22.905308,0.000000,0.000000,3.311369,4.521860,0.080671,36.796337
0.000000,0.000000,22.860646,0.000000,0.000000,2.183895,3.985275,1.033992,38.314196
0.000000,0.000000,21.859613,0.000000,0.000000,3.256644,4.308791,0.073855,37.841401
0.000000,0.000000,22.690776,0.000000,0.000000,1.576484,4.331487,1.048106,32.310148
0.000000,0.000000,24.200912,0.000000,0.000000,3.435629,4.312924,0.229216,33.818810
0.000000,0.000000,23.486491,0.000000,0.000000,1.791414,4.400896,1.085580,43.809038
0.000000,0.000000,22.547999,0.000000,0.000000,3.475124,4.198761,0.110808,37.099472
0.000000,0.000000,23.249258,0.000000,0.000000,2.016027,3.939614,0.886034,42.934452
0.000000,0.000000,22.630665,0.000000,0.000000,3.563363,3.958733,0.102373,35.993058
0.000000,0.000000,21.913670,0.000000,0.000000,1.532060,3.774861,0.780447,38.475910
0.000000,0.000000,22.105699,0.000000,0.000000,3.757416,4.399034,0.121881,35.899715
0.000000,0.000000,21.705130,0.000000,0.000000,2.162204,4.264907,0.084906,40.134896
0.000000,0.000000,22.238324,0.000000,0.000000,1.304028,11.212647,0.895185,40.315991
0.000000,0.000000,20.754513,0.000000,0.000000,3.098539,10.771058,0.074201,35.871599
0.000000,0.000000,23.386284,0.000000,0.000000,1.484478,11.532631,0.126137,38.967123
0.000000,0.000000,21.674886,0.000000,0.000000,1.243526,4.478523,1.077406,36.642200
0.000000,0.000000,23.049814,0.000000,0.000000,2.992568,4.343310,0.145993,31.749255
0.000000,0.000000,22.272983,0.000000,0.000000,1.771862,3.638225,0.969011,35.153051
0.000000,0.000000,22.020956,0.000000,0.000000,2.993393,3.915731,0.094991,37.485059
0.000000,0.000000,22.072709,0.000000,0.000000,2.069233,4.385573,1.221163,39.481188
0.000000,0.000000,24.139725,0.000000,0.000000,2.493523,14.396228,0.109191,45.619026
0.000000,0.000000,22.614145,0.000000,0.000000,1.322049,15.973570,0.144821,41.251843
0.000000,0.000000,22.356954,0.000000,0.000000,0.930480,3.348356,1.179367,41.561363
0.000000,0.000000,21.675492,0.000000,0.000000,3.214067,4.845450,0.085155,28.751497
0.000000,0.000000,22.620931,0.000000,0.000000,1.508427,3.621876,0.092852,32.509804
0.000000,0.000000,22.275586,0.000000,0.000000,1.026219,3.145325,0.751472,29.174473
0.000000,0.000000,21.610769,0.000000,0.000000,2.999354,3.605473,0.142237,28.245038
0.000000,0.000000,23.046654,0.000000,0.000000,1.408941,3.859116,0.807610,31.724786
0.000000,0.000000,21.938537,0.000000,0.000000,2.877330,3.696599,0.079771,29.841930
0.000000,0.000000,22.701755,0.000000,0.000000,1.454439,4.004567,0.818693,31.374371
0.000000,0.000000,23.131802,0.000000,0.000000,2.859917,4.581211,0.103361,31.309965
0.000000,0.000000,23.251249,0.000000,0.000000,1.369186,3.618327,0.899766,32.707384
0.000000,0.000000,21.785292,0.000000,0.000000,3.316374,4.134611,0.119993,33.617758
0.000000,0.000000,21.672627,0.000000,0.000000,1.575181,3.987201,0.822688,36.659096
0.000000,0.000000,21.880456,0.000000,0.000000,3.248980,4.051964,0.099291,36.667668
0.000000,0.000000,22.279499,0.000000,0.000000,1.748293,3.820218,0.801291,39.351199
0.000000,0.000000,21.001131,0.000000,0.000000,3.815941,4.507161,0.141455,36.115569
0.000000,0.000000,23.480130,0.000000,0.000000,2.690127,4.524597,0.906900,45.406974
0.000000,0.000000,21.709255,0.000000,0.000000,3.833517,4.923896,0.283009,40.305483
0.000000,0.000000,22.937745,0.000000,0.000000,2.262317,4.501723,1.129732,47.043806
0.000000,0.000000,23.326525,0.000000,0.000000,3.216877,4.825930,0.137514,44.419174
0.000000,0.000000,23.944014,0.000000,0.000000,1.943964,5.333292,1.342339,44.485107
0.000000,0.000000,22.319664,0.000000,0.000000,3.274513,4.816062,0.100951,44.820178
0.000000,0.000000,23.827123,0.000000,0.000000,1.438296,5.902837,0.960171,42.102151
0.000000,0.000000,23.368495,0.000000,0.000000,2.857171,5.507956,0.182980,33.971863
0.000000,0.000000,24.113226,0.000000,0.000000,2.442119,4.557567,0.849590,35.880958
0.000000,0.000000,22.822019,0.000000,0.000000,3.305171,5.231993,0.174154,40.126367
0.000000,0.000000,24.140410,0.000000,0.000000,1.789026,4.530003,0.892993,47.055277
0.000000,0.000000,23.629343,0.000000,0.000000,3.229917,4.834061,0.182383,39.370657
0.000000,0.000000,23.711566,0.000000,0.000000,1.621657,3.873956,0.884971,39.118147
0.000000,0.000000,22.570700,0.000000,0.000000,2.754005,4.022078,0.085231,37.590869
0.000000,0.000000,24.041851,0.000000,0.000000,1.907650,4.083056,0.090496,36.118338
0.000000,0.000000,22.788898,0.000000,0.000000,1.425367,3.389393,1.147243,42.290429
0.000000,0.000000,23.514510,0.000000,0.000000,3.464159,15.892920,0.133812,35.145656
0.000000,0.000000,23.221681,0.000000,0.000000,2.468103,16.103362,0.163917,44.809598
0.000000,0.000000,22.661946,0.000000,0.000000,1.900876,16.494957,0.160649,43.689535
0.000000,0.000000,22.922893,0.000000,0.000000,1.686065,17.821338,0.184283,43.705186
0.000000,0.000000,22.289928,0.000000,0.000000,1.407291,4.380384,0.133508,44.597116
0.000000,0.000000,23.531953,0.000000,0.000000,1.164212,4.768056,1.105741,31.365597
0.000000,0.000000,23.301109,0.000000,0.000000,3.454454,4.761988,0.074463,32.191987
0.000000,0.000000,23.036189,0.000000,0.000000,2.632590,4.808061,0.098335,33.293529
0.000000,0.000000,21.859038,0.000000,0.000000,1.938352,3.876854,0.070261,31.320872
0.000000,0.000000,22.638692,0.000000,0.000000,1.601040,4.349879,0.170918,30.427195
0.000000,0.000000,22.564436,0.000000,0.000000,1.356029,4.186743,0.126343,30.855426
0.000000,0.000000,23.355903,0.000000,0.000000,1.703805,5.942234,2.106122,31.197938
0.000000,0.000000,22.428637,0.000000,0.000000,9.144710,8.757052,0.131793,34.867408
0.000000,0.000000,26.681801,0.000000,0.000000,2.793642,5.090266,0.175381,47.951496
0.000000,0.000000,22.413818,0.000000,0.000000,1.489472,4.273114,1.351046,40.709533
0.000000,0.000000,23.043419,0.000000,0.000000,4.523022,6.403950,0.220011,37.952086
0.000000,0.000000,23.068463,0.000000,0.000000,2.487807,6.005655,0.321104,47.151118
0.000000,0.000000,25.177354,0.000000,0.000000,1.559668,5.873873,1.385741,43.839164
0.000000,0.000000,22.859007,0.000000,0.000000,5.816769,8.750422,0.198819,43.947204
0.000000,0.000000,22.246526,0.000000,0.000000,3.186000,6.818019,0.184891,53.102961
0.000000,0.000000,22.474559,0.000000,0.000000,2.956589,6.797871,0.184967,46.815394
0.000000,0.000000,22.341169,0.000000,0.000000,2.631222,7.149284,0.207254,46.652747
0.000000,0.000000,22.414556,0.000000,0.000000,2.890847,7.013897,0.199015,48.354783
0.000000,0.000000,22.257957,0.000000,0.000000,2.703361,6.975705,0.214929,48.264014
0.000000,0.000000,22.681575,0.000000,0.000000,1.950510,19.252165,0.165502,48.500700
0.000000,0.000000,22.530554,0.000000,0.000000,2.792262,7.699070,0.234459,47.540767
0.000000,0.000000,24.945439,0.000000,0.000000,2.504856,7.319225,0.361835,48.747289
0.000000,0.000000,23.811816,0.000000,0.000000,2.567224,7.286700,0.366839,46.563440
0.000000,0.000000,24.097687,0.000000,0.000000,2.509807,6.725330,0.220358,45.238678
0.000000,0.000000,22.232315,0.000000,0.000000,2.408378,6.302603,0.214408,47.364779
0.000000,0.000000,23.660516,0.000000,0.000000,2.383722,6.343053,0.173655,41.821575
0.000000,0.000000,23.619163,0.000000,0.000000,2.019620,6.262337,0.547529,47.011326
0.000000,0.000000,22.654465,0.000000,0.000000,2.192882,6.085644,0.155416,45.923226
0.000000,0.000000,23.439063,0.000000,0.000000,1.116542,16.475341,0.205116,44.309276
0.000000,0.000000,21.163995,0.000000,0.000000,1.819368,20.829177,0.205854,41.865411
0.000000,0.000000,25.898712,0.000000,0.000000,2.238078,6.305665,0.158912,52.320414
0.000000,0.000000,22.841256,0.000000,0.000000,3.272473,25.253834,0.350491,47.705608
0.000000,0.000000,22.259586,0.000000,0.000000,2.438178,5.855189,0.151388,65.932649
0.000000,0.000000,23.379333,0.000000,0.000000,1.440413,17.565438,0.155894,39.533820
0.000000,0.000000,22.330128,0.000000,0.000000,1.468867,17.056144,0.186628,44.343757
0.000000,0.000000,23.741576,0.000000,0.000000,4.036668,9.300056,0.259201,45.114987
0.000000,0.000000,33.406747,0.000000,0.000000,2.144759,5.816477,0.154786,58.639273
0.000000,0.000000,24.958781,0.000000,0.000000,1.344933,18.652234,0.158988,48.850910
0.000000,0.000000,22.612225,0.000000,0.000000,2.683017,6.175033,0.150553,45.627614
0.000000,0.000000,23.877568,0.000000,0.000000,2.125782,5.603968,0.147741,45.034706
0.000000,0.000000,23.952023,0.000000,0.000000,1.212066,17.224399,0.195367,41.936746
0.000000,0.000000,23.028177,0.000000,0.000000,1.567636,22.371707,0.202011,45.091381
0.000000,0.000000,22.330741,0.000000,0.000000,1.119842,18.424776,0.230280,49.652975
0.000000,0.000000,22.821194,0.000000,0.000000,1.646864,6.007469,0.166674,46.069458
0.000000,0.000000,23.217835,0.000000,0.000000,2.400943,7.893868,0.329082,37.134809
0.000000,0.000000,28.279690,0.000000,0.000000,1.625315,6.443276,1.462875,52.398868
0.000000,0.000000,23.313814,0.000000,0.000000,6.351857,6.440139,0.166685,46.451736
0.000000,0.000000,22.516202,0.000000,0.000000,5.138434,5.853897,0.211325,45.883048
0.000000,0.000000,23.411823,0.000000,0.000000,5.647479,7.584636,0.155319,44.719010
0.000000,0.000000,22.678371,0.000000,0.000000,7.648092,10.304575,0.169442,49.882794
0.000000,0.000000,26.445458,0.000000,0.000000,5.192716,7.558082,0.181439,57.009461
0.000000,0.000000,22.552755,0.000000,0.000000,12.987803,13.067709,0.172493,42.107341
0.000000,0.000000,24.587042,0.000000,0.000000,6.897855,8.225333,0.170963,69.162697
0.000000,0.000000,23.387361,0.000000,0.000000,5.260718,5.975898,0.169465,47.960280
0.000000,0.000000,22.500516,0.000000,0.000000,4.818103,8.090098,0.168726,36.213948
0.000000,0.000000,23.253583,0.000000,0.000000,9.350223,8.620100,0.161800,41.499266
0.000000,0.000000,22.244929,0.000000,0.000000,5.322565,5.870735,0.160964,53.836441
0.000000,0.000000,22.074890,0.000000,0.000000,4.844342,5.488198,0.155210,41.837120
0.000000,0.000000,22.526396,0.000000,0.000000,5.234153,6.618255,0.173383,41.289483
0.000000,0.000000,21.745135,0.000000,0.000000,5.060912,6.679418,0.183338,46.068285
0.000000,0.000000,22.528492,0.000000,0.000000,5.418263,6.645743,0.278742,42.387677
0.000000,0.000000,21.778279,0.000000,0.000000,4.676018,5.749809,0.237760,43.899882
0.000000,0.000000,21.813409,0.000000,0.000000,5.729649,6.494452,0.206321,41.153824
0.000000,0.000000,22.676928,0.000000,0.000000,5.281193,6.279360,0.176064,44.415831
0.000000,0.000000,22.893573,0.000000,0.000000,4.298290,16.910021,0.115096,45.610470
0.000000,0.000000,21.725105,0.000000,0.000000,4.114973,17.477785,0.110417,46.436895
0.000000,0.000000,21.738403,0.000000,0.000000,4.555320,6.271381,0.169844,46.557061
0.000000,0.000000,21.930340,0.000000,0.000000,4.651157,7.115390,0.242080,49.283590
0.000000,0.000000,23.061386,0.000000,0.000000,4.013511,6.358643,0.167652,49.530685
0.000000,0.000000,22.127727,0.000000,0.000000,4.365946,8.038490,0.182643,42.357953
0.000000,0.000000,24.414320,0.000000,0.000000,4.061062,6.415279,0.181351,45.548206
0.000000,0.000000,23.137348,0.000000,0.000000,3.757762,7.400776,0.173133,43.433253
0.000000,0.000000,22.786401,0.000000,0.000000,3.883368,5.560532,0.175718,37.738137
0.000000,0.000000,22.807559,0.000000,0.000000,4.729429,5.532979,0.161854,38.382643
0.000000,0.000000,22.551908,0.000000,0.000000,3.284218,6.577165,0.147448,41.987901
0.000000,0.000000,22.550216,0.000000,0.000000,3.873272,6.110970,0.279795,35.058584
0.000000,0.000000,21.789135,0.000000,0.000000,4.145631,6.108907,0.331166,39.128091
0.000000,0.000000,24.272444,0.000000,0.000000,3.651872,5.956542,0.163884,42.658040
0.000000,0.000000,23.182965,0.000000,0.000000,4.671143,6.167412,0.175370,41.678306
0.000000,0.000000,22.247264,0.000000,0.000000,4.095853,5.491139,0.212856,44.283550
0.000000,0.000000,22.661620,0.000000,0.000000,3.970992,5.860986,0.171874,46.172146
0.000000,0.000000,23.283857,0.000000,0.000000,4.520461,6.245970,0.184261,44.908055
0.000000,0.000000,21.657254,0.000000,0.000000,5.031817,7.406347,0.162603,44.325904
0.000000,0.000000,23.501841,0.000000,0.000000,4.255690,5.887117,0.207069,47.523920
0.000000,0.000000,23.046459,0.000000,0.000000,4.628012,6.335710,0.202293,43.357640
0.000000,0.000000,23.307363,0.000000,0.000000,4.832542,4.982388,0.166370,43.954325
0.000000,0.000000,22.630056,0.000000,0.000000,5.301942,5.511842,0.151953,41.816743
0.000000,0.000000,22.375291,0.000000,0.000000,4.772225,7.696736,0.176619,43.569019
0.000000,0.000000,22.356520,0.000000,0.000000,5.789271,7.328735,0.178952,44.543737
0.000000,0.000000,22.908987,0.000000,0.000000,3.979206,5.831165,0.215470,47.709548
0.000000,0.000000,22.012559,0.000000,0.000000,3.766470,7.674340,0.168867,43.476585
0.000000,0.000000,23.816582,0.000000,0.000000,3.193254,4.992778,0.145972,38.356373
0.000000,0.000000,22.311685,0.000000,0.000000,3.002957,4.991779,0.124042,36.135101
0.000000,0.000000,22.181649,0.000000,0.000000,3.181639,5.207838,0.199545,37.451471
0.000000,0.000000,21.715552,0.000000,0.000000,2.942815,4.910044,0.146623,39.793398
0.000000,0.000000,22.089296,0.000000,0.000000,3.618457,6.179147,0.178377,38.895672
0.000000,0.000000,24.222254,0.000000,0.000000,3.546459,5.391177,0.192229,41.322062
0.000000,0.000000,23.711006,0.000000,0.000000,3.600034,5.303471,0.183697,44.262369
0.000000,0.000000,22.646899,0.000000,0.000000,3.213968,5.474888,0.154939,41.804594
0.000000,0.000000,22.094398,0.000000,0.000000,3.789951,7.317228,0.178757,41.228558
0.000000,0.000000,23.925939,0.000000,0.000000,3.343450,5.588703,0.301866,39.159023
0.000000,0.000000,23.418898,0.000000,0.000000,3.078700,4.745812,0.133476,38.610251
0.000000,0.000000,22.764200,0.000000,0.000000,3.368644,4.326407,0.105240,36.881676
0.000000,0.000000,22.026612,0.000000,0.000000,3.092825,4.181206,0.103068,38.241199
0.000000,0.000000,22.766676,0.000000,0.000000,2.850438,4.206176,0.107867,35.930255
0.000000,0.000000,22.697653,0.000000,0.000000,2.990398,5.010918,0.225026,39.837888
0.000000,0.000000,22.690856,0.000000,0.000000,2.238719,4.011276,0.081313,47.079253
0.000000,0.000000,21.944855,0.000000,0.000000,2.470540,4.506706,0.147915,33.043057
0.000000,0.000000,22.741793,0.000000,0.000000,2.676601,4.226552,0.096532,41.037132
0.000000,0.000000,25.941594,0.000000,0.000000,1.901354,3.630138,0.112578,48.255927
0.000000,0.000000,21.749845,0.000000,0.000000,1.785856,3.508770,0.073366,37.011167
0.000000,0.000000,26.376784,0.000000,0.000000,1.563305,3.432253,0.096142,39.872052
0.000000,0.000000,22.125077,0.000000,0.000000,1.363053,10.392596,0.156079,34.050179
0.000000,0.000000,21.871897,0.000000,0.000000,1.357950,11.769566,0.184185,35.561494
0.000000,0.000000,22.841875,0.000000,0.000000,1.248411,2.865476,1.023299,38.113510
0.000000,0.000000,21.551929,0.000000,0.000000,4.160221,4.032304,0.071705,28.306710
0.000000,0.000000,21.644640,0.000000,0.000000,3.426390,4.378169,0.067623,31.777502
0.000000,0.000000,21.527014,0.000000,0.000000,2.930504,4.238799,0.090226,31.573560
0.000000,0.000000,22.248685,0.000000,0.000000,2.510892,3.958406,0.082995,31.667682
0.000000,0.000000,23.097103,0.000000,0.000000,2.293455,3.438668,0.068307,31.522959
0.000000,0.000000,22.228830,0.000000,0.000000,2.215888,3.957831,0.108941,29.782287
0.000000,0.000000,21.512954,0.000000,0.000000,2.060982,3.857921,0.109104,29.599523
0.000000,0.000000,22.602368,0.000000,0.000000,1.863259,4.148757,0.204095,30.647923
0.000000,0.000000,22.587995,0.000000,0.000000,2.209071,3.319284,0.145265,30.662882
0.000000,0.000000,22.354490,0.000000,0.000000,2.145704,3.644414,0.123966,35.046903
0.000000,0.000000,23.142970,0.000000,0.000000,1.993555,3.228679,0.146764,42.678599
0.000000,0.000000,21.908118,0.000000,0.000000,1.559647,2.511631,1.157980,35.896352
0.000000,0.000000,21.895774,0.000000,0.000000,4.717478,3.468045,0.123347,37.603586
0.000000,0.000000,22.346520,0.000000,0.000000,2.627555,3.239089,0.081975,42.403364
0.000000,0.000000,23.059388,0.000000,0.000000,13.823383,2.736484,0.094210,38.337525
0.000000,0.000000,21.970312,0.000000,0.000000,1.256217,15.050256,0.106607,40.327564
0.000000,0.000000,22.060147,0.000000,0.000000,1.114925,12.738292,1.084733,40.215105
0.000000,0.000000,20.568526,0.000000,0.000000,3.500148,10.883477,0.128873,37.175389
0.000000,0.000000,21.240639,0.000000,0.000000,2.217419,3.083359,0.071499,37.566350
0.000000,0.000000,22.363891,0.000000,0.000000,1.708538,2.341266,0.063486,29.465983
0.000000,0.000000,21.099304,0.000000,0.000000,1.193067,2.434368,0.115390,26.902209
0.000000,0.000000,23.424264,0.000000,0.000000,1.027771,2.078960,0.915400,28.938028
0.000000,0.000000,21.856237,0.000000,0.000000,3.223218,3.038262,0.066417,27.641186
0.000000,0.000000,22.776576,0.000000,0.000000,1.679725,3.476741,0.076459,31.105965
0.000000,0.000000,22.288049,0.000000,0.000000,1.144714,2.978824,0.175619,29.480595
0.000000,0.000000,21.877297,0.000000,0.000000,0.974946,2.632145,0.956925,28.512098
0.000000,0.000000,22.015583,0.000000,0.000000,2.916185,13.682492,0.075493,37.416579
0.000000,0.000000,23.003524,0.000000,0.000000,1.618574,13.381637,0.205593,42.174366
0.000000,0.000000,21.534981,0.000000,0.000000,1.972354,3.197608,1.189452,38.867111
0.000000,0.000000,22.466091,0.000000,0.000000,3.447625,3.509679,0.128178,38.797859
0.000000,0.000000,21.839995,0.000000,0.000000,2.291283,2.987412,0.071618,39.586165
0.000000,0.000000,23.499355,0.000000,0.000000,1.243352,11.374110,0.925833,40.492826
0.000000,0.000000,22.163900,0.000000,0.000000,3.349735,3.482701,0.085481,37.602014
0.000000,0.000000,22.333667,0.000000,0.000000,2.438732,3.146237,0.119895,41.986717
0.000000,0.000000,22.150025,0.000000,0.000000,1.379412,14.497626,1.024895,41.264958
0.000000,0.000000,21.469152,0.000000,0.000000,3.136673,15.786747,0.106824,40.437504
0.000000,0.000000,22.116708,0.000000,0.000000,2.142111,18.039079,0.121209,43.437313
0.000000,0.000000,23.939691,0.000000,0.000000,1.283716,2.767716,0.879455,46.734668
0.000000,0.000000,21.939046,0.000000,0.000000,3.067498,3.510363,0.068024,28.804638
0.000000,0.000000,21.642924,0.000000,0.000000,1.822267,2.903299,0.059448,30.231535
0.000000,0.000000,21.671541,0.000000,0.000000,1.233333,2.628704,0.828681,28.224833
0.000000,0.000000,21.948938,0.000000,0.000000,2.958968,3.363284,0.059828,28.412981
0.000000,0.000000,21.890597,0.000000,0.000000,1.794899,3.027764,0.061966,30.128598
0.000000,0.000000,21.719861,0.000000,0.000000,1.268984,2.791057,0.846040,28.370370
0.000000,0.000000,22.548293,0.000000,0.000000,3.290710,3.680179,0.070380,29.145835
0.000000,0.000000,21.970736,0.000000,0.000000,1.703316,3.151264,0.070381,31.152389
0.000000,0.000000,21.148011,0.000000,0.000000,1.114360,12.980727,0.915194,32.948706
0.000000,0.000000,21.960064,0.000000,0.000000,2.802239,3.372891,0.059079,38.787003
0.000000,0.000000,22.013117,0.000000,0.000000,1.526915,2.919018,0.060914,30.132407
0.000000,0.000000,21.758174,0.000000,0.000000,0.942823,2.571872,0.839733,27.940784
0.000000,0.000000,21.360968,0.000000,0.000000,2.656582,3.135392,0.061445,27.278939
0.000000,0.000000,22.033658,0.000000,0.000000,1.485705,2.673963,0.059340,29.629661
0.000000,0.000000,21.650328,0.000000,0.000000,1.035154,2.583477,0.923770,27.501402
0.000000,0.000000,22.561167,0.000000,0.000000,3.034951,3.684973,0.122891,28.887599
0.000000,0.000000,22.770843,0.000000,0.000000,1.818076,3.421390,0.083375,31.719129
0.000000,0.000000,22.169436,0.000000,0.000000,1.207072,14.981294,0.956197,29.974908
0.000000,0.000000,22.353523,0.000000,0.000000,3.020393,15.994718,0.163113,41.277895
0.000000,0.000000,22.211134,0.000000,0.000000,1.837997,3.367354,0.081529,44.164110
0.000000,0.000000,23.013468,0.000000,0.000000,1.325925,3.138280,0.788861,30.055168
0.000000,0.000000,22.710676,0.000000,0.000000,2.889999,3.273775,0.061815,29.759562
0.000000,0.000000,22.153087,0.000000,0.000000,1.556487,2.869829,0.061956,30.046167
0.000000,0.000000,22.307461,0.000000,0.000000,0.992837,2.572773,0.806937,28.465232
0.000000,0.000000,21.466598,0.000000,0.000000,2.586854,3.106070,0.059937,27.730336
0.000000,0.000000,22.612019,0.000000,0.000000,1.405119,2.848888,0.059719,30.447648
0.000000,0.000000,22.130179,0.000000,0.000000,1.091627,2.878069,0.869967,28.244352
0.000000,0.000000,21.547586,0.000000,0.000000,3.914265,3.541074,0.119233,28.227689
0.000000,0.000000,22.397426,0.000000,0.000000,1.677956,16.652513,0.154505,36.748286
0.000000,0.000000,21.783891,0.000000,0.000000,1.469399,2.840876,0.085199,42.383617
0.000000,0.000000,21.336716,0.000000,0.000000,1.101930,2.629702,0.873983,27.527338
0.000000,0.000000,21.804974,0.000000,0.000000,3.254418,3.296215,0.061478,28.027752
0.000000,0.000000,21.637995,0.000000,0.000000,1.604840,2.910637,0.058949,30.023065
0.000000,0.000000,21.274370,0.000000,0.000000,1.011727,2.770821,0.757899,27.415586
0.000000,0.000000,22.447494,0.000000,0.000000,2.922395,3.335775,0.059220,28.582870
0.000000,0.000000,22.729385,0.000000,0.000000,1.752581,3.254734,0.091181,30.811155
0.000000,0.000000,22.254775,0.000000,0.000000,1.194196,2.697705,0.744221,28.922741
0.000000,0.000000,21.409992,0.000000,0.000000,3.019890,17.112524,0.125269,30.304077
0.000000,0.000000,21.648964,0.000000,0.000000,1.692406,3.285858,12.600777,43.885806
0.000000,0.000000,22.213554,0.000000,0.000000,1.205118,2.625533,0.802214,41.804421
0.000000,0.000000,21.703989,0.000000,0.000000,3.785002,3.598233,0.064214,27.962461
0.000000,0.000000,21.496812,0.000000,0.000000,1.613123,3.491288,0.114000,30.705645
0.000000,0.000000,22.144781,0.000000,0.000000,0.984607,2.963376,0.745034,29.002589
0.000000,0.000000,22.336240,0.000000,0.000000,2.788538,3.511231,0.071184,28.714597
0.000000,0.000000,22.388882,0.000000,0.000000,2.296994,5.112101,0.245391,30.867781
0.000000,0.000000,28.707657,0.000000,0.000000,1.057843,3.598644,0.811713,38.787437
0.000000,0.000000,22.967763,0.000000,0.000000,3.319067,4.788824,0.118516,30.253182
0.000000,0.000000,23.891642,0.000000,0.000000,1.541299,4.590812,0.163928,34.558278
0.000000,0.000000,22.705193,0.000000,0.000000,1.453723,3.203417,0.927299,31.044052
0.000000,0.000000,22.377840,0.000000,0.000000,2.970780,13.316706,0.081204,36.625873
0.000000,0.000000,21.811520,0.000000,0.000000,1.751669,15.051407,0.102688,40.259789
0.000000,0.000000,22.990865,0.000000,0.000000,1.196715,2.847997,13.090106,41.893083
0.000000,0.000000,21.676643,0.000000,0.000000,3.046240,3.197608,0.058580,40.770591
0.000000,0.000000,21.715661,0.000000,0.000000,1.725886,3.164845,0.079196,29.766524
0.000000,0.000000,22.625426,0.000000,0.000000,1.248238,2.815701,0.818671,29.415882
0.000000,0.000000,21.928799,0.000000,0.000000,3.007018,3.527679,0.061424,28.573141
0.000000,0.000000,22.923849,0.000000,0.000000,1.696716,3.419671,0.087392,31.405311
0.000000,0.000000,22.391964,0.000000,0.000000,1.623154,4.282288,1.702437,29.472170
0.000000,0.000000,25.519822,0.000000,0.000000,4.369800,5.306476,0.607792,36.216194
0.000000,0.000000,26.770130,0.000000,0.000000,1.950868,3.647997,0.080889,48.539630
0.000000,0.000000,23.030665,0.000000,0.000000,2.317220,3.685873,0.901384,38.845387
0.000000,0.000000,24.967397,0.000000,0.000000,3.302373,3.866357,0.105651,46.495615
0.000000,0.000000,23.988608,0.000000,0.000000,2.971670,4.613866,0.155394,43.695341
0.000000,0.000000,23.094595,0.000000,0.000000,1.708495,3.509777,0.951605,49.120281
0.000000,0.000000,22.651078,0.000000,0.000000,3.365369,4.153176,0.077317,41.516211
0.000000,0.000000,22.050822,0.000000,0.000000,2.615470,3.459741,0.076416,41.985002
0.000000,0.000000,22.232456,0.000000,0.000000,1.471484,3.104256,0.859111,37.700044
0.000000,0.000000,22.437745,0.000000,0.000000,3.740654,3.882804,0.082974,37.099504
0.000000,0.000000,21.963061,0.000000,0.000000,1.841244,4.015195,0.187648,41.413947
0.000000,0.000000,22.721177,0.000000,0.000000,1.767085,3.607481,0.833621,30.815573
0.000000,0.000000,23.118063,0.000000,0.000000,4.083620,3.669383,0.086567,37.595886
0.000000,0.000000,22.548629,0.000000,0.000000,2.352730,3.636652,0.087142,41.471767
0.000000,0.000000,22.184547,0.000000,0.000000,1.170541,13.188494,0.882549,43.556599
0.000000,0.000000,20.990330,0.000000,0.000000,2.927584,18.344842,0.116367,38.176878
0.000000,0.000000,22.103691,0.000000,0.000000,1.590141,3.699867,0.114434,45.486918
0.000000,0.000000,21.695795,0.000000,0.000000,1.337801,3.076790,0.791456,29.029437
0.000000,0.000000,21.871500,0.000000,0.000000,2.938190,3.889133,0.068177,28.760768
0.000000,0.000000,21.859797,0.000000,0.000000,1.834604,3.242922,0.115955,30.511135
0.000000,0.000000,21.411250,0.000000,0.000000,1.197931,2.954095,0.717992,28.239457
0.000000,0.000000,22.335339,0.000000,0.000000,3.065066,4.136165,0.124379,28.899781
0.000000,0.000000,23.622315,0.000000,0.000000,1.635802,3.356585,0.059340,33.710239
0.000000,0.000000,22.296191,0.000000,0.000000,1.647852,3.768261,0.819225,29.070232
0.000000,0.000000,22.713591,0.000000,0.000000,3.928942,3.996912,0.074256,31.003887
0.000000,0.000000,21.778572,0.000000,0.000000,2.674202,4.172315,0.120492,38.642888
0.000000,0.000000,23.697964,0.000000,0.000000,1.964981,3.484568,0.730834,44.201422
0.000000,0.000000,21.097958,0.000000,0.000000,3.166603,15.832332,0.092277,39.321407
0.000000,0.000000,21.841473,0.000000,0.000000,1.855671,15.236384,0.143247,42.737451
0.000000,0.000000,21.735572,0.000000,0.000000,2.004140,4.211636,0.960540,40.801348
0.000000,0.000000,22.518114,0.000000,0.000000,3.519971,4.636545,0.128710,40.314123
0.000000,0.000000,23.795219,0.000000,0.000000,2.207594,4.632420,1.024449,48.230850
0.000000,0.000000,23.377214,0.000000,0.000000,5.000030,6.205852,0.162049,43.727522
0.000000,0.000000,24.541435,0.000000,0.000000,2.040758,4.240676,0.933399,48.259900
0.000000,0.000000,22.505921,0.000000,0.000000,3.998723,4.749297,0.124237,43.702410
0.000000,0.000000,24.254094,0.000000,0.000000,2.129679,4.271910,0.895295,46.530868
0.000000,0.000000,23.053831,0.000000,0.000000,3.422917,4.151536,0.062672,42.914168
0.000000,0.000000,22.540543,0.000000,0.000000,1.792759,15.773394,0.767116,44.545474
0.000000,0.000000,22.237429,0.000000,0.000000,3.485990,4.542824,0.092711,42.604268
0.000000,0.000000,22.628900,0.000000,0.000000,2.189410,21.607436,0.102297,40.733843
0.000000,0.000000,22.739198,0.000000,0.000000,1.809131,4.434242,17.850497,49.194145
0.000000,0.000000,23.814975,0.000000,0.000000,3.687383,24.972937,0.106162,50.640041
0.000000,0.000000,24.196156,0.000000,0.000000,2.573602,22.324201,0.106922,56.302523
0.000000,0.000000,25.926226,0.000000,0.000000,2.041040,24.943307,1.001456,53.843976
0.000000,0.000000,23.255027,0.000000,0.000000,4.787141,5.754152,0.127320,54.937006
0.000000,0.000000,28.017615,0.000000,0.000000,3.398914,4.574947,0.097987,61.526986
0.000000,0.000000,29.712265,0.000000,0.000000,3.669166,5.131889,0.107736,53.560330
0.000000,0.000000,31.111446,0.000000,0.000000,2.072392,23.145239,0.939880,55.162674
0.000000,0.000000,23.403876,0.000000,0.000000,4.346263,23.599513,0.159379,51.930857
0.000000,0.000000,25.808649,0.000000,0.000000,3.257502,23.449352,0.094350,57.419011
0.000000,0.000000,24.055058,0.000000,0.000000,2.538630,4.663718,0.077871,53.678834
0.000000,0.000000,24.267036,0.000000,0.000000,2.266119,4.517746,0.161105,45.477011
0.000000,0.000000,39.822439,0.000000,0.000000,2.709571,3.578658,0.725124,49.055025
0.000000,0.000000,24.751209,0.000000,0.000000,3.934783,4.252358,0.070283,42.604486
0.000000,0.000000,21.997117,0.000000,0.000000,2.888534,4.355440,0.100875,42.072068
0.000000,0.000000,32.803000,0.000000,0.000000,2.607788,3.989704,0.089107,43.696764
0.000000,0.000000,22.654521,0.000000,0.000000,2.398401,3.673520,0.076123,42.130681
0.000000,0.000000,23.529257,0.000000,0.000000,2.009231,3.686384,0.878565,44.491361
0.000000,0.000000,23.075728,0.000000,0.000000,4.060259,4.192855,0.068274,42.447191
0.000000,0.000000,22.298548,0.000000,0.000000,3.062222,5.180752,0.104175,46.646797
0.000000,0.000000,23.478936,0.000000,0.000000,2.183494,19.385925,0.134486,48.107513
0.000000,0.000000,22.219439,0.000000,0.000000,1.956731,16.438321,0.132466,45.869250
0.000000,0.000000,21.649851,0.000000,0.000000,1.712337,3.023074,0.784008,42.075901
0.000000,0.000000,21.618662,0.000000,0.000000,3.526094,3.869342,0.090204,28.707236
0.000000,0.000000,21.586451,0.000000,0.000000,2.513607,3.867638,0.059861,30.714134
0.000000,0.000000,22.455755,0.000000,0.000000,2.129777,3.617274,0.058352,30.661774
0.000000,0.000000,21.973971,0.000000,0.000000,1.889390,3.356217,0.058124,29.487207
0.000000,0.000000,22.014116,0.000000,0.000000,1.736873,3.084411,0.060740,29.024115
0.000000,0.000000,23.490073,0.000000,0.000000,1.664289,3.171640,0.059991,30.219062
0.000000,0.000000,22.435010,0.000000,0.000000,2.086462,3.277477,0.809878,28.929223
0.000000,0.000000,21.975383,0.000000,0.000000,4.291689,3.647291,0.091137,33.542157
0.000000,0.000000,25.669723,0.000000,0.000000,2.329813,11.765777,0.105326,46.394360
0.000000,0.000000,23.386701,0.000000,0.000000,2.457122,2.973853,0.068361,39.577307
0.000000,0.000000,22.998094,0.000000,0.000000,1.584116,2.396936,0.083331,38.519648
0.000000,0.000000,21.305114,0.000000,0.000000,1.114458,2.299937,0.748140,26.967314
0.000000,0.000000,21.228339,0.000000,0.000000,3.781636,3.213371,0.059405,27.039637
0.000000,0.000000,21.766987,0.000000,0.000000,2.295561,3.016984,0.067807,30.400749
0.000000,0.000000,20.501532,0.000000,0.000000,1.701774,2.607067,0.067134,27.647950
0.000000,0.000000,21.560493,0.000000,0.000000,1.337052,2.507777,0.064518,27.626216
0.000000,0.000000,22.184580,0.000000,0.000000,1.255022,2.710124,0.111514,27.944919
0.000000,0.000000,21.708028,0.000000,0.000000,1.047856,15.631874,0.821624,28.479616
0.000000,0.000000,21.142597,0.000000,0.000000,3.602889,18.480891,0.153875,40.351089
0.000000,0.000000,22.771104,0.000000,0.000000,1.943150,2.953638,0.061000,46.861913
0.000000,0.000000,21.545589,0.000000,0.000000,1.482980,2.874585,0.064930,28.183234
0.000000,0.000000,21.846119,0.000000,0.000000,1.103547,2.762310,0.962711,28.109205
0.000000,0.000000,29.102193,0.000000,0.000000,3.082002,3.093932,0.079543,36.407425
0.000000,0.000000,29.407975,0.000000,0.000000,1.844132,3.117392,0.062705,37.700629
0.000000,0.000000,21.934053,0.000000,0.000000,1.423075,3.528362,0.884525,28.649601
0.000000,0.000000,21.692103,0.000000,0.000000,3.393083,3.978653,0.208568,29.491386
0.000000,0.000000,22.357833,0.000000,0.000000,2.234116,3.506584,0.069381,32.420664
0.000000,0.000000,21.633024,0.000000,0.000000,1.592258,17.184844,0.717525,40.472222
0.000000,0.000000,22.183657,0.000000,0.000000,3.432220,3.746592,0.081280,43.571116
0.000000,0.000000,22.241933,0.000000,0.000000,2.129995,16.396601,0.073822,44.998739
0.000000,0.000000,21.409615,0.000000,0.000000,1.613405,3.332713,16.590817,41.985110
0.000000,0.000000,21.484511,0.000000,0.000000,3.127401,3.649190,0.075591,45.114943
0.000000,0.000000,21.362456,0.000000,0.000000,2.134185,3.586291,1.046738,30.102466
0.000000,0.000000,22.775489,0.000000,0.000000,3.107937,3.828306,0.086394,31.862539
0.000000,0.000000,21.938080,0.000000,0.000000,1.975501,3.603802,0.072715,31.000768
0.000000,0.000000,21.910626,0.000000,0.000000,1.541593,3.038642,0.759007,29.434435
0.000000,0.000000,21.748575,0.000000,0.000000,3.516464,4.044072,0.078066,28.897176
0.000000,0.000000,23.297312,0.000000,0.000000,1.991937,4.650887,0.129720,32.984607
0.000000,0.000000,20.316598,0.000000,0.000000,1.819976,3.441317,0.844412,29.008288
0.000000,0.000000,21.582369,0.000000,0.000000,3.233238,18.485907,0.176922,40.090238
0.000000,0.000000,21.502098,0.000000,0.000000,2.103310,3.769347,0.074875,45.756573
0.000000,0.000000,22.005175,0.000000,0.000000,1.726613,3.619011,0.749192,29.784136
0.000000,0.000000,21.855813,0.000000,0.000000,4.189402,4.193170,0.074451,29.729667
0.000000,0.000000,23.904528,0.000000,0.000000,2.318250,3.811088,0.069175,34.335782
0.000000,0.000000,21.744527,0.000000,0.000000,1.775205,3.388612,0.735470,29.807039
0.000000,0.000000,22.125436,0.000000,0.000000,3.265427,3.983842,0.068090,29.848064
0.000000,0.000000,22.957702,0.000000,0.000000,2.355586,4.645675,0.108941,32.172311
0.000000,0.000000,21.390291,0.000000,0.000000,2.046327,4.127544,0.724604,30.634765
0.000000,0.000000,21.528826,0.000000,0.000000,3.986317,3.994219,0.070662,37.677538
0.000000,0.000000,20.847301,0.000000,0.000000,2.200592,14.976381,0.129264,37.094553
0.000000,0.000000,21.256663,0.000000,0.000000,1.667904,3.845925,13.144277,40.484966
0.000000,0.000000,21.710699,0.000000,0.000000,3.511492,4.088843,0.067438,42.200941
0.000000,0.000000,21.647342,0.000000,0.000000,2.126498,3.814812,0.646743,31.319536
0.000000,0.000000,21.629822,0.000000,0.000000,3.459740,3.639008,0.064941,30.105506
0.000000,0.000000,22.424415,0.000000,0.000000,2.166873,3.729027,0.644138,31.627286
0.000000,0.000000,21.605254,0.000000,0.000000,3.009190,4.007302,0.061381,30.077140
0.000000,0.000000,22.983266,0.000000,0.000000,1.998951,3.716086,0.675023,31.960950
0.000000,0.000000,22.350483,0.000000,0.000000,3.902802,4.585119,0.073985,30.723568
0.000000,0.000000,21.835326,0.000000,0.000000,2.856139,3.993049,0.697073,36.308167
0.000000,0.000000,21.753678,0.000000,0.000000,3.176634,18.641259,0.099507,44.823653
0.000000,0.000000,22.190311,0.000000,0.000000,2.479529,18.252945,0.818910,46.435566
0.000000,0.000000,22.775951,0.000000,0.000000,3.912723,4.886171,0.121523,46.815496
0.000000,0.000000,21.871207,0.000000,0.000000,1.928006,18.933876,0.734906,47.486194
0.000000,0.000000,21.643554,0.000000,0.000000,3.642818,4.169699,0.069468,45.440661
0.000000,0.000000,22.253333,0.000000,0.000000,2.174255,4.709813,0.891103,44.901009
0.000000,0.000000,21.935769,0.000000,0.000000,4.165033,4.588475,0.103958,40.550928
0.000000,0.000000,22.675678,0.000000,0.000000,2.135423,4.349781,0.841176,38.905519
0.000000,0.000000,22.385093,0.000000,0.000000,3.757014,4.988566,0.169030,41.555511
0.000000,0.000000,23.892923,0.000000,0.000000,2.370729,5.206970,0.150672,45.703846
0.000000,0.000000,22.698488,0.000000,0.000000,1.527327,16.123493,0.857515,43.504904
0.000000,0.000000,22.147842,0.000000,0.000000,4.183660,5.057188,0.297371,42.697978
0.000000,0.000000,23.279080,0.000000,0.000000,2.572426,4.631844,0.079956,53.389357
0.000000,0.000000,21.401614,0.000000,0.000000,1.648840,24.606811,0.945428,42.333299
0.000000,0.000000,23.317722,0.000000,0.000000,3.526550,23.574349,0.170245,53.078415
0.000000,0.000000,23.811589,0.000000,0.000000,1.876048,18.277828,0.156122,53.461561
0.000000,0.000000,22.750413,0.000000,0.000000,1.413690,4.297573,0.733592,45.336257
0.000000,0.000000,22.117365,0.000000,0.000000,3.613235,6.046734,0.127734,30.556231
0.000000,0.000000,22.955592,0.000000,0.000000,2.088307,5.171470,0.217003,35.140015
0.000000,0.000000,24.472749,0.000000,0.000000,1.522453,4.646511,0.731975,34.124078
0.000000,0.000000,22.182312,0.000000,0.000000,3.702299,5.611968,0.124780,31.072125
0.000000,0.000000,24.051053,0.000000,0.000000,2.359949,5.529733,0.080238,36.142287
0.000000,0.000000,23.629401,0.000000,0.000000,2.204620,4.659386,0.732214,33.832894
0.000000,0.000000,22.750912,0.000000,0.000000,3.904266,4.925535,0.201197,37.851237
0.000000,0.000000,23.266122,0.000000,0.000000,2.340321,4.757906,0.731030,52.316262
0.000000,0.000000,23.334114,0.000000,0.000000,4.136044,4.955770,0.093906,45.567003
0.000000,0.000000,22.904721,0.000000,0.000000,2.051874,4.669471,0.667359,50.664251
0.000000,0.000000,24.063722,0.000000,0.000000,4.060931,5.382633,0.115662,44.484148
0.000000,0.000000,22.898762,0.000000,0.000000,2.459359,17.896572,0.081237,50.883197
0.000000,0.000000,21.893299,0.000000,0.000000,2.810468,4.931321,0.737207,44.181806
0.000000,0.000000,24.423224,0.000000,0.000000,3.991430,5.251958,0.122392,47.560625
0.000000,0.000000,22.811456,0.000000,0.000000,2.273458,4.824801,0.064572,43.828536
0.000000,0.000000,22.287681,0.000000,0.000000,1.681028,16.733771,0.730465,39.567645
0.000000,0.000000,21.560874,0.000000,0.000000,3.707586,16.960968,0.143996,42.781571
0.000000,0.000000,22.992156,0.000000,0.000000,1.972591,4.675225,13.651845,45.977702
0.000000,0.000000,21.804345,0.000000,0.000000,1.722521,4.234444,0.638862,44.272096
0.000000,0.000000,21.079686,0.000000,0.000000,3.579136,5.046180,0.074473,29.623092
0.000000,0.000000,22.733934,0.000000,0.000000,2.148548,5.038363,0.072877,33.522898
0.000000,0.000000,22.194861,0.000000,0.000000,1.673136,4.313097,0.686737,31.350466
0.000000,0.000000,21.374246,0.000000,0.000000,3.475623,6.273889,0.166153,30.015955
0.000000,0.000000,23.504136,0.000000,0.000000,1.875841,5.865079,0.109582,36.265443
0.000000,0.000000,21.747789,0.000000,0.000000,2.332504,4.691119,0.665242,31.657173
0.000000,0.000000,22.675044,0.000000,0.000000,3.451468,15.429450,0.113621,41.239543
0.000000,0.000000,22.782069,0.000000,0.000000,2.087710,4.812436,18.940007,43.988218
0.000000,0.000000,21.797637,0.000000,0.000000,3.364586,18.191836,0.122403,49.761749
0.000000,0.000000,22.561734,0.000000,0.000000,2.327598,4.850205,12.864418,46.927646
0.000000,0.000000,21.828836,0.000000,0.000000,3.825092,19.598086,0.145646,43.913160
0.000000,0.000000,22.512012,0.000000,0.000000,2.340278,5.568870,0.070196,48.371794
0.000000,0.000000,21.670651,0.000000,0.000000,2.061091,5.076457,0.058265,31.696928
0.000000,0.000000,21.746785,0.000000,0.000000,2.056771,4.891871,0.550167,31.023958
0.000000,0.000000,21.677815,0.000000,0.000000,3.725607,6.679549,0.149706,31.312209
0.000000,0.000000,22.363971,0.000000,0.000000,2.287550,5.059066,0.065723,35.387246
0.000000,0.000000,21.884564,0.000000,0.000000,2.067724,4.981238,0.756901,31.296179
0.000000,0.000000,21.344607,0.000000,0.000000,4.352256,5.278197,0.141716,31.499302
0.000000,0.000000,22.024478,0.000000,0.000000,2.675212,5.226847,0.072823,44.747511
0.000000,0.000000,21.681084,0.000000,0.000000,17.855481,5.232774,0.600680,44.924277
0.000000,0.000000,21.401452,0.000000,0.000000,4.440310,20.505831,0.132771,47.014365
0.000000,0.000000,21.750823,0.000000,0.000000,2.643381,20.120526,0.169475,49.194081
0.000000,0.000000,22.641678,0.000000,0.000000,2.718908,6.363430,0.698538,47.768737
0.000000,0.000000,22.356032,0.000000,0.000000,5.039231,7.648420,0.154547,50.899232
0.000000,0.000000,23.167759,0.000000,0.000000,3.064837,5.984561,0.094579,55.831068
0.000000,0.000000,21.927095,0.000000,0.000000,2.290481,22.516637,0.236707,46.212803
0.000000,0.000000,21.439405,0.000000,0.000000,2.021922,5.314717,0.629623,48.716726
0.000000,0.000000,21.404795,0.000000,0.000000,4.420779,7.128244,0.166968,31.500866
0.000000,0.000000,22.270605,0.000000,0.000000,2.552558,5.449323,0.067156,36.600068
0.000000,0.000000,22.093834,0.000000,0.000000,2.408043,5.471381,0.072258,32.254792
0.000000,0.000000,21.823592,0.000000,0.000000,2.119377,5.418903,0.702208,31.907407
0.000000,0.000000,22.498138,0.000000,0.000000,4.382989,7.201219,0.165979,33.032428
0.000000,0.000000,22.286204,0.000000,0.000000,2.829346,5.644049,0.075710,36.609567
0.000000,0.000000,22.051256,0.000000,0.000000,2.837120,5.870843,0.068752,41.383269
0.000000,0.000000,21.626391,0.000000,0.000000,2.364334,5.904346,0.093927,46.392602
0.000000,0.000000,23.041953,0.000000,0.000000,2.398977,5.255150,0.728077,44.802928
0.000000,0.000000,21.957350,0.000000,0.000000,4.579844,5.601080,0.094025,44.772801
0.000000,0.000000,22.984656,0.000000,0.000000,3.569561,5.793114,0.085362,53.185066
0.000000,0.000000,21.732486,0.000000,0.000000,2.613450,5.749201,0.174990,46.347386
0.000000,0.000000,22.511621,0.000000,0.000000,2.034503,20.331287,0.075254,39.098508
0.000000,0.000000,21.955932,0.000000,0.000000,2.059408,22.113407,0.094090,46.585616
0.000000,0.000000,21.735865,0.000000,0.000000,2.014746,19.780859,0.804070,48.198529
0.000000,0.000000,21.827684,0.000000,0.000000,4.350670,25.036714,0.165436,46.527956
0.000000,0.000000,22.281624,0.000000,0.000000,3.141786,5.776222,15.332582,54.273437
0.000000,0.000000,21.809100,0.000000,0.000000,2.629821,6.224287,0.099019,48.391412
0.000000,0.000000,22.083509,0.000000,0.000000,2.426682,5.741167,0.073616,33.342512
0.000000,0.000000,20.993815,0.000000,0.000000,2.331864,5.409620,0.079142,31.397006
0.000000,0.000000,22.039933,0.000000,0.000000,2.061981,5.287566,0.081312,31.852183
0.000000,0.000000,21.204478,0.000000,0.000000,1.973905,4.969492,0.652476,30.636447
0.000000,0.000000,22.529947,0.000000,0.000000,4.400044,6.960865,0.142009,32.071466
0.000000,0.000000,24.082569,0.000000,0.000000,3.213414,6.383839,0.079770,38.260898
0.000000,0.000000,20.910493,0.000000,0.000000,3.388774,5.868314,0.076286,39.651400
0.000000,0.000000,22.190366,0.000000,0.000000,2.414155,17.602587,0.115694,46.891550
0.000000,0.000000,22.157625,0.000000,0.000000,2.129321,16.841323,0.126409,44.299812
0.000000,0.000000,21.655202,0.000000,0.000000,2.063055,4.980696,12.848024,42.912398
0.000000,0.000000,22.661891,0.000000,0.000000,4.236627,27.041893,0.241038,44.925906
0.000000,0.000000,21.165493,0.000000,0.000000,2.812943,6.417493,0.090192,56.265739
0.000000,0.000000,21.635140,0.000000,0.000000,2.415956,5.505025,0.069685,33.077600
0.000000,0.000000,21.283683,0.000000,0.000000,2.138127,5.472825,0.062900,31.426197
0.000000,0.000000,22.980606,0.000000,0.000000,1.980669,5.010842,0.745512,32.667467
0.000000,0.000000,21.144986,0.000000,0.000000,4.266351,8.146962,0.147742,30.847305
0.000000,0.000000,24.063864,0.000000,0.000000,2.425130,9.129843,0.000868,39.266648
0.000000,0.000000,22.307764,0.000000,0.000000,2.983222,39.034805,0.133064,36.737398
0.000000,0.000000,22.734367,0.000000,0.000000,2.412352,8.724964,0.098096,104.489752
0.000000,0.000000,23.025218,0.000000,0.000000,2.800241,10.144654,0.581074,36.806100
0.000000,0.000000,25.633660,0.000000,0.000000,3.975504,10.503361,0.174002,42.410541
0.000000,0.000000,24.235380,0.000000,0.000000,4.145554,11.257205,0.153701,42.154640
0.000000,0.000000,22.225193,0.000000,0.000000,4.057479,8.661086,1.127106,62.768354
0.000000,0.000000,22.734623,0.000000,0.000000,5.066653,10.838121,0.286819,50.279006
0.000000,0.000000,24.759944,0.000000,0.000000,4.405666,10.057304,0.255934,57.302210
0.000000,0.000000,24.316596,0.000000,0.000000,3.600892,10.765450,0.873549,59.854564
0.000000,0.000000,25.382644,0.000000,0.000000,5.472272,11.254454,0.201186,56.726944
0.000000,0.000000,22.755819,0.000000,0.000000,4.223675,10.620173,0.180656,61.829456
0.000000,0.000000,24.526725,0.000000,0.000000,2.288017,25.231951,0.725190,57.525490
0.000000,0.000000,23.038859,0.000000,0.000000,4.634959,9.264720,0.882745,54.218309
0.000000,0.000000,25.059153,0.000000,0.000000,5.000942,10.043778,0.223984,63.410791
0.000000,0.000000,23.588191,0.000000,0.000000,3.276846,10.104518,0.158130,57.606790
0.000000,0.000000,22.809644,0.000000,0.000000,2.803933,7.599379,0.669672,56.787087
0.000000,0.000000,22.085703,0.000000,0.000000,3.776707,28.433347,0.167619,41.595364
0.000000,0.000000,22.062752,0.000000,0.000000,3.936846,12.896758,0.159238,57.806793
0.000000,0.000000,22.141242,0.000000,0.000000,2.016722,25.641227,0.953407,60.303757
0.000000,0.000000,22.301891,0.000000,0.000000,3.674062,27.852870,0.269688,53.638277
0.000000,0.000000,22.843841,0.000000,0.000000,2.401159,28.467728,0.166283,58.020083
0.000000,0.000000,23.376682,0.000000,0.000000,1.803909,22.785325,0.855398,57.552194
0.000000,0.000000,22.709191,0.000000,0.000000,3.717270,29.203948,0.205430,50.856697
0.000000,0.000000,24.759624,0.000000,0.000000,2.346291,28.981864,0.191513,61.086290
0.000000,0.000000,22.615017,0.000000,0.000000,1.809500,7.119049,0.650922,57.222246
0.000000,0.000000,22.058182,0.000000,0.000000,4.571885,10.209074,0.252601,34.046087
0.000000,0.000000,23.216151,0.000000,0.000000,3.074640,9.565891,0.190341,41.193829
0.000000,0.000000,22.731197,0.000000,0.000000,2.171942,8.782774,0.124411,38.593948
0.000000,0.000000,25.015164,0.000000,0.000000,2.340853,10.720086,1.372323,38.671140
0.000000,0.000000,24.950788,0.000000,0.000000,4.519733,10.034203,0.394379,42.914291
0.000000,0.000000,25.192511,0.000000,0.000000,5.003059,10.757025,0.261525,44.489334
0.000000,0.000000,23.302935,0.000000,0.000000,4.086401,8.174331,0.079098,58.080842
0.000000,0.000000,22.015919,0.000000,0.000000,3.061657,8.160728,0.073844,53.099465
0.000000,0.000000,21.288438,0.000000,0.000000,2.581772,23.105657,0.083646,43.321923
0.000000,0.000000,22.073304,0.000000,0.000000,2.763135,20.708168,0.099681,50.340813
0.000000,0.000000,21.221099,0.000000,0.000000,3.174854,8.643782,0.139707,47.168436
0.000000,0.000000,23.434662,0.000000,0.000000,2.516006,25.484518,0.099637,55.562763
0.000000,0.000000,21.437299,0.000000,0.000000,2.327630,26.222887,0.107856,52.075353
0.000000,0.000000,22.050506,0.000000,0.000000,2.498137,20.706204,0.073745,53.274324
0.000000,0.000000,21.766815,0.000000,0.000000,2.603659,22.025875,0.083278,47.445647
0.000000,0.000000,22.651132,0.000000,0.000000,2.546458,20.446525,0.086675,49.894170
0.000000,0.000000,22.334426,0.000000,0.000000,1525191249196793475805960358731693720723023425127313242146214657392640.000000,0.000000,-0.000000,48.077875
