1705402933.804105 12119141.435927637 4048171.491073234 399.501708984375 -0.6590432866219202 -0.1721616310979885 -0.521968863498028 -0.5133914926007583
1705402933.804105 12119141.434703121 4048171.48905567 399.510009765625 -0.6110471139089192 -0.12720702030114245 -0.5346890226556229 -0.5696906595875166
1705402933.804105 12119141.436372915 4048171.490400713 399.5044860839844 -0.5562732166186943 -0.08843737557989137 -0.5415028615277748 -0.6241102386842119
1705402933.899105 12119141.438376667 4048171.4887866625 399.5072937011719 -0.49787536663973464 -0.0432976142929003 -0.5437137727443887 -0.6742557150057804
1705402934.0101051 12119141.439155903 4048171.4906697217 399.5098876953125 -0.43203390462308633 0.0005688602996381242 -0.5516298329063235 -0.7134780368741781
1705402934.104105 12119141.440380417 4048171.4867690993 399.5138854980469 -0.3632956686846171 0.04417972251705099 -0.5427558347919464 -0.7559633013795118
1705402934.215105 12119141.441382293 4048171.485962074 399.5111083984375 -0.24805162095711789 0.11368100552687373 -0.505060932965997 -0.81881650955172
1705402934.324105 12119141.442161528 4048171.4856930654 399.5130920410156 -0.17355791281017077 0.15678354301171418 -0.49703903833828467 -0.8356128086078052
1705402934.4181051 12119141.444833197 4048171.484348023 399.5129089355469 -0.08280067676758686 0.19542427145612995 -0.4866064392908758 -0.8474476829240409
1705402934.5131052 12119141.444276597 4048171.4820614518 399.5140991210938 -0.01705020859819832 0.23435418324864368 -0.45920663529742123 -0.8566893680205447
1705402934.6221051 12119141.444944516 4048171.4799093846 399.5120849609375 0.13167444568568054 0.2818619172179292 -0.40677694229063766 -0.8589227085112383
1705402934.732105 12119141.446502987 4048171.4774883087 399.5158081054688 0.2143191680719871 0.3201849498645536 -0.3777775737165305 -0.8419222035758506
1705402934.827105 12119141.446502987 4048171.4772192994 399.5137939453125 0.2917653530048713 0.34600638741325224 -0.3503736447321445 -0.8199944315251697
1705402934.937105 12119141.4482841 4048171.4752017376 399.5140075683594 0.36883548524154897 0.3740231756799294 -0.3192974998310524 -0.7887434028139766
1705402935.031105 12119141.45028785 4048171.47210814 399.5159912109375 0.4481125506241592 0.40102073819934414 -0.28441899934094866 -0.7466480712632002
1705402935.143105 12119141.449731253 4048171.4710321072 399.5129089355469 0.5160797062107768 0.43078657177640595 -0.24797019514416482 -0.6975639388147115
1705402935.252105 12119141.45251424 4048171.469418056 399.5173950195313 0.5817132613116927 0.44061426363137995 -0.2139793748170809 -0.6493701405605146
1705402935.3491051 12119141.453070838 4048171.4691490484 399.5138854980469 0.6434540628947886 0.4598841199121711 -0.17192461185496702 -0.5872949795761209
1705402935.459105 12119141.453070838 4048171.4661899544 399.5168151855469 0.691594558735614 0.48264885564309423 -0.132417353437758 -0.5207808492852273
1705402935.558105 12119141.455631187 4048171.463903384 399.5176086425781 0.7358043854224601 0.49633776973191684 -0.09087681516158898 -0.45164380788040126
1705402935.665105 12119141.455965145 4048171.461213299 399.5163879394531 0.7789846237864885 0.48891103504637884 -0.05665563004632171 -0.3885088098076487
1705402935.759105 12119141.456633063 4048171.4578506937 399.5177917480469 0.8042788950219719 0.508310614741347 -0.0021157711474312224 -0.30781699348145425
1705402935.869105 12119141.458859453 4048171.4597337525 399.5217895507813 0.8315363822484177 0.507029652643751 0.03609271568802151 -0.22397654388670746
1705402935.9641051 12119141.459638689 4048171.4570436683 399.5166931152344 0.8530141030041243 0.49444886343411565 0.08379230739916474 -0.14445106695869203
1705402936.074105 12119141.459527368 4048171.4542190796 399.5221862792969 0.8619734039673849 0.48802056902542634 0.12682607383659464 -0.05246829572392534
1705402936.1681051 12119141.462199036 4048171.4531430453 399.5195007324219 0.8625976582480829 0.4751160026616915 0.17200745984729643 0.024566191332397888
1705402936.278105 12119141.462866953 4048171.451932509 399.5191040039063 0.8541489235878386 0.4604621796622476 0.21446511084031714 0.11139530361141473
1705402936.387105 12119141.462978272 4048171.4489734136 399.5241088867188 0.838716282312833 0.4400014237645199 0.25471044293921835 0.19513158413297127
1705402936.482105 12119141.466540497 4048171.450587465 399.5168151855469 0.81420559804953 0.4176555698435355 0.296901230597189 0.272915240236513
1705402936.591105 12119141.466317859 4048171.4469558527 399.5220947265625 0.7831812273421469 0.39129183618329244 0.33376230040380866 0.3494575666719976
1705402936.685105 12119141.468878208 4048171.444803783 399.5209045410156 0.7395255767613998 0.3605992728665346 0.37103293240149127 0.43058640108275104
1705402936.795105 12119141.470547998 4048171.4437277494 399.5173950195313 0.6952900538789141 0.32457688628590176 0.4082573093152695 0.49451749742214574
1705402936.889105 12119141.470325358 4048171.4435932464 399.5191955566406 0.6400779774379728 0.286555856921475 0.43093938006683485 0.5678707373782571
1705402936.999105 12119141.473219667 4048171.4421137003 399.5212097167969 0.5815794677710582 0.2455358338600102 0.46102635966468164 0.6236442677136813
1705402937.109105 12119141.473330984 4048171.4388856017 399.5177917480469 0.5123240480129009 0.2036194296844041 0.48793329435142996 0.6767453715734107
1705402937.219105 12119141.475112097 4048171.4360610116 399.5191040039063 0.4396393438145922 0.15616076110940758 0.500144442993386 0.7295112063586419
1705402937.313105 12119141.47644793 4048171.435792003 399.5201110839844 0.3688342533876493 0.10881448820883806 0.5122496712080232 0.7679329235233349
1705402937.423105 12119141.477338487 4048171.432563904 399.5219116210938 0.24399330466231894 0.029288209263188092 0.5026198762773939 0.8288442121707877
1705402937.517105 12119141.478229042 4048171.4320258847 399.5212097167969 0.15864166229072568 -0.0194032586959013 0.5048674578225908 0.8482718824583128
1705402937.610105 12119141.479787517 4048171.4326984067 399.5190124511719 0.07296445709354439 -0.0666638311895556 0.4997655395930007 0.8605036473179483
1705402937.736105 12119141.480121475 4048171.4290667926 399.5209045410156 -0.06723743169647953 -0.13355985469389262 0.4607966561737879 0.8748184581112035
1705402937.830105 12119141.482236544 4048171.4277217505 399.5205993652344 -0.16142455466427857 -0.18248513101003755 0.44870998351212776 0.8598259363430688
1705402937.940105 12119141.482125225 4048171.4258386916 399.5260009765625 -0.2526559978727314 -0.22649420639008966 0.4310786372361502 0.8360840446565654
1705402938.034105 12119141.482013904 4048171.4235521196 399.5285949707031 -0.33441111411545305 -0.2683210251379373 0.40345605522411465 0.8083292928800638
1705402938.144105 12119141.484017657 4048171.425031666 399.5242919921875 -0.4259496299489682 -0.3112103802657076 0.37911874504150433 0.760252582448337
1705402938.253105 12119141.484462934 4048171.420727531 399.5286865234375 -0.49518798576151035 -0.3482881472327431 0.34810570100051663 0.7157559962623995
1705402938.347105 12119141.484908214 4048171.420996539 399.5270080566406 -0.5730210393061711 -0.37806605764078505 0.31405562115878227 0.6558063825482348
1705402938.442105 12119141.487245921 4048171.4195169923 399.5292053222656 -0.6377401465920356 -0.405623055830012 0.27421121259836245 0.5946138687326656
1705402938.552105 12119141.487802519 4048171.415481867 399.5280151367188 -0.6898613022476162 -0.4338687722215561 0.23498773949426058 0.5297452542869638
1705402938.6611052 12119141.488247797 4048171.416154388 399.5278930664063 -0.737465028397993 -0.4601925507961709 0.19691136763812325 0.4534248133666099
1705402938.756105 12119141.486800643 4048171.413598807 399.5317077636719 -0.7817964425270983 -0.4768470761371592 0.14615071171502067 0.374234095048285
1705402938.8651052 12119141.490474187 4048171.4113122365 399.5318908691406 -0.8170271958786811 -0.49042402199109564 0.09857076686539132 0.28676583438105974
1705402938.959105 12119141.491476063 4048171.411177733 399.5285949707031 -0.8376722622184002 -0.5031712003920146 0.051232751458487366 0.20615316971601438
1705402939.0691051 12119141.491698701 4048171.407546118 399.5322875976563 -0.8567629340000125 -0.5046665347315575 -0.0019356573236177302 0.10613772598118636
1705402939.179105 12119141.491810022 4048171.404990538 399.53369140625 -0.8620872324374166 -0.5036386824025527 -0.05388379415502386 0.01581828004795272
1705402939.289105 12119141.494259048 4048171.4057975635 399.5340881347656 -0.8551450848718449 -0.500600381408993 -0.10807340467445964 -0.08028873616371288
1705402939.383105 12119141.49459301 4048171.404318018 399.5364990234375 -0.8403080171489312 -0.4886552533505343 -0.16082633792377313 -0.17097768485444206
1705402939.494105 12119141.495817523 4048171.4001483875 399.535888671875 -0.8167145797940114 -0.47172573218214575 -0.2079799701418065 -0.25922280140628723
1705402939.604105 12119141.495928843 4048171.3971892945 399.5356140136719 -0.7786849848939335 -0.45516478812715505 -0.26289475412760266 -0.3425800026301652
1705402939.7141051 12119141.4962628 4048171.3963822685 399.5386047363281 -0.741131434207448 -0.4285182307017538 -0.30424585177724084 -0.4177688174842527
1705402939.808105 12119141.496930717 4048171.3967857813 399.5362854003906 -0.693729138316291 -0.40249177225222216 -0.3438059409142072 -0.48840324621392334
1705402939.9181051 12119141.497375995 4048171.3895225544 399.5447998046875 -0.6394990101479424 -0.3734218201115554 -0.39391376096546094 -0.5444530367317467
1705402940.012105 12119141.498266552 4048171.3905985877 399.5379028320313 -0.5772572834782674 -0.33474510004536007 -0.4274893146397613 -0.6098955915037754
1705402940.1221051 12119141.497042038 4048171.3852184187 399.5458984375 -0.48821097466030516 -0.253855768892798 -0.44335942527402034 -0.7075589818819147
1705402940.2171052 12119141.498711828 4048171.3857564363 399.5492858886719 -0.4074102894542707 -0.2091415968583328 -0.47412538382385905 -0.751985218554336
1705402940.327105 12119141.49837787 4048171.383738873 399.5488891601563 -0.2889975583384252 -0.13457315221437632 -0.47587189922108686 -0.8197050771522831
1705402940.436105 12119141.499045787 4048171.380510772 399.5505981445313 -0.2023867414383027 -0.08408262849620791 -0.48777729786213175 -0.845010666302782
1705402940.531105 12119141.49848919 4048171.382662839 399.5516967773438 -0.11624354773706666 -0.03866025961567473 -0.49834415603960186 -0.8582807955891393
1705402940.641105 12119141.500381622 4048171.378896721 399.5545043945313 -0.032835205802382035 0.014549547867215034 -0.5099796264562928 -0.8594364086517832
1705402940.735105 12119141.500492942 4048171.377955192 399.5537109375 0.055815603022074986 0.06059870396084675 -0.5047970352448606 -0.8592976019665984
1705402940.8291051 12119141.499713704 4048171.3775516795 399.5539855957031 0.1406373705245975 0.11031765745330477 -0.49453581421652926 -0.8505794924186315
1705402940.939105 12119141.500270303 4048171.375265108 399.5595092773438 0.2296205605282231 0.1592125165737763 -0.47965694912164386 -0.8317782059589361
1705402941.0331051 12119141.501160858 4048171.372709526 399.5602111816406 0.31011517618535256 0.2080162955527565 -0.4674271417051149 -0.8012924968333489
1705402941.143105 12119141.501828775 4048171.3735165526 399.5573120117188 0.38844480033837747 0.25214309203701213 -0.4477811008456616 -0.7648703053155747
1705402941.253105 12119141.502385374 4048171.3684053924 399.5668029785156 0.46188178502964367 0.29496245544041166 -0.42138581770521705 -0.7225623565999676
1705402941.347105 12119141.503275929 4048171.370557461 399.5578918457031 0.5258288567963202 0.34252579881683537 -0.3972830167342481 -0.6695866599027335
1705402941.4571052 12119141.503387248 4048171.368808904 399.5632934570313 0.5909045522805823 0.37653988176549985 -0.36189334407650187 -0.6148843265584468
1705402941.567105 12119141.502608012 4048171.3647737796 399.5669860839844 0.6494187539748355 0.41291498709433627 -0.32345547627869625 -0.5505751994813951
1705402941.677105 12119141.50294197 4048171.364504771 399.565185546875 0.6963974737234789 0.44869165186726784 -0.2845189690865876 -0.4824472161450249
1705402941.787105 12119141.504723081 4048171.3649082836 399.5665893554688 0.7410907429285191 0.4743979505579861 -0.2419948282799079 -0.4088637894676122
1705402941.8651052 12119141.503943846 4048171.3611421646 399.5669860839844 0.7768159894187955 0.5000737794676022 -0.19253051711661648 -0.3307795846951471
1705402941.975105 12119141.504723081 4048171.360738653 399.568603515625 0.8023440292214069 0.5217341649907925 -0.14345272285041746 -0.2519103732697801
1705402942.075105 12119141.50494572 4048171.3589900974 399.5704040527344 0.8233792053347176 0.5328020830772803 -0.09368452631437695 -0.1714404678602182
1705402942.179105 12119141.50494572 4048171.3589900974 399.57470703125 0.8356390837347618 0.5402096868331364 -0.04053166365511659 -0.09076343001408013
1705402942.2731051 12119141.50706079 4048171.359528116 399.5716857910156 0.8401952484694983 0.5420892673246795 0.011853081176226118 -0.008406852401452697
1705402942.383105 12119141.508285305 4048171.3558965004 399.5721130371094 0.8334621725975149 0.544937438135462 0.06331454879936785 0.06614577293918537
1705402942.493105 12119141.506170236 4048171.3567035254 399.5773010253906 0.8222663833910459 0.5374085385733649 0.1145744768878943 0.1481308430385616
1705402942.587105 12119141.508730583 4048171.3553584833 399.5728149414063 0.8057952319657534 0.5226574627410073 0.16460015289820526 0.22456627184035793
1705402942.712105 12119141.508507945 4048171.3544169553 399.5805053710938 0.7750790589261954 0.5115212116946509 0.219942443001538 0.29870357240420553
1705402942.8061051 12119141.509175861 4048171.3523993916 399.5768127441406 0.745964584873511 0.49170205288560676 0.2620411721157652 0.36482921130135176
1705402942.900105 12119141.507840028 4048171.3511888525 399.5819091796875 0.7064100594007849 0.46826105098028326 0.31170182408641545 0.42960259423497604
1705402943.0101051 12119141.511290932 4048171.3501128196 399.5838012695313 0.6645980484741754 0.43803192159844506 0.35145558939914145 0.4928655377536487
1705402943.121105 12119141.50739475 4048171.350650836 399.5848083496094 0.6086152972162239 0.3761589468325892 0.38718984126247574 0.581528927513794
1705402943.233105 12119141.508841904 4048171.3468847186 399.5887145996094 0.5285657645380072 0.3087348420355655 0.41852287610126915 0.6709244607640623
1705402943.327105 12119141.511068294 4048171.3468847186 399.5882873535156 0.4705449178384062 0.27294046527639393 0.4423753145040689 0.7130182773453841
1705402943.439105 12119141.509955097 4048171.3479607515 399.5881042480469 0.40826275033268866 0.2337478458956401 0.4666527709815981 0.7489450330732776
1705402943.5331051 12119141.51151357 4048171.3455396765 399.5932006835938 0.3464897576805795 0.19084710123034396 0.4859023953144745 0.7793722435409695
1705402943.629105 12119141.511290932 4048171.3433876103 399.5909118652344 0.27266953643204705 0.14914801487654114 0.5023546944713205 0.8068741875304637
1705402943.741105 12119141.510845654 4048171.344598147 399.59130859375 0.20821417309903098 0.1038018961274542 0.5161650012978414 0.8242849725163207
1705402943.835105 12119141.511068294 4048171.3413700466 399.5928039550781 0.1400081203845424 0.06288764954328416 0.5265862723985192 0.8361517610354838
1705402943.929105 12119141.510734333 4048171.3389489707 399.5969848632813 0.06878552657193569 0.01559265187141445 0.5234543125781552 0.8491295561839604
1705402944.040105 12119141.509064542 4048171.3389489707 399.6015930175781 -0.004153086936731507 -0.027547630530204092 0.5190829029875844 0.8542697581835899
1705402944.1381052 12119141.510066418 4048171.3369314075 399.593505859375 -0.06422460318201313 -0.07256159821839932 0.5199058569262219 0.8487095585321962
1705402944.2471051 12119141.508507945 4048171.3345103315 399.6011047363281 -0.13649084989482227 -0.11537851591657448 0.5144424386250602 0.83869364090911
1705402944.340105 12119141.50928718 4048171.3326272727 399.599609375 -0.1986505129745383 -0.15640298376284414 0.5001861204273186 0.8281847168940635
1705402944.451105 12119141.506838152 4048171.3326272727 399.6032104492188 -0.26092350324261665 -0.1987890955523944 0.4900969274311235 0.8075932284681647
1705402944.561105 12119141.50706079 4048171.32993719 399.6005859375 -0.3114992208273169 -0.237013920345366 0.4794488658011469 0.7854434556786942
1705402944.656105 12119141.506726833 4048171.328323138 399.6037902832031 -0.3677617660573192 -0.27276519080417944 0.4599353426242932 0.7607955801113957
1705402944.766105 12119141.505391 4048171.326574583 399.6090087890625 -0.42273120840682765 -0.3093945130339272 0.44033770117016185 0.7291612096591396
1705402944.861105 12119141.505724957 4048171.3254985507 399.60888671875 -0.4656956061533128 -0.34806708980044254 0.42230549136735224 0.6954386927460454
1705402944.971105 12119141.50505704 4048171.322808467 399.6091003417969 -0.5149356983709447 -0.3817576597611261 0.3958443595809233 0.6575785570902569
1705402945.085105 12119141.504611764 4048171.322001441 399.6250915527344 -0.5569771648081379 -0.39768352635742543 0.36756105705430714 0.6297008179154064
1705402945.177105 12119141.49437037 4048171.31621776 399.6177062988281 -0.5866891629238496 -0.4407766343216239 0.34198848136249876 0.5869886398893815
1705402945.288105 12119141.494815648 4048171.324826029 399.6234130859375 -0.6184732421571032 -0.4567245293083481 0.31729036151066864 0.5551759897151339
1705402945.386105 12119141.513962599 4048171.3148727175 399.6148986816406 -0.6478267778249698 -0.47895075493544953 0.29023046631508237 0.5164231953564925
1705402945.494105 12119141.503832525 4048171.3159487504 399.614990234375 -0.6666689028266009 -0.5050140455623026 0.25938186328892787 0.48294351303805355
1705402945.590105 12119141.50761739 4048171.3253640453 399.6119995117188 -0.687792491282132 -0.5237781090063344 0.23969419495677968 0.4417518244056136
1705402945.686105 12119141.49848919 4048171.311106599 399.6137084960938 -0.7003736031671804 -0.546704859834164 0.2064963102769634 0.40981689333448407
1705402945.795105 12119141.49615148 4048171.2922760095 399.60791015625 -0.7199116213226412 -0.5613689577897275 0.1772773564084374 0.36764777929360204
1705402945.892105 12119141.504389124 4048171.3022293216 399.6099853515625 -0.7368157860886205 -0.5718659758195325 0.1411682729398948 0.3318784744236202
1705402946.001105 12119141.503498567 4048171.304246885 399.6007080078125 -0.7438798941441684 -0.5915108112042915 0.11406220550273494 0.28939156275253397
1705402946.096105 12119141.503609888 4048171.3023638264 399.6062927246094 -0.7531656330020994 -0.6006685622055883 0.07080550842222075 0.2586994155762413
1705402946.205105 12119141.4962628 4048171.29577312 399.5997009277344 -0.7935129862004161 -0.576242749094565 0.03806216968176816 0.19191848813064513
1705402946.317105 12119141.501272177 4048171.2975216736 399.6058044433594 -0.7854913028106812 -0.5933330259355432 -0.022155096312545808 0.17455224218076507
1705402946.413105 12119141.49014023 4048171.28111216 399.6141052246094 -0.7997479811316299 -0.5874204794262884 -0.02854858091561139 0.12052105855067971
1705402946.539105 12119141.491364744 4048171.287433858 399.6054992675781 -0.8124834371733826 -0.5702615432922994 -0.08624924983853344 0.08505000566197027
1705402946.633105 12119141.494704327 4048171.299942748 399.5972900390625 -0.811268627438899 -0.5713038170805903 -0.11678987912719238 0.042606183307213816
1705402946.729105 12119141.487023283 4048171.287299352 399.6026000976563 -0.8189485741379854 -0.5588156393523502 -0.1297413638162313 0.014679667833057214
1705402946.8391051 12119141.487468561 4048171.28178468 399.5997924804688 -0.8132032662489408 -0.5566526251753129 -0.16926502827191475 -0.013698644151697997
1705402946.939105 12119141.48980627 4048171.2768080235 399.5882873535156 -0.8072768074728486 -0.5539312394917812 -0.19781404722836665 -0.04831087611167742
1705402947.0461051 12119141.49014023 4048171.287433858 399.5669860839844 -0.8072208585073425 -0.5455840595962305 -0.21499543585844275 -0.0671526772750279
1705402947.156105 12119141.494704327 4048171.2913344814 399.5678100585938 -0.7980486675696631 -0.5386712714832073 -0.251804109442111 -0.09770504560674102
1705402947.252105 12119141.492589258 4048171.27788406 399.5721130371094 -0.7909443006644006 -0.5283064026133457 -0.28233859567452846 -0.12483739662770485
1705402947.347105 12119141.494815648 4048171.2902584462 399.5700988769531 -0.788604913311488 -0.5221052015886534 -0.29034923702426074 -0.1456220097872627
1705402947.458105 12119141.499045787 4048171.283802245 399.57080078125 -0.7818418681609278 -0.5095242144475927 -0.3194558597624962 -0.1644880595836623
1705402947.554105 12119141.484240294 4048171.273579924 399.5704040527344 -0.7701139415823272 -0.4999471342805904 -0.3471481889869188 -0.1909594584938376
1705402947.666105 12119141.493702453 4048171.277615052 399.5726928710938 -0.7652010813813664 -0.49133322162264814 -0.3617418705984964 -0.2054307412209718
1705402947.7601051 12119141.499602385 4048171.286761337 399.5614013671875 -0.7627938458857697 -0.4644524710729036 -0.41003293915263767 -0.18520917796621078
1705402947.870105 12119141.504277803 4048171.2766735214 399.5710144042969 -0.7569338206913947 -0.44874426835343506 -0.43004876373693085 -0.20183615514026573
1705402947.965105 12119141.525094548 4048171.2753284792 399.5732116699219 -0.7567035438643931 -0.4409598644943588 -0.4347093936258791 -0.20971859169278678
1705402948.075105 12119141.530660523 4048171.261743555 399.5534057617188 -0.746587397591475 -0.4306786849193785 -0.4610821939973986 -0.21101265007636108
1705402948.170105 12119141.555930048 4048171.281246663 399.5474853515625 -0.7546777130136376 -0.43383427438041344 -0.44388436973980017 -0.21264063147485773
1705402948.280105 12119141.572405333 4048171.2777495543 399.5401000976563 -0.738884962413707 -0.4411591353919577 -0.47312480201204443 -0.18862807664867584
1705402948.374105 12119141.595337147 4048171.262954092 399.5575866699219 -0.7471436960372401 -0.42983425580238216 -0.48048110345572725 -0.16173039056587704
1705402948.484105 12119141.627285842 4048171.246813587 399.573486328125 -0.7748890128918942 -0.43169545705140105 -0.44426963121531604 -0.1257399890266224
1705402948.578105 12119141.66023641 4048171.2539423113 399.5726928710938 -0.7594119879679886 -0.45302263550263977 -0.4636997185982408 -0.055195065220200346
1705402948.719105 12119141.69563601 4048171.2423749487 399.5867919921875 -0.7600743951327531 -0.4773670537201269 -0.44042681503607106 0.020780531353344123
1705402948.798105 12119141.739495888 4048171.257708428 399.5750122070313 -0.7467944090772523 -0.5059965526075181 -0.4114469896187175 0.13029571771151913
1705402948.9081051 12119141.781240698 4048171.2497726805 399.5816040039063 -0.7224661110592954 -0.5510739698059376 -0.3572215837878514 0.21622427765928912
1705402949.018105 12119141.842466418 4048171.2399538727 399.5812072753906 -0.6423227512163532 -0.5820778306779383 -0.3518784043597856 0.3532541165341619
1705402949.096105 12119141.969593275 4048171.2528662765 399.5663146972656 -0.5929373209165946 -0.6210667536663632 -0.2484569078920893 0.44829743014574397
1705402949.206105 12119142.033379342 4048171.230538578 399.6007995605469 -0.49409578949542793 -0.6494480701097978 -0.1875615516866598 0.5467240797353279
1705402949.315105 12119142.119317992 4048171.2235443587 399.6198120117188 -0.267069844214158 -0.6775038656447546 -0.12926168186815556 0.6730182968898064
1705402949.409105 12119142.203364206 4048171.24049189 399.6120910644531 -0.11241402975470594 -0.690231269295102 0.01423739752787817 0.7146615823683359
1705402949.519105 12119142.317244045 4048171.24466152 399.5885925292969 0.10988643899513176 -0.6707734103610828 0.16932443421383703 0.7136646540607818
1705402949.629105 12119142.424889995 4048171.2525972687 399.6383972167969 0.05852182240905407 0.6521651770166944 0.5874018823399532 -0.47562044406457815
1705402949.739105 12119142.551682893 4048171.270620832 399.6455993652344 -0.13929220919572038 0.7669229373173865 0.4256241378420511 -0.4596422325679598
1705402949.833105 12119142.681592738 4048171.264837151 399.6626892089844 -0.29576493356274874 0.8769347979097644 0.2587492550715826 -0.27668987565410574
1705402949.927105 12119142.850798365 4048171.2574394187 399.6622009277344 -0.28377408015183514 0.9521881473083709 -0.0861206683301339 -0.07343864136681282
1705402950.038105 12119143.006868292 4048171.241971436 399.6419067382813 -0.31035805891418267 0.8802514648677469 -0.3587297257139802 0.012174471420930436
1705402950.1481051 12119143.212252751 4048171.242509452 399.6307067871094 -0.2720034197933324 0.7221410424690615 -0.615386931123717 0.16070276725857263
1705402950.242105 12119143.389139423 4048171.212918525 399.685791015625 -0.09347803218823615 0.4998574006118647 -0.7912082426631883 0.3396968549951471
1705402950.3521051 12119143.582612697 4048171.197450543 399.6720886230469 0.030736762271811796 0.3431060528999764 -0.8249314383956026 0.4481312417752269
1705402950.447105 12119143.846328571 4048171.2076728614 399.6318969726563 0.10005190213971013 0.03015450812621899 -0.9194192354022784 0.3791419155015458
1705402950.5561051 12119144.052269628 4048171.1997371125 399.7013854980469 0.2960255361412577 -0.19387850495793363 -0.8717406793571149 0.338892601308369
1705402950.667105 12119144.295725355 4048171.2048482727 399.681396484375 0.30452011767535037 -0.3662997724825676 -0.8223527791434453 0.31117178735428724
1705402950.777105 12119144.55498845 4048171.2013511625 399.685302734375 0.204305890450733 -0.8757779821567331 -0.4351827274392551 0.0434513847321905
1705402950.8551052 12119144.792210283 4048171.156830272 399.7005004882813 0.4161888337213426 -0.8044097861487477 -0.3130249497024804 -0.2858795751668073
1705402950.965105 12119145.082754156 4048171.1744503225 399.6925048828125 0.5220644214093482 -0.7146577316499199 -0.45582014378170965 -0.0945571944081203
1705402951.058105 12119145.384541295 4048171.1745848274 399.6377868652344 0.060915173478164164 -0.8819325973750929 0.28027604062498435 -0.37407161931765115
1705402951.169105 12119145.670855025 4048171.1565612634 399.6695861816406 -0.27369552050479073 -0.5854405583564471 0.6675897514276231 -0.36969452048374696
1705402951.279105 12119145.975313831 4048171.162479448 399.6661987304688 -0.18832409237147407 -0.5290727701687215 0.6876079131231257 -0.4602297229742075
1705402951.373105 12119146.301145982 4048171.1416312964 399.6802978515625 -0.4745848088690721 -0.13092774206101548 0.8242472220238234 -0.27972075814197384
1705402951.482105 12119146.625308339 4048171.114057931 399.6514892578125 -0.5891771661871148 0.20361285540735014 0.7817567276305504 -0.016385687686512662
1705402951.576105 12119146.969396884 4048171.1223971937 399.654296875 -0.3571735843984609 0.75762317536788 0.49520499875567264 0.2306646135861335
1705402951.686105 12119147.3247287 4048171.114461445 399.6361083984375 -0.377755822474681 0.7394517504156181 0.29714312271876847 0.4713996309021622
1705402951.7961051 12119147.672713429 4048171.0876951087 399.6611938476563 -0.24794123012218733 0.6921414406069789 0.21121570995006117 0.6440910622499616
1705402951.890105 12119148.022256628 4048171.050437444 399.6676025390625 0.24060859187140302 0.654757863316483 -0.4433829193040427 0.5628598696054986
1705402952.0001051 12119148.767651938 4048170.9870859613 399.6224975585938 0.44220660898454456 0.581545233617438 -0.36111621739523064 0.5795287169428189
1705402952.095105 12119149.168513425 4048170.9755186005 399.6376037597656 0.658851003747352 0.43429745312090834 -0.4936668354046124 0.3655053114462147
1705402952.206105 12119149.574718248 4048170.9686588845 399.5844116210938 0.7709260985974695 0.08224878966274243 -0.6142589318160048 -0.14694914693375802
1705402952.317105 12119149.96734209 4048170.9433720936 399.5856018066406 0.6072380142473184 -0.19174532124289356 -0.5721996585961238 -0.516801002840467
1705402952.414105 12119150.391469352 4048170.9253485315 399.6068115234375 0.5011583519212007 -0.1799177797587562 -0.5983359276439907 -0.5987186455395481
1705402952.507105 12119150.816932445 4048170.881231153 399.6354064941406 -0.01646977083457668 -0.366502286919132 -0.41044378842444507 -0.8348297532284604
1705402952.617105 12119151.232599424 4048170.869394783 399.6325073242188 -0.23301932627272953 -0.6713721066496185 0.2657171966379116 -0.65142601990337
1705402952.711105 12119151.669751065 4048170.8910499588 399.6253967285156 -0.6850752755429228 -0.31048162535468615 0.5888536685945136 -0.29584520300265726
1705402952.821105 12119152.071614426 4048170.8519092356 399.6449890136719 -0.7715645154504726 -0.5717127984682857 0.08356233810683154 -0.26617665227318205
1705402952.9311051 12119152.515333917 4048170.8237978565 399.6260986328125 -0.8231802291456507 -0.07646994740646637 0.44727676561236246 0.34127723690675627
1705402953.025105 12119152.959053406 4048170.7971660243 399.62109375 -0.5238519561021255 0.033383921018823426 0.387441873280219 0.757861093297776
1705402953.1351051 12119153.38039768 4048170.7300484264 399.6514892578125 -0.23227644255352736 -0.06169869487209785 0.5132694322851667 0.8238904145378925
1705402953.2301052 12119153.834358564 4048170.745785418 399.6333923339844 -0.07057779310048015 0.2879314490976478 0.5118068387268189 0.8063299669329266
1705402953.340105 12119154.301789105 4048170.7471304606 399.6393127441406 0.15749976469463597 -0.2082390212372748 0.7345828733780181 0.6262733718552711
1705402953.435105 12119154.747401025 4048170.696287871 399.6769104003906 0.4020666273259457 0.05970230408079655 0.6633152397739897 0.6283239250273364
1705402953.545105 12119155.205035454 4048170.689966174 399.6455078125 0.26706671679094496 0.3015294336172314 0.5097232801911239 0.7602220380100657
1705402953.639105 12119155.691501627 4048170.700995518 399.6047058105469 0.8625378227003828 0.3068642206069282 0.2367729164487576 0.3252713337491258
1705402953.749105 12119156.164052866 4048170.6783988127 399.635498046875 0.7548914580161851 0.44435479049744214 0.16957177588130667 -0.4515895477096789
1705402953.843105 12119156.640500287 4048170.6597027276 399.6379089355469 0.44166895407802964 0.6548721751609254 0.00979703081885791 -0.6131679927970408
1705402953.953105 12119157.128858894 4048170.637509535 399.62109375 -0.09999785974529057 0.6905164632608141 -0.1802833518548651 -0.6933147590064075
1705402954.063105 12119157.61888729 4048170.668983518 399.62548828125 -0.18026088605403154 0.6737697503620027 -0.31657571251466665 -0.6428998014480726
1705402954.157105 12119158.123275902 4048170.692790762 399.6228942871094 -0.18678181207026448 0.5308704102785146 -0.5119763967051604 -0.648975601534657
1705402954.266105 12119158.610298676 4048170.668445502 399.6741027832031 -0.6440449745511374 0.08132598147816103 -0.40576868084674833 -0.6433847473603397
1705402954.377105 12119159.092979988 4048170.6601062417 399.6607055664063 -0.8708894959386138 -0.22648418778124496 -0.3030502020242086 0.3137147965938866
1705402954.486105 12119159.62586639 4048170.6588957016 399.6449890136719 -0.6951405601573866 -0.5418653735766753 -0.2101895086216784 0.4230625119389123
1705402954.580105 12119160.150403831 4048170.6866035694 399.6574096679688 -0.37544192063565673 -0.6735647057754119 -0.044441103255472014 0.6351212007991297
1705402954.674105 12119160.64443973 4048170.6844515014 399.6500854492188 -0.19629193233987502 -0.6929124029684768 0.13782446619695615 0.679960510344721
1705402954.785105 12119161.188792042 4048170.680819888 399.6929931640625 -0.132580780948436 -0.7006531827368858 0.017913204343333267 0.7008470383428389
1705402954.8951051 12119161.71611247 4048170.70166804 399.6882019042969 0.2660272570189528 -0.47186981010977946 0.2821555785158715 0.7918059170922548
1705402954.989105 12119162.245436648 4048170.7153874678 399.6814880371094 0.5785157221370335 -0.28792673111531536 0.43557724835800216 0.626649995980521
1705402955.098105 12119163.294622848 4048170.7102763066 399.6801147460938 0.6374437252293538 -0.1984535106099016 0.6384895863004781 0.38290044329848194
1705402955.209105 12119163.828956403 4048170.7052996513 399.6885986328125 0.6284492325205533 -0.1685791852023582 0.6574454741661174 0.37999745914851263
1705402955.3061051 12119164.364514474 4048170.692656258 399.6637878417969 0.7447799587457843 0.09349352699881247 0.6567967508252056 0.07197083829859707
1705402955.413105 12119164.88816136 4048170.6915802243 399.6801147460938 0.7467297543564526 0.24308620152469196 0.6169511339701842 -0.05172108738177078
1705402955.524105 12119165.435519295 4048170.6627963246 399.6603088378906 0.6369269177483438 0.3819951288076178 0.5749448325775823 -0.3432816081691271
1705402955.618105 12119165.984435705 4048170.6606442584 399.6379089355469 0.5432245062538871 0.5287996244263989 0.45211638735554494 -0.469966876807601
1705402955.728105 12119166.511422176 4048170.6680419883 399.6565856933594 0.4978767471317579 0.4871083823842273 0.5098236762018232 -0.5048999778773805
1705402955.822105 12119167.053770732 4048170.647866358 399.6679992675781 0.39454996798619923 0.6007350079414635 0.3693412332443262 -0.5890966189185092
1705402955.932105 12119167.616045482 4048170.666562442 399.5939025878906 0.21386920595202152 0.6156538863985742 0.38776834651515696 -0.6518174317619042
1705402956.026105 12119168.186001273 4048170.6892936523 399.5841064453125 0.00916839347830578 0.5465248646096237 0.431711375207198 -0.7175317424624288
1705402956.136105 12119168.751838246 4048170.6615857873 399.5649108886719 0.12015779562599127 0.6886860112703509 0.19152210778939877 -0.6889070795533622
1705402956.231105 12119169.315560147 4048170.6790713337 399.5530090332031 -0.02282448386734548 0.5752670167452449 0.2748763616966283 -0.7700583667240035
1705402956.357105 12119169.901100669 4048170.64436925 399.5405883789063 -0.2633450177159456 0.6968423746472929 -0.03275109454638725 -0.6663238494501931
1705402956.437105 12119170.496214665 4048170.7358321077 399.5689086914063 -0.27859209965474696 0.6139991101865683 0.0003451254551737337 -0.7385062055179241
1705402956.5791051 12119171.0658365 4048170.6794748465 399.5882873535156 -0.15025838432969263 0.6838212982206111 -0.06529146139537928 -0.7110188992617315
1705402956.6581051 12119171.66295425 4048170.685931047 399.5971069335938 -0.4779826128388245 0.7086323291030053 -0.25151882318482116 -0.45399463163956355
1705402956.754105 12119172.236026987 4048170.6590302056 399.5772094726563 -0.6515132501972684 0.1396595078059889 0.3066688036743659 -0.67969107067087
1705402956.848105 12119172.86542739 4048170.675574225 399.5823059082031 0.33653673765171205 0.4966791719448958 0.2621412880415223 -0.7558668993088709
1705402956.958105 12119173.4486302 4048170.686872578 399.5877990722656 -0.05553105935888536 0.702645125400806 -0.08540683518622444 -0.7042100550975103
1705402957.052105 12119174.045191353 4048170.6215035343 399.6388854980469 -0.5446925628089412 0.5015972276913704 -0.4879963601588247 -0.4621361116215632
1705402957.162105 12119174.657893829 4048170.62231056 399.7518005371094 -0.526640009060538 0.0986458080177206 -0.7639635137201911 -0.3595539669111537
1705402957.272105 12119175.21549316 4048170.6229830794 399.7413024902344 -0.48583228254790317 0.37723365698352207 -0.3295267955250568 -0.7162917368671234
1705402957.366105 12119175.867046138 4048170.6584921908 399.7449035644531 -0.4474731851850246 0.5519720332774192 -0.3045427062465109 -0.6343093591395383
1705402957.476105 12119176.460712984 4048170.6323983744 399.7882080078125 -0.6248430382620979 0.1572999771452401 -0.46894957846473084 -0.6040812756436411
1705402957.570105 12119177.05382323 4048170.5896260394 399.8175048828125 -0.7515509617458085 -0.12043852708920097 -0.6482888481472725 0.019679493372969953
1705402957.680105 12119177.680663284 4048170.591105585 399.87548828125 -0.6845124964900513 -0.0991416715663726 -0.6284490257203279 0.3559008193010425
1705402957.790105 12119178.250285117 4048170.6029419554 399.9450073242188 -0.32108254123913554 0.39637945610592684 -0.32401415585744947 -0.7967459791505527
1705402957.899105 12119179.516766964 4048170.6036144765 399.8552856445313 -0.6128624797745609 0.40415283673212504 -0.5773881162960718 -0.35732762082719793
1705402957.993105 12119180.12312423 4048170.623655602 399.91259765625 -0.6653661030788992 0.08428938001219005 -0.7346297013601358 -0.10248146744791232
1705402958.103105 12119180.711781697 4048170.583976862 399.8893127441406 -0.8011930966614171 -0.12496496028018955 -0.5598832376841172 -0.17030602081139132
1705402958.2141051 12119181.318027645 4048170.585321904 399.8948059082031 -0.7795137710069965 -0.21440064417936158 -0.5833536681642244 -0.07803295730183818
1705402958.3091052 12119181.92872637 4048170.5703919376 399.90478515625 -0.8191371307068791 0.22508098139248892 -0.5241692979454589 0.05999549986507227
1705402958.403105 12119182.553228715 4048170.5854564086 399.8615112304688 -0.5030595593048192 0.5305414932485237 -0.36553585236504915 -0.5760558517795167
1705402958.515105 12119183.158806743 4048170.552368375 399.897705078125 0.0637262523995889 0.6825166822848088 -0.39998024888604344 -0.6083796049006739
1705402958.624105 12119183.755590536 4048170.538917955 399.9325866699219 0.010058150047066228 0.7062262881333391 -0.2771673423088192 -0.6513996683484743
1705402958.719105 12119184.34703099 4048170.5599006084 399.906494140625 0.23003193291615465 0.4499056158097412 -0.5149497944980902 -0.6924571870145402
1705402958.8161051 12119184.964297565 4048170.5334032835 399.8768920898438 0.28599013208032814 0.32418555530988274 -0.6655331743204305 -0.608423342714652
1705402958.940105 12119185.541155169 4048170.5633977205 399.8617858886719 0.17816786220576097 0.7465234215485013 -0.4399047663425599 -0.46630761360463047
1705402959.034105 12119186.162874524 4048170.5577485436 399.856201171875 0.1899130407859486 0.8150187627095434 -0.19582108194505637 -0.5112059831777275
1705402959.129105 12119186.802850276 4048170.5498127956 399.8681945800781 0.33452079995417994 0.8505120994548983 0.05067421057161289 -0.4026873818010447
1705402959.239105 12119187.401749136 4048170.5394559717 399.8315124511719 0.4824104267384087 0.8152782103677086 0.2873910653649156 -0.1414496214986511
1705402959.333105 12119188.013561057 4048170.5542514343 399.8124084472656 0.6121206429926037 0.7335407554695583 0.21741506895338705 0.19989238674713242
1705402959.428105 12119188.650642503 4048170.561514661 399.781005859375 0.5077773788603903 0.735148067033768 0.39089540590488325 0.22117919137351663
1705402959.538105 12119189.27002415 4048170.624059113 399.7882080078125 0.14267810378721482 0.593923358346072 0.6083577836569564 0.5067532044048699
1705402959.6481051 12119189.883617183 4048170.6474628444 399.7532958984375 0.07813671098036627 0.34770651065252284 0.8315314074134235 0.42608726257900364
1705402959.742105 12119190.521700505 4048170.6501529305 399.7363891601563 0.02563530559806189 0.2600778557731536 0.8010351026541435 0.5385583574313917
1705402959.8521051 12119191.161787577 4048170.6350884573 399.7742004394531 -0.5667308581303323 -0.014153000947484867 0.7887563837849684 0.23765351679598062
1705402959.963105 12119191.81222736 4048170.60791861 399.7745056152344 -0.6380880753139934 -0.012649199747600592 0.7571482867593201 0.1393200550719656
1705402960.0591052 12119192.434837272 4048170.6049595186 399.7457885742188 -0.4821095051688371 -0.5607449401027227 0.6379214845006128 -0.21492258324240268
1705402960.155105 12119193.031955022 4048170.594333687 399.6611022949219 -0.20166257482554895 -0.7439260004449304 0.18582649454339703 -0.6094053049510252
1705402960.2501051 12119193.68384196 4048170.605497535 399.654296875 -0.13893335173057242 -0.6332477722604335 0.1968244897766434 -0.7354963650000393
1705402960.360105 12119194.332166674 4048170.618813451 399.6321105957031 -0.062250513269668906 -0.7538452819182958 -0.03723877287955085 -0.6530355567054624
1705402960.456105 12119194.960453881 4048170.564339248 399.6665954589844 0.09942963954519071 -0.5933054398221592 0.17281564354424325 -0.7798956053240309
1705402960.567105 12119195.581171362 4048170.571333467 399.5905151367188 0.5186128341369837 -0.5150284559734739 -0.3840211230600944 -0.564193401990531
1705402960.662105 12119196.240739344 4048170.536765888 399.6672973632813 0.6725063484033581 0.23465972452608738 -0.6602023447004567 0.2383335668648907
1705402960.7731051 12119196.849545639 4048170.4907654515 399.6129150390625 0.684466035202702 0.26218916672937914 -0.44851793408412965 0.5114633420965295
1705402960.868105 12119197.479391316 4048170.5204908787 399.6370849609375 0.7411249566026037 -0.16547179648910795 -0.5113213772779546 0.4023721317462625
1705402960.963105 12119198.11547089 4048170.470051805 399.6109924316406 0.7148399591714415 -0.2297466287893893 -0.5527084101609474 0.36157119999944726
1705402961.073105 12119198.76691255 4048170.442209435 399.6141967773438 0.5416326102035869 0.019738529648482606 -0.35195006486348046 0.7631354125277882
1705402961.183105 12119199.380282942 4048170.422975335 399.5942077636719 -0.8182613325374397 -0.06127573575144543 0.4446915593620038 0.3590864699683938
1705402961.277105 12119200.02170585 4048170.426203435 399.572998046875 -0.7335193427788661 0.19035487441240037 0.19597185411824422 0.6223418899207711
1705402961.387105 12119200.667692853 4048170.4052207796 399.5928039550781 -0.2726655573567645 0.08178899381786174 -0.5399777577417278 0.7920783265976935
1705402961.4971051 12119201.297093255 4048170.3498050496 399.5967102050781 -0.3097505845733903 -0.2514771513606103 -0.5177772718402973 0.7567830035522828
1705402961.5921052 12119201.952208458 4048170.312412882 399.569091796875 -0.842929185903279 -0.03417842423393682 -0.11310569709365147 0.5248898209665337
1705402961.701105 12119202.603650117 4048170.312816394 399.5520935058594 -0.7201568906579298 0.16123968376918643 -0.4847153448337056 -0.4694963809217887
1705402961.795105 12119203.858443419 4048170.3027285803 399.5162963867188 -0.4708572283821793 0.5255848045401048 -0.4588820311987783 -0.5398901417507782
1705402961.906105 12119204.51378126 4048170.309184782 399.4682922363281 -0.5686273113003898 0.47907745403066837 -0.34594130680489366 -0.572252030253196
1705402962.003105 12119205.186707582 4048170.313623421 399.4169921875 -0.2480159986251929 0.649436723233005 -0.18198580610665324 -0.695414389639758
1705402962.113105 12119205.847834038 4048170.2982899416 399.3772888183594 0.1855030255672146 0.727017476749512 0.13599209869190784 -0.6469469569443483
1705402962.225105 12119206.476343883 4048170.25336554 399.4548034667969 0.60446479015378 0.2940214486597849 0.3658673687733037 -0.643672877834112
1705402962.3191051 12119207.115985677 4048170.2349384646 399.4067077636719 0.6635431778376674 0.23793464319151358 0.6710308665279465 -0.22981543220847905
1705402962.413105 12119207.772548035 4048170.2348039607 399.4101867675781 0.6765138348906943 0.07572157286491127 0.7324623825488369 0.009702203627617867
1705402962.525105 12119208.421874624 4048170.2229675916 399.4081115722656 0.6827397266042057 -0.04117436124539253 0.7235982794713662 0.09261029985118824
1705402962.619105 12119209.085227469 4048170.1780431885 399.4143981933594 0.42244496105668494 -0.19724351520268255 0.8221495368823876 0.326657909122649
1705402962.732105 12119209.728654126 4048170.1620371896 399.3770141601563 0.36978301186005014 -0.5614643883985115 0.5495282755077154 0.49602110753224193
1705402962.827105 12119210.38599572 4048170.1165747717 399.3406982421875 0.4028352903518405 -0.5728871453934057 0.27606536713758234 0.6582643546154805
1705402962.939105 12119211.042001478 4048170.1198028727 399.3034057617188 -0.016974911433802753 -0.74119548151817 0.34581378178195565 0.5751121098433978
1705402963.034105 12119211.727840861 4048170.1028553434 399.3196105957031 -0.04663987745699244 -0.7245162320767358 0.5451853494559175 0.4191346872149282
1705402963.1451051 12119212.406667115 4048170.077165042 399.2423095703125 -0.06371517224020047 -0.972142185524477 0.1413415496740923 0.17579110980314416
1705402963.239105 12119213.07892552 4048170.0772995474 399.2366027832031 -0.05686221073267916 -0.9826342921301643 -0.17510820044953918 0.02310097521247035
1705402963.350105 12119213.753744274 4048170.060352017 399.2748107910156 -0.25301546991427587 -0.9490121976368201 -0.17683270694870365 -0.06394696610305439
1705402963.445105 12119214.40173503 4048170.0475741196 399.2778930664063 -0.44765211139489497 -0.8133866842075592 -0.3650427768821682 -0.06894534185628604
1705402963.555105 12119215.071878364 4048170.0498606893 399.2789916992188 -0.5908774039648625 -0.39282943459882824 -0.6087148262673352 0.3549861815322358
1705402963.651105 12119215.75103858 4048170.05120573 399.2789916992188 0.007637183407590099 -0.18011747809588893 -0.9564736189832918 -0.22947240292240076
1705402963.761105 12119216.421070592 4048170.0372172957 399.2540893554688 0.42233901067085144 0.3383779704291894 -0.8395684571833723 -0.047485944199532004
1705402963.856105 12119217.094219554 4048169.9921583897 399.2398986816406 -0.18495807478910153 -0.1504944480384135 -0.9414229849930318 -0.2384631942391365
1705402963.966105 12119217.755791288 4048169.9718482555 399.194091796875 -0.06206437589551203 -0.47289734785555015 -0.8488211774052992 -0.22807612857151247
1705402964.061105 12119218.430498721 4048169.9660645756 399.1969909667969 0.1361211714812206 0.7651989138927986 -0.6145516690098518 0.13515877688506553
1705402964.172105 12119219.076485727 4048169.9466959736 399.2791137695313 -0.5757174659079081 0.06560221378115394 -0.8083859668396607 -0.10372018902940502
1705402964.266105 12119219.743066836 4048169.929613941 399.273193359375 0.022594332036603493 0.46930974274723786 -0.7026838165172791 -0.5342970293077175
1705402964.377105 12119220.408534752 4048169.8974674386 399.2778930664063 -0.20558663533492272 -0.060961820115546 -0.7543820468719002 -0.6204236610713901
1705402964.472105 12119221.09771372 4048169.889397187 399.2567138671875 -0.11120984057709184 0.2625405728733046 -0.8730932660807107 -0.39549079341837035
1705402964.581105 12119221.76485143 4048169.9113213704 399.1824035644531 0.2227099494951481 0.811233347419868 -0.5400696605238529 -0.02500992226046002
1705402964.6941051 12119222.445904074 4048169.917374059 399.1635131835938 0.342021319706722 0.7330569156013264 -0.583698651663195 -0.07031969426633077
1705402964.788105 12119223.116604006 4048169.899485002 399.226806640625 0.6313248180741523 0.31343554344291974 -0.6898280738434491 -0.16530082494566356
1705402964.899105 12119223.772609765 4048169.882940985 399.1778869628906 0.611332668059646 -0.12318038008037493 -0.6752035788711289 -0.39395315712143797
1705402964.995105 12119224.431175873 4048169.8741982123 399.1328125 0.560064517135606 0.434490619256383 -0.6413045526641159 -0.29372454639703394
1705402965.121105 12119225.095975872 4048169.886572597 399.1510925292969 0.5198235297216363 0.807704749883051 -0.27819052488141455 -0.0025625827401467988
1705402965.201105 12119225.762111705 4048169.833712451 399.1476135253906 0.5456392882519066 0.7620262541802595 -0.24774975177488734 0.2453850353045942
1705402965.297105 12119226.420677813 4048169.8534845673 399.0999145507813 0.5148334775840427 0.835110172606274 -0.16158678891440262 -0.10689808050929973
1705402965.407105 12119227.723449813 4048169.8252386856 399.0997009277344 0.3517028360296607 0.8473744999336541 0.11444178737960928 0.3810047890673338
1705402965.502105 12119228.378676334 4048169.8051975616 399.0823059082031 0.12868972269983198 0.7504036656797488 0.0880957738310395 0.642318011921623
1705402965.613105 12119229.021880353 4048169.787308505 399.0635986328125 0.4337138262283653 0.7991758183719607 0.22646306199994434 0.3491773329090356
1705402965.723105 12119229.670761665 4048169.7718405225 399.0957946777344 0.27815446370334823 0.7387707673878197 0.27141166996941196 0.5506210611478006
1705402965.834105 12119230.323761798 4048169.764577296 399.1005859375 0.22578866474433917 0.7370972837558806 0.1563960147525688 0.6174523137232425
1705402965.928105 12119230.978431724 4048169.781659328 399.1325988769531 0.2814069591245902 0.5122941636656944 0.6536998567980863 0.48066756750635836
1705402966.0231051 12119231.623750813 4048169.7543549775 399.0679931640625 0.0445218547267911 0.6288768193144906 0.4111640518249741 0.6583888464026757
1705402966.1351051 12119232.263726566 4048169.7723785397 399.0721130371094 -0.42711038241907623 0.41367312572911125 0.6153462983735588 0.5174941539353818
1705402966.243105 12119232.890566615 4048169.734717363 399.0603942871094 -0.2133412775645317 0.3489811107878539 0.6828062856458051 0.6053703493589591
1705402966.338105 12119233.56304766 4048169.770091968 399.0080871582031 -0.062030671155021255 0.4801512001417559 0.5350757090783178 0.6923156840580926
1705402966.448105 12119234.222170366 4048169.774799614 398.974609375 -0.2788283297283418 0.5559779308161392 0.4325176429202696 0.6527417495066495
1705402966.558105 12119234.85758202 4048169.751664893 398.9912109375 -0.36707305167561743 0.4517726276471115 0.5613113268213027 0.5882928369651315
1705402966.651105 12119235.494106866 4048169.760945683 398.9689025878906 -0.4092503587236377 0.3317490296089653 0.6458115746242313 0.5526157212018623
1705402966.761105 12119236.126846854 4048169.7561035315 398.9614868164063 -0.46600436621469843 0.3146677003639373 0.6346256524559247 0.5301645501741892
1705402966.871105 12119236.768603718 4048169.7703609755 398.9266052246094 -0.5489181647567307 0.01379987975240371 0.7433264763212116 0.3820525635548243
1705402966.966105 12119237.390323075 4048169.7110446272 398.9682006835938 -0.603669318392551 0.043324189720223505 0.7086489472469951 0.36266105137205495
1705402967.076105 12119238.000131244 4048169.724495047 398.9266052246094 -0.5371409353759187 -0.3486686423572062 0.7005371920965846 0.31489273708629517
1705402967.170105 12119238.629865604 4048169.71400372 398.9336853027344 -0.4476184039459736 -0.5106767034707317 0.6400101491123166 0.35949141577283306
1705402967.280105 12119239.261158437 4048169.719787401 398.9689025878906 -0.6167964099775057 -0.6277763428080368 0.46825059251478474 -0.07874283877902818
1705402967.374105 12119239.871745843 4048169.6988047455 398.9595031738281 -0.7168045078259551 -0.07053034862456409 0.6759299169008477 0.15599844525411427
1705402967.484105 12119240.51962528 4048169.6811846965 398.9578857421875 -0.5584277650239151 -0.35663782759224505 0.6490044495312681 0.3738463797728885
1705402967.5791051 12119241.16472173 4048169.7040504087 398.9208984375 -0.4780314395929504 -0.7722944338826696 0.3206704504316248 -0.2687335341458469
1705402967.689105 12119241.771858232 4048169.697459705 398.9717102050781 -0.4624407019126371 -0.6820101622434656 0.35388254239442535 -0.44246794460124106
1705402967.800105 12119242.372983482 4048169.692079537 398.9656066894531 -0.49235659395092574 -0.7838134908484321 0.2083320962279173 -0.31594166176419336
1705402967.894105 12119243.000157494 4048169.70983409 398.9476013183594 -0.6759819104559306 -0.5370843201592207 0.48371994709965194 -0.1435405954891086
1705402968.007105 12119243.603843091 4048169.6814537053 399.0014953613281 -0.6768843482118674 -0.5756717378432845 0.4081174844139782 -0.2094510642367195
1705402968.101105 12119244.789729627 4048169.6452720775 399.0476989746094 -0.6347961788340597 -0.7499559575822171 0.17679070430965405 0.057835282434794744
1705402968.196105 12119245.406216968 4048169.633301205 399.0733032226563 -0.65029406717397 -0.7274031669479203 0.16147926855896147 -0.14807668532937576
1705402968.305105 12119246.029940074 4048169.6581844785 399.0447998046875 -0.522613877919024 -0.7827598836257025 0.11836612703410603 -0.31646667938925577
1705402968.416105 12119246.631287964 4048169.650248732 399.0917053222656 0.1084122361130645 -0.4405626794720539 -0.7697604516961289 -0.44902133526363874
1705402968.512105 12119247.226290643 4048169.6462136074 399.1155090332031 -0.308802466304693 -0.7140835771946972 -0.10487120859576665 -0.6194575943457525
1705402968.6381052 12119247.818510333 4048169.6486346833 399.1129150390625 -0.44355100665972086 -0.5779402596852096 0.36710893327154537 -0.5783412416889953
1705402968.7401052 12119248.416295998 4048169.614470619 399.156494140625 -0.3720552317893301 -0.6268631004819802 0.2558592928861272 -0.6349437612860825
1705402968.827105 12119249.021874027 4048169.6263069874 399.1301879882813 -0.37886253862791663 -0.6629967709839641 -0.11326142347273147 -0.6356652487293748
1705402968.940105 12119249.61364844 4048169.638681371 399.1246948242188 0.27886272751328933 -0.01812339944682101 -0.8827449974873394 -0.3777146952494927
1705402969.0361052 12119250.177147703 4048169.6268450036 399.1636047363281 0.6750558523322274 -0.0019520488111903767 -0.7157026554594939 -0.17906840789396045
1705402969.147105 12119250.786287956 4048169.6175642144 399.1441955566406 -0.1161144459039947 -0.25149712401786006 -0.2572571031750769 -0.9257890769117559
1705402969.259105 12119251.366485143 4048169.581248085 399.1846008300781 -0.6900857800968229 0.3340261465150568 -0.2399447532386737 -0.5955121031059681
1705402969.357105 12119251.957035042 4048169.5809790753 399.1376037597656 -0.3534613543281341 -0.28502489427707006 -0.3948711370740821 -0.7986880903986785
1705402969.465105 12119252.526211599 4048169.5819206056 399.193603515625 0.04129982553799909 0.3315701478819049 -0.8012247085751016 -0.4963814337914405
1705402969.562105 12119253.124442542 4048169.602903259 399.2596130371094 0.20670397011947114 0.5799530736731295 -0.6633662013353157 -0.4252918809475344
1705402969.6711051 12119253.686049372 4048169.579365023 399.2916870117188 0.4450137083522081 -0.12385186936403167 -0.5269909101564867 -0.7133751428568903
1705402969.766105 12119254.274372881 4048169.56766316 399.2619934082031 -0.5269533840956272 -0.24877477964383599 0.0609732114935142 -0.8103786198336518
1705402969.878105 12119254.843215479 4048169.537265214 399.3248901367188 -0.498718739533266 -0.2794244667061938 -0.0012642116319621644 -0.8204876525659964
1705402969.972105 12119255.410499604 4048169.5079432996 399.3471984863281 0.07227103346469059 -0.013252478203544797 -0.6517061261492817 -0.7549042288150906
1705402970.083105 12119255.993368458 4048169.5411658357 399.4218139648438 0.4175266192545161 0.6756496451926146 -0.5240224323622744 -0.3075216570359133
1705402970.185105 12119256.561209181 4048169.517493099 399.4413146972656 0.6226775394251415 0.720012619755614 -0.29684458868668995 0.07574826371303045
1705402970.290105 12119257.144523313 4048169.488709202 399.4424133300781 0.6332935435404774 -0.2568090830880436 -0.5002193754307572 -0.5317602457847774
1705402970.386105 12119257.71125084 4048169.491130277 399.4303894042969 -0.05484854793165809 -0.3060088581322941 -0.11059099012912342 -0.9439914451077499
1705402970.496105 12119258.282987744 4048169.4667850193 399.4581909179688 0.41393045076848145 -0.25614661580716347 -0.5196982440485517 -0.7021141134245852
1705402970.591105 12119259.413103215 4048169.4365215767 399.4009094238281 0.6239009687023958 0.7057124118296392 -0.2923493870119872 0.1650739499603781
1705402970.7501051 12119260.54032438 4048169.331473806 399.2731018066406 0.631339630747107 0.6945941736538179 -0.10396097914568225 0.328848474816818
1705402970.812105 12119261.093582248 4048169.303093424 399.3284912109375 0.787501968568367 0.04265122799256163 -0.4113485050868795 -0.45696162816418484
1705402970.9081051 12119261.644502409 4048169.286818416 399.3197937011719 0.3725320833003631 -0.41770831839309347 -0.252435095374239 -0.7893137084078197
1705402971.019105 12119262.206331879 4048169.293274617 399.3171997070313 0.8102329317838304 0.4009547907282083 -0.4273940351161959 -0.009601603625099098
1705402971.130105 12119262.784859272 4048169.2921985835 399.3388061523438 0.5809325105714992 0.5650045140727037 0.4555992085653034 0.36839744623603504
1705402971.2241051 12119263.351141522 4048169.257496504 399.3435974121094 0.6158777684604838 0.46908264173800324 0.1246482646679326 0.6205794547449214
1705402971.335105 12119263.905846545 4048169.2113615684 399.3540954589844 0.821469833191295 0.30485583375324243 0.07799253675810848 0.47557060253270134
1705402971.449105 12119264.484596577 4048169.2381278994 399.32861328125 0.8969625103625786 0.2623102597002017 -0.067451050129451 0.34943087799521727
1705402971.545105 12119265.051324105 4048169.2159347106 399.3724975585938 0.5605093603307272 0.41101785944154157 0.2640467530252768 0.6687098686415065
1705402971.654105 12119265.631521292 4048169.201677267 399.3815002441406 0.29799432965408273 0.35205613789650725 0.526716287039905 0.7140208738057353
1705402971.749105 12119266.205261948 4048169.1905134195 399.3598022460938 0.21337702060621386 0.22852512803040534 0.6171552833714101 0.7220566938562764
1705402971.860105 12119266.77065364 4048169.176121472 399.3710021972656 0.3612895418103371 0.4526342486738334 0.30919707852316314 0.7543137745916431
1705402971.956105 12119267.333373666 4048169.162402043 399.3882141113281 0.09423359879691141 0.23677083674915722 0.6298847024499985 0.7336926204769703
1705402972.0661051 12119267.921140578 4048169.1430334435 399.4129028320313 -0.29860344382555354 -0.10622914453253532 0.6013986319847106 0.733396916842663
1705402972.160105 12119268.509241447 4048169.1415538955 399.4118957519531 0.46553821868345524 0.0846456294101554 0.34960022510993016 0.8086340129934432
1705402972.271105 12119269.067842653 4048169.118150167 399.4205932617188 0.44452323578766884 0.19684357034688696 0.3364437640186141 0.8065093274791916
1705402972.366105 12119269.65226998 4048169.1217817813 399.4450073242188 0.1602522495655087 -0.017586624424102776 0.7023427373704573 0.6933430654542763
1705402972.4771051 12119270.24059349 4048169.110348925 399.44140625 0.17469250626188426 -0.2279808216740858 0.8138317856168855 0.505158487926692
1705402972.573105 12119270.850624299 4048169.1056412794 399.4262084960938 -0.2122835776236286 -0.8655615524220704 0.1739603374076733 0.4188993705521849
1705402972.669105 12119271.429930925 4048169.1033547074 399.4103088378906 -0.37433340662754866 -0.45560530538827426 0.41003641006490243 0.6958221387723724
1705402972.779105 12119272.030833539 4048169.0794129632 399.4177856445313 0.32990181970076715 -0.08588016411403858 0.283741235975244 0.8962590572915339
1705402972.874105 12119272.628841843 4048169.0543951853 399.4046020507813 0.5906163837025551 0.22968602167140564 0.3594292869161351 0.6850016105512725
1705402972.985105 12119273.260357315 4048169.041213775 399.4085998535156 0.2875444557849462 -0.14454993466506025 0.7773263910232975 0.5405434156054088
1705402973.0791051 12119273.87139 4048169.056278244 399.3616943359375 -0.2944146568273199 -0.9356217088484186 0.047164077230332085 0.18896448765794077
1705402973.1911051 12119274.479417058 4048169.0596408467 399.3651123046875 -0.5725623049739132 -0.726162412674799 0.3245738047847696 -0.19877726879302043
1705402973.2861052 12119275.088000715 4048169.035026582 399.3857116699219 -0.6324398313095349 -0.33381070252445627 0.5418678594873036 0.4415535046944411
1705402973.396105 12119275.698476803 4048169.0424243123 399.3580932617188 -0.3981970414125728 -0.20943845957425425 0.5150091243367164 0.7296165086614789
1705402973.493105 12119276.298377536 4048169.015388972 399.3687133789063 -0.3245623499921148 -0.19861758439242216 0.6291754239719495 0.6777526259686735
1705402973.5891051 12119276.916868629 4048169.0352955908 399.4115905761719 -0.24672913497815718 -0.6253968141648395 0.4848592796258141 0.5593880922455681
1705402973.731105 12119277.527122077 4048168.983242472 399.4457092285156 -0.2897002628664244 -0.6419405555716785 0.45265065512907365 0.5468943821421733
1705402973.794105 12119278.78336253 4048169.008394755 399.4585876464844 -0.07626952396617648 -0.5958848717222545 0.38538450498369614 0.7004162781410757
1705402973.905105 12119279.422336407 4048168.964142878 399.4267883300781 -0.05523873361706147 -0.514489694244427 0.31518663154198456 0.7955541616520377
1705402974.001105 12119280.04728403 4048168.9638738693 399.4888916015625 0.3327748599207864 -0.10961913776482887 0.41783047511797566 0.8382495042068818
1705402974.111105 12119280.695831383 4048168.9381835717 399.4797058105469 0.2849558268807183 -0.23111587104844278 0.6158779328452633 0.6971943794312251
1705402974.2371051 12119281.325677061 4048168.9829734634 399.4753112792969 0.133810878442984 -0.3432760671676736 0.673541827922274 0.6407788983411782
1705402974.317105 12119281.95351899 4048168.9555346104 399.4833984375 0.11240987293450566 -0.2248916934122956 0.6876780918284218 0.6810922028038635
1705402974.412105 12119282.603736136 4048168.9640083737 399.5306091308594 0.4313108702776042 -0.20080606222927747 0.6309741876436252 0.6127964042647562
1705402974.5231051 12119283.236810079 4048168.9618563075 399.5302124023438 0.6706143037521585 -0.03460940892653874 0.611173846212402 0.41898111427927465
1705402974.634105 12119283.876340553 4048168.9436982423 399.5304870605469 0.6002481445988026 -0.18709222210118853 0.6819626121451011 0.37366517227481216
1705402974.728105 12119284.527448256 4048168.940470142 399.5567016601563 0.6491987005615456 -0.3158783910493441 0.6329906992430598 0.2794363325143321
1705402974.8391051 12119285.207721666 4048168.928768279 399.539794921875 0.722877988055632 0.14608964612130365 0.6694337633962999 -0.08923937531079323
1705402974.9341052 12119285.856380336 4048168.929575303 399.5798950195313 0.7020875649263851 0.06518083996957869 0.7044398913968506 -0.0811723394106178
1705402975.0461051 12119286.470863927 4048168.927423236 399.6518859863281 0.6642554239264762 0.19875498948799328 0.6691820394415701 -0.2673136435476239
1705402975.141105 12119287.126758367 4048168.917469927 399.6712951660156 0.6889189831818586 0.18215466423749016 0.6860576364082677 -0.1467488754100097
1705402975.253105 12119287.763617173 4048168.9067095923 399.7049865722656 0.5695010855654714 0.2821562500491204 0.6732289223047359 -0.3779142525366985
1705402975.346105 12119288.461033782 4048168.9232536065 399.6943969726563 0.28167399340353727 0.46263474382759273 0.6041956629599436 -0.5844454261127175
1705402975.460105 12119289.101788772 4048168.9181424463 399.7373046875 0.28722269961267183 0.6449641854843229 0.289420776616339 -0.646343511093403
1705402975.554105 12119289.780392388 4048168.9049610365 399.7511901855469 0.43349870987875894 0.49618537554726116 0.4089652522679367 -0.6313686435545384
1705402975.652105 12119290.42459828 4048168.8802122683 399.7825012207031 0.3971500470719831 0.5798025925881339 0.39946395884321373 -0.5886674267564896
1705402975.7601051 12119291.100084951 4048168.8712004893 399.7373046875 -0.0233791400367383 0.5680639167024526 -0.17550911662499133 -0.8037122322904677
1705402975.871105 12119291.762881197 4048168.900791407 399.8207092285156 -0.7028066785622704 0.03563229892803235 -0.709925800708178 -0.028257199617535755
1705402975.9671052 12119292.428015156 4048168.899446366 399.7572021484375 -0.7554619954713704 0.53252711381505 -0.1399693933048045 0.35510648457626454
1705402976.091105 12119293.12476385 4048168.8886860325 399.8333129882813 0.5655707199492834 -0.39807746392738114 -0.3078146550377575 -0.6533867396826938
1705402976.187105 12119293.790677043 4048168.9379145615 399.8786926269531 0.03831312862351202 0.30651748178122723 0.5009376964822796 -0.8084804028426419
1705402976.282105 12119294.468390103 4048168.894335209 399.8536071777344 -0.3854242814169345 0.6581875275636078 -0.57632787660002 -0.2933998645324446
1705402976.378105 12119295.14031455 4048168.9076511203 399.8869018554688 -0.432312513642344 -0.14232927534122086 -0.8614422471961186 0.2253120562126724
1705402976.489105 12119295.86834402 4048168.938452579 399.8982849121094 -0.37704718533006376 0.03976994884434895 -0.5423147591466506 0.7497656121851047
1705402976.583105 12119296.54349673 4048168.9213705487 399.8638000488281 -0.9509301193527404 0.14827628403740897 -0.2160504131366767 -0.1645243771704112
1705402976.693105 12119297.247926468 4048168.9102067007 399.87939453125 -0.7452602389890208 0.047510618255370396 -0.6129642689996875 0.2580789070511166
1705402976.789105 12119297.924303696 4048168.9189494713 399.8713989257813 -0.6123247921852866 -0.316225983699701 -0.6388696327520881 0.3419138319161923
1705402976.883105 12119298.566839796 4048168.939663117 399.9142150878906 -0.04580545256519192 -0.6025331578219727 -0.43003244289918163 0.6707665408281349
1705402976.995105 12119299.260582862 4048168.92594369 399.9254150390625 -0.2671145417295257 -0.3681079388127271 -0.550521745901167 0.7000515511514861
1705402977.091105 12119300.632595586 4048168.9089961625 399.8569030761719 0.20437273897105537 -0.5511969526823054 -0.4651857558697096 0.6618277082860284
1705402977.202105 12119301.309863368 4048168.9326688983 399.9566955566406 0.522837093041987 -0.5382817111407523 -0.471981962486987 0.46273880394637407
1705402977.300105 12119301.985461358 4048168.945984813 399.9367065429688 0.41948715600422803 -0.6468531533467026 -0.37692832021552686 0.5133581258462874
1705402977.423105 12119302.672302617 4048168.9245986477 399.9180908203125 0.5026220820023347 -0.826843237607263 -0.050500363026900155 0.2472873155682042
1705402977.534105 12119303.347677967 4048168.917200919 399.9371032714844 0.5338723572233853 -0.7920242334475835 0.24086402342904628 0.17222787823719307
1705402977.628105 12119304.018377898 4048168.940335638 399.9501037597656 0.6074085969783994 -0.7148573050309045 0.30123282063937146 0.17115086190356438
1705402977.739105 12119304.703994641 4048168.9619908114 399.96240234375 0.6895377232325571 -0.6900644520743302 0.20651227434495167 -0.0755080179020164
1705402977.836105 12119305.361224916 4048168.948540393 399.9772033691406 0.5081411281652921 -0.6331661781312203 0.5807558532589631 -0.06013171910948312
1705402977.945105 12119306.02268533 4048168.9391250997 399.9866027832031 0.39840224968134574 -0.5684537382322555 0.6756425851994848 -0.2482802690581226
1705402978.041105 12119306.666668585 4048168.9567451477 400.0397033691406 0.1875933775752902 -0.3956810150812497 0.7375869474579544 -0.5140143518753374
1705402978.152105 12119307.334585529 4048168.991447226 400.1133117675781 0.26603588469225264 -0.18103127332462537 0.7902366639581061 -0.5215156767258665
1705402978.2471051 12119307.999942126 4048169.033816045 400.0805969238281 0.31461582751200584 -0.43548635903001787 0.47826745104087154 -0.6947148749325739
1705402978.357105 12119308.682998521 4048169.018886081 400.077392578125 0.31522586253929963 -0.1630085089010605 0.8212772987168264 -0.4467264042169437
1705402978.452105 12119309.3174083 4048169.0011315285 400.1083984375 0.31308320026882297 0.5550725950491181 0.707691221512095 -0.30503517654458906
1705402978.563105 12119309.962950027 4048169.0425588167 400.1708984375 -0.09942257962630473 0.8756589881291739 0.41364085122382055 -0.22855575549059265
1705402978.659105 12119310.620514259 4048169.01727203 400.1054077148438 -0.33449495848849364 -0.041331340094593855 0.689848198463455 -0.6407139035080254
1705402978.752105 12119311.2804162 4048169.0603133673 400.1382141113281 -0.24692703111498185 0.10393537874056033 0.6958748140760392 -0.6663202844619358
1705402978.861105 12119311.91905612 4048169.0522431186 400.1579895019531 -0.11858902776788366 0.563917597574103 0.7295633173324003 -0.3683353792975415
1705402978.9571052 12119312.534986861 4048169.0391962123 400.1718139648438 -0.4037193775088159 0.8226749322782677 0.393689524524174 -0.0722853948233782
1705402979.067105 12119313.144683713 4048169.0437693545 400.1803894042969 -0.3952366931455381 0.6948184374079439 0.4750933830380475 -0.36783362111534335
1705402979.162105 12119313.760503136 4048169.072149736 400.1889038085938 -0.42206243669900756 0.5093820676336583 0.6120175325822873 -0.4333909880383347
1705402979.2731051 12119314.402037362 4048169.063675973 400.194091796875 -0.6660971380109881 0.31277240527954603 0.6752608646448582 -0.050107782911405996
1705402979.369105 12119314.998709831 4048169.0591028314 400.2315063476563 -0.5990773046840062 0.45029459818321005 0.6584714509089004 -0.06896742852604626
1705402979.479105 12119315.575567434 4048169.0546641937 400.2524108886719 -0.3897112359587192 0.5175771845355477 0.5974162458734693 -0.47258104043881555
1705402979.591105 12119316.18181338 4048169.0445763795 400.2532043457031 -0.3338769141119663 0.3880222549537027 0.6307592592303297 -0.5831875279692802
1705402979.734105 12119316.758782301 4048169.014312939 400.2402954101563 -0.23687905860099806 0.4623253133609939 0.6224196815097357 -0.5854377475797772
1705402979.797105 12119317.846485045 4048169.0180790536 400.2825012207031 0.03850428789906124 0.587969778299153 0.4746314803980325 -0.6538607783277746
1705402979.893105 12119318.39651465 4048168.9793418515 400.2521057128906 -0.06723313639989706 0.5811004165181198 0.5031980312530849 -0.6360768449136626
1705402980.021105 12119318.928510495 4048168.9728856506 400.2496032714844 -0.12716551748345786 0.4127295190358663 0.5897810501412057 -0.6823793579629467
1705402980.098105 12119319.460172381 4048168.9200255047 400.2171020507813 0.28400685749154875 0.23194050320652426 0.6726157960642626 -0.6427532176153751
1705402980.2241051 12119319.9508687 4048168.940470142 400.2370910644531 0.4637213501500117 0.17534003402333193 0.7412269184811282 -0.4525494859158696
1705402980.3191051 12119320.443902723 4048168.9318618723 400.3056030273438 0.3950024387042003 0.04269898222590557 0.7742832574620158 -0.492580254931738
1705402980.414105 12119320.928810425 4048168.8894930575 400.32958984375 0.6353708085375854 -0.32383740221663904 0.6701990012876348 -0.20558835389420854
1705402980.525105 12119321.414720003 4048168.916124885 400.3626098632813 0.7176180234582941 -0.5724043319029596 0.34292142846725504 -0.19945562695626073
1705402980.620105 12119321.892169299 4048168.8586916 400.3280944824219 0.7154190310650831 -0.6610713440246831 0.2250814217445485 0.0223302862666247
1705402980.731105 12119322.376186445 4048168.7968196757 400.3323059082031 0.5928641174030403 -0.7412329447417327 0.11576399135147328 0.2927192481402434
1705402980.841105 12119322.837939693 4048168.7771820663 400.3561096191406 0.43184246687306976 -0.6343112217350131 -0.17324488009665365 0.6173715002381571
1705402980.937105 12119323.317838017 4048168.742479987 400.3590087890625 0.01802870905086998 -0.5008287266220677 -0.38767876930342077 0.773660600051122
1705402981.051105 12119323.77001779 4048168.651555162 400.28369140625 -0.446158254252707 -0.4890267909070604 -0.5023864562755765 0.5562404682223216
1705402981.159105 12119324.221418325 4048168.686391745 400.3691101074219 -0.6293496339197184 -0.408290298424153 -0.5974594351130035 0.2833024777376346
1705402981.254105 12119324.643541833 4048168.630438006 400.3540954589844 -0.5315548460090981 0.02273970066267536 -0.7935851913230849 -0.29522008029725666
1705402981.364105 12119325.088708479 4048168.5689695966 400.3550109863281 -0.258940260194326 0.37913451119139246 -0.6921631796165151 -0.5568815824368003
1705402981.459105 12119325.504820732 4048168.5424722736 400.3457946777344 -0.22019648183741844 0.5902714748944149 -0.46845998694720337 -0.6193854502180541
1705402981.554105 12119325.903010553 4048168.4940507696 400.3620910644531 0.4287890720216424 0.7695523397712828 -0.12435624025420805 -0.4565792960452769
1705402981.664105 12119326.298194744 4048168.452354476 400.3633117675781 0.6893960906479798 0.6815747882471089 0.19372154051151266 -0.15053505560844463
1705402981.759105 12119326.6840281 4048168.414962314 400.3785095214844 0.5907581689019065 0.5223269217442291 0.556281695611114 0.2621641619765915
1705402981.8721051 12119327.06418416 4048168.377839162 400.3843078613281 0.15098882628138338 0.11496131518069455 0.8310324779197528 0.5228492048312313
1705402981.996105 12119327.410610417 4048168.311125091 400.3677978515625 -0.13422521544986013 -0.5901872709951659 0.6334406174216578 0.48209497082337016
1705402982.076105 12119327.759263061 4048168.2983471956 400.3948974609375 -0.5353186395863299 -0.7301926653152777 0.3144926987415602 0.2852138988013424
1705402982.187105 12119328.079195278 4048168.2415864337 400.43798828125 -0.6485716044535836 -0.7308245165067646 0.014293422584506624 -0.2122406606660912
1705402982.281105 12119328.402578399 4048168.1938374517 400.468994140625 -0.4356386112951696 -0.5788956007545688 -0.4509501742648442 -0.5212895779759363
1705402982.390105 12119328.696127895 4048168.115018006 400.4953918457031 0.16740877939826024 -0.12401007965503283 -0.822938412957405 -0.5285529010453773
1705402982.485105 12119329.308607733 4048168.032028933 400.485595703125 0.4432247201809046 0.36935341052466036 -0.7618818350072142 -0.2943908542064456
1705402982.595105 12119329.584234793 4048168.009432232 400.4775085449219 0.519803553297028 0.712490118253242 -0.4694686170450991 0.041968023315698155
1705402982.720105 12119329.847839348 4048167.945004732 400.497802734375 0.2161694196788297 0.8587968053551651 0.25932557381902854 0.38534280306100455
1705402982.798105 12119330.131926687 4048167.911109683 400.464599609375 -0.1445399668805249 0.6511175666275063 0.3359347823329562 0.665057842914555
1705402982.9081051 12119330.400763258 4048167.8813842614 400.4443054199219 -0.4403672426422633 0.49564621309252066 0.5111999337674212 0.5468876948431713
1705402983.034105 12119330.639098287 4048167.8414365235 400.4802856445313 -0.5232299670610363 -0.5378303001082809 0.5357622240479873 -0.38720512540241214
1705402983.128105 12119330.858731644 4048167.7997402307 400.4804992675781 -0.09220843804186593 -0.5831612504565946 0.2140713305307816 -0.7781992195861941
1705402983.238105 12119331.11732682 4048167.7673247266 400.4992065429688 0.11977015673715041 -0.6394292225904328 0.10535909675208971 -0.7521202294740761
1705402983.331105 12119331.34486386 4048167.7287220294 400.4760131835938 0.16403999649423834 -0.6477609871585883 0.19878712739114063 -0.7169241668747679
1705402983.4411051 12119331.565387772 4048167.705183801 400.5274047851563 0.7733037873737649 -0.3374048360332954 -0.5086626467206811 -0.17152708499198455
1705402983.551105 12119331.77322126 4048167.661738955 400.5137023925781 0.7891027613099473 -0.2555432060341708 -0.5456465281098877 0.11951723015707533
1705402983.646105 12119331.998086631 4048167.6570313084 400.5235900878906 0.7094008944641921 -0.019307565330788257 -0.6240574075204077 0.3270014387939437
1705402983.756105 12119332.179203443 4048167.612241422 400.5112915039063 0.2966365918053193 -0.017792719043990962 -0.5932162407684057 0.7481875722302175
1705402983.850105 12119332.37223144 4048167.5615333505 400.5080871582031 -0.1684633803028275 0.4869220000874701 -0.2573184950349965 0.8175048913863986
1705402983.961105 12119332.569489578 4048167.5673170295 400.5198974609375 -0.49215408133990335 0.503539655928451 -0.2226967752607894 0.6742687308606106
1705402984.070105 12119332.739585761 4048167.4988544094 400.5101928710938 -0.6756242076113882 0.6040109444661508 -0.2134775901688866 0.3648698775594895
1705402984.164105 12119332.891759502 4048167.4894391177 400.470703125 -0.8308271694976297 0.4341911191165159 0.33540744897777997 0.09330664325289098
1705402984.290105 12119333.05239353 4048167.485538496 400.5097045898438 -0.5745134693251236 0.6473276099941335 0.17017737519910303 -0.4711060388847048
1705402984.384105 12119333.194882477 4048167.4385965425 400.4541931152344 -0.45816281774544165 0.5501200506836161 0.35991205751533495 -0.5982625453147564
1705402984.478105 12119333.318447113 4048167.412502736 400.481689453125 -0.15715996312040392 -0.1132578156760855 0.39637159356447754 -0.8974201763919908
1705402984.572105 12119333.434553342 4048167.4022804196 400.5053100585938 0.44646851607318994 0.019199829510698846 0.5326988162823074 -0.7186996603822714
1705402984.683105 12119333.539082343 4048167.3821047945 400.4740905761719 0.5907479988096269 -0.09804868266371017 0.6074118209274211 -0.5219713953158414
1705402984.7931051 12119333.634594465 4048167.37390004 400.4520874023438 0.8335323426689935 -0.3354332203952643 0.3105730153823927 -0.31024633840915794
1705402984.887105 12119333.72131235 4048167.3428295786 400.4631042480469 0.848357280056379 -0.4026216343133415 0.24351009019451791 0.24266969512416275
1705402984.9971051 12119333.785432376 4048167.3510343325 400.4595031738281 0.6861880504172011 -0.5226038143910835 0.1395182820410744 0.4863803672279934
1705402985.091105 12119333.827065865 4048167.3425605698 400.4718933105469 0.4882471046438471 -0.5673301487455906 -0.02554894283097392 0.6626450925279881
1705402985.201105 12119333.905212147 4048167.312297133 400.448486328125 0.07936347532717361 -0.5784041758205998 -0.193253450563545 0.7885449587833084
1705402985.295105 12119333.914117707 4048167.3035543635 400.4234924316406 -0.18510330311855008 -0.4711784688378902 -0.3673268085472879 0.7802554923873638
1705402985.404105 12119333.913115831 4048167.3136421754 400.4377136230469 -0.45669573039739775 -0.29737423439763455 -0.48255291535407024 0.685667746387779
1705402985.499105 12119333.912781872 4048167.293601055 400.4071044921875 -0.7067476722627977 -0.08112693359847661 -0.6430998728096399 0.2834584660726336
1705402985.609105 12119333.915008262 4048167.293197543 400.4345092773438 -0.7669071443963329 0.2722400137045009 -0.5756841291288141 -0.07953986598702767
1705402985.7501051 12119333.92658549 4048167.288220889 400.4206848144531 -0.7397930811653127 0.4370274221456336 -0.40133550694110437 -0.3172428726086719
1705402985.813105 12119333.92870056 4048167.289296922 400.40478515625 -0.7875357401338936 0.43756573763479856 -0.1887979469020134 -0.39074162627682696
1705402985.906105 12119333.930592991 4048167.2962911385 400.4159851074219 -0.5570397967403083 0.546547159043771 -0.2475518418329326 -0.5742046267610716
1705402986.032105 12119333.942281537 4048167.281226672 400.4122924804688 -0.20264833698939583 0.6189467392424821 0.030933026355652593 -0.7582095576929981
1705402986.126105 12119333.927810006 4048167.2672382374 400.3908081054688 -0.1143325488974789 0.4421448400222033 0.191604108670904 -0.86874845280137
1705402986.236105 12119333.946622998 4048167.2629341064 400.37060546875 0.2394754190212474 0.5339893119538083 0.330305251471631 -0.7405439752330439
1705402986.330105 12119333.947624873 4048167.255536377 400.3651123046875 0.4281062367167187 0.40862013755869503 0.4625771360171622 -0.6601340973619844
1705402986.440105 12119333.949517306 4048167.236571291 400.3447875976563 0.6035270324815715 0.21285263086616668 0.49717750261314275 -0.5858868572452346
1705402986.534105 12119333.949517306 4048167.229711578 400.3421020507813 0.7123646594649331 0.12779652264439104 0.615456031983337 -0.3121193897224858
1705402986.644105 12119333.954526681 4048167.2157231434 400.3059997558594 0.7809865390099555 -0.03437472855219334 0.6018869187269498 -0.1631273765730093
1705402986.738105 12119333.963209603 4048167.2206997992 400.3153991699219 0.8109742328280414 -0.16046053943025773 0.5625142898757894 0.012283430313093424
1705402986.848105 12119333.970556688 4048167.2118225256 400.2717895507813 0.7788974482561657 -0.2619325415056182 0.5400091850611526 0.18193457299268603
1705402986.958105 12119333.96576995 4048167.202407234 400.2708129882813 0.7376639359325432 -0.3591919767866076 0.4713185930094279 0.3235611616375661
1705402987.053105 12119333.967662383 4048167.1952785132 400.2568054199219 0.6921354139869231 -0.4171903354216967 0.40154895275325525 0.43088192266402475
1705402987.163105 12119333.97912829 4048167.202676241 400.2388000488281 0.6053455411532188 -0.4708399887040352 0.33360860546167537 0.5482442696508709
1705402987.2731051 12119333.982356554 4048167.186535741 400.2330932617188 0.5540158306669843 -0.49633234510895596 0.26184332957823553 0.6149461222939772
1705402987.384105 12119333.981911277 4048167.176313424 400.2406921386719 0.4755168816567239 -0.518507681629472 0.19534864465589127 0.6832806058873626
1705402987.462105 12119333.986920655 4048167.174026855 400.2034912109375 0.41235462870849227 -0.516295548631405 0.13631170924442917 0.7381203726824915
1705402987.572105 12119333.986809334 4048167.1675706557 400.1986999511719 0.3356497736883175 -0.5229044635378489 0.07613777198855129 0.7798161264758475
1705402987.667105 12119333.989035724 4048167.1573483394 400.190185546875 0.2913801781470814 -0.49906798823622056 0.021280995645006018 0.8158283239292344
1705402987.781105 12119333.993377184 4048167.1597694145 400.1961975097656 0.24206605696201278 -0.4886184106682998 -0.009718475909846785 0.8381894917313376
1705402987.871105 12119333.998052603 4048167.1496816017 400.1718139648438 0.21123094669715153 -0.45147323265486516 -0.038429826932688815 0.8660696021426422
1705402987.982105 12119334.000278993 4048167.148067553 400.1796875 0.2154975469095162 -0.4282735494031663 -0.05420035093540082 0.8759023325211971
1705402988.076105 12119334.003618577 4048167.151699165 400.1817016601563 0.21299160097014308 -0.4011667440192318 -0.0650732108855292 0.8885185977987354
1705402988.186105 12119334.010409068 4048167.143494412 400.1756896972656 0.2465170686302916 -0.36225915270841225 -0.06514401130465311 0.8965232283349107
1705402988.282105 12119334.00940719 4048167.1395937903 400.1556091308594 0.27815734380462404 -0.3175064591778451 -0.0593382787094969 0.9045977609676566
1705402988.391105 12119334.017310875 4048167.1339446153 400.1452941894531 0.34168332031411147 -0.29402660504778644 -0.060076841138008 0.8906130682300119
1705402988.485105 12119334.019425945 4048167.119821679 400.1470031738281 0.41062065098837375 -0.24789658788810104 -0.06406086140764206 0.8751195168267201
1705402988.595105 12119334.017756153 4048167.1299094902 400.1549987792969 0.49188227172697424 -0.2109267611317141 -0.06092153046130298 0.8425261416273375
1705402988.689105 12119334.030112615 4048167.1249328363 400.1290893554688 0.6003989455772898 -0.18622505370824663 -0.07743552768643383 0.7738508089890213
1705402988.799105 12119334.032784283 4048167.1155175446 400.1116943359375 0.6987059604431847 -0.13931342701007507 -0.0974275267767934 0.694916992828663
1705402988.893105 12119334.041467205 4048167.12439482 400.1228942871094 0.7964078474944547 -0.12987152791373632 -0.11591442230150524 0.5791647204285749
1705402989.003105 12119334.036235189 4048167.1176696112 400.1117858886719 0.8852065654421478 -0.1127476585587052 -0.16231527236405138 0.4211306855894378
1705402989.113105 12119334.042914359 4048167.1110789077 400.0940856933594 0.9519337126823781 -0.17407273249462857 -0.21359054345903303 0.1337907702551708
1705402989.208105 12119334.05348971 4048167.1125584543 400.1026916503906 0.9400631423646673 -0.22002615642934611 -0.24434303765830082 -0.09036735473781782
1705402989.318105 12119334.05315575 4048167.1000495655 400.0892028808594 0.8667266788308718 -0.293174833496524 -0.25032925317504423 -0.31649430676066914
1705402989.412105 12119334.05983492 4048167.0945348972 400.0588073730469 0.6268464352457456 -0.4455667906997306 -0.18992498182858236 -0.6102968809707752
1705402989.522105 12119334.071746107 4048167.094938409 400.0736999511719 0.3943362440067244 -0.5309469658440948 -0.09773936499640681 -0.7436674408993028
1705402989.632105 12119334.06629145 4048167.0826985305 400.0556945800781 0.08965848036159163 -0.6062714615328996 0.04519608826842217 -0.7888938999860786
1705402989.741105 12119334.07308194 4048167.0812189854 400.0552062988281 -0.18382564039035973 -0.6229302183289308 0.2219556824513865 -0.727256317989252
1705402989.835105 12119334.076644162 4048167.0816224967 400.0459899902344 -0.4216549308599826 -0.5770163337474874 0.42089307744659576 -0.5586665259594542
1705402989.929105 12119334.083545972 4048167.0785289016 400.0411071777344 -0.5742106039738817 -0.44766054187275456 0.6164539791549792 -0.2997777728887424
1705402990.039105 12119334.080206387 4048167.075435306 400.0184020996094 -0.6004712460443106 -0.24474043063140455 0.7610703591484328 -0.017558835782107762
1705402990.134105 12119334.09478924 4048167.0724762147 400.0220947265625 -0.4922370031759929 -0.0008190261852696057 0.836200501940723 0.24180732506379587
1705402990.243105 12119334.091783615 4048167.0615813765 399.9956970214844 -0.2717530463506599 0.3072557163200179 0.7969884825081256 0.4433436199351512
1705402990.337105 12119334.093008129 4048167.053914639 399.9801940917969 0.013907708392835144 0.5697210890625442 0.6543198478411241 0.4970814752591541
1705402990.447105 12119334.10580987 4048167.0544526554 399.9632873535156 0.27417607969561153 0.7636707842673839 0.43149488410468456 0.3942671373202047
1705402990.557105 12119334.111821122 4048167.0512245577 399.9491882324219 0.4626463539946216 0.8591138947119609 0.1317016785280204 0.17474648757909597
1705402990.652105 12119334.112489041 4048167.0458443896 399.9464111328125 0.5060188296704892 0.831026749509597 -0.1869702475691715 -0.13557880417803017
1705402990.762105 12119334.118834252 4048167.0334700076 399.92529296875 0.3785608706311915 0.699891263097237 -0.4527966448558162 -0.4022674302928641
1705402990.871105 12119334.128073767 4048167.0373706277 399.9054870605469 0.10307173322309818 0.506614706964288 -0.6428173458835192 -0.5652465093471546
1705402990.966105 12119334.130634116 4048167.022709674 399.8941955566406 -0.22215622425188697 0.22443656659047334 -0.744750082390844 -0.587896380650584
1705402991.076105 12119334.132415228 4048167.0268793036 399.8905944824219 -0.5188215559911267 -0.034015683784960477 -0.7529700440926722 -0.4033648955904157
1705402991.170105 12119334.139539676 4048167.029703891 399.8965148925781 -0.6740453026893514 -0.26058283470318816 -0.6844386443187467 -0.09645339985499685
1705402991.281105 12119334.143435858 4048167.026341287 399.8821105957031 -0.6483489807231665 -0.45243971921314735 -0.5536838074825907 0.2614883190606052
1705402991.3751051 12119334.141654747 4048167.018271036 399.8895874023438 -0.4497797122882582 -0.5946893015261357 -0.38062497354969627 0.5469620412556446
