#Stereo rect[ms], MP culling[ms], MP creation[ms], LBA[ms], KF culling[ms], Total[ms]
7.227763,0.066229,0.700939,0.006810,0.006810,8.011834
6.911954,0.105401,1.902693,0.001303,0.001303,8.923584
7.080936,0.449753,2.890311,0.440842,0.440842,22.810844
6.750990,0.389392,4.064697,0.488745,0.488745,27.406594
7.120186,0.368651,4.976705,0.599407,0.599407,30.586140
7.018944,0.390625,5.819464,0.720168,0.720168,35.680735
7.164935,0.405342,6.702128,0.796898,0.796898,38.009063
6.744972,0.458313,7.662649,0.986751,0.986751,41.844106
7.245462,0.428129,8.205608,1.285235,1.285235,46.857484
7.445637,0.454046,9.273589,1.487109,1.487109,53.419714
8.072000,0.526973,10.171678,1.845051,1.845051,59.237636
7.307312,0.543648,9.685720,1.961105,1.961105,62.800527
7.828844,0.589854,11.131198,2.127148,2.127148,69.170063
7.535894,0.665072,10.835086,3.028878,3.028878,73.223705
7.524575,1.223239,11.492578,3.790133,3.790133,85.750844
6.889583,1.005109,13.261698,3.722486,3.722486,95.129158
7.270567,0.607168,13.314221,3.044133,3.044133,107.071343
7.106802,0.625491,14.542126,4.359955,4.359955,124.801210
6.866089,0.653994,14.340954,4.329093,4.329093,120.785996
7.149797,0.746586,14.845807,6.200814,6.200814,135.350790
7.149848,0.676925,13.055325,7.212172,7.212172,143.152271
7.146376,0.700536,13.028930,4.465125,4.465125,153.660152
8.183007,0.769570,14.428251,5.803893,5.803893,143.090220
7.436351,0.797130,15.090348,3.856208,3.856208,139.185668
7.719150,1.045893,13.979804,5.386543,5.386543,126.764662
8.131656,0.847459,13.965641,4.315637,4.315637,125.262537
6.851362,0.905221,14.728694,6.356725,6.356725,95.281631
6.507459,0.775918,14.499658,5.052459,5.052459,98.082491
6.737122,0.757930,13.647463,4.420539,4.420539,128.440720
6.879355,0.696588,14.519327,3.113384,3.113384,117.943088
6.872415,0.598044,13.027940,3.068634,3.068634,116.861264
7.163780,0.779343,13.325101,4.774731,4.774731,127.737363
7.102187,0.719490,13.999810,4.342640,4.342640,121.516481
6.861295,0.791758,12.988235,4.765859,4.765859,129.103942
7.139729,0.836385,12.994153,5.009896,5.009896,134.541671
6.912588,0.710609,12.780226,3.409016,3.409016,137.191061
6.816405,0.812508,13.353262,5.155744,5.155744,143.202382
7.500466,0.694351,13.280427,5.659882,5.659882,151.809435
7.797009,0.682272,13.154880,3.433845,3.433845,137.769423
7.960516,0.744330,13.387538,3.847466,3.847466,139.906406
7.538739,0.766996,13.046164,3.499464,3.499464,141.219022
8.583338,0.936939,15.418296,5.382976,5.382976,153.523787
8.725985,0.720844,14.445810,4.619471,4.619471,127.744383
7.531433,0.852570,15.806545,5.745696,5.745696,148.602590
7.174742,0.791142,13.403185,2.956925,2.956925,120.332818
7.214888,0.770760,12.989600,4.338225,4.338225,120.463487
7.065426,0.743547,12.942208,4.581551,4.581551,124.875731
7.210082,0.768885,12.993585,4.652320,4.652320,120.933282
7.638616,0.907029,13.352896,4.012732,4.012732,119.007976
7.154152,0.835817,13.426254,5.546626,5.546626,98.783931
7.209139,0.912809,13.591606,3.498231,3.498231,94.526090
7.237611,0.885753,13.372218,4.812071,4.812071,96.716015
7.444297,0.768962,12.563444,3.692401,3.692401,81.331945
6.648065,0.775863,12.822158,2.503704,2.503704,97.412973
7.062879,0.882203,12.190993,2.819571,2.819571,73.049039
6.714557,0.806556,10.150549,1.375569,1.375569,61.053746
6.403605,0.829028,9.450312,1.543845,1.543845,45.961180
6.015819,0.988875,6.432036,1.153727,1.153727,32.960018
6.304091,0.959894,5.444306,0.734741,0.734741,32.065142
6.695039,0.849423,7.296641,0.603677,0.603677,35.525587
6.099130,0.767061,7.348651,0.772394,0.772394,33.317776
6.069979,0.786505,8.332905,0.978123,0.978123,37.146444
7.922653,0.813119,10.650866,0.930247,0.930247,46.530697
6.570096,0.750323,10.126884,1.455114,1.455114,50.783807
7.032062,0.873881,9.481604,1.242256,1.242256,43.343665
6.755780,0.745707,9.973110,1.355779,1.355779,46.854098
9.012845,0.846354,12.056434,1.290190,1.290190,56.773287
7.272381,0.919314,9.586406,2.059353,2.059353,63.026293
7.081836,0.900716,9.304096,2.355592,2.355592,57.055210
7.218913,1.060961,10.830957,1.961627,1.961627,64.645725
7.100846,1.036723,13.474128,2.334993,2.334993,70.019118
6.760034,0.983214,9.941706,4.370237,4.370237,76.888080
7.114847,1.078291,10.562618,2.286534,2.286534,74.562806
6.978798,1.130180,11.907761,2.219492,2.219492,73.091287
7.026751,1.114761,13.745236,5.197028,5.197028,86.227170
6.945731,1.070759,11.292751,5.804463,5.804463,78.233512
7.561023,0.872714,11.268210,7.593557,7.593557,70.561843
7.217019,0.922632,11.396029,1.822378,1.822378,69.349009
7.119232,1.105778,13.074897,1.678949,1.678949,69.405432
8.665265,1.094489,15.390571,2.070364,2.070364,74.582787
7.369293,0.954809,15.545252,3.548930,3.548930,93.268716
7.000925,1.182677,11.990856,3.148786,3.148786,85.395533
7.131276,0.948509,12.072331,4.498615,4.498615,90.992162
7.236940,1.134359,13.061031,2.056555,2.056555,69.834973
7.945730,1.142982,12.602263,2.056405,2.056405,66.139357
8.738986,1.106913,12.812803,1.679632,1.679632,67.745347
7.662515,1.049983,14.664819,2.437544,2.437544,81.477359
7.107258,1.151205,11.520816,1.836720,1.836720,72.255766
6.865185,1.009041,11.364611,4.358757,4.358757,75.377832
7.026126,0.966669,11.095838,5.818008,5.818008,74.324636
7.464165,1.060956,11.856719,3.969198,3.969198,78.683570
8.401332,1.027686,12.912594,2.789078,2.789078,65.194376
6.873703,1.015284,18.529553,2.886369,2.886369,91.220788
6.831866,1.129546,12.300361,3.736929,3.736929,85.758576
7.215267,1.116656,12.473785,2.073907,2.073907,67.466184
6.935699,1.039427,12.550170,2.927831,2.927831,69.416489
7.289691,0.995936,12.580873,2.900316,2.900316,66.887035
7.515728,1.069526,13.121035,2.130568,2.130568,72.213806
8.350609,0.789476,13.969568,2.120140,2.120140,72.383400
7.049336,0.795584,14.794435,4.507628,4.507628,82.168424
7.644882,0.798250,17.103050,5.485619,5.485619,90.975065
7.501461,0.828439,13.151784,3.546197,3.546197,98.193741
7.353746,0.917284,13.093520,5.051671,5.051671,108.308985
7.476895,0.864636,13.160818,3.177954,3.177954,109.410612
7.732036,1.039270,13.512602,7.045448,7.045448,105.863320
7.265180,0.789164,14.799429,4.230991,4.230991,108.767844
7.249498,0.982590,18.644384,2.917122,2.917122,124.715189
7.592662,0.968661,13.200165,3.087594,3.087594,123.373163
7.402272,1.025782,13.244446,3.199829,3.199829,126.248404
7.462829,1.010593,13.463491,3.573344,3.573344,127.041370
8.676130,1.031042,13.213032,2.881109,2.881109,127.724063
9.966310,0.885137,13.782604,8.121353,8.121353,123.283029
7.720653,0.935355,12.705099,3.084619,3.084619,120.246351
7.665641,1.132120,12.931986,2.983468,2.983468,126.399625
7.663785,0.917042,12.439515,4.656603,4.656603,136.146340
7.975164,1.301785,13.885672,6.263531,6.263531,136.618253
9.161147,0.929583,16.361790,6.768294,6.768294,151.427502
7.098460,0.917014,13.030411,3.011742,3.011742,133.211491
7.372517,0.897812,12.669444,3.161542,3.161542,136.670651
7.392791,0.883521,12.659085,5.609649,5.609649,142.661933
7.899920,0.927073,14.462872,3.803417,3.803417,147.433934
7.406911,1.020701,12.831565,3.057874,3.057874,135.294887
8.391898,0.892167,13.177142,6.720520,6.720520,102.861768
8.853263,0.860817,14.987434,3.333635,3.333635,129.029295
9.317531,0.910885,14.461052,8.954257,8.954257,125.463804
7.280134,1.115398,15.906795,4.057072,4.057072,135.192051
7.276496,0.844125,12.727929,3.049347,3.049347,123.200411
7.081895,0.825401,12.686320,4.421735,4.421735,127.918258
7.901379,1.125616,13.721748,9.015169,9.015169,107.033668
7.840790,1.010161,17.251402,2.630006,2.630006,101.736670
7.417744,1.179776,12.263057,6.241213,6.241213,98.381171
7.048621,1.257591,12.271913,5.620975,5.620975,111.069283
7.908954,1.109216,14.477261,4.287356,4.287356,99.155882
7.638860,1.225347,12.888832,2.479166,2.479166,100.769683
6.881274,1.195300,11.725474,6.828402,6.828402,66.974388
8.302811,1.390000,13.594661,1.708692,1.708692,59.289031
6.710656,1.249846,11.141403,1.521487,1.521487,48.881902
7.039394,1.190042,11.559146,1.737928,1.737928,54.395516
7.513956,1.250014,12.076368,1.191954,1.191954,50.429369
10.041138,0.953591,12.766663,2.084470,2.084470,60.086071
7.428368,0.904721,12.107532,2.882836,2.882836,67.751952
6.861582,1.080843,12.545422,9.055279,9.055279,67.311184
7.149447,1.155683,11.745312,1.785743,1.785743,61.729023
7.331054,1.156988,13.111308,2.956047,2.956047,68.739406
6.919287,1.409619,12.045343,5.858268,5.858268,69.576044
8.838244,1.196951,13.057111,2.682487,2.682487,69.183666
6.936127,1.136092,11.705350,2.295514,2.295514,61.330311
7.094415,1.189764,12.596454,3.171265,3.171265,71.977448
7.915226,1.224037,13.496832,1.729961,1.729961,68.719975
6.686060,1.010512,12.821096,2.064454,2.064454,73.398904
7.892814,0.895030,13.292991,1.824681,1.824681,68.701898
10.816550,0.856473,14.137384,1.431155,1.431155,67.141896
7.172504,1.072431,12.762715,2.525687,2.525687,69.061010
7.232501,1.041824,12.080383,4.169140,4.169140,87.871148
7.779898,1.058263,11.825387,1.465090,1.465090,59.362144
7.171935,1.033509,11.812805,1.842064,1.842064,63.839140
7.535494,0.879478,11.166911,2.418017,2.418017,55.808826
8.071590,0.946491,12.197837,2.293643,2.293643,62.215306
7.986163,0.989357,12.151942,2.287404,2.287404,61.804171
7.154686,0.833958,17.195995,4.810995,4.810995,80.899367
6.954081,0.758082,11.293341,9.409167,9.409167,68.202471
10.602301,0.733844,11.451680,1.965404,1.965404,57.905454
6.901370,0.717799,11.189661,4.248690,4.248690,64.796226
7.398297,1.037997,10.291423,2.112629,2.112629,54.936479
8.504756,0.823889,11.627165,3.253953,3.253953,65.584083
6.640018,0.841715,10.774501,2.333009,2.333009,65.198494
6.962312,0.959980,10.927722,9.003981,9.003981,69.761057
7.656275,0.879050,11.298025,2.465111,2.465111,60.706207
7.910920,1.291977,16.310089,4.746727,4.746727,93.088288
7.081276,0.814033,18.244483,5.132933,5.132933,83.117485
6.781256,0.855612,11.825864,2.412005,2.412005,69.571978
7.243490,0.801898,12.450102,2.674841,2.674841,66.372611
6.654685,0.799437,12.505993,2.227182,2.227182,85.624186
6.447204,0.764340,12.896393,1.745855,1.745855,65.560341
8.513032,0.644586,14.140494,2.358251,2.358251,73.551787
6.880722,0.710556,13.197931,3.228145,3.228145,91.910126
7.269482,0.717909,12.805252,3.826370,3.826370,85.737053
7.513771,0.757615,18.181235,5.292474,5.292474,101.342451
6.973230,0.938001,12.871688,3.021331,3.021331,98.395232
6.888857,0.782855,12.724900,3.401572,3.401572,88.904090
8.233704,0.818854,12.939663,3.600474,3.600474,88.562529
11.042404,0.877815,14.804429,2.737559,2.737559,116.223276
6.951838,0.960973,13.132366,4.170481,4.170481,107.661351
7.694597,0.980735,12.996862,4.778116,4.778116,103.904389
8.302805,1.123492,13.336070,5.482554,5.482554,90.609002
7.082946,1.120525,12.741146,2.311253,2.311253,109.126513
8.169306,1.394127,13.544635,3.775512,3.775512,93.986893
7.261267,1.009825,19.372328,3.906308,3.906308,108.135933
7.501029,1.023621,12.706505,5.092428,5.092428,107.389663
7.481378,0.977525,19.600249,2.937566,2.937566,121.844748
7.910625,0.914242,12.695957,10.457161,10.457161,89.125291
7.129763,0.944863,16.616158,2.801041,2.801041,105.401126
7.099831,0.992115,10.944170,9.894081,9.894081,67.348803
8.153156,1.004058,10.341690,1.256353,1.256353,52.259030
6.586843,1.552254,7.600289,7.432806,7.432806,42.763242
7.626565,1.211724,6.998358,0.774441,0.774441,38.462050
6.958196,1.635779,6.698334,0.694036,0.694036,34.608120
16.457527,1.310736,7.584590,1.379017,1.379017,49.910416
7.963529,1.205403,8.358109,1.116632,1.116632,39.468406
6.826082,1.248858,8.123882,1.240977,1.240977,49.804583
8.562533,1.143110,8.091292,1.110960,1.110960,42.213680
7.255566,1.213679,8.062896,1.071162,1.071162,41.704152
7.321274,1.010580,8.626439,1.374590,1.374590,44.508009
6.763515,1.061459,8.638654,2.014364,2.014364,48.715830
6.917233,1.174652,9.149769,1.501750,1.501750,46.459167
11.574067,1.123358,11.948997,1.937079,1.937079,69.188708
6.711243,1.273440,9.749767,1.755799,1.755799,50.439301
7.993116,1.140820,9.805892,1.406305,1.406305,51.718824
11.860852,0.975828,12.213238,1.964256,1.964256,68.861552
7.137577,1.027395,10.486375,2.035575,2.035575,59.143295
7.103610,1.060841,10.759982,2.222942,2.222942,59.944851
7.314613,1.128503,11.608933,2.327728,2.327728,65.024021
14.770893,1.398307,12.586615,2.165519,2.165519,75.271997
6.907096,1.275975,11.404983,2.856589,2.856589,65.482887
7.552738,1.204898,11.718535,1.507450,1.507450,63.261395
7.875284,1.390548,12.340108,1.876572,1.876572,64.491384
8.677199,1.035668,13.320178,1.848756,1.848756,71.690162
7.179037,1.101174,12.860176,3.818952,3.818952,99.605003
7.347832,0.953510,12.832482,15.275118,15.275118,86.301690
9.184159,1.239318,14.251847,3.558093,3.558093,76.201713
7.487687,0.998757,21.519992,2.463340,2.463340,100.678707
7.322113,1.156926,13.648812,7.049635,7.049635,101.762398
7.404859,0.855489,13.011254,16.761884,16.761884,99.346341
11.643671,1.088897,14.789612,3.113731,3.113731,105.767182
7.205224,1.111476,12.383482,4.551967,4.551967,108.622953
7.980485,0.892269,12.847305,5.079632,5.079632,108.290267
8.221320,1.121240,12.576040,5.397540,5.397540,134.354496
14.185208,1.225157,14.750928,8.279674,8.279674,154.471855
7.399622,1.286571,12.807200,3.621107,3.621107,124.957095
7.552088,1.574719,14.480344,2.525970,2.525970,102.942246
7.059643,1.118364,12.683491,2.721028,2.721028,122.391216
7.345614,1.190393,12.589441,4.162861,4.162861,104.276010
8.501246,1.102947,12.946093,13.180545,13.180545,108.397668
14.736278,0.913762,15.211679,2.937056,2.937056,106.323269
7.517568,1.025175,13.236812,4.563900,4.563900,109.139028
7.240582,1.009150,14.450149,3.998098,3.998098,114.275595
8.161101,0.831108,14.078151,12.327504,12.327504,119.869741
15.171101,0.884236,15.000919,14.930907,14.930907,142.882693
7.444920,1.021771,14.165638,3.233996,3.233996,102.054273
7.328231,1.034564,13.361627,12.549571,12.549571,108.054403
13.982811,0.837813,15.105427,6.285806,6.285806,88.744063
7.808738,0.971914,12.965338,5.679113,5.679113,101.469189
7.122434,1.017254,12.411995,18.547129,18.547129,95.182314
9.136925,1.053729,13.976160,8.077980,8.077980,99.834056
7.390496,12.009732,14.945390,4.015389,4.015389,124.776105
7.413307,1.001765,12.337262,2.429173,2.429173,109.841127
7.996744,1.026795,13.612093,4.530901,4.530901,95.452395
7.742094,0.982424,12.417446,3.570987,3.570987,125.382970
7.364831,0.992168,12.676661,5.967607,5.967607,111.410715
8.242476,0.916188,14.418584,4.099214,4.099214,131.179330
7.426485,1.009054,13.479746,3.050631,3.050631,126.017144
7.236610,0.894826,13.985757,3.268210,3.268210,127.254280
14.411813,0.817508,15.272622,9.282178,9.282178,156.668443
7.462545,0.847684,13.543712,5.548091,5.548091,145.930507
8.656895,1.100968,14.355152,8.756689,8.756689,150.038245
7.815015,0.954164,13.521072,3.473896,3.473896,129.062174
7.673114,0.960930,12.475047,4.935083,4.935083,133.099869
8.339797,1.124458,13.390344,4.417681,4.417681,136.954903
7.125705,1.089116,12.664446,5.184376,5.184376,137.023662
7.497460,0.848798,12.324931,3.450285,3.450285,146.052484
7.292159,1.288704,13.592618,8.329789,8.329789,147.489664
15.250545,0.803601,15.084495,4.348362,4.348362,169.919203
7.965963,0.928941,13.420905,5.864430,5.864430,131.627651
8.263227,1.091598,13.217458,5.847818,5.847818,144.773442
7.765557,1.033435,15.597284,5.497677,5.497677,152.793995
7.379485,0.983346,13.436787,16.810909,16.810909,171.243495
7.431246,1.050706,13.638421,6.148649,6.148649,148.663463
9.131335,1.009641,14.838870,3.786062,3.786062,149.792014
8.285726,11.490269,15.341164,4.545377,4.545377,174.191354
8.126128,1.028735,13.871295,4.013260,4.013260,160.281072
8.978053,1.085535,13.735312,6.100873,6.100873,156.681876
15.421694,1.317059,14.598520,4.477387,4.477387,172.940698
7.830650,1.100290,13.322402,5.392207,5.392207,144.651263
9.625807,1.079392,14.460415,7.879541,7.879541,161.841319
7.282628,1.192281,13.077619,5.953586,5.953586,141.352070
7.503136,1.005455,12.470362,5.578634,5.578634,131.080956
8.067633,1.013908,13.755755,6.117715,6.117715,147.042413
6.813968,1.129610,24.156253,4.377918,4.377918,124.517642
7.734248,1.006042,13.458619,4.362587,4.362587,121.554792
8.928721,1.159491,14.563278,5.222979,5.222979,134.624804
7.434599,1.039494,13.636874,5.058201,5.058201,132.451529
7.230999,0.909639,12.698749,5.734782,5.734782,124.122416
13.609636,0.907941,14.541723,4.511604,4.511604,121.245220
6.865887,0.790759,12.859386,5.658178,5.658178,120.576845
7.660653,0.909799,13.004658,16.663300,16.663300,120.804850
7.364726,0.916058,15.149729,13.691319,13.691319,133.605796
6.981807,0.875622,13.452777,2.976613,2.976613,122.161853
18.217679,1.038231,15.033371,4.378331,4.378331,116.889159
7.091556,0.762853,13.842851,19.678266,19.678266,103.620449
7.064450,0.856396,14.017308,4.311034,4.311034,129.730425
7.644369,1.566369,16.295956,3.844358,3.844358,100.032787
15.015007,0.963621,14.953264,3.832365,3.832365,104.295470
7.025632,1.204156,12.960666,3.605498,3.605498,89.448715
7.321949,0.989502,13.282494,23.899311,23.899311,104.028633
8.188448,0.977969,14.106006,6.195842,6.195842,81.760376
8.636176,1.238106,12.996359,2.247012,2.247012,61.008383
8.455687,1.004483,11.122871,1.851834,1.851834,50.748952
6.692331,1.072271,10.330892,1.864379,1.864379,47.176684
6.764696,0.925980,10.356448,3.525031,3.525031,60.895382
6.723122,1.012837,9.236824,1.824110,1.824110,51.632241
7.015183,0.925041,10.396351,1.434467,1.434467,48.235554
6.691300,1.935416,9.934267,2.752701,2.752701,68.932654
18.329540,0.948280,11.088802,1.904828,1.904828,70.643736
7.366645,1.001967,11.519464,2.424583,2.424583,59.132160
6.960739,1.090559,26.079091,2.322433,2.322433,84.834097
8.229466,0.994483,11.200163,2.480214,2.480214,60.983539
7.001186,1.056161,10.776782,3.338600,3.338600,68.613433
8.063839,1.171973,12.268903,2.936448,2.936448,70.794992
7.461086,1.082609,11.988474,8.552928,8.552928,82.611296
17.021671,0.849571,13.050737,6.767182,6.767182,95.621090
7.119881,0.947047,11.613145,2.994966,2.994966,74.438283
7.355896,0.880789,12.654178,4.136816,4.136816,99.472144
8.251276,0.845984,13.485230,3.702556,3.702556,90.975234
7.072871,0.921159,13.122491,4.032167,4.032167,102.443293
7.031804,0.957564,13.102772,6.719911,6.719911,121.310907
19.465786,0.828604,14.935836,6.343299,6.343299,108.917236
8.456203,1.329222,14.523387,7.495368,7.495368,98.487223
8.381609,1.126413,13.947938,4.587895,4.587895,94.163715
7.876597,0.961779,13.408164,17.048126,17.048126,97.295490
7.391068,1.013558,12.958179,25.514658,25.514658,96.495321
17.747789,1.041490,12.727967,3.027909,3.027909,83.222505
6.966771,1.199409,10.394148,4.861238,4.861238,60.600108
7.189311,1.242752,6.857204,0.889289,0.889289,36.983835
6.706166,1.380247,20.859213,0.947516,0.947516,53.718154
7.253883,1.493233,7.813468,1.353478,1.353478,41.753459
6.632286,1.193564,6.713033,0.962410,0.962410,36.142503
19.105699,1.039310,7.221632,1.326173,1.326173,55.922401
7.013269,1.221980,7.940712,1.567140,1.567140,42.326220
6.478477,1.098428,8.387320,2.033011,2.033011,60.768159
17.712079,1.076614,7.989471,1.650993,1.650993,60.205702
8.177868,1.489898,8.749335,1.490960,1.490960,50.453720
6.621909,1.221074,8.740974,2.335539,2.335539,51.800696
7.077658,1.232409,31.454105,3.426062,3.426062,98.408812
8.067992,1.391605,9.577319,2.438317,2.438317,60.161075
6.923149,1.296017,9.227481,16.376014,16.376014,71.837925
20.245165,1.634124,9.874205,4.375835,4.375835,83.586485
7.538300,1.324961,11.169060,1.912149,1.912149,61.046314
6.618074,1.408109,10.680624,1.748420,1.748420,57.542468
24.374115,1.000540,11.520300,3.386773,3.386773,90.340980
6.774875,1.273342,11.679081,2.490250,2.490250,66.941612
19.860319,1.019730,13.644041,5.503736,5.503736,95.644997
7.253903,1.003846,12.405192,23.770489,23.770489,84.957821
8.314354,0.971188,13.771678,2.443471,2.443471,69.956841
6.984703,1.107797,12.794957,5.075442,5.075442,82.734808
23.021508,0.956456,14.598929,4.404024,4.404024,96.127803
7.870898,1.080721,12.101330,2.339593,2.339593,68.841548
7.359502,1.043019,11.828946,2.209254,2.209254,73.175270
8.669279,1.225772,16.948615,3.673259,3.673259,84.165179
6.827661,1.189580,11.747293,2.952439,2.952439,89.679719
7.186042,1.363017,14.480117,3.181769,3.181769,80.286146
7.623795,1.072916,12.595918,3.505326,3.505326,96.509448
22.160586,0.895822,13.197542,3.438836,3.438836,104.084527
7.392935,1.010698,12.574954,8.617555,8.617555,97.850961
8.366508,0.875245,13.081381,2.436326,2.436326,84.324903
21.581647,1.003097,14.315444,2.808303,2.808303,125.981869
7.481979,0.942589,12.729730,5.449722,5.449722,103.647032
8.862753,0.936780,14.095128,3.838918,3.838918,90.958652
7.726625,0.983170,14.056795,2.557534,2.557534,106.377193
7.862436,0.957753,13.940035,3.298841,3.298841,99.174277
20.041433,1.084819,16.109691,2.977793,2.977793,125.941005
7.468686,0.908521,13.856394,7.703384,7.703384,118.173393
8.813925,1.144939,15.360991,6.174997,6.174997,100.647658
7.953287,0.822422,13.582023,3.742149,3.742149,113.771330
7.386617,0.930003,14.089775,9.918108,9.918108,131.326545
7.532520,0.926803,15.344306,22.757062,22.757062,137.440755
7.222549,0.944798,13.079562,3.560175,3.560175,120.634673
8.032201,0.956992,13.155302,4.070401,4.070401,142.713077
7.843413,0.842213,30.200813,4.543470,4.543470,137.704437
7.183159,0.987599,12.657105,3.956557,3.956557,112.570025
23.741131,0.925501,14.502623,18.483640,18.483640,158.296794
7.327101,1.106961,13.075330,8.482357,8.482357,122.447982
7.157577,1.220788,13.735395,3.434760,3.434760,104.710141
8.012650,1.074737,15.331039,21.323160,21.323160,135.822348
6.986463,1.265097,13.527673,9.588213,9.588213,126.264739
21.407172,0.997116,13.353411,4.654140,4.654140,132.993008
7.459816,1.066393,12.462468,6.832436,6.832436,115.572977
7.296781,0.992772,19.023089,4.624689,4.624689,153.410402
7.084280,1.067619,12.916104,4.698767,4.698767,121.156058
8.483038,1.100663,14.140422,14.186032,14.186032,133.538535
7.186909,0.920418,13.408683,3.904655,3.904655,130.827591
8.615817,1.041471,15.309133,19.480888,19.480888,135.862144
21.441099,0.848057,14.786144,20.103873,20.103873,165.105522
7.339733,0.965216,12.990617,3.393211,3.393211,124.557216
8.110683,1.083511,14.459297,15.014815,15.014815,133.815387
7.121304,1.058498,12.698137,6.708671,6.708671,111.856875
8.203357,0.953188,13.077396,24.487516,24.487516,117.195762
22.516191,0.916119,14.087697,3.366190,3.366190,129.150754
7.221219,1.103283,12.517003,6.142353,6.142353,104.336768
9.614305,1.049494,13.833899,15.970651,15.970651,133.772491
7.247250,1.154329,12.833362,5.667508,5.667508,123.951114
7.927213,1.140995,13.234176,6.731539,6.731539,146.189733
27.417040,1.062271,12.557249,4.747111,4.747111,139.950038
7.282661,1.172447,12.693992,7.485570,7.485570,129.496536
23.057481,1.106858,13.114566,6.200155,6.200155,135.465428
7.227260,1.276214,13.372317,6.923742,6.923742,127.150347
7.324385,1.227118,14.059345,23.605721,23.605721,146.985562
7.059254,1.248815,12.652686,5.558684,5.558684,131.420870
8.231619,2.072199,14.382698,21.288140,21.288140,141.083094
7.493590,1.052959,12.771968,2.983034,2.983034,122.981737
9.168388,1.376796,15.491772,5.173086,5.173086,142.945364
7.338270,1.252367,13.268763,4.219721,4.219721,114.925747
7.825739,1.002710,13.221575,5.513165,5.513165,128.869547
27.101107,0.931403,13.447063,2.633448,2.633448,123.989362
7.301773,0.958061,12.937305,6.220563,6.220563,133.832291
24.910285,1.009276,14.405621,22.567678,22.567678,162.598832
7.398660,1.019030,13.070199,4.332075,4.332075,117.463626
21.071326,0.820995,13.588438,4.678941,4.678941,127.568385
7.406623,0.882985,12.992351,10.450845,10.450845,114.500768
9.800184,1.515508,18.482006,23.923938,23.923938,130.185290
25.618742,1.217061,14.288427,4.484878,4.484878,123.760678
7.673161,1.193061,13.114706,4.208363,4.208363,134.113393
21.025329,1.078433,13.901121,4.655243,4.655243,125.978872
7.261962,1.171069,13.423738,5.027764,5.027764,114.525862
7.590439,1.008862,14.001240,21.860492,21.860492,137.884325
7.209712,0.970731,12.364594,3.369163,3.369163,126.764293
9.327945,1.820186,20.215878,7.209542,7.209542,155.830958
7.557697,0.987730,13.149346,3.479959,3.479959,133.492250
7.987467,0.950735,14.391863,10.351329,10.351329,159.563773
7.558759,0.967974,32.277901,21.562101,21.562101,181.729096
8.114694,1.066459,13.670556,4.079806,4.079806,152.672612
24.921554,0.958882,15.684795,15.110052,15.110052,197.299824
7.397547,1.088803,13.247211,7.450456,7.450456,153.242926
7.803036,1.131152,17.260364,5.512512,5.512512,167.919835
7.869670,1.134099,14.022406,7.892469,7.892469,164.230810
23.078249,0.993476,14.493653,10.628668,10.628668,189.843399
7.249401,1.315723,14.181171,7.131412,7.131412,151.030616
23.345128,1.140863,15.561741,6.417581,6.417581,186.605176
8.034823,1.199647,14.524748,7.259248,7.259248,153.845530
7.401408,1.463061,14.940104,5.798257,5.798257,151.736737
7.060205,0.966129,14.419340,6.495577,6.495577,140.093578
7.050221,0.994084,15.815451,9.570762,9.570762,159.422101
7.521026,1.069330,20.017042,9.112157,9.112157,163.396116
7.297493,0.751120,14.491546,4.374725,4.374725,146.052153
27.817278,0.658855,14.604892,14.018350,14.018350,199.436706
7.174340,0.682398,13.931174,6.371092,6.371092,137.608664
8.018734,0.996049,15.728191,27.766374,27.766374,143.445049
8.229278,1.472651,14.853642,3.272371,3.272371,76.689983
8.180315,1.278463,13.340456,2.355463,2.355463,58.244137
6.865842,0.826725,11.354670,2.420744,2.420744,54.836080
27.527138,1.204074,12.722651,2.417669,2.417669,92.005519
6.727901,1.010105,12.509275,3.315781,3.315781,61.068120
26.678205,0.857153,13.658234,4.155362,4.155362,103.754257
8.061090,1.236262,16.195666,29.421746,29.421746,109.023571
24.628240,0.935928,13.402153,6.662022,6.662022,98.339198
7.238477,0.711741,13.569199,31.344425,31.344425,99.306896
6.994759,0.876302,37.707225,4.631868,4.631868,123.504550
6.944518,0.591938,12.343470,4.015921,4.015921,72.545133
6.986924,0.757664,13.787883,6.164624,6.164624,81.184774
7.457929,0.738629,11.712057,10.124410,10.124410,102.390577
9.045761,0.925268,12.871219,5.337410,5.337410,104.700569
7.383930,0.802300,11.828581,4.986778,4.986778,121.387415
8.565826,1.127106,13.260038,26.185803,26.185803,140.993957
7.861241,0.970881,12.448699,4.236200,4.236200,117.759755
7.548402,1.159921,15.121922,26.211002,26.211002,146.452601
7.547322,1.147086,13.345570,4.068652,4.068652,131.331050
8.469107,1.388407,14.430485,9.485944,9.485944,156.143908
25.624785,1.132724,13.871646,24.800226,24.800226,178.695338
7.733460,1.078118,13.762907,8.697698,8.697698,140.141562
27.323935,1.200201,13.724808,5.587142,5.587142,186.722760
7.313403,1.415928,14.160112,4.746692,4.746692,155.674295
27.243134,1.249456,14.054140,8.895266,8.895266,200.291618
7.562564,1.039161,12.957752,4.872203,4.872203,148.687488
24.430578,0.856346,13.607379,14.495577,14.495577,200.314877
8.083109,0.944312,13.414545,7.278199,7.278199,149.443495
31.824428,1.291899,13.921232,15.463664,15.463664,212.509326
7.458439,1.074671,13.091177,7.662223,7.662223,162.387681
31.313509,1.322350,13.991403,12.618103,12.618103,214.641252
7.836292,1.123359,13.737849,4.636732,4.636732,174.310044
28.824828,1.183918,14.429302,13.442936,13.442936,218.930020
7.479911,1.071492,14.946808,7.668023,7.668023,191.332609
7.375873,1.109608,38.997180,7.482761,7.482761,226.873850
8.939445,1.151991,16.121258,6.982335,6.982335,198.810610
8.087127,0.917566,15.194391,6.024933,6.024933,188.327380
7.671597,0.955970,15.811368,33.274902,33.274902,228.955226
7.421627,25.030321,16.353489,7.000873,7.000873,222.490781
8.678349,1.089493,17.274770,12.570012,12.570012,199.043526
7.863058,0.929924,15.066474,5.061284,5.061284,138.273285
7.369223,0.815096,14.631477,3.473019,3.473019,125.618556
7.626356,1.009998,14.760544,3.320488,3.320488,69.305887
7.268205,0.883288,13.017359,3.464961,3.464961,71.725353
7.237003,1.077825,12.285658,4.033540,4.033540,70.667807
25.357664,1.104823,11.696666,3.974809,3.974809,122.582842
30.563914,1.201820,18.887454,5.801829,5.801829,264.085842
34.272362,1.223231,20.564489,6.098094,6.098094,268.582692
9.369242,1.308417,30.555172,5.389087,5.389087,254.650768
11.408772,1.591164,23.607310,8.871554,8.871554,259.301354
10.971555,2.039433,23.621978,6.664751,6.664751,268.658935
8.369889,1.001835,17.660235,7.532833,7.532833,292.635823
10.067045,1.246060,19.079859,25.521696,25.521696,297.689953
8.806111,1.158558,19.291302,24.480274,24.480274,381.402960
10.809592,1.274755,18.912972,11.158979,11.158979,366.793544
9.272807,1.351899,17.970719,8.363723,8.363723,328.891599
9.254154,1.051577,18.073414,10.115236,10.115236,368.647380
9.318257,1.176004,17.565057,7.100564,7.100564,298.004411
10.932871,1.100118,19.426147,13.048215,13.048215,352.475151
10.283230,1.200138,19.783823,8.283247,8.283247,314.147269
31.740336,1.232951,21.150967,8.910168,8.910168,411.726658
10.221633,1.136869,23.540618,10.932364,10.932364,377.054792
11.048633,1.149826,21.792399,9.438940,9.438940,358.274218
30.109568,0.972615,23.017077,8.760709,8.760709,408.711241
11.050341,1.244448,24.224288,12.056969,12.056969,352.022642
14.602807,1.510975,26.578698,11.613342,11.613342,367.935873
20.812999,2.117645,22.022829,5.756786,5.756786,256.747080
14.683678,0.997312,17.844735,4.994291,4.994291,202.271017
14.346654,1.141950,18.105350,9.836354,9.836354,188.827725
14.067556,1.189544,20.885842,10.279138,10.279138,212.700871
14.282889,1.112777,20.920539,9.311247,9.311247,224.786644
12.556214,1.401130,21.378718,15.896247,15.896247,211.577313
12.232763,0.791111,17.557624,29.208026,29.208026,234.064222
11.892031,1.568067,18.154244,13.680552,13.680552,203.730177
11.329000,0.801045,17.820968,15.583750,15.583750,211.424218
12.009915,0.731235,17.799185,36.001216,36.001216,249.078279
11.484337,0.810546,17.645652,41.166890,41.166890,233.744708
11.338490,0.838161,17.144910,31.726334,31.726334,246.724294
10.413335,1.115716,44.584217,11.702283,11.702283,267.744089
11.799735,1.060669,17.452609,11.191610,11.191610,222.039432
10.598434,1.077457,16.228945,36.198809,36.198809,253.500143
35.263810,1.413517,15.917060,14.821183,14.821183,246.100748
11.215603,1.189897,16.065420,10.844672,10.844672,204.895214
9.791690,1.210372,42.187080,10.858263,10.858263,263.431574
11.097715,1.812546,16.999813,10.127747,10.127747,225.369498
10.087733,1.479250,15.411907,9.053919,9.053919,182.989236
32.048469,1.211933,15.748185,18.836268,18.836268,230.215269
10.499094,1.603407,16.635270,9.655882,9.655882,166.964865
10.100545,1.150573,15.011826,12.441323,12.441323,170.571056
33.997241,1.385046,15.425136,16.442531,16.442531,221.209776
8.484861,1.114716,15.066492,6.442314,6.442314,140.356256
26.730960,1.367320,14.770864,25.987553,25.987553,171.591948
8.799643,1.097236,15.712402,26.893659,26.893659,146.074082
8.273786,1.210267,14.322688,4.777007,4.777007,130.712307
8.946294,1.468030,18.674475,4.923029,4.923029,100.569439
8.033380,1.139966,12.708753,7.111772,7.111772,110.874502
27.058802,1.398746,12.513170,4.847722,4.847722,115.814495
7.879263,1.181432,11.966877,6.095224,6.095224,77.170210
7.917941,1.285465,37.342462,5.879577,5.879577,118.959534
8.154674,1.190599,13.583463,4.835454,4.835454,75.127584
8.187104,1.295152,37.049716,5.381301,5.381301,122.448814
8.841162,1.381250,12.291559,4.101564,4.101564,68.859348
8.208249,1.302858,11.697423,5.121035,5.121035,120.659182
8.662334,1.858009,13.154529,4.848841,4.848841,76.167679
7.116790,1.372319,10.914372,8.443171,8.443171,96.659330
8.203483,1.182583,12.283733,4.360341,4.360341,69.036131
7.861766,1.371965,11.662105,7.927957,7.927957,102.376989
31.960822,1.265069,12.589992,3.802119,3.802119,105.511276
9.098510,1.305815,11.208911,6.725486,6.725486,75.569981
7.542888,1.389706,11.687598,8.706332,8.706332,96.192612
7.973624,1.351656,13.874849,4.686203,4.686203,76.705980
8.199232,1.349810,12.337684,4.324217,4.324217,105.671716
7.528528,1.505467,12.421278,5.694728,5.694728,99.329966
8.193765,1.407928,12.019749,34.722945,34.722945,100.100036
7.308712,1.162985,11.027854,4.578395,4.578395,102.089233
7.752495,1.512355,11.381543,5.455267,5.455267,98.784143
7.736778,1.456903,40.001716,4.166151,4.166151,108.971421
7.729536,1.340083,11.370538,4.469953,4.469953,68.751001
8.207655,1.396010,39.867661,3.074200,3.074200,123.447790
9.235930,1.279379,13.489791,2.814308,2.814308,73.178801
7.979942,1.200965,40.403515,5.947832,5.947832,124.521966
8.835836,1.531459,12.424365,6.731066,6.731066,90.711758
7.821444,1.149979,41.216402,3.890968,3.890968,127.519783
8.302960,1.697557,14.714883,9.128858,9.128858,93.872160
7.263430,28.384130,12.257878,3.973292,3.973292,126.067721
7.738198,1.310704,41.024493,3.692693,3.692693,123.457072
7.229396,1.249467,36.265030,6.266545,6.266545,119.477453
7.430960,1.193926,37.576285,5.195673,5.195673,123.691939
7.346361,1.404981,37.473951,4.732077,4.732077,121.465543
7.192036,1.713861,12.090797,3.071431,3.071431,71.740245
7.473184,1.248930,39.993224,3.189947,3.189947,121.351616
7.760155,1.212090,14.581099,3.706462,3.706462,78.013101
7.799321,1.195773,12.643393,5.403695,5.403695,104.657818
7.562628,1.478101,12.957664,2.422497,2.422497,66.843314
7.463831,1.256382,11.070525,4.035436,4.035436,61.333826
7.545100,1.139891,12.409392,4.432119,4.432119,66.169822
7.678236,1.242343,11.892121,6.638318,6.638318,103.644956
8.034836,1.289368,13.581784,5.056146,5.056146,74.959673
7.697136,1.416182,11.852173,5.853535,5.853535,106.101830
8.595908,29.377123,12.297705,4.531276,4.531276,125.573490
7.763922,1.382337,13.635928,6.781084,6.781084,92.422102
7.248725,1.246641,39.556160,4.659635,4.659635,126.844073
9.423199,1.217878,13.397671,9.153977,9.153977,90.805348
7.933980,1.225204,12.649332,8.323791,8.323791,111.648956
8.017373,1.109471,14.026352,6.874549,6.874549,99.223076
7.484163,1.127581,12.012698,8.320615,8.320615,114.423290
37.182204,1.212607,13.433510,5.942356,5.942356,148.195032
7.959611,1.307927,13.002320,10.364805,10.364805,89.386177
7.396248,1.067537,42.457555,4.700076,4.700076,134.575976
8.898987,1.222425,13.040364,7.470725,7.470725,101.166236
7.705274,1.153148,12.356878,4.850573,4.850573,114.404583
8.194588,1.080496,13.578820,4.926759,4.926759,108.426445
7.630116,1.267582,12.775461,12.163085,12.163085,120.369409
7.463397,1.358303,13.636781,4.194368,4.194368,110.198651
7.139028,1.189273,11.632367,10.096014,10.096014,119.383218
33.180921,1.168036,12.747800,45.223464,45.223464,207.391222
8.909018,1.424705,12.567461,33.606166,33.606166,134.975688
7.979680,1.739539,44.593865,5.626985,5.626985,148.375929
8.479014,1.293143,15.201897,41.301882,41.301882,141.415030
7.077211,1.587351,44.198246,4.392880,4.392880,145.625348
9.177066,1.579494,14.506168,6.722570,6.722570,156.864461
7.421295,1.315031,12.279574,10.151753,10.151753,110.377194
7.780353,1.349860,12.246305,6.728090,6.728090,109.847900
7.869536,1.427139,11.993330,7.704672,7.704672,115.297243
7.408813,1.559167,12.243933,10.832676,10.832676,140.213725
7.698559,1.457135,14.763202,6.214010,6.214010,105.591317
8.500758,1.510187,12.904387,41.585757,41.585757,150.585121
7.729657,1.525952,43.264554,5.742573,5.742573,137.130114
7.519215,1.261188,14.506638,2.841209,2.841209,76.439684
7.218066,1.224053,12.553210,6.738825,6.738825,111.569032
39.351186,1.389748,15.317167,2.703509,2.703509,129.085183
8.848344,1.333799,15.167952,7.381758,7.381758,98.483363
7.109108,1.148235,44.918716,4.086833,4.086833,129.376344
37.617595,0.998997,16.337408,2.525927,2.525927,127.979322
7.615154,33.013095,13.853648,5.035954,5.035954,125.181881
34.419855,0.900425,13.759591,3.925292,3.925292,124.493188
7.815413,0.929484,15.291924,6.395222,6.395222,88.513269
7.647793,1.003581,13.410208,6.141941,6.141941,116.168726
8.122593,1.006535,14.814149,11.349030,11.349030,135.879776
34.806533,1.195259,15.957432,5.080099,5.080099,144.230684
8.697049,1.535695,13.286356,7.016321,7.016321,94.729531
8.894891,1.683307,13.937168,7.425294,7.425294,108.562732
7.695920,1.299120,11.942923,8.590882,8.590882,116.881300
7.432415,1.070113,10.277685,2.263679,2.263679,61.708488
7.152707,1.082954,10.855735,2.487573,2.487573,55.460480
7.072041,1.210741,11.334235,2.402991,2.402991,56.862468
7.227451,1.016357,40.806486,4.142863,4.142863,102.972840
34.593575,1.007555,9.913330,7.342724,7.342724,99.935868
6.869235,1.170201,41.669164,4.495741,4.495741,107.166157
6.977780,1.332882,12.539166,3.717364,3.717364,67.202564
7.310241,1.240167,13.109487,3.877485,3.877485,71.550589
7.327231,0.936301,13.271793,9.160064,9.160064,80.547304
7.397959,1.287926,13.482578,3.751101,3.751101,72.378497
7.507272,1.210704,12.896427,10.035202,10.035202,83.782053
7.559081,1.062283,11.216839,6.333125,6.333125,113.952349
6.879331,1.081452,44.457556,3.819513,3.819513,123.847640
7.304816,1.085896,12.865421,3.610182,3.610182,86.593564
7.785187,1.179685,10.926726,4.934733,4.934733,116.956715
38.905264,1.191012,11.728946,2.948090,2.948090,131.089263
8.499417,1.335603,13.750327,6.258624,6.258624,91.954870
7.179778,1.204107,12.676340,4.169839,4.169839,109.256793
7.525920,1.706485,44.939891,2.909499,2.909499,140.297928
7.104169,1.760167,18.479253,6.123352,6.123352,109.265720
7.672752,1.397403,13.323983,4.552939,4.552939,120.357082
7.604361,1.430870,12.113569,9.001842,9.001842,114.875133
6.933019,1.289818,12.338728,9.161239,9.161239,124.525228
6.627017,1.246930,12.118300,6.526260,6.526260,140.492499
6.353705,1.325418,11.708958,9.862424,9.862424,127.852151
6.573937,1.311729,12.450754,10.247484,10.247484,128.101727
6.943179,1.341752,11.750444,5.349473,5.349473,131.455119
6.951588,1.509828,11.593648,5.954580,5.954580,131.427399
7.443355,1.354627,12.435436,6.343488,6.343488,122.163302
6.786669,1.132285,12.060231,9.204356,9.204356,147.830478
7.438908,1.229734,12.018821,34.260919,34.260919,119.922635
6.650342,1.429197,12.599007,10.792350,10.792350,147.147932
7.043010,1.194429,45.217418,7.502246,7.502246,166.930923
7.177960,1.242045,14.590099,5.566873,5.566873,174.452054
6.998618,1.145784,13.052568,9.484491,9.484491,145.034089
7.156180,1.175438,47.503290,39.877689,39.877689,216.687954
7.538338,1.216384,15.012182,11.030623,11.030623,179.001359
7.843190,1.446713,13.291192,6.869553,6.869553,164.565963
7.259308,1.090868,47.824616,44.433811,44.433811,208.597658
7.540348,1.381973,19.969345,38.065048,38.065048,159.728354
7.199666,1.307212,12.660303,12.532897,12.532897,130.522334
7.671823,1.119913,46.065860,5.901068,5.901068,158.471427
7.332762,1.711208,14.555590,30.427058,30.427058,154.091145
7.073436,1.259537,12.540788,12.076919,12.076919,149.141859
7.100240,1.474934,46.565449,5.703219,5.703219,161.679426
7.618572,1.299063,15.363311,5.703467,5.703467,177.318847
7.285537,1.337159,13.436317,6.203220,6.203220,140.155137
7.520108,1.209505,48.295725,4.776920,4.776920,168.734394
7.574046,1.375344,14.754264,38.788197,38.788197,159.485618
7.820251,1.364385,13.346842,10.976004,10.976004,143.501171
7.557748,1.240631,45.932729,6.820643,6.820643,153.717020
7.412146,1.412850,14.854058,40.245374,40.245374,159.722566
7.864016,1.176636,12.598302,12.231577,12.231577,148.301079
7.594122,1.322667,48.512067,7.173961,7.173961,166.011583
7.681810,1.347928,14.644373,9.724927,9.724927,173.352220
7.323023,1.262008,13.853674,9.730713,9.730713,149.094277
43.447986,1.248244,13.346202,5.397209,5.397209,234.224648
7.475930,1.407744,13.403230,45.704894,45.704894,223.145789
7.620233,1.271182,49.521483,5.542531,5.542531,173.120080
7.143011,1.208361,47.704981,6.904092,6.904092,148.535701
7.156646,1.182596,46.372439,6.935268,6.935268,154.217525
7.645586,1.296960,49.970510,6.134179,6.134179,144.912303
7.018508,1.443589,13.854644,41.341923,41.341923,113.896638
6.913663,1.393553,13.875779,8.206541,8.206541,77.221618
6.717113,1.442478,45.736693,4.474589,4.474589,125.812355
6.817145,1.268267,11.884831,5.094993,5.094993,121.040490
7.248582,1.973345,13.005891,5.202407,5.202407,71.964671
6.822405,1.225531,12.036599,5.021479,5.021479,66.272754
7.305430,37.473593,12.487934,5.114090,5.114090,130.466975
7.888095,1.259688,15.691416,5.246897,5.246897,75.234185
7.438085,1.160438,12.474491,49.572967,49.572967,117.611725
7.270079,1.135098,48.447100,7.345015,7.345015,139.401330
7.587385,1.197691,13.278889,9.697600,9.697600,96.623414
7.023474,1.049926,12.513403,9.533313,9.533313,127.621966
6.994809,1.247699,51.221242,3.995707,3.995707,146.449331
7.569715,1.485100,13.744760,7.842546,7.842546,111.188336
7.250473,1.168250,12.239047,11.392814,11.392814,136.341123
7.539098,1.199119,49.932027,7.470466,7.470466,158.751074
8.055250,1.340666,14.911885,41.627816,41.627816,166.004814
7.496149,1.181744,13.450222,5.952986,5.952986,144.687480
7.576020,1.128669,51.093822,8.003821,8.003821,177.469626
8.352950,1.053481,16.325156,10.088343,10.088343,179.910635
7.676588,1.278935,13.385795,10.729457,10.729457,156.585747
8.055802,1.317540,52.028961,11.777464,11.777464,254.047528
38.854277,1.451606,13.449745,15.999602,15.999602,242.525270
7.939503,41.000226,18.134754,12.167654,12.167654,257.599028
7.144619,1.162402,49.435396,16.282891,16.282891,249.673388
7.347432,1.340584,51.544860,7.645650,7.645650,250.891963
47.381534,1.705474,14.633541,7.931450,7.931450,256.103677
8.031743,1.412142,15.782265,15.789148,15.789148,193.674359
8.186056,1.150576,14.787569,11.952971,11.952971,190.262321
7.731485,1.402281,15.246513,46.538191,46.538191,167.724210
8.329053,1.242984,15.231535,47.317084,47.317084,166.776924
7.161414,1.378192,49.926485,5.390678,5.390678,154.419850
7.480932,1.365288,13.815098,9.916816,9.916816,140.456263
7.364473,1.498288,48.963833,6.916876,6.916876,153.656899
7.646634,1.427934,15.305341,7.926255,7.926255,111.508631
6.489093,1.223686,53.013775,3.338146,3.338146,126.148552
6.854302,1.040367,11.981370,3.328616,3.328616,56.565920
7.013263,1.143721,12.845711,4.215605,4.215605,60.669006
7.705539,1.393445,12.743520,2.647093,2.647093,55.207974
6.405741,0.933165,45.681892,4.905915,4.905915,96.029252
6.998374,0.998960,7.849537,3.628275,3.628275,45.347256
7.078473,1.294889,8.623426,3.049378,3.049378,53.937308
7.535723,1.089960,8.957327,3.478039,3.478039,54.643245
6.917417,1.348986,9.320367,3.280973,3.280973,56.159889
7.326190,1.463814,9.966374,3.672084,3.672084,60.554751
7.037842,1.337157,11.380189,2.623619,2.623619,64.631063
7.332958,1.304247,12.179962,5.738103,5.738103,89.021317
6.823477,1.216555,12.554069,4.240573,4.240573,72.434245
7.137476,1.185147,11.688316,5.683161,5.683161,73.255019
7.082473,1.430577,11.749441,7.941569,7.941569,77.416259
6.910778,1.499385,12.882179,7.969863,7.969863,132.385715
6.618604,1.264602,50.952254,2.738536,2.738536,136.075306
7.239909,1.292037,13.187813,10.850584,10.850584,98.975494
7.537781,1.093393,11.235862,36.461930,36.461930,127.563670
7.550657,1.135938,50.867876,5.440683,5.440683,150.665465
7.578269,1.186799,13.125074,4.777871,4.777871,95.226286
6.942076,1.336404,12.889690,8.891676,8.891676,132.087207
7.124242,1.173509,53.392878,6.286136,6.286136,142.625387
7.543479,1.250782,14.064312,8.534482,8.534482,89.553223
7.010216,1.198781,13.069139,8.677283,8.677283,138.820210
6.730647,1.591633,53.173500,2.965719,2.965719,141.098567
7.424861,1.190208,14.756311,6.082399,6.082399,92.231599
7.342939,1.166885,13.907694,43.273154,43.273154,130.403001
8.065201,1.088138,54.786707,3.556740,3.556740,145.740137
7.419564,1.075312,14.365031,11.376226,11.376226,104.191002
7.244463,1.012453,13.080196,10.906704,10.906704,136.857671
7.539694,1.212935,54.041644,3.092644,3.092644,152.770876
7.090315,1.088503,13.193024,44.046358,44.046358,155.468885
7.009567,1.170771,12.192733,7.597863,7.597863,159.519942
7.236656,1.126620,47.207057,3.139501,3.139501,149.331290
7.337503,1.230987,13.010564,9.001103,9.001103,110.401812
7.149129,1.225583,12.054946,5.156617,5.156617,139.865501
7.160687,1.293869,12.554281,7.003209,7.003209,141.202149
7.582861,1.547192,12.488501,5.100499,5.100499,162.561236
7.176870,1.425259,12.982874,5.519251,5.519251,169.321702
7.231677,1.225366,12.392953,6.847430,6.847430,151.717740
7.666018,1.259898,12.457916,4.935457,4.935457,160.096881
7.256548,1.277966,12.274999,7.873296,7.873296,148.925877
6.852544,1.250339,12.572552,12.527222,12.527222,155.367575
7.188177,1.336437,52.904204,52.677692,52.677692,241.418477
8.810471,1.607000,18.437064,10.626103,10.626103,184.420720
7.537268,1.124410,13.829823,39.186741,39.186741,166.098654
6.559038,1.152327,12.843076,9.942301,9.942301,140.464162
6.629516,1.119387,55.175856,5.492565,5.492565,154.427523
7.657069,1.246657,14.911110,7.786175,7.786175,113.283274
7.397190,1.236046,13.184984,48.518513,48.518513,134.221033
6.964870,1.202284,50.983477,5.016186,5.016186,141.801666
7.619933,1.406028,14.131899,9.410289,9.410289,97.770931
6.953355,1.242066,12.916903,9.423507,9.423507,136.257973
47.792084,1.085091,13.495556,4.034797,4.034797,142.904354
7.617255,1.238009,14.795099,6.012918,6.012918,91.609348
7.747275,1.358566,15.374837,7.104285,7.104285,86.847745
7.097641,1.865916,14.003600,7.897036,7.897036,102.997140
6.604443,1.408649,15.103618,8.729860,8.729860,117.434242
7.451290,1.457347,14.208073,9.206676,9.206676,99.463235
7.486299,1.400525,13.735467,4.491849,4.491849,71.086678
7.304230,1.579047,13.695404,4.078334,4.078334,72.139101
6.962475,1.323142,11.943559,4.575796,4.575796,66.653042
7.323685,1.440709,51.844667,5.116109,5.116109,126.787966
7.640598,1.696733,13.738095,9.758486,9.758486,90.500650
7.692741,1.486876,13.057640,2.756200,2.756200,67.483381
7.268389,1.177410,12.217265,5.077112,5.077112,139.616875
7.597490,1.451202,13.874273,6.632382,6.632382,80.158193
7.404249,1.278256,12.537789,5.551557,5.551557,69.399511
7.021006,1.300345,53.031372,7.769424,7.769424,140.265017
7.329600,1.372161,12.374463,2.533421,2.533421,65.272374
6.693420,1.201179,11.543512,3.957309,3.957309,59.128901
6.712530,1.217803,12.554279,4.178837,4.178837,125.674945
6.426599,1.147740,12.897039,10.652648,10.652648,86.368308
6.207785,1.258948,11.085803,8.167668,8.167668,81.087153
6.442336,1.031137,11.593499,8.060834,8.060834,81.236313
6.509062,1.031638,11.297929,7.021788,7.021788,86.986004
7.210685,1.098109,12.609117,4.057598,4.057598,56.499056
6.984976,0.990368,12.096861,10.365616,10.365616,86.567534
7.401179,1.042958,13.702203,3.777258,3.777258,66.734406
7.260148,1.163164,12.604149,4.281814,4.281814,65.464342
7.197860,1.084893,55.782135,3.841311,3.841311,134.716406
7.419800,0.858178,52.615005,3.723910,3.723910,143.058483
8.028035,0.931950,15.216823,7.404595,7.404595,99.896512
7.235580,1.391672,13.139642,8.898566,8.898566,96.372800
8.672871,0.850949,13.637595,4.940819,4.940819,104.986147
7.855846,0.855691,14.716596,9.074733,9.074733,110.163360
7.635659,0.760884,58.880705,5.775279,5.775279,166.261763
7.297117,0.811989,55.922388,4.903858,4.903858,171.554631
7.727117,0.769445,56.779864,5.740974,5.740974,178.839941
7.252885,0.795513,55.498016,7.042343,7.042343,170.299925
8.312172,0.918991,12.477682,47.492473,47.492473,152.953187
7.197349,0.798750,11.328594,34.091202,34.091202,132.808522
8.972256,1.141890,27.458511,14.386996,14.386996,393.944084
10.324878,0.772112,26.367415,11.399296,11.399296,433.940555
10.288749,0.822515,82.536636,15.810937,15.810937,513.610545
10.951139,1.181440,25.463804,13.522303,13.522303,457.418235
61.229824,1.328108,54.985314,68.432347,68.432347,652.148680
11.786789,1.357366,29.152751,14.924618,14.924618,481.463711
11.567734,1.297858,28.677955,14.152284,14.152284,435.194204
12.713192,1.266137,34.897821,15.085339,15.085339,456.230088
9.801528,1.609483,76.948357,12.902390,12.902390,503.340852
11.221611,1.136181,23.617072,12.860865,12.860865,407.459777
10.006682,1.202839,23.041553,31.795312,31.795312,375.750453
9.468178,1.098154,68.852636,45.975799,45.975799,433.369621
10.394129,1.120179,24.172385,28.795145,28.795145,367.118401
9.309435,1.167075,67.019920,9.658351,9.658351,368.029937
10.649246,1.343589,23.377825,13.795262,13.795262,359.748826
9.418856,1.187947,18.770142,48.373403,48.373403,330.504221
9.325012,1.048955,17.885889,31.604603,31.604603,319.315164
9.519223,1.148259,18.719483,11.641397,11.641397,244.471456
9.500556,1.292364,17.936142,51.127518,51.127518,316.864621
8.475555,1.706416,18.919216,8.581211,8.581211,239.773238
8.816467,1.351082,17.701799,14.868693,14.868693,214.857580
7.847279,1.316299,15.784662,13.502877,13.502877,208.373142
7.507788,1.237870,16.190497,9.910673,9.910673,290.048511
7.198885,1.329923,15.269901,19.493374,19.493374,289.827864
7.929908,1.179922,59.073979,16.469176,16.469176,281.225805
7.276869,1.376971,57.756776,12.660935,12.660935,283.015785
7.538581,1.350646,59.808845,17.152181,17.152181,287.600166
7.563216,1.255043,14.587544,62.721836,62.721836,267.620665
7.095051,1.507471,13.750513,9.429923,9.429923,160.141539
6.910840,1.525202,58.848896,4.439295,4.439295,156.514199
7.058087,1.500783,16.174207,11.280718,11.280718,87.470869
7.514951,1.354267,14.069253,2.263945,2.263945,67.175767
7.029725,1.121868,12.356130,5.607362,5.607362,134.446331
7.223377,1.141612,14.256913,4.203636,4.203636,66.824931
7.133160,1.363478,14.096647,4.268174,4.268174,66.019780
6.910954,1.219886,58.913592,4.827862,4.827862,135.595775
7.204741,1.428105,16.407606,5.987120,5.987120,75.991736
7.653316,1.170519,15.360189,9.120392,9.120392,84.810197
6.860756,1.022509,56.881636,4.392160,4.392160,133.301085
7.010365,1.042868,56.478728,5.009393,5.009393,136.665987
7.300176,1.089212,59.727313,6.517669,6.517669,146.409908
7.538633,1.208498,14.228023,6.673970,6.673970,88.860812
7.189254,1.069676,12.090682,57.074675,57.074675,133.695096
6.737942,1.167491,58.550498,3.428567,3.428567,153.358798
7.658760,1.196573,14.074938,8.639223,8.639223,104.031749
8.551585,1.063467,13.338475,55.691714,55.691714,156.125576
7.406361,1.205019,12.951246,7.557467,7.557467,132.104018
7.840724,1.463068,23.685529,8.413568,8.413568,270.726830
8.109225,1.362261,21.959718,19.811831,19.811831,227.749592
7.821993,1.558067,22.110953,9.760188,9.760188,239.549506
8.947369,1.557100,27.602678,7.796884,7.796884,256.805184
7.397993,1.618157,27.300948,20.290037,20.290037,224.348662
8.937633,1.366744,22.425049,18.100528,18.100528,224.417173
8.918657,1.437133,23.202101,10.316350,10.316350,245.116377
7.626182,1.368365,25.696470,22.241436,22.241436,232.368240
7.619091,1.707030,25.277272,19.570148,19.570148,248.756810
7.906779,1.512839,26.399348,10.516390,10.516390,276.033475
55.565676,1.008442,25.950651,12.219626,12.219626,361.825055
8.030324,1.270168,72.567867,13.399383,13.399383,318.625024
8.818853,1.428933,83.004430,24.784583,24.784583,337.735460
8.635188,1.572271,26.718256,23.045573,23.045573,246.075018
8.769289,1.236121,23.030186,10.623125,10.623125,228.946065
8.964292,1.404494,21.957698,19.890781,19.890781,221.867305
61.950724,1.522670,24.416366,20.760189,20.760189,322.521775
8.154323,1.575893,20.108274,19.555176,19.555176,334.499891
7.886326,1.576854,79.279362,14.550629,14.550629,295.501365
7.401870,1.745107,69.595530,3.208319,3.208319,150.830696
8.573273,1.653024,17.919480,5.576061,5.576061,92.943261
7.736958,1.513116,17.026514,4.523162,4.523162,131.947048
7.143456,1.257396,12.701948,3.032476,3.032476,59.137086
8.277051,1.736569,13.223094,2.461928,2.461928,58.183992
7.526351,2.311651,11.653045,5.507908,5.507908,68.009593
47.623873,1.434759,9.475648,7.278731,7.278731,119.427004
7.639775,1.533830,11.866056,5.749416,5.749416,66.958043
7.651784,1.586956,10.566741,2.349995,2.349995,59.592902
6.594211,1.488266,11.452976,2.894054,2.894054,127.311889
6.778210,1.254992,11.178484,4.581662,4.581662,64.404160
6.788705,1.420907,12.931537,4.813124,4.813124,64.714659
6.557425,0.971704,13.216980,11.101684,11.101684,93.853946
6.911109,0.900013,12.900505,5.281367,5.281367,73.687510
7.506722,1.108861,13.743560,10.082098,10.082098,80.413963
7.104572,1.043807,12.814852,12.549927,12.549927,103.516916
50.383665,0.820949,12.651947,8.447253,8.447253,145.881601
7.679698,0.960087,13.945910,9.588377,9.588377,101.949590
8.399097,1.099530,13.223191,6.092411,6.092411,88.804893
8.353610,1.220430,13.930571,9.411289,9.411289,94.545932
8.189917,1.018862,13.876958,7.898985,7.898985,112.088341
7.166271,1.106785,14.511715,4.987670,4.987670,123.576921
50.027405,0.940078,13.291725,7.861706,7.861706,167.957786
7.431480,1.178111,13.622932,9.221528,9.221528,184.037987
7.472867,1.209468,12.836464,8.422224,8.422224,184.297201
7.233132,1.404716,13.266649,13.535987,13.535987,192.943121
7.946761,1.538697,13.862466,8.836987,8.836987,146.450026
7.628696,1.252612,12.990271,7.204888,7.204888,182.038244
9.341231,1.278429,13.000066,15.048738,15.048738,190.377872
8.044927,1.412691,15.160435,11.986695,11.986695,192.331083
7.971478,1.384845,14.356387,55.519745,55.519745,182.992106
7.249631,1.552182,14.477807,52.319723,52.319723,185.176102
7.018923,1.516519,14.274126,60.189132,60.189132,187.162620
7.018845,1.439607,13.466480,51.261150,51.261150,173.913728
7.696514,1.456216,13.713450,4.790380,4.790380,72.487115
6.567347,1.134160,13.351620,12.456477,12.456477,160.637257
7.028998,1.075872,61.395334,5.801332,5.801332,153.066136
7.498259,1.045135,14.544494,53.031487,53.031487,171.251854
7.557598,1.309391,14.780237,54.160258,54.160258,176.781742
7.053321,1.386850,15.485229,10.460537,10.460537,99.848499
7.102937,1.353201,14.729779,11.817277,11.817277,117.830814
6.748138,1.357386,13.812727,8.383370,8.383370,104.016169
51.352676,1.124145,13.850719,5.886539,5.886539,164.090747
7.481792,1.174933,13.331627,4.958100,4.958100,167.319503
53.089930,1.106319,13.360426,4.644792,4.644792,160.711962
7.426967,1.301031,14.589476,60.017308,60.017308,185.295046
9.046862,1.382110,14.137917,17.464521,17.464521,202.108569
