#Image Rect[ms], Image Resize[ms], ORB ext[ms], Stereo match[ms], IMU preint[ms], Pose pred[ms], LM track[ms], KF dec[ms], Total[ms]
0.000000,0.000000,6.276077,0.000000,0.000000,5.444252,2.035697,0.037939,28.623668
0.000000,0.000000,5.606246,0.000000,0.000000,2.515858,2.666180,0.036926,15.731025
0.000000,0.000000,7.316579,0.000000,0.000000,3.011123,2.585721,0.035523,14.650077
0.000000,0.000000,9.473261,0.000000,0.000000,1.957075,1.956464,0.034557,16.633707
0.000000,0.000000,5.854791,0.000000,0.000000,2.025715,1.630746,0.035888,10.516973
0.000000,0.000000,6.570041,0.000000,0.000000,2.759195,2.129946,0.037802,11.030595
0.000000,0.000000,5.419159,0.000000,0.000000,1.959077,1.577989,0.036776,11.195130
0.000000,0.000000,5.661657,0.000000,0.000000,1.981422,2.000904,0.038275,10.017732
0.000000,0.000000,4.817691,0.000000,0.000000,2.136753,1.809181,0.034398,9.680129
0.000000,0.000000,4.312769,0.000000,0.000000,1.953385,1.660360,0.034616,9.130370
0.000000,0.000000,4.366405,0.000000,0.000000,1.736093,1.685536,0.034310,8.692983
0.000000,0.000000,4.394853,0.000000,0.000000,1.695637,1.814815,0.064990,8.553849
0.000000,0.000000,5.113922,0.000000,0.000000,1.735679,2.065943,0.040091,9.351204
0.000000,0.000000,4.176256,0.000000,0.000000,1.557312,2.934690,0.036096,9.419262
0.000000,0.000000,4.008487,0.000000,0.000000,2.616855,2.831376,0.036707,9.668478
0.000000,0.000000,4.583559,0.000000,0.000000,2.130410,1.821759,0.036440,10.872698
0.000000,0.000000,5.690373,0.000000,0.000000,1.886798,1.775581,0.035533,10.598169
0.000000,0.000000,7.218624,0.000000,0.000000,2.198703,2.322054,0.035928,11.652907
0.000000,0.000000,5.194213,0.000000,0.000000,1.605917,1.721622,0.035789,10.685700
0.000000,0.000000,8.653626,0.000000,0.000000,1.694048,1.571044,0.034478,13.001411
0.000000,0.000000,7.727778,0.000000,0.000000,1.688691,1.501507,0.036056,11.936511
0.000000,0.000000,5.291361,0.000000,0.000000,1.649381,1.626307,0.035336,9.200450
0.000000,0.000000,4.385118,0.000000,0.000000,1.571320,1.661879,0.035997,8.645208
0.000000,0.000000,4.251982,0.000000,0.000000,1.568390,1.611313,0.034912,8.244695
0.000000,0.000000,4.893877,0.000000,0.000000,1.704851,1.689165,0.035296,8.807869
0.000000,0.000000,4.568682,0.000000,0.000000,1.557854,1.684292,0.035267,8.740364
0.000000,0.000000,4.309257,0.000000,0.000000,2.114498,1.786532,0.036867,8.263379
0.000000,0.000000,4.725089,0.000000,0.000000,1.706959,1.801507,0.034879,9.495558
0.000000,0.000000,5.281938,0.000000,0.000000,1.512110,1.695970,0.035720,9.927592
0.000000,0.000000,4.332478,0.000000,0.000000,1.509954,1.543655,0.035067,8.441419
0.000000,0.000000,5.388365,0.000000,0.000000,1.365057,1.731610,0.034987,9.232076
0.000000,0.000000,4.679515,0.000000,0.000000,2.299650,1.661734,0.050568,8.537737
0.000000,0.000000,4.540029,0.000000,0.000000,1.535019,1.578375,0.035363,9.306097
0.000000,0.000000,4.296689,0.000000,0.000000,1.568878,1.540351,0.053258,8.157997
0.000000,0.000000,4.389684,0.000000,0.000000,1.647994,1.643761,0.035205,8.276701
0.000000,0.000000,4.221214,0.000000,0.000000,1.934454,1.631069,0.037608,8.342056
0.000000,0.000000,5.843084,0.000000,0.000000,1.467152,1.590097,0.035403,10.320864
0.000000,0.000000,4.220977,0.000000,0.000000,1.595904,1.756755,0.035077,8.068210
0.000000,0.000000,4.623962,0.000000,0.000000,1.639877,1.726971,0.036174,8.764389
0.000000,0.000000,4.722005,0.000000,0.000000,1.572994,1.615817,0.035067,8.835927
0.000000,0.000000,4.659424,0.000000,0.000000,2.154982,2.192749,0.038361,8.603191
0.000000,0.000000,4.387062,0.000000,0.000000,1.538086,1.618902,0.035215,9.628750
0.000000,0.000000,5.269059,0.000000,0.000000,1.601048,1.470891,0.045038,9.228227
0.000000,0.000000,5.563164,0.000000,0.000000,1.449445,1.556367,0.034770,9.529505
0.000000,0.000000,5.065000,0.000000,0.000000,1.673427,2.139413,0.036056,8.835235
0.000000,0.000000,4.743811,0.000000,0.000000,1.952683,2.196429,0.038776,9.370009
0.000000,0.000000,5.147508,0.000000,0.000000,1.615965,1.768982,0.035640,10.340361
0.000000,0.000000,5.104399,0.000000,0.000000,1.718437,2.350475,0.035037,9.260722
0.000000,0.000000,6.155775,0.000000,0.000000,1.271312,1.549046,0.035354,11.236464
0.000000,0.000000,4.503320,0.000000,0.000000,1.506333,1.654058,0.034938,8.075489
0.000000,0.000000,4.908718,0.000000,0.000000,1.454665,1.665865,0.035745,8.824689
0.000000,0.000000,5.586877,0.000000,0.000000,1.406952,1.565848,0.035120,9.470812
0.000000,0.000000,4.493908,0.000000,0.000000,1.436093,1.634513,0.083201,8.415246
0.000000,0.000000,5.119488,0.000000,0.000000,1.873486,1.665419,0.035597,9.026884
0.000000,0.000000,4.776193,0.000000,0.000000,1.554574,1.562973,0.036132,9.165404
0.000000,0.000000,5.343005,0.000000,0.000000,1.527831,1.695464,0.035646,9.324082
0.000000,0.000000,4.996388,0.000000,0.000000,1.589397,1.480029,0.035646,9.072972
0.000000,0.000000,5.216997,0.000000,0.000000,1.608227,1.575377,0.036321,9.142945
0.000000,0.000000,5.044130,0.000000,0.000000,2.956578,3.863063,0.041070,9.129678
0.000000,0.000000,5.368764,0.000000,0.000000,1.774390,3.844621,0.046851,13.473891
0.000000,0.000000,4.839118,0.000000,0.000000,1.811931,3.201937,0.037441,11.624956
0.000000,0.000000,5.583316,0.000000,0.000000,3.272079,2.066254,0.035637,11.782265
0.000000,0.000000,4.725198,0.000000,0.000000,3.437607,2.130320,0.036271,10.853767
0.000000,0.000000,4.557992,0.000000,0.000000,1.490162,1.544837,0.035240,11.254285
0.000000,0.000000,6.808625,0.000000,0.000000,1.903352,1.568773,0.034922,10.619830
0.000000,0.000000,5.464052,0.000000,0.000000,1.829279,1.550581,0.036192,9.725164
0.000000,0.000000,4.884857,0.000000,0.000000,1.370849,1.392108,0.035290,9.112553
0.000000,0.000000,4.764998,0.000000,0.000000,1.377006,1.415747,0.035607,8.380333
0.000000,0.000000,4.382279,0.000000,0.000000,1.362064,1.509825,0.035349,8.113847
0.000000,0.000000,4.417509,0.000000,0.000000,1.387230,1.575832,0.034843,8.163063
0.000000,0.000000,4.409170,0.000000,0.000000,1.508318,1.434001,0.034675,8.185304
0.000000,0.000000,4.155229,0.000000,0.000000,1.451720,1.409787,0.035052,7.847538
0.000000,0.000000,4.327645,0.000000,0.000000,1.497881,1.459980,0.035547,7.981790
0.000000,0.000000,4.595717,0.000000,0.000000,1.469023,1.453079,0.034952,8.486190
0.000000,0.000000,4.289887,0.000000,0.000000,1.583682,1.681623,0.035929,7.977872
0.000000,0.000000,4.243782,0.000000,0.000000,1.535938,1.524512,0.035155,8.273987
0.000000,0.000000,4.490191,0.000000,0.000000,1.518013,1.809562,0.036028,8.317189
0.000000,0.000000,4.137684,0.000000,0.000000,1.371663,1.438882,0.034598,8.239657
0.000000,0.000000,3.961107,0.000000,0.000000,1.684962,1.448401,0.035184,7.512913
0.000000,0.000000,4.622451,0.000000,0.000000,1.385842,1.517198,0.035591,8.619200
0.000000,0.000000,3.964864,0.000000,0.000000,1.344343,1.604012,0.035054,7.566290
0.000000,0.000000,4.479992,0.000000,0.000000,1.459231,1.750222,0.037072,8.174972
0.000000,0.000000,4.049202,0.000000,0.000000,1.426471,1.526310,0.035443,8.009852
0.000000,0.000000,3.935899,0.000000,0.000000,1.326384,1.701814,0.035999,7.625898
0.000000,0.000000,4.174239,0.000000,0.000000,1.480952,1.739283,0.035363,7.940100
0.000000,0.000000,4.020079,0.000000,0.000000,1.446096,1.636830,0.035403,7.984664
0.000000,0.000000,4.616847,0.000000,0.000000,1.303395,1.611553,0.035065,8.460210
0.000000,0.000000,4.748150,0.000000,0.000000,1.509478,1.650046,0.035601,8.375743
0.000000,0.000000,4.449949,0.000000,0.000000,1.398987,1.589207,0.035084,8.327751
0.000000,0.000000,3.907720,0.000000,0.000000,1.306164,1.460950,0.294241,7.589452
0.000000,0.000000,4.499669,0.000000,0.000000,1.936317,2.204824,0.472486,8.348617
0.000000,0.000000,4.130847,0.000000,0.000000,2.248444,2.989068,0.068878,9.736258
0.000000,0.000000,4.116281,0.000000,0.000000,1.679944,2.546530,0.389738,10.356346
0.000000,0.000000,4.010203,0.000000,0.000000,2.345123,2.445216,0.066334,9.608796
0.000000,0.000000,4.137227,0.000000,0.000000,2.193605,2.751349,0.342809,10.163511
0.000000,0.000000,4.904456,0.000000,0.000000,2.409052,2.195066,0.092923,11.406633
0.000000,0.000000,8.358365,0.000000,0.000000,1.735855,2.330864,0.065122,14.023054
0.000000,0.000000,5.642635,0.000000,0.000000,1.972416,2.254763,0.038989,10.851024
0.000000,0.000000,8.247645,0.000000,0.000000,1.835305,2.554426,0.073184,13.558556
0.000000,0.000000,6.877253,0.000000,0.000000,1.744364,7.270429,0.061070,12.719349
0.000000,0.000000,7.246566,0.000000,0.000000,1.724664,2.251904,0.031675,17.838509
0.000000,0.000000,5.835625,0.000000,0.000000,1.654366,2.258941,0.036363,10.909108
0.000000,0.000000,4.707413,0.000000,0.000000,1.891289,2.340298,0.034840,9.627151
0.000000,0.000000,4.552912,0.000000,0.000000,1.527260,2.130481,0.034651,9.965548
0.000000,0.000000,5.056461,0.000000,0.000000,1.570353,2.188575,0.031337,9.939408
0.000000,0.000000,5.000826,0.000000,0.000000,1.485202,2.019709,0.032162,9.697181
0.000000,0.000000,5.387602,0.000000,0.000000,1.899750,2.187042,0.031585,9.843241
0.000000,0.000000,6.118645,0.000000,0.000000,1.956698,2.924805,0.058332,11.299753
0.000000,0.000000,5.655733,0.000000,0.000000,1.548323,2.319682,0.036124,11.719859
0.000000,0.000000,5.845738,0.000000,0.000000,1.945948,2.256503,0.041310,10.663046
0.000000,0.000000,6.018585,0.000000,0.000000,1.506196,2.376184,0.309190,11.364418
0.000000,0.000000,4.877045,0.000000,0.000000,2.180820,2.396341,0.043700,10.190357
0.000000,0.000000,5.212565,0.000000,0.000000,2.043603,2.471158,0.046835,10.975404
0.000000,0.000000,6.292165,0.000000,0.000000,2.647379,2.733045,0.071293,11.938223
0.000000,0.000000,6.493744,0.000000,0.000000,1.553449,2.280801,0.043859,13.479732
0.000000,0.000000,4.375864,0.000000,0.000000,2.653411,3.622228,0.080640,9.244528
0.000000,0.000000,7.729896,0.000000,0.000000,2.137300,4.113081,0.107955,15.720716
0.000000,0.000000,4.599698,0.000000,0.000000,2.062006,2.172498,0.042883,12.293941
0.000000,0.000000,6.095014,0.000000,0.000000,1.758886,2.528365,0.060293,11.515693
0.000000,0.000000,6.259728,0.000000,0.000000,1.533591,2.383152,0.043819,11.859216
0.000000,0.000000,4.797878,0.000000,0.000000,1.595138,2.619358,0.051633,9.730466
0.000000,0.000000,5.513115,0.000000,0.000000,1.718993,2.293992,0.039333,10.926377
0.000000,0.000000,5.676061,0.000000,0.000000,1.470418,2.286405,0.044996,11.024339
0.000000,0.000000,4.866989,0.000000,0.000000,1.366728,2.227551,0.037398,9.640778
0.000000,0.000000,5.123800,0.000000,0.000000,1.467347,2.155886,0.050249,9.887290
0.000000,0.000000,4.620488,0.000000,0.000000,1.752952,2.418324,0.045713,9.329101
0.000000,0.000000,5.723908,0.000000,0.000000,1.541794,2.293603,0.058665,11.094051
0.000000,0.000000,5.907429,0.000000,0.000000,1.580877,2.607085,0.056252,11.062066
0.000000,0.000000,5.455681,0.000000,0.000000,1.331145,2.267715,0.044496,10.984715
0.000000,0.000000,4.870306,0.000000,0.000000,1.473548,2.240084,0.039013,9.566271
0.000000,0.000000,4.604814,0.000000,0.000000,1.554786,2.110711,0.038405,9.375244
0.000000,0.000000,4.982254,0.000000,0.000000,2.657949,4.478018,0.433498,9.588215
0.000000,0.000000,5.468099,0.000000,0.000000,2.015895,2.570853,0.132772,14.192029
0.000000,0.000000,4.336916,0.000000,0.000000,1.490737,2.348519,0.141676,11.207688
0.000000,0.000000,4.430865,0.000000,0.000000,2.724318,2.993159,0.051656,9.915457
0.000000,0.000000,4.325866,0.000000,0.000000,1.348942,2.081459,0.076551,11.231327
0.000000,0.000000,4.316598,0.000000,0.000000,1.418822,2.164430,0.048236,8.942948
0.000000,0.000000,4.545043,0.000000,0.000000,4.035151,3.512664,0.060778,9.306050
0.000000,0.000000,6.225632,0.000000,0.000000,3.356897,2.947679,0.060868,15.188670
0.000000,0.000000,5.133651,0.000000,0.000000,1.394804,4.893530,0.070350,12.626141
0.000000,0.000000,4.395501,0.000000,0.000000,1.272560,3.566503,0.085055,12.480984
0.000000,0.000000,4.523189,0.000000,0.000000,2.408354,2.349527,0.054198,11.999886
0.000000,0.000000,5.630400,0.000000,0.000000,1.417795,4.460752,0.117897,11.566763
0.000000,0.000000,5.073032,0.000000,0.000000,1.891827,2.842959,0.069871,12.820440
0.000000,0.000000,5.577741,0.000000,0.000000,3.168430,3.586757,0.082088,11.553900
0.000000,0.000000,5.815139,0.000000,0.000000,1.301146,4.562914,0.123393,14.054128
0.000000,0.000000,4.725893,0.000000,0.000000,2.429012,2.630528,0.053005,12.186378
0.000000,0.000000,5.584908,0.000000,0.000000,2.622362,2.750685,0.064088,11.777623
0.000000,0.000000,5.976950,0.000000,0.000000,1.272952,2.942778,0.078823,12.775745
0.000000,0.000000,4.569314,0.000000,0.000000,2.357951,3.690096,0.066344,10.457925
0.000000,0.000000,4.365800,0.000000,0.000000,3.553131,2.670833,0.042502,11.446153
0.000000,0.000000,5.566277,0.000000,0.000000,1.215714,5.346110,0.072374,12.776613
0.000000,0.000000,5.595201,0.000000,0.000000,1.546364,2.403252,0.053544,13.366378
0.000000,0.000000,8.183556,0.000000,0.000000,1.225797,3.486348,0.080112,13.377929
0.000000,0.000000,4.157892,0.000000,0.000000,1.553943,2.009603,0.037919,10.025828
0.000000,0.000000,6.044262,0.000000,0.000000,1.725527,2.076426,0.043501,10.559093
0.000000,0.000000,6.295649,0.000000,0.000000,2.393997,2.704309,0.345736,11.203612
0.000000,0.000000,4.409870,0.000000,0.000000,2.093488,2.136000,0.032208,11.185680
0.000000,0.000000,7.133787,0.000000,0.000000,2.013440,2.262158,0.031370,12.393965
0.000000,0.000000,7.646076,0.000000,0.000000,2.090693,2.208793,0.031709,13.031366
0.000000,0.000000,6.414869,0.000000,0.000000,1.798850,2.198131,0.038738,11.848811
0.000000,0.000000,6.609387,0.000000,0.000000,1.492960,2.406906,0.034076,11.836588
0.000000,0.000000,4.686756,0.000000,0.000000,1.372033,2.177563,0.055272,9.759863
0.000000,0.000000,5.008070,0.000000,0.000000,1.449243,1.948969,0.031819,9.712149
0.000000,0.000000,4.644261,0.000000,0.000000,1.532955,1.996803,0.032528,8.947743
0.000000,0.000000,4.877201,0.000000,0.000000,1.348651,2.032625,0.042502,9.355231
0.000000,0.000000,5.494034,0.000000,0.000000,1.374699,2.110002,0.032718,9.780559
0.000000,0.000000,5.486016,0.000000,0.000000,1.362818,2.209083,0.031400,9.957986
0.000000,0.000000,4.481864,0.000000,0.000000,1.510498,2.247273,0.030988,9.086302
0.000000,0.000000,4.973401,0.000000,0.000000,1.365729,2.039002,0.036036,10.028151
0.000000,0.000000,4.365114,0.000000,0.000000,1.398030,2.128238,0.051041,8.739505
0.000000,0.000000,4.598471,0.000000,0.000000,1.433966,2.009404,0.032648,9.144271
0.000000,0.000000,5.226782,0.000000,0.000000,1.382722,1.989421,0.031068,9.631744
0.000000,0.000000,4.647827,0.000000,0.000000,1.484324,2.156216,0.052170,9.009552
0.000000,0.000000,5.200117,0.000000,0.000000,1.442259,1.985352,0.032998,9.973624
0.000000,0.000000,4.290412,0.000000,0.000000,1.128299,2.018940,0.032838,8.729379
0.000000,0.000000,4.423782,0.000000,0.000000,1.278772,2.083934,0.051740,8.536802
0.000000,0.000000,4.942694,0.000000,0.000000,1.182089,1.949766,0.060157,9.452283
0.000000,0.000000,5.010869,0.000000,0.000000,1.137476,1.940540,0.033467,9.183125
0.000000,0.000000,5.141138,0.000000,0.000000,1.220974,1.913160,0.041404,9.212914
0.000000,0.000000,4.857006,0.000000,0.000000,1.252202,1.914160,0.031339,8.942647
0.000000,0.000000,4.621237,0.000000,0.000000,1.235728,1.889949,0.032918,8.722802
0.000000,0.000000,4.727336,0.000000,0.000000,1.583076,2.465989,0.051821,8.823303
0.000000,0.000000,4.265773,0.000000,0.000000,1.503316,2.502505,0.036567,9.508022
0.000000,0.000000,4.999573,0.000000,0.000000,1.355992,2.003166,0.039435,10.051755
0.000000,0.000000,5.822529,0.000000,0.000000,1.151290,1.992620,0.044313,10.405129
0.000000,0.000000,4.327309,0.000000,0.000000,1.131668,1.860840,0.040825,8.542630
0.000000,0.000000,5.054093,0.000000,0.000000,1.117883,2.050458,0.046203,9.106055
0.000000,0.000000,4.819980,0.000000,0.000000,1.130439,2.579289,0.031028,9.121000
0.000000,0.000000,4.857993,0.000000,0.000000,1.043152,1.751842,0.050181,9.490698
0.000000,0.000000,4.283446,0.000000,0.000000,1.063004,1.841268,0.031248,7.971718
0.000000,0.000000,5.228055,0.000000,0.000000,1.145113,1.999997,0.046783,9.089191
0.000000,0.000000,4.534389,0.000000,0.000000,1.098776,1.747928,0.030300,8.618051
0.000000,0.000000,4.533710,0.000000,0.000000,1.082116,1.872462,0.331315,8.320603
0.000000,0.000000,4.607220,0.000000,0.000000,2.117839,3.209592,0.090982,8.866914
0.000000,0.000000,4.616517,0.000000,0.000000,1.597655,3.825389,0.082496,11.272449
0.000000,0.000000,5.096118,0.000000,0.000000,1.647989,2.782450,0.076732,11.978890
0.000000,0.000000,4.725001,0.000000,0.000000,1.802419,3.766178,0.085628,10.378791
0.000000,0.000000,8.660250,0.000000,0.000000,1.872883,3.241913,0.058380,15.477856
0.000000,0.000000,5.013597,0.000000,0.000000,1.440829,2.249509,0.037336,11.340845
0.000000,0.000000,6.003137,0.000000,0.000000,2.687655,2.665682,0.040357,10.793743
0.000000,0.000000,4.535732,0.000000,0.000000,1.533142,3.979955,0.080665,11.066819
0.000000,0.000000,4.202265,0.000000,0.000000,1.411028,2.189578,0.031981,10.856316
0.000000,0.000000,4.481154,0.000000,0.000000,1.524176,2.224091,0.033943,8.994671
0.000000,0.000000,4.393986,0.000000,0.000000,1.398290,2.237740,0.038916,9.186752
0.000000,0.000000,5.226611,0.000000,0.000000,1.748798,2.318676,0.034853,9.883495
0.000000,0.000000,4.302733,0.000000,0.000000,1.204439,2.180401,0.037165,9.523820
0.000000,0.000000,4.389523,0.000000,0.000000,1.497307,2.454368,0.038226,8.861031
0.000000,0.000000,5.022372,0.000000,0.000000,1.384210,2.405604,0.052966,10.213831
0.000000,0.000000,4.547099,0.000000,0.000000,1.471700,2.092441,0.040698,9.434689
0.000000,0.000000,5.320846,0.000000,0.000000,1.300474,2.189268,0.034033,10.037189
0.000000,0.000000,4.805424,0.000000,0.000000,1.510326,2.637511,0.054648,9.332991
0.000000,0.000000,4.830131,0.000000,0.000000,1.360925,2.188958,0.034573,10.190654
0.000000,0.000000,4.611593,0.000000,0.000000,1.489033,2.838008,0.031522,9.298508
0.000000,0.000000,4.924325,0.000000,0.000000,1.380396,2.295086,0.032893,10.362240
0.000000,0.000000,5.163575,0.000000,0.000000,1.328674,2.191219,0.034976,9.927423
0.000000,0.000000,4.632109,0.000000,0.000000,1.205375,2.181983,0.032202,9.203560
0.000000,0.000000,4.396981,0.000000,0.000000,1.487248,2.582517,0.040926,8.810178
0.000000,0.000000,5.060166,0.000000,0.000000,1.518649,2.264136,0.037210,10.182974
0.000000,0.000000,5.347488,0.000000,0.000000,1.376681,2.229050,0.035287,10.165455
0.000000,0.000000,5.418301,0.000000,0.000000,1.607591,2.366381,0.036158,10.083022
0.000000,0.000000,6.027761,0.000000,0.000000,1.725501,2.521319,0.195504,11.098954
0.000000,0.000000,6.181216,0.000000,0.000000,1.351471,2.338415,0.049359,12.273000
0.000000,0.000000,5.415588,0.000000,0.000000,1.319219,3.363292,0.079588,10.318761
0.000000,0.000000,4.627592,0.000000,0.000000,1.708264,2.870610,0.131290,10.853921
0.000000,0.000000,4.566043,0.000000,0.000000,1.566656,2.800597,0.080669,10.782096
0.000000,0.000000,4.853434,0.000000,0.000000,1.282569,4.242153,0.077584,10.524351
0.000000,0.000000,4.786377,0.000000,0.000000,1.288078,2.494686,0.110317,11.780829
0.000000,0.000000,4.601250,0.000000,0.000000,1.764033,2.840085,0.057653,9.814662
0.000000,0.000000,4.867594,0.000000,0.000000,1.795874,2.797763,0.074279,10.654020
0.000000,0.000000,4.854586,0.000000,0.000000,2.350273,2.718196,0.041387,10.694576
0.000000,0.000000,4.675510,0.000000,0.000000,1.244669,2.068572,0.032743,11.159531
0.000000,0.000000,6.486356,0.000000,0.000000,1.361067,2.289316,0.034406,10.770356
0.000000,0.000000,5.770747,0.000000,0.000000,1.730258,2.293804,0.042709,10.488344
0.000000,0.000000,6.513991,0.000000,0.000000,1.279174,2.359729,0.037781,11.761499
0.000000,0.000000,5.676977,0.000000,0.000000,1.283671,2.246948,0.032482,10.286039
0.000000,0.000000,5.732747,0.000000,0.000000,1.085333,2.301707,0.049720,10.259216
0.000000,0.000000,4.770632,0.000000,0.000000,1.108079,2.272730,0.032492,9.341011
0.000000,0.000000,5.584418,0.000000,0.000000,1.038177,2.404558,0.039425,10.207042
0.000000,0.000000,4.562149,0.000000,0.000000,1.172862,2.212985,0.034944,9.068132
0.000000,0.000000,5.009419,0.000000,0.000000,1.239283,2.259548,0.039255,9.355746
0.000000,0.000000,4.737332,0.000000,0.000000,1.079247,2.189488,0.312785,9.290087
0.000000,0.000000,4.315563,0.000000,0.000000,1.911506,2.396127,0.037701,8.881672
0.000000,0.000000,4.859227,0.000000,0.000000,1.592225,2.430179,0.032168,10.340897
0.000000,0.000000,5.238087,0.000000,0.000000,1.409404,2.381613,0.068385,10.470385
0.000000,0.000000,5.579967,0.000000,0.000000,1.360486,2.561768,0.032318,10.649601
0.000000,0.000000,5.204349,0.000000,0.000000,1.451335,2.287114,0.033682,10.268130
0.000000,0.000000,5.727613,0.000000,0.000000,1.246581,2.400719,0.078088,10.705607
0.000000,0.000000,4.553879,0.000000,0.000000,1.763509,2.243399,0.032890,9.418709
0.000000,0.000000,7.117631,0.000000,0.000000,1.874317,2.481043,0.031887,12.411477
0.000000,0.000000,5.550339,0.000000,0.000000,1.314144,2.351470,0.038934,11.108013
0.000000,0.000000,4.329115,0.000000,0.000000,1.309182,2.261843,0.031757,9.009088
0.000000,0.000000,5.106503,0.000000,0.000000,1.230532,2.270815,0.030664,9.829802
0.000000,0.000000,4.559332,0.000000,0.000000,1.336067,2.248100,0.030664,9.058809
0.000000,0.000000,4.658461,0.000000,0.000000,1.247153,2.400628,0.056376,9.368628
0.000000,0.000000,4.369845,0.000000,0.000000,1.265497,2.298572,0.031857,9.145960
0.000000,0.000000,4.548045,0.000000,0.000000,1.231685,2.263366,0.030904,9.290159
0.000000,0.000000,4.362155,0.000000,0.000000,1.210083,2.305338,0.031015,8.943600
0.000000,0.000000,4.627827,0.000000,0.000000,1.158669,2.412136,0.058451,9.211438
0.000000,0.000000,4.426942,0.000000,0.000000,1.163299,2.275395,0.031436,9.255816
0.000000,0.000000,4.726876,0.000000,0.000000,1.226342,2.323000,0.032879,9.247044
0.000000,0.000000,4.602937,0.000000,0.000000,1.319650,2.357411,0.031729,9.302838
0.000000,0.000000,4.895324,0.000000,0.000000,1.278933,2.209288,0.030676,9.652107
0.000000,0.000000,4.922450,0.000000,0.000000,1.381935,2.233042,0.038741,9.472757
0.000000,0.000000,4.714661,0.000000,0.000000,1.294632,2.608735,0.044078,9.456015
0.000000,0.000000,4.559907,0.000000,0.000000,1.171558,2.529990,0.046586,9.773225
0.000000,0.000000,4.470107,0.000000,0.000000,1.260726,2.515575,0.047659,9.379205
0.000000,0.000000,5.397343,0.000000,0.000000,1.089632,2.308668,0.031679,10.468537
0.000000,0.000000,4.493466,0.000000,0.000000,1.156170,2.359899,0.310730,9.201540
0.000000,0.000000,4.291860,0.000000,0.000000,1.826121,2.489493,0.030214,9.148816
0.000000,0.000000,4.276714,0.000000,0.000000,1.339081,2.367222,0.029070,9.725928
0.000000,0.000000,4.486899,0.000000,0.000000,1.209768,2.402120,0.029030,9.277507
0.000000,0.000000,4.640438,0.000000,0.000000,1.300651,2.852346,0.029623,9.366575
0.000000,0.000000,4.390047,0.000000,0.000000,1.362796,2.265022,0.030576,9.602502
0.000000,0.000000,4.708492,0.000000,0.000000,1.494527,2.698425,0.039804,9.397742
0.000000,0.000000,4.751465,0.000000,0.000000,1.344588,2.374584,0.029953,10.072319
0.000000,0.000000,4.493982,0.000000,0.000000,1.253624,2.455557,0.029522,9.338388
0.000000,0.000000,4.695380,0.000000,0.000000,1.515652,2.592384,0.059947,9.433364
0.000000,0.000000,5.692725,0.000000,0.000000,1.494205,2.453992,0.032180,11.360038
0.000000,0.000000,4.535030,0.000000,0.000000,1.481556,2.567868,0.033134,9.691310
0.000000,0.000000,5.332811,0.000000,0.000000,1.560212,2.327637,0.029613,10.593236
0.000000,0.000000,4.540708,0.000000,0.000000,1.344568,2.464194,0.030205,9.550079
0.000000,0.000000,4.745026,0.000000,0.000000,1.339756,2.424480,0.032151,9.731044
0.000000,0.000000,4.990317,0.000000,0.000000,1.394595,2.318669,0.031639,9.949977
0.000000,0.000000,5.844228,0.000000,0.000000,1.581546,2.971544,0.033516,10.874052
0.000000,0.000000,5.532202,0.000000,0.000000,1.199416,2.355862,0.031438,11.289826
0.000000,0.000000,4.534299,0.000000,0.000000,1.223912,2.528898,0.041354,9.143699
0.000000,0.000000,5.815166,0.000000,0.000000,1.297202,2.615171,0.043413,10.762353
0.000000,0.000000,5.007319,0.000000,0.000000,1.125008,2.336318,0.031990,10.203633
0.000000,0.000000,5.478230,0.000000,0.000000,1.265835,2.293408,0.029711,10.093331
0.000000,0.000000,4.620170,0.000000,0.000000,1.026681,2.371409,0.029822,9.350814
0.000000,0.000000,4.467188,0.000000,0.000000,1.240479,2.222844,0.288590,8.970953
0.000000,0.000000,5.559123,0.000000,0.000000,1.838476,2.562156,0.031899,10.306177
0.000000,0.000000,4.798353,0.000000,0.000000,1.630251,2.789413,0.030363,10.416599
0.000000,0.000000,5.322598,0.000000,0.000000,1.542037,2.562082,0.044015,10.988670
0.000000,0.000000,4.782407,0.000000,0.000000,1.556752,2.468242,0.029270,10.070746
0.000000,0.000000,4.581887,0.000000,0.000000,1.342029,2.585520,0.056300,9.745481
0.000000,0.000000,4.417041,0.000000,0.000000,1.447956,2.365257,0.028697,9.565567
0.000000,0.000000,4.590048,0.000000,0.000000,1.395690,2.489653,0.030695,9.527564
0.000000,0.000000,4.927229,0.000000,0.000000,1.342732,2.442967,0.029370,9.943571
0.000000,0.000000,4.539730,0.000000,0.000000,1.747054,5.066570,0.050148,9.512820
0.000000,0.000000,4.968964,0.000000,0.000000,1.379139,2.511785,0.032602,13.157642
0.000000,0.000000,5.574219,0.000000,0.000000,1.349166,2.438831,0.034107,10.685758
0.000000,0.000000,4.517526,0.000000,0.000000,1.382039,2.425512,0.030815,9.450074
0.000000,0.000000,4.560357,0.000000,0.000000,1.308203,2.401743,0.030103,9.567875
0.000000,0.000000,4.838267,0.000000,0.000000,1.227069,2.463353,0.033476,9.662460
0.000000,0.000000,4.752304,0.000000,0.000000,1.371460,2.384267,0.029249,9.568297
0.000000,0.000000,4.387029,0.000000,0.000000,1.236141,2.583689,0.040945,9.368189
0.000000,0.000000,4.625708,0.000000,0.000000,1.262906,2.491404,0.028974,9.642903
0.000000,0.000000,4.512524,0.000000,0.000000,1.244315,2.672539,0.059455,9.503868
0.000000,0.000000,4.551773,0.000000,0.000000,1.253003,2.739204,0.316394,9.599579
0.000000,0.000000,4.368358,0.000000,0.000000,1.826398,2.424045,0.048026,9.754852
0.000000,0.000000,4.443248,0.000000,0.000000,1.261480,2.924387,0.032600,9.899471
0.000000,0.000000,4.344445,0.000000,0.000000,1.109569,2.333769,0.264573,9.756901
0.000000,0.000000,4.384647,0.000000,0.000000,1.713273,2.654181,0.031987,9.133121
0.000000,0.000000,4.752943,0.000000,0.000000,1.145664,2.793306,0.066575,11.097972
0.000000,0.000000,5.057276,0.000000,0.000000,1.189772,3.021974,0.106827,10.519274
0.000000,0.000000,4.491455,0.000000,0.000000,1.294400,3.224702,0.071144,10.204528
0.000000,0.000000,4.444585,0.000000,0.000000,1.695215,3.320995,0.054122,10.517909
0.000000,0.000000,4.334744,0.000000,0.000000,2.835105,3.434551,0.056060,10.976894
0.000000,0.000000,4.634728,0.000000,0.000000,1.220765,2.617995,0.029868,12.278826
0.000000,0.000000,6.782943,0.000000,0.000000,1.566124,2.800897,0.264130,11.780503
0.000000,0.000000,7.160750,0.000000,0.000000,2.981240,3.521834,0.077813,13.024688
0.000000,0.000000,5.120989,0.000000,0.000000,1.506056,3.240781,0.304955,13.556092
0.000000,0.000000,5.669808,0.000000,0.000000,2.172738,3.778333,0.072762,11.980760
0.000000,0.000000,5.499146,0.000000,0.000000,1.504600,3.877758,0.041237,13.502644
0.000000,0.000000,4.605794,0.000000,0.000000,1.920078,3.508177,0.048367,11.200430
0.000000,0.000000,4.328938,0.000000,0.000000,2.768168,3.238447,0.036024,11.427983
0.000000,0.000000,4.942887,0.000000,0.000000,1.353703,2.673623,0.027327,12.404852
0.000000,0.000000,6.091694,0.000000,0.000000,1.445918,2.738401,0.028261,11.479635
0.000000,0.000000,6.025822,0.000000,0.000000,2.589168,4.006129,0.080241,11.337014
0.000000,0.000000,4.769988,0.000000,0.000000,2.468431,4.612911,0.055403,13.116884
0.000000,0.000000,4.777302,0.000000,0.000000,1.363018,5.282614,0.062848,13.254408
0.000000,0.000000,4.842563,0.000000,0.000000,1.512649,3.092497,0.330380,12.854548
0.000000,0.000000,5.657084,0.000000,0.000000,2.613641,3.258917,0.064105,11.813621
0.000000,0.000000,7.539981,0.000000,0.000000,1.664530,2.962971,0.027501,14.945755
0.000000,0.000000,6.617065,0.000000,0.000000,1.786630,2.843357,0.027691,12.536656
0.000000,0.000000,6.739675,0.000000,0.000000,1.969992,3.063087,0.037358,12.521505
0.000000,0.000000,4.524280,0.000000,0.000000,1.484313,2.582201,0.028556,10.814442
0.000000,0.000000,5.273682,0.000000,0.000000,1.638148,2.694666,0.029580,10.662921
0.000000,0.000000,5.507068,0.000000,0.000000,1.453828,2.747095,0.030314,11.116589
0.000000,0.000000,6.248001,0.000000,0.000000,1.531266,2.769967,0.348637,11.844035
0.000000,0.000000,6.409580,0.000000,0.000000,2.059156,2.871004,0.088933,12.452942
0.000000,0.000000,5.610605,0.000000,0.000000,1.404675,2.676781,0.028104,12.360664
0.000000,0.000000,6.041572,0.000000,0.000000,1.470015,2.897680,0.029300,11.292666
0.000000,0.000000,4.499326,0.000000,0.000000,1.586842,2.697490,0.027732,10.068984
0.000000,0.000000,4.585886,0.000000,0.000000,1.491297,2.643592,0.024889,10.155917
0.000000,0.000000,4.871469,0.000000,0.000000,1.411437,2.674519,0.024446,10.134581
0.000000,0.000000,4.493655,0.000000,0.000000,1.400043,2.712822,0.032133,9.741935
0.000000,0.000000,4.049022,0.000000,0.000000,1.396386,2.715937,0.027209,9.424829
0.000000,0.000000,4.565043,0.000000,0.000000,1.345685,2.909265,0.025220,9.888573
0.000000,0.000000,4.552163,0.000000,0.000000,1.487931,2.741679,0.025069,9.937505
0.000000,0.000000,4.348223,0.000000,0.000000,1.433553,2.789567,0.026526,9.642604
0.000000,0.000000,5.095826,0.000000,0.000000,1.396074,3.258274,0.037670,10.453929
0.000000,0.000000,4.155980,0.000000,0.000000,1.457327,2.711263,0.025974,10.357702
0.000000,0.000000,4.559207,0.000000,0.000000,1.396361,2.666462,0.256033,9.823446
0.000000,0.000000,4.246362,0.000000,0.000000,1.728635,3.079714,0.065218,9.692008
0.000000,0.000000,4.540013,0.000000,0.000000,1.586096,3.031514,0.027482,10.798654
0.000000,0.000000,4.623944,0.000000,0.000000,1.532680,2.880321,0.027231,10.353767
0.000000,0.000000,3.962889,0.000000,0.000000,1.722815,2.692689,0.026779,9.439369
0.000000,0.000000,4.792155,0.000000,0.000000,1.703615,3.070928,0.037635,10.322605
0.000000,0.000000,4.464056,0.000000,0.000000,1.524799,2.805885,0.027613,10.488564
0.000000,0.000000,4.689041,0.000000,0.000000,1.672192,2.796628,0.028005,10.299063
0.000000,0.000000,4.761134,0.000000,0.000000,1.697040,2.697645,0.029251,10.510459
0.000000,0.000000,4.688147,0.000000,0.000000,1.363232,2.592018,0.028287,10.281039
0.000000,0.000000,4.545900,0.000000,0.000000,1.416950,2.669137,0.032649,9.677040
0.000000,0.000000,4.769689,0.000000,0.000000,1.317696,2.613147,0.028216,9.978984
0.000000,0.000000,4.411764,0.000000,0.000000,1.355865,3.055780,0.028356,9.511212
0.000000,0.000000,4.682186,0.000000,0.000000,1.311635,2.794286,0.260228,10.321830
0.000000,0.000000,4.446122,0.000000,0.000000,1.916810,3.066767,0.074144,9.938737
0.000000,0.000000,4.449812,0.000000,0.000000,1.389488,2.637272,0.027884,10.888366
0.000000,0.000000,4.146119,0.000000,0.000000,1.152631,2.617891,0.257423,9.333380
0.000000,0.000000,4.839451,0.000000,0.000000,1.716864,3.120043,0.071481,10.022500
0.000000,0.000000,4.848256,0.000000,0.000000,1.343298,2.885005,0.030387,11.154796
0.000000,0.000000,4.517512,0.000000,0.000000,1.365464,2.820893,0.025563,10.240982
0.000000,0.000000,4.284517,0.000000,0.000000,1.347611,2.914800,0.042641,9.762614
0.000000,0.000000,4.465291,0.000000,0.000000,1.326944,2.930592,0.235983,9.994625
0.000000,0.000000,4.262672,0.000000,0.000000,1.683488,3.126374,0.056292,9.914501
0.000000,0.000000,5.270996,0.000000,0.000000,1.512049,2.738726,0.030570,11.838941
0.000000,0.000000,4.351040,0.000000,0.000000,1.256683,2.656370,0.040535,9.830301
0.000000,0.000000,4.456152,0.000000,0.000000,1.102971,3.069600,0.282877,9.747955
0.000000,0.000000,4.671777,0.000000,0.000000,1.793589,3.069167,0.077590,10.287062
0.000000,0.000000,4.570677,0.000000,0.000000,1.207953,2.774977,0.283480,10.914378
0.000000,0.000000,4.418634,0.000000,0.000000,1.671904,3.688217,0.066428,9.845395
0.000000,0.000000,4.509256,0.000000,0.000000,1.362279,3.024529,0.026909,11.359554
0.000000,0.000000,4.522490,0.000000,0.000000,1.396096,2.779903,0.027261,10.174156
0.000000,0.000000,4.714584,0.000000,0.000000,1.571237,3.039110,0.036442,10.085616
0.000000,0.000000,4.529729,0.000000,0.000000,1.153039,2.717317,0.274360,10.664010
0.000000,0.000000,4.047538,0.000000,0.000000,1.785866,3.325366,0.067232,9.315589
0.000000,0.000000,5.128780,0.000000,0.000000,1.362560,2.643167,0.027683,11.901850
0.000000,0.000000,5.021413,0.000000,0.000000,1.320246,2.626524,0.026578,10.342861
0.000000,0.000000,4.675487,0.000000,0.000000,1.154668,2.752100,0.282003,9.919485
0.000000,0.000000,4.441884,0.000000,0.000000,1.764699,6.920377,0.094142,9.766648
0.000000,0.000000,5.069460,0.000000,0.000000,1.477491,3.097885,0.031172,15.567169
0.000000,0.000000,5.301483,0.000000,0.000000,1.183790,2.856347,0.030087,11.316929
0.000000,0.000000,5.576982,0.000000,0.000000,1.452760,3.849883,0.373812,10.954933
0.000000,0.000000,5.064613,0.000000,0.000000,3.189055,4.826616,0.076383,12.531688
0.000000,0.000000,4.908015,0.000000,0.000000,4.721683,4.592840,0.084025,14.845521
0.000000,0.000000,5.352992,0.000000,0.000000,1.719147,3.357109,0.030760,16.339037
0.000000,0.000000,7.854754,0.000000,0.000000,1.733777,3.065597,0.028156,14.368675
0.000000,0.000000,8.019627,0.000000,0.000000,1.447249,2.767706,0.034331,14.225625
0.000000,0.000000,7.930875,0.000000,0.000000,1.636314,2.909681,0.028879,13.518525
0.000000,0.000000,9.206710,0.000000,0.000000,1.305888,3.249461,0.143018,15.107166
0.000000,0.000000,5.963135,0.000000,0.000000,1.174006,2.939737,0.028376,12.391493
0.000000,0.000000,4.481929,0.000000,0.000000,1.006877,2.791418,0.307994,11.253272
0.000000,0.000000,4.444258,0.000000,0.000000,1.583887,3.090459,0.147755,9.770160
0.000000,0.000000,4.792880,0.000000,0.000000,1.197061,4.111066,0.092260,11.314856
0.000000,0.000000,4.930495,0.000000,0.000000,1.109890,3.461452,0.074788,12.261490
0.000000,0.000000,4.856583,0.000000,0.000000,1.197464,2.901393,0.107239,11.198214
0.000000,0.000000,4.651693,0.000000,0.000000,1.271204,3.170126,0.114138,10.493215
0.000000,0.000000,5.126835,0.000000,0.000000,1.721632,4.951842,0.050919,11.504397
0.000000,0.000000,4.736309,0.000000,0.000000,1.512447,3.785530,0.067555,12.671783
0.000000,0.000000,4.865505,0.000000,0.000000,1.018797,5.935683,0.064729,11.355796
0.000000,0.000000,4.702107,0.000000,0.000000,1.578565,2.709206,0.031072,13.047454
0.000000,0.000000,5.423262,0.000000,0.000000,1.294552,2.710283,0.029091,11.312342
0.000000,0.000000,4.741268,0.000000,0.000000,1.038753,2.546031,0.306978,10.089319
0.000000,0.000000,5.342932,0.000000,0.000000,1.710950,2.823315,0.090389,10.438162
0.000000,0.000000,6.119670,0.000000,0.000000,1.569573,3.124338,0.042418,12.437532
0.000000,0.000000,5.591780,0.000000,0.000000,1.319096,2.922677,0.050425,11.869143
0.000000,0.000000,4.994259,0.000000,0.000000,1.209172,2.641853,0.040246,10.619776
0.000000,0.000000,4.987962,0.000000,0.000000,1.094249,2.673970,0.030086,10.098070
0.000000,0.000000,4.998383,0.000000,0.000000,1.059988,2.714115,0.028397,10.090466
0.000000,0.000000,4.416747,0.000000,0.000000,1.167970,2.429549,0.027662,9.403503
0.000000,0.000000,4.744689,0.000000,0.000000,1.225516,3.010079,0.030386,9.487706
0.000000,0.000000,4.569482,0.000000,0.000000,1.136539,2.729881,0.049403,10.000286
0.000000,0.000000,4.383411,0.000000,0.000000,1.154641,2.543749,0.027227,9.630760
0.000000,0.000000,4.713072,0.000000,0.000000,0.966376,2.565543,0.322367,9.491719
0.000000,0.000000,4.379517,0.000000,0.000000,1.784393,2.816874,0.036695,9.268036
0.000000,0.000000,4.432109,0.000000,0.000000,1.164823,3.179781,0.071167,10.311334
0.000000,0.000000,4.858344,0.000000,0.000000,1.163595,2.729308,0.033153,10.781065
0.000000,0.000000,4.760112,0.000000,0.000000,1.308082,3.045044,0.028102,9.925901
0.000000,0.000000,4.577542,0.000000,0.000000,1.276225,2.634375,0.029018,10.160872
0.000000,0.000000,4.504977,0.000000,0.000000,1.041497,2.606676,0.249118,9.572935
0.000000,0.000000,4.353558,0.000000,0.000000,1.614562,2.824239,0.053649,9.380657
0.000000,0.000000,4.562963,0.000000,0.000000,0.901438,3.333060,0.052964,10.435817
0.000000,0.000000,7.385608,0.000000,0.000000,1.114032,2.939718,0.266545,13.268629
0.000000,0.000000,4.683884,0.000000,0.000000,1.820897,3.093229,0.047310,10.327916
0.000000,0.000000,4.701090,0.000000,0.000000,1.307861,3.590045,0.052311,11.195879
0.000000,0.000000,4.674455,0.000000,0.000000,1.354044,3.065962,0.034753,11.123353
0.000000,0.000000,4.487751,0.000000,0.000000,1.327390,3.072451,0.302686,10.198955
0.000000,0.000000,4.209666,0.000000,0.000000,1.648167,3.343887,0.193818,10.144953
0.000000,0.000000,4.337832,0.000000,0.000000,1.429148,3.046281,0.027811,10.818282
0.000000,0.000000,5.301402,0.000000,0.000000,1.327672,3.181903,0.027811,11.145449
0.000000,0.000000,4.559803,0.000000,0.000000,1.335429,3.718282,0.031312,10.340543
0.000000,0.000000,5.138280,0.000000,0.000000,1.319130,2.694605,0.027710,11.481279
0.000000,0.000000,4.834257,0.000000,0.000000,1.238302,2.726508,0.027092,10.028983
0.000000,0.000000,4.731260,0.000000,0.000000,1.257998,2.669293,0.043608,9.884816
0.000000,0.000000,5.179090,0.000000,0.000000,1.292488,2.939445,0.028089,10.356872
0.000000,0.000000,5.029085,0.000000,0.000000,1.402982,2.728501,0.026992,10.412909
0.000000,0.000000,5.023086,0.000000,0.000000,1.480526,2.742903,0.029659,10.343557
0.000000,0.000000,4.871893,0.000000,0.000000,1.232637,2.823718,0.057808,10.343185
0.000000,0.000000,5.312873,0.000000,0.000000,1.144696,2.664845,0.296973,10.920616
0.000000,0.000000,4.940953,0.000000,0.000000,1.810792,2.974599,0.104707,10.219115
0.000000,0.000000,5.126142,0.000000,0.000000,1.420816,2.991919,0.034671,11.843034
0.000000,0.000000,5.104636,0.000000,0.000000,1.581161,2.728612,0.028291,10.928888
0.000000,0.000000,5.418230,0.000000,0.000000,1.258804,3.032327,0.027938,11.077807
0.000000,0.000000,5.394926,0.000000,0.000000,1.252453,2.538026,0.031118,10.889597
0.000000,0.000000,5.468464,0.000000,0.000000,1.088840,3.115517,0.047261,10.454745
0.000000,0.000000,5.652669,0.000000,0.000000,1.197271,2.476283,0.027868,11.247559
0.000000,0.000000,4.747298,0.000000,0.000000,1.416336,2.313103,0.027716,9.497374
0.000000,0.000000,5.779106,0.000000,0.000000,1.486414,2.494580,0.033806,10.703572
0.000000,0.000000,5.039863,0.000000,0.000000,1.374097,2.174701,0.027405,10.519257
0.000000,0.000000,4.435923,0.000000,0.000000,1.335914,2.419511,0.060808,9.065208
0.000000,0.000000,5.081195,0.000000,0.000000,1.378718,2.877551,0.035104,10.071633
0.000000,0.000000,5.249981,0.000000,0.000000,1.207738,2.470315,0.037731,10.727937
0.000000,0.000000,6.685713,0.000000,0.000000,1.274161,2.251238,0.059590,11.562053
0.000000,0.000000,4.681287,0.000000,0.000000,1.197634,2.279399,0.028150,9.260332
0.000000,0.000000,4.816338,0.000000,0.000000,1.257475,2.378440,0.397876,9.503442
0.000000,0.000000,4.788913,0.000000,0.000000,1.938756,2.685916,0.040879,9.910819
0.000000,0.000000,5.699329,0.000000,0.000000,1.290849,2.501441,0.039118,11.668574
0.000000,0.000000,5.978548,0.000000,0.000000,1.349627,2.391567,0.028699,11.456931
0.000000,0.000000,4.595238,0.000000,0.000000,1.358425,2.568573,0.030128,9.450690
0.000000,0.000000,4.635192,0.000000,0.000000,1.133624,2.783539,0.048278,9.634944
0.000000,0.000000,4.482576,0.000000,0.000000,1.125300,3.066763,0.029998,9.531321
0.000000,0.000000,4.893312,0.000000,0.000000,1.219027,2.445332,0.028730,10.237934
0.000000,0.000000,4.908662,0.000000,0.000000,1.195341,2.450204,0.029313,9.709997
0.000000,0.000000,5.669865,0.000000,0.000000,1.344603,2.389786,0.031850,10.515954
0.000000,0.000000,4.568670,0.000000,0.000000,1.173205,2.307645,0.028840,9.632951
0.000000,0.000000,5.273042,0.000000,0.000000,1.176546,2.351344,0.031316,9.903774
0.000000,0.000000,4.626645,0.000000,0.000000,1.110683,2.217602,0.028960,9.326754
0.000000,0.000000,4.540277,0.000000,0.000000,1.260872,2.606373,0.030702,8.878171
0.000000,0.000000,6.289082,0.000000,0.000000,1.142232,2.350890,0.028568,12.058401
0.000000,0.000000,4.659381,0.000000,0.000000,1.122501,2.354434,0.028478,9.170506
0.000000,0.000000,5.111066,0.000000,0.000000,1.195733,2.512313,0.029243,9.600658
0.000000,0.000000,4.607429,0.000000,0.000000,1.220506,2.270712,0.029394,9.535197
0.000000,0.000000,4.506706,0.000000,0.000000,1.235838,2.229531,0.028649,9.008387
0.000000,0.000000,4.913132,0.000000,0.000000,1.136040,2.328181,0.029454,9.382290
0.000000,0.000000,4.501834,0.000000,0.000000,1.137380,2.123463,0.353196,9.113782
0.000000,0.000000,4.685594,0.000000,0.000000,2.036369,2.957343,0.049264,9.299838
0.000000,0.000000,4.852723,0.000000,0.000000,1.301762,2.370238,0.035494,11.147342
0.000000,0.000000,4.770180,0.000000,0.000000,1.275328,2.601601,0.029776,9.667870
0.000000,0.000000,4.652384,0.000000,0.000000,1.301732,2.432880,0.029162,9.640128
0.000000,0.000000,4.441637,0.000000,0.000000,1.257956,2.631453,0.029711,9.324127
0.000000,0.000000,4.430038,0.000000,0.000000,1.342699,2.435940,0.047794,9.453765
0.000000,0.000000,4.733774,0.000000,0.000000,1.377565,2.437178,0.029600,9.733731
0.000000,0.000000,4.499518,0.000000,0.000000,1.524248,2.632047,0.029550,9.443737
0.000000,0.000000,4.669298,0.000000,0.000000,1.301852,2.638874,0.032118,9.908484
0.000000,0.000000,4.655001,0.000000,0.000000,1.388953,2.284434,0.029057,9.833002
0.000000,0.000000,4.481869,0.000000,0.000000,1.397128,2.275614,0.029117,9.117942
0.000000,0.000000,4.744728,0.000000,0.000000,1.478478,2.330667,0.029348,9.453826
0.000000,0.000000,4.326880,0.000000,0.000000,1.552751,2.290535,0.030264,9.166300
0.000000,0.000000,4.332206,0.000000,0.000000,1.189009,2.122498,0.030819,9.257779
0.000000,0.000000,4.653269,0.000000,0.000000,1.128096,2.270137,0.045468,9.086640
0.000000,0.000000,5.098940,0.000000,0.000000,1.118099,2.589349,0.031090,9.594341
0.000000,0.000000,4.379154,0.000000,0.000000,1.206205,2.246669,0.032540,9.096094
0.000000,0.000000,4.589689,0.000000,0.000000,1.306957,2.248732,0.029027,9.171475
0.000000,0.000000,4.407154,0.000000,0.000000,1.095718,2.483763,0.030647,8.912059
0.000000,0.000000,4.532935,0.000000,0.000000,3.896003,3.360186,0.060520,9.124778
0.000000,0.000000,6.660246,0.000000,0.000000,1.135245,2.348658,0.072763,15.455393
0.000000,0.000000,4.282741,0.000000,0.000000,1.166687,2.156921,0.033154,9.130687
0.000000,0.000000,5.973567,0.000000,0.000000,1.198503,2.139080,0.048187,10.427829
0.000000,0.000000,5.058996,0.000000,0.000000,1.053038,2.095817,0.033063,9.524847
0.000000,0.000000,4.712793,0.000000,0.000000,1.054992,2.153185,0.030144,8.918724
0.000000,0.000000,5.506062,0.000000,0.000000,1.291906,2.258176,0.030477,9.875963
0.000000,0.000000,5.205186,0.000000,0.000000,1.085031,2.188528,0.031579,9.820498
0.000000,0.000000,4.958083,0.000000,0.000000,1.157905,2.168207,0.038407,9.360737
0.000000,0.000000,5.175319,0.000000,0.000000,1.099621,2.743162,0.035365,9.724044
0.000000,0.000000,5.453345,0.000000,0.000000,1.050320,2.117456,0.032707,10.506196
0.000000,0.000000,4.973168,0.000000,0.000000,1.099772,2.289598,0.036594,9.299361
0.000000,0.000000,5.401647,0.000000,0.000000,1.106670,2.211134,0.734198,9.913447
0.000000,0.000000,4.908389,0.000000,0.000000,2.353391,2.787700,0.053702,10.108388
0.000000,0.000000,5.229807,0.000000,0.000000,1.581107,2.384336,0.031760,11.656166
0.000000,0.000000,5.976240,0.000000,0.000000,1.578026,2.435107,0.031528,11.043680
0.000000,0.000000,4.823178,0.000000,0.000000,1.374376,2.441925,0.032918,9.964118
0.000000,0.000000,5.203332,0.000000,0.000000,1.694433,2.662453,0.038074,10.186681
0.000000,0.000000,4.679754,0.000000,0.000000,1.275762,2.560859,0.030794,10.133935
0.000000,0.000000,4.432118,0.000000,0.000000,1.385063,2.525564,0.031468,9.289552
0.000000,0.000000,5.387173,0.000000,0.000000,1.296123,2.847959,0.033019,10.427721
0.000000,0.000000,4.512476,0.000000,0.000000,1.551473,2.438692,0.030743,9.847068
0.000000,0.000000,5.208709,0.000000,0.000000,1.466000,2.615084,0.055474,10.454658
0.000000,0.000000,4.775226,0.000000,0.000000,1.456464,2.362424,0.030854,9.990672
0.000000,0.000000,4.211952,0.000000,0.000000,1.462456,2.326172,0.031196,8.986160
0.000000,0.000000,4.705342,0.000000,0.000000,1.263124,2.326988,0.030702,9.576311
0.000000,0.000000,4.181853,0.000000,0.000000,1.387526,2.464813,0.032827,8.801813
0.000000,0.000000,4.422421,0.000000,0.000000,1.449848,2.340521,0.031045,9.480164
0.000000,0.000000,4.258263,0.000000,0.000000,1.386440,2.348255,0.030421,9.056377
0.000000,0.000000,4.698886,0.000000,0.000000,1.361537,2.267485,0.030864,9.456349
0.000000,0.000000,4.243128,0.000000,0.000000,1.319572,2.275431,0.032198,8.947160
0.000000,0.000000,5.222524,0.000000,0.000000,1.547877,2.138846,0.030718,10.004995
0.000000,0.000000,5.228183,0.000000,0.000000,1.189240,2.230280,0.033205,10.075958
0.000000,0.000000,4.223422,0.000000,0.000000,1.151130,2.210319,0.032097,8.732154
0.000000,0.000000,4.237281,0.000000,0.000000,1.248872,2.320378,0.030919,8.611783
0.000000,0.000000,4.403456,0.000000,0.000000,1.224621,2.207349,0.031835,8.986062
0.000000,0.000000,4.522368,0.000000,0.000000,1.239214,2.161323,0.031675,9.105729
0.000000,0.000000,4.170287,0.000000,0.000000,1.222758,2.354792,0.031060,8.531383
0.000000,0.000000,4.377664,0.000000,0.000000,1.172652,2.025420,0.030748,8.916076
0.000000,0.000000,5.339585,0.000000,0.000000,1.134300,2.263324,0.039369,9.740957
0.000000,0.000000,4.127060,0.000000,0.000000,1.242245,1.997563,0.030828,8.482939
0.000000,0.000000,4.281494,0.000000,0.000000,1.059552,1.968538,0.423630,8.535221
0.000000,0.000000,4.278925,0.000000,0.000000,2.164400,2.860436,0.052431,8.731711
0.000000,0.000000,4.758652,0.000000,0.000000,1.258994,2.505993,0.034354,10.878451
0.000000,0.000000,4.263315,0.000000,0.000000,1.207459,2.606886,0.032651,9.048695
0.000000,0.000000,4.848156,0.000000,0.000000,1.345218,2.530516,0.041343,9.766861
0.000000,0.000000,4.738002,0.000000,0.000000,1.230391,2.402017,0.040044,9.886810
0.000000,0.000000,4.118478,0.000000,0.000000,1.185383,2.519166,0.030949,8.819703
0.000000,0.000000,4.580048,0.000000,0.000000,1.426801,2.393053,0.033517,9.435555
0.000000,0.000000,4.824568,0.000000,0.000000,1.156357,2.296611,0.060690,9.742326
0.000000,0.000000,4.681305,0.000000,0.000000,1.065162,2.603242,0.031916,9.452111
0.000000,0.000000,4.880978,0.000000,0.000000,1.228508,2.165562,0.040506,9.547055
0.000000,0.000000,5.021975,0.000000,0.000000,1.072997,2.324014,0.032702,9.581065
0.000000,0.000000,4.633787,0.000000,0.000000,0.889669,2.372903,0.042315,9.114270
0.000000,0.000000,4.753613,0.000000,0.000000,0.912534,2.099716,0.315593,9.202975
0.000000,0.000000,4.762044,0.000000,0.000000,1.684887,2.286521,0.045266,9.104263
0.000000,0.000000,6.266561,0.000000,0.000000,1.122103,2.527709,0.033058,11.433160
0.000000,0.000000,4.618470,0.000000,0.000000,1.155665,2.302557,0.031416,9.252219
0.000000,0.000000,4.214208,0.000000,0.000000,1.088884,2.114845,0.027297,8.712249
0.000000,0.000000,4.663161,0.000000,0.000000,0.912383,2.125028,0.027579,8.889748
0.000000,0.000000,4.362516,0.000000,0.000000,1.086648,2.022852,0.040774,8.301259
0.000000,0.000000,4.370312,0.000000,0.000000,1.067489,2.125018,0.027790,8.498017
0.000000,0.000000,4.556191,0.000000,0.000000,1.043588,1.932169,0.027055,8.831026
0.000000,0.000000,4.044504,0.000000,0.000000,0.981581,2.056635,0.027195,7.924011
0.000000,0.000000,4.231825,0.000000,0.000000,1.113411,1.958347,0.029180,8.233067
0.000000,0.000000,4.284393,0.000000,0.000000,1.057538,2.171362,0.027539,8.388185
0.000000,0.000000,4.206471,0.000000,0.000000,0.996741,1.773123,0.026904,8.418765
0.000000,0.000000,4.928987,0.000000,0.000000,0.893416,1.911651,0.027005,8.672604
0.000000,0.000000,4.278602,0.000000,0.000000,0.959733,1.989180,0.048328,8.027799
0.000000,0.000000,4.456644,0.000000,0.000000,1.029758,1.924101,0.316077,8.463327
0.000000,0.000000,4.415034,0.000000,0.000000,1.867230,2.753525,0.042194,8.521465
0.000000,0.000000,5.452357,0.000000,0.000000,1.088531,2.244740,0.041328,11.286916
0.000000,0.000000,4.462365,0.000000,0.000000,1.219837,2.368502,0.034186,8.847212
0.000000,0.000000,4.313442,0.000000,0.000000,1.137303,2.153976,0.029039,9.100940
0.000000,0.000000,4.212747,0.000000,0.000000,1.117661,2.071200,0.027972,8.412954
0.000000,0.000000,4.733901,0.000000,0.000000,2.494913,6.300033,0.029523,8.933564
0.000000,0.000000,4.394860,0.000000,0.000000,1.288411,2.165862,0.032756,14.239607
0.000000,0.000000,4.713625,0.000000,0.000000,1.236460,2.317807,0.029193,9.206711
0.000000,0.000000,4.593648,0.000000,0.000000,1.221300,1.862448,0.029163,9.158857
0.000000,0.000000,4.241855,0.000000,0.000000,1.180099,1.949544,0.027894,8.236704
0.000000,0.000000,4.208854,0.000000,0.000000,1.219225,1.875080,0.044777,8.272496
0.000000,0.000000,4.423711,0.000000,0.000000,1.209081,1.998795,0.028499,8.808224
0.000000,0.000000,5.086914,0.000000,0.000000,1.074537,2.208225,0.028599,9.283639
0.000000,0.000000,4.644731,0.000000,0.000000,1.087502,1.931845,0.028196,8.902614
0.000000,0.000000,4.662631,0.000000,0.000000,1.112645,1.897323,0.027250,8.692869
0.000000,0.000000,4.758734,0.000000,0.000000,1.413495,3.941372,0.044395,8.838443
0.000000,0.000000,4.311856,0.000000,0.000000,1.116836,2.139705,0.041916,10.793347
0.000000,0.000000,12.002377,0.000000,0.000000,0.966194,3.674779,0.088850,16.463052
0.000000,0.000000,4.030036,0.000000,0.000000,0.937747,1.714143,0.047185,9.872927
0.000000,0.000000,4.423151,0.000000,0.000000,1.506596,1.934042,0.032407,8.606266
0.000000,0.000000,4.508484,0.000000,0.000000,1.220131,3.645012,0.069337,9.100389
0.000000,0.000000,4.907652,0.000000,0.000000,0.987786,1.758769,0.030796,11.507066
0.000000,0.000000,4.508067,0.000000,0.000000,1.298514,2.026124,0.356295,8.205123
0.000000,0.000000,5.270416,0.000000,0.000000,1.972059,2.139544,0.030382,10.016376
0.000000,0.000000,4.236012,0.000000,0.000000,1.573284,2.049717,0.031551,9.298608
0.000000,0.000000,4.280145,0.000000,0.000000,1.708573,2.156166,0.027219,8.807699
0.000000,0.000000,4.582253,0.000000,0.000000,1.433139,2.029257,0.028548,9.454932
0.000000,0.000000,4.478768,0.000000,0.000000,1.438619,2.107026,0.027682,8.930195
0.000000,0.000000,4.079318,0.000000,0.000000,1.548267,2.317110,0.029398,8.562316
0.000000,0.000000,4.348597,0.000000,0.000000,1.353937,2.192830,0.032712,9.206737
0.000000,0.000000,3.961540,0.000000,0.000000,1.317438,2.715603,0.124401,8.477345
0.000000,0.000000,4.018613,0.000000,0.000000,1.752489,2.794788,0.042969,9.490156
0.000000,0.000000,4.100580,0.000000,0.000000,1.793634,2.652979,0.046424,9.897765
0.000000,0.000000,4.964246,0.000000,0.000000,1.567036,2.032272,0.028742,10.795603
0.000000,0.000000,5.606463,0.000000,0.000000,1.590127,2.144412,0.028371,10.195893
0.000000,0.000000,5.962510,0.000000,0.000000,1.301166,1.931093,0.030083,10.646319
0.000000,0.000000,3.988822,0.000000,0.000000,1.292674,2.027264,0.050393,8.129911
0.000000,0.000000,4.015349,0.000000,0.000000,1.694520,1.982151,0.039573,8.451272
0.000000,0.000000,4.440305,0.000000,0.000000,1.154964,2.173448,0.029015,9.344971
0.000000,0.000000,4.035790,0.000000,0.000000,1.702651,1.923113,0.047875,8.358948
0.000000,0.000000,3.985053,0.000000,0.000000,1.141665,1.896254,0.033378,8.745450
0.000000,0.000000,4.063939,0.000000,0.000000,1.088733,1.866494,0.048579,8.163460
0.000000,0.000000,3.963333,0.000000,0.000000,1.006312,1.900032,0.046292,7.992554
0.000000,0.000000,5.307962,0.000000,0.000000,1.134049,1.889595,0.030204,9.258661
0.000000,0.000000,4.704502,0.000000,0.000000,1.239178,1.813209,0.034445,8.805919
0.000000,0.000000,4.252061,0.000000,0.000000,1.059447,2.266678,0.029589,8.348279
0.000000,0.000000,4.463508,0.000000,0.000000,1.197075,2.280076,0.034737,8.718289
0.000000,0.000000,4.704996,0.000000,0.000000,1.586630,2.064661,0.044419,9.242038
0.000000,0.000000,4.904050,0.000000,0.000000,1.203563,1.968539,0.037861,9.922659
0.000000,0.000000,5.270363,0.000000,0.000000,1.598247,1.972822,0.030657,9.496442
0.000000,0.000000,4.913278,0.000000,0.000000,1.227259,1.974091,0.029982,9.586962
0.000000,0.000000,4.508289,0.000000,0.000000,1.166483,1.772662,0.029036,8.686544
0.000000,0.000000,4.401462,0.000000,0.000000,1.103301,1.852267,0.108695,8.397643
0.000000,0.000000,4.541832,0.000000,0.000000,1.046360,1.875408,0.027589,8.966130
0.000000,0.000000,4.645370,0.000000,0.000000,1.083900,1.871944,0.028544,8.603597
0.000000,0.000000,4.324816,0.000000,0.000000,1.043909,1.749469,0.028800,8.227587
0.000000,0.000000,4.067335,0.000000,0.000000,1.153254,2.005512,0.030473,7.835770
0.000000,0.000000,10.678175,0.000000,0.000000,1.064363,1.792659,0.030936,14.826409
0.000000,0.000000,4.132534,0.000000,0.000000,0.991161,1.967282,0.029204,7.998838
0.000000,0.000000,4.142554,0.000000,0.000000,1.134286,1.888804,0.029273,8.063397
0.000000,0.000000,4.311410,0.000000,0.000000,1.110447,1.874355,0.031074,8.342561
0.000000,0.000000,3.920991,0.000000,0.000000,0.998219,1.919859,0.041695,7.789321
0.000000,0.000000,4.308634,0.000000,0.000000,0.954614,1.776999,0.028987,8.265896
0.000000,0.000000,4.030139,0.000000,0.000000,1.007333,1.950962,0.035424,7.625427
0.000000,0.000000,4.050307,0.000000,0.000000,1.109128,2.295602,0.028446,8.035158
0.000000,0.000000,4.101346,0.000000,0.000000,1.110940,2.279528,0.028919,8.512927
0.000000,0.000000,4.489865,0.000000,0.000000,1.023318,3.703740,0.123460,8.816255
0.000000,0.000000,4.944604,0.000000,0.000000,1.186710,2.020217,0.028958,11.105083
0.000000,0.000000,3.960225,0.000000,0.000000,1.149445,2.309973,0.027993,8.134798
0.000000,0.000000,4.393631,0.000000,0.000000,1.094325,4.560695,0.047128,8.954087
0.000000,0.000000,4.471702,0.000000,0.000000,1.057158,4.358936,0.072493,11.265305
0.000000,0.000000,4.156777,0.000000,0.000000,1.199171,2.375684,0.036044,11.234660
0.000000,0.000000,3.930804,0.000000,0.000000,2.143046,2.546074,0.042059,8.479023
0.000000,0.000000,4.495138,0.000000,0.000000,2.236108,2.986212,0.047817,10.323506
0.000000,0.000000,4.382042,0.000000,0.000000,1.380559,2.132960,0.032600,11.134050
0.000000,0.000000,6.259420,0.000000,0.000000,1.434189,2.365833,0.035127,10.809571
0.000000,0.000000,5.460368,0.000000,0.000000,1.354753,2.386649,0.041041,10.581363
0.000000,0.000000,5.064355,0.000000,0.000000,1.441297,2.080545,0.028503,10.094915
0.000000,0.000000,5.470448,0.000000,0.000000,1.110710,2.057838,0.032658,10.037850
0.000000,0.000000,4.261766,0.000000,0.000000,1.459319,2.339081,0.033192,8.358970
0.000000,0.000000,4.562869,0.000000,0.000000,1.082433,2.145576,0.116074,9.374364
0.000000,0.000000,4.014461,0.000000,0.000000,1.378339,3.563041,0.070610,9.726494
0.000000,0.000000,4.469770,0.000000,0.000000,2.753933,2.558632,0.040606,10.749573
0.000000,0.000000,4.255187,0.000000,0.000000,1.155917,2.126059,0.030240,10.872756
0.000000,0.000000,4.328946,0.000000,0.000000,1.115419,1.940826,0.036954,8.649017
0.000000,0.000000,4.289686,0.000000,0.000000,1.119793,2.044549,0.029984,8.411325
0.000000,0.000000,4.297422,0.000000,0.000000,1.152382,1.931003,0.031197,8.461484
0.000000,0.000000,4.285387,0.000000,0.000000,1.002406,2.057423,0.029895,8.387814
0.000000,0.000000,3.859222,0.000000,0.000000,0.971465,1.967818,0.029628,7.879380
0.000000,0.000000,4.232243,0.000000,0.000000,0.962984,1.996943,0.028266,8.200025
0.000000,0.000000,3.872135,0.000000,0.000000,1.037829,2.090547,0.028414,7.784088
0.000000,0.000000,4.251702,0.000000,0.000000,1.154702,2.605131,0.028750,8.358591
0.000000,0.000000,4.544685,0.000000,0.000000,0.980598,2.351531,0.276575,9.284750
0.000000,0.000000,3.934441,0.000000,0.000000,1.550163,2.180467,0.028325,8.462807
0.000000,0.000000,3.908259,0.000000,0.000000,1.330327,2.355905,0.034692,8.578239
0.000000,0.000000,4.441090,0.000000,0.000000,1.232917,2.425557,0.039847,9.237993
0.000000,0.000000,4.501162,0.000000,0.000000,1.274636,2.337156,0.027634,9.418367
0.000000,0.000000,3.993660,0.000000,0.000000,1.275811,3.259662,0.054261,8.570212
0.000000,0.000000,4.221432,0.000000,0.000000,1.126106,2.307773,0.066797,9.924561
0.000000,0.000000,4.093287,0.000000,0.000000,1.215046,2.504710,0.068688,8.997067
0.000000,0.000000,4.118143,0.000000,0.000000,1.488817,3.149972,0.043624,9.296851
0.000000,0.000000,4.132704,0.000000,0.000000,1.085362,3.030791,0.070341,9.788297
0.000000,0.000000,3.981212,0.000000,0.000000,1.656117,3.090115,0.040783,9.983827
0.000000,0.000000,4.202153,0.000000,0.000000,3.194847,2.823272,0.053632,10.121223
0.000000,0.000000,4.675847,0.000000,0.000000,1.608325,3.191210,0.031192,11.849630
0.000000,0.000000,4.209172,0.000000,0.000000,1.043193,2.411582,0.028974,10.062789
0.000000,0.000000,4.479062,0.000000,0.000000,1.031027,2.466817,0.028904,8.909323
0.000000,0.000000,4.267447,0.000000,0.000000,1.002856,2.382281,0.037100,8.778481
0.000000,0.000000,4.702378,0.000000,0.000000,0.982791,2.407336,0.028340,9.245427
0.000000,0.000000,4.203916,0.000000,0.000000,0.952976,2.260962,0.027756,8.603550
0.000000,0.000000,4.309803,0.000000,0.000000,1.004836,2.275107,0.043733,8.680424
0.000000,0.000000,4.143612,0.000000,0.000000,1.039264,2.257378,0.028103,8.539574
0.000000,0.000000,4.079419,0.000000,0.000000,0.974337,2.215348,0.028034,8.477934
0.000000,0.000000,4.307190,0.000000,0.000000,1.101072,2.507195,0.030864,8.582347
0.000000,0.000000,4.178773,0.000000,0.000000,0.983039,2.264575,0.241342,8.932428
0.000000,0.000000,4.845625,0.000000,0.000000,1.738712,3.651544,0.053542,9.407381
0.000000,0.000000,9.004506,0.000000,0.000000,1.584904,2.806583,0.041951,16.000285
0.000000,0.000000,6.203203,0.000000,0.000000,2.050088,2.353902,0.057314,11.757412
0.000000,0.000000,4.885943,0.000000,0.000000,1.528333,2.374718,0.028093,10.616340
0.000000,0.000000,4.572229,0.000000,0.000000,1.295741,2.154887,0.028172,9.508309
0.000000,0.000000,4.880151,0.000000,0.000000,1.563956,2.442828,0.028227,9.437315
0.000000,0.000000,4.805188,0.000000,0.000000,1.266325,4.876214,0.129894,9.922269
0.000000,0.000000,4.829695,0.000000,0.000000,1.231142,3.014421,0.127205,12.542406
0.000000,0.000000,5.827971,0.000000,0.000000,1.321250,2.356381,0.559982,12.936245
0.000000,0.000000,5.179444,0.000000,0.000000,1.241351,2.285580,0.028296,10.820964
0.000000,0.000000,5.296500,0.000000,0.000000,1.337187,2.267552,0.029963,10.044890
0.000000,0.000000,5.037522,0.000000,0.000000,1.454766,2.428005,0.027642,9.650109
0.000000,0.000000,5.284464,0.000000,0.000000,1.387699,3.010966,0.061285,10.343293
0.000000,0.000000,5.148079,0.000000,0.000000,1.201407,2.542699,0.041968,11.021372
0.000000,0.000000,4.420283,0.000000,0.000000,1.302052,2.540774,0.028564,9.235873
0.000000,0.000000,4.213358,0.000000,0.000000,1.206944,2.315464,0.027919,9.152552
0.000000,0.000000,4.221305,0.000000,0.000000,1.235865,2.377196,0.031988,8.799858
0.000000,0.000000,4.329798,0.000000,0.000000,1.330329,2.443930,0.027959,9.096663
0.000000,0.000000,4.370805,0.000000,0.000000,1.155629,2.222539,0.307351,9.158921
0.000000,0.000000,4.360317,0.000000,0.000000,1.917519,2.957809,0.060760,9.006366
0.000000,0.000000,4.772698,0.000000,0.000000,1.686018,2.643513,0.028158,10.936585
0.000000,0.000000,4.152012,0.000000,0.000000,1.792973,2.728005,0.029010,9.562889
0.000000,0.000000,4.225383,0.000000,0.000000,1.838851,3.152134,0.029100,9.938312
0.000000,0.000000,4.267688,0.000000,0.000000,1.894203,2.763365,0.028901,10.305631
0.000000,0.000000,3.952975,0.000000,0.000000,1.731896,2.835912,0.039101,9.695521
0.000000,0.000000,4.538945,0.000000,0.000000,1.562683,2.621695,0.028842,10.420860
0.000000,0.000000,5.431613,0.000000,0.000000,1.525705,2.558038,0.035301,10.735940
0.000000,0.000000,4.683603,0.000000,0.000000,1.522400,2.610345,0.033119,9.992267
0.000000,0.000000,4.044403,0.000000,0.000000,1.454923,2.845110,0.029378,9.348007
0.000000,0.000000,4.004766,0.000000,0.000000,1.361508,2.481217,0.046566,9.419720
0.000000,0.000000,4.124290,0.000000,0.000000,1.282592,2.728624,0.029050,9.080620
0.000000,0.000000,4.156094,0.000000,0.000000,1.383155,2.780971,0.041029,9.291511
0.000000,0.000000,4.310185,0.000000,0.000000,1.224377,2.672004,0.030529,9.607305
0.000000,0.000000,4.362337,0.000000,0.000000,1.450398,2.747682,0.030151,9.450020
0.000000,0.000000,4.401760,0.000000,0.000000,1.386754,2.751628,0.030508,9.837630
0.000000,0.000000,4.294276,0.000000,0.000000,1.492265,2.749736,0.033054,9.570233
0.000000,0.000000,4.164800,0.000000,0.000000,1.378002,2.484701,0.045118,9.615137
0.000000,0.000000,4.331338,0.000000,0.000000,1.399196,3.102953,0.030478,9.358107
0.000000,0.000000,4.624836,0.000000,0.000000,1.335511,5.357707,0.064268,10.256238
0.000000,0.000000,4.249617,0.000000,0.000000,1.241512,2.820598,0.088294,11.961804
0.000000,0.000000,4.370424,0.000000,0.000000,3.023131,3.913501,0.045220,10.072238
0.000000,0.000000,7.200335,0.000000,0.000000,1.426167,3.146639,0.031244,15.538290
0.000000,0.000000,5.507243,0.000000,0.000000,1.406670,2.821590,0.030417,11.432113
0.000000,0.000000,4.594307,0.000000,0.000000,1.351655,2.724166,0.030396,9.996162
0.000000,0.000000,4.198335,0.000000,0.000000,1.286835,2.668385,0.043359,9.474087
0.000000,0.000000,4.133832,0.000000,0.000000,1.376595,2.743448,0.030468,9.297511
0.000000,0.000000,4.670144,0.000000,0.000000,1.418766,2.791982,0.032768,9.979968
0.000000,0.000000,4.466283,0.000000,0.000000,1.231749,2.700090,0.030324,9.832764
0.000000,0.000000,4.249025,0.000000,0.000000,1.343874,3.225098,0.043881,9.291651
0.000000,0.000000,5.328232,0.000000,0.000000,1.605499,3.017147,0.030919,11.158204
0.000000,0.000000,4.539835,0.000000,0.000000,1.147712,2.892591,0.033326,10.479386
0.000000,0.000000,4.328190,0.000000,0.000000,1.193799,2.734229,0.309045,9.647757
0.000000,0.000000,4.802275,0.000000,0.000000,1.843340,3.546033,0.056092,10.287805
0.000000,0.000000,5.610013,0.000000,0.000000,1.489185,3.533151,0.032209,12.438099
0.000000,0.000000,4.973112,0.000000,0.000000,1.312497,3.006271,0.031820,11.381832
0.000000,0.000000,4.028947,0.000000,0.000000,1.207779,3.192101,0.074169,9.575024
0.000000,0.000000,4.513334,0.000000,0.000000,1.395504,3.645007,0.045492,10.462676
0.000000,0.000000,4.571035,0.000000,0.000000,1.536866,3.143946,0.304200,11.070801
0.000000,0.000000,5.140867,0.000000,0.000000,1.889395,4.982647,0.186076,11.398168
0.000000,0.000000,5.426989,0.000000,0.000000,1.423668,3.382213,0.048268,14.534954
0.000000,0.000000,5.483061,0.000000,0.000000,1.419479,3.438253,0.052682,11.878110
0.000000,0.000000,4.461769,0.000000,0.000000,1.325549,3.240830,0.302541,10.866750
0.000000,0.000000,8.139644,0.000000,0.000000,2.089378,3.661045,0.072632,14.909722
0.000000,0.000000,6.860827,0.000000,0.000000,1.862553,5.050700,0.034831,15.609819
0.000000,0.000000,6.863018,0.000000,0.000000,3.390415,4.005453,0.035517,15.292173
0.000000,0.000000,4.592736,0.000000,0.000000,1.553856,3.591475,0.047366,13.291486
0.000000,0.000000,5.025008,0.000000,0.000000,2.131276,4.713789,0.064101,11.630876
0.000000,0.000000,4.540443,0.000000,0.000000,1.481910,3.095218,0.028369,13.759926
0.000000,0.000000,4.838345,0.000000,0.000000,1.474013,3.597712,0.028983,10.616902
0.000000,0.000000,4.936775,0.000000,0.000000,1.857719,3.441438,0.031513,11.264978
0.000000,0.000000,4.874865,0.000000,0.000000,1.451065,3.166968,0.044073,11.496547
0.000000,0.000000,4.547580,0.000000,0.000000,1.493322,3.077078,0.029570,10.487987
0.000000,0.000000,4.500060,0.000000,0.000000,2.590651,3.443909,0.273054,10.362505
0.000000,0.000000,4.868429,0.000000,0.000000,3.317320,4.338825,0.071633,12.745185
0.000000,0.000000,4.857731,0.000000,0.000000,2.034250,3.645124,0.034514,14.321884
0.000000,0.000000,5.161739,0.000000,0.000000,1.886420,4.974728,0.040350,12.369463
0.000000,0.000000,4.074921,0.000000,0.000000,1.866830,4.430068,0.046525,12.079197
0.000000,0.000000,5.001571,0.000000,0.000000,3.048134,4.346600,0.043017,12.533908
0.000000,0.000000,6.466811,0.000000,0.000000,1.529969,3.354090,0.136609,15.294352
0.000000,0.000000,4.429434,0.000000,0.000000,3.159156,3.749957,0.036350,11.190057
0.000000,0.000000,4.745827,0.000000,0.000000,1.326046,4.915590,0.073653,13.150807
0.000000,0.000000,4.851084,0.000000,0.000000,1.481025,4.155117,0.137183,12.782662
0.000000,0.000000,4.406498,0.000000,0.000000,1.580289,4.842141,0.056330,11.876033
0.000000,0.000000,4.762477,0.000000,0.000000,1.581755,5.051448,0.063201,12.519733
0.000000,0.000000,4.500481,0.000000,0.000000,1.527487,3.616805,0.131604,13.331642
0.000000,0.000000,4.535446,0.000000,0.000000,1.393566,5.231197,0.052750,11.523235
0.000000,0.000000,4.482111,0.000000,0.000000,1.405381,4.243745,0.113439,12.268373
0.000000,0.000000,4.807341,0.000000,0.000000,1.427402,4.134337,0.069827,12.563888
0.000000,0.000000,4.446868,0.000000,0.000000,1.286886,3.193840,0.099120,12.344681
0.000000,0.000000,4.243304,0.000000,0.000000,1.325902,3.286191,0.030463,10.559669
0.000000,0.000000,4.379349,0.000000,0.000000,1.285399,4.400129,0.080894,10.285827
0.000000,0.000000,4.437278,0.000000,0.000000,2.052558,5.588930,0.072987,11.655248
0.000000,0.000000,4.435176,0.000000,0.000000,1.404133,3.054131,0.044295,13.864210
0.000000,0.000000,4.619783,0.000000,0.000000,1.335046,3.518626,0.127061,10.708752
0.000000,0.000000,4.347235,0.000000,0.000000,1.411405,3.420855,0.040659,11.034413
0.000000,0.000000,4.304193,0.000000,0.000000,1.199707,3.940880,0.091887,10.654974
0.000000,0.000000,4.362641,0.000000,0.000000,1.379383,3.517055,0.127410,11.831615
0.000000,0.000000,4.266472,0.000000,0.000000,1.346405,3.586378,0.094115,10.884941
0.000000,0.000000,4.361018,0.000000,0.000000,1.299235,4.466954,0.078299,11.108972
0.000000,0.000000,4.051766,0.000000,0.000000,1.318582,4.091870,0.509313,11.651643
0.000000,0.000000,4.571339,0.000000,0.000000,1.757927,5.090973,0.090879,12.131306
0.000000,0.000000,4.427506,0.000000,0.000000,1.151089,4.156264,0.068583,13.507916
0.000000,0.000000,4.571492,0.000000,0.000000,1.365744,3.644250,0.029784,11.737553
0.000000,0.000000,4.346373,0.000000,0.000000,1.425813,5.229647,0.396404,10.711428
0.000000,0.000000,4.449361,0.000000,0.000000,1.687166,3.941517,0.091075,13.955475
0.000000,0.000000,4.326366,0.000000,0.000000,1.568683,4.368618,0.675256,11.600877
0.000000,0.000000,4.401667,0.000000,0.000000,1.441362,3.424460,0.230317,12.613568
0.000000,0.000000,4.589250,0.000000,0.000000,1.398659,3.584344,0.029886,11.086317
0.000000,0.000000,4.578487,0.000000,0.000000,1.414455,3.523772,0.240751,10.916492
0.000000,0.000000,4.189374,0.000000,0.000000,1.911567,3.957732,0.198479,10.685025
0.000000,0.000000,4.454978,0.000000,0.000000,1.677502,4.531449,0.053641,12.102447
0.000000,0.000000,7.409584,0.000000,0.000000,1.742213,3.516685,0.029187,15.413433
0.000000,0.000000,5.626054,0.000000,0.000000,1.517011,3.499842,0.028930,12.455798
0.000000,0.000000,4.958858,0.000000,0.000000,1.288194,3.467338,0.031663,11.449455
0.000000,0.000000,4.700864,0.000000,0.000000,1.382875,4.518622,0.042590,10.995447
0.000000,0.000000,5.496178,0.000000,0.000000,1.494705,3.520219,0.028499,12.943339
0.000000,0.000000,4.481906,0.000000,0.000000,1.331880,3.477457,0.033683,10.933046
0.000000,0.000000,5.416987,0.000000,0.000000,1.511389,3.371155,0.035472,11.772818
0.000000,0.000000,4.650885,0.000000,0.000000,1.368945,3.830256,0.029755,10.938535
0.000000,0.000000,5.199304,0.000000,0.000000,1.580627,4.045299,0.031627,12.055505
0.000000,0.000000,4.534228,0.000000,0.000000,1.529865,3.757781,0.034804,11.568159
0.000000,0.000000,5.117009,0.000000,0.000000,1.627933,3.656524,0.049784,11.876274
0.000000,0.000000,4.970154,0.000000,0.000000,1.439225,3.666087,0.031288,11.869528
0.000000,0.000000,4.613085,0.000000,0.000000,1.421075,3.301903,0.033958,11.186294
0.000000,0.000000,5.114776,0.000000,0.000000,1.295523,3.432909,0.371998,11.192304
0.000000,0.000000,5.207468,0.000000,0.000000,2.199069,4.047500,0.077556,11.692025
0.000000,0.000000,4.824003,0.000000,0.000000,1.694449,3.435996,0.032999,12.769181
0.000000,0.000000,4.439866,0.000000,0.000000,1.805543,4.694601,0.055816,10.938589
0.000000,0.000000,4.371180,0.000000,0.000000,1.592145,3.808964,0.029458,12.458549
0.000000,0.000000,4.672363,0.000000,0.000000,1.495091,4.025660,0.030138,11.358495
0.000000,0.000000,4.397369,0.000000,0.000000,1.549958,3.223538,0.036868,11.266419
0.000000,0.000000,4.388329,0.000000,0.000000,2.197039,3.593607,0.028299,10.554562
0.000000,0.000000,5.122715,0.000000,0.000000,1.504111,3.308234,0.058796,12.203074
0.000000,0.000000,4.471694,0.000000,0.000000,1.950914,3.246047,0.054207,10.769170
0.000000,0.000000,6.160833,0.000000,0.000000,1.488261,3.387878,0.032518,13.055934
0.000000,0.000000,5.194131,0.000000,0.000000,1.689740,3.384178,0.029708,11.509285
0.000000,0.000000,5.655034,0.000000,0.000000,1.353579,3.576397,0.028048,12.149827
0.000000,0.000000,5.254178,0.000000,0.000000,1.618583,3.396718,0.028048,11.524794
0.000000,0.000000,7.989845,0.000000,0.000000,1.572667,3.717159,0.028868,14.291590
0.000000,0.000000,6.750438,0.000000,0.000000,1.671671,3.513335,0.028558,13.364266
0.000000,0.000000,6.256931,0.000000,0.000000,2.718080,4.009734,0.029228,12.888701
0.000000,0.000000,5.040871,0.000000,0.000000,1.498194,4.463892,0.071519,14.566507
0.000000,0.000000,4.072254,0.000000,0.000000,1.895997,4.855370,0.046455,12.203150
0.000000,0.000000,4.100982,0.000000,0.000000,1.336878,4.740549,0.054092,12.157096
0.000000,0.000000,4.372654,0.000000,0.000000,1.489216,4.026831,0.033683,11.928185
0.000000,0.000000,5.715587,0.000000,0.000000,1.576310,4.705201,0.053341,12.807582
0.000000,0.000000,4.549805,0.000000,0.000000,1.291614,4.333996,0.079347,12.138414
0.000000,0.000000,3.984530,0.000000,0.000000,1.683652,4.842486,0.059437,11.660316
0.000000,0.000000,4.309382,0.000000,0.000000,1.377238,6.219963,0.058306,12.482069
0.000000,0.000000,4.420000,0.000000,0.000000,1.273938,3.582413,0.101007,13.711012
0.000000,0.000000,4.317280,0.000000,0.000000,1.353535,4.909090,0.080968,11.135451
0.000000,0.000000,4.620913,0.000000,0.000000,1.306949,4.067250,0.133909,12.582086
0.000000,0.000000,4.294168,0.000000,0.000000,1.303536,4.296991,0.375342,11.612702
0.000000,0.000000,4.175484,0.000000,0.000000,1.849843,4.765272,0.121497,12.285530
0.000000,0.000000,4.558484,0.000000,0.000000,1.652613,4.182991,0.147202,13.304151
0.000000,0.000000,4.933154,0.000000,0.000000,1.578542,5.874051,0.108945,13.083058
0.000000,0.000000,4.467805,0.000000,0.000000,1.537572,3.360187,0.029309,14.000912
0.000000,0.000000,4.747566,0.000000,0.000000,1.313596,3.524717,0.030730,11.073801
0.000000,0.000000,3.905203,0.000000,0.000000,1.296449,3.757902,0.037026,10.157308
0.000000,0.000000,4.466235,0.000000,0.000000,1.513299,3.499782,0.031420,11.071089
0.000000,0.000000,4.361584,0.000000,0.000000,1.235421,3.335645,0.281361,10.906711
0.000000,0.000000,4.044908,0.000000,0.000000,1.635847,3.787740,0.047216,10.367852
0.000000,0.000000,4.650361,0.000000,0.000000,1.605496,4.672252,0.056365,11.766138
0.000000,0.000000,4.679259,0.000000,0.000000,1.605906,4.692204,0.046807,12.682076
0.000000,0.000000,4.773592,0.000000,0.000000,1.287551,3.246570,0.038141,12.858360
0.000000,0.000000,4.498855,0.000000,0.000000,1.473898,3.772256,0.033703,10.685706
0.000000,0.000000,4.427543,0.000000,0.000000,1.343725,3.583305,0.037079,11.121675
0.000000,0.000000,4.390664,0.000000,0.000000,1.323187,3.483099,0.030787,10.809355
0.000000,0.000000,4.162070,0.000000,0.000000,1.379812,3.773328,0.041387,10.444147
0.000000,0.000000,4.589704,0.000000,0.000000,1.530242,3.574057,0.029745,11.275831
0.000000,0.000000,6.225271,0.000000,0.000000,1.392566,3.516060,0.028412,12.938219
0.000000,0.000000,4.726328,0.000000,0.000000,1.387727,3.512823,0.029445,11.217694
0.000000,0.000000,4.507000,0.000000,0.000000,1.281329,3.685394,0.030497,11.031938
0.000000,0.000000,4.253550,0.000000,0.000000,1.276060,3.370440,0.028423,10.714899
0.000000,0.000000,4.669512,0.000000,0.000000,1.442068,3.699570,0.028332,10.793175
0.000000,0.000000,5.030954,0.000000,0.000000,1.335411,3.446832,0.052537,11.614831
0.000000,0.000000,4.239182,0.000000,0.000000,1.191462,3.474914,0.028803,10.602400
0.000000,0.000000,4.296951,0.000000,0.000000,1.301417,3.397490,0.029975,10.380398
0.000000,0.000000,4.955560,0.000000,0.000000,1.372373,3.403792,0.029415,11.189552
0.000000,0.000000,6.199072,0.000000,0.000000,1.508942,3.637024,0.029996,12.462927
0.000000,0.000000,5.079283,0.000000,0.000000,1.325082,3.579759,0.030767,11.748288
0.000000,0.000000,4.392838,0.000000,0.000000,1.568403,4.704868,0.032200,10.842557
0.000000,0.000000,4.419789,0.000000,0.000000,1.535752,4.443993,0.049823,12.257105
0.000000,0.000000,4.715217,0.000000,0.000000,1.293993,3.410094,0.030547,12.304782
0.000000,0.000000,5.656552,0.000000,0.000000,1.244782,3.779760,0.280321,11.891104
0.000000,0.000000,4.482776,0.000000,0.000000,1.874522,3.704069,0.034995,11.186375
0.000000,0.000000,5.450418,0.000000,0.000000,1.869160,4.236946,0.058635,12.635052
0.000000,0.000000,4.484184,0.000000,0.000000,1.674196,4.348450,0.062365,12.407599
0.000000,0.000000,5.647476,0.000000,0.000000,1.973064,4.428592,0.035624,13.834701
0.000000,0.000000,5.976846,0.000000,0.000000,2.175929,4.648652,0.043685,14.105627
0.000000,0.000000,4.848368,0.000000,0.000000,1.506294,3.296946,0.029187,13.278323
0.000000,0.000000,4.722967,0.000000,0.000000,1.449954,3.382703,0.028164,11.009199
0.000000,0.000000,5.041147,0.000000,0.000000,1.516069,3.391816,0.028335,11.340493
0.000000,0.000000,4.656422,0.000000,0.000000,1.665663,3.317581,0.028826,10.999202
0.000000,0.000000,4.593014,0.000000,0.000000,1.515687,3.356123,0.029047,11.093812
0.000000,0.000000,4.371430,0.000000,0.000000,1.433200,3.537230,0.028656,10.674145
0.000000,0.000000,4.364814,0.000000,0.000000,1.550079,3.708352,0.028405,10.729843
0.000000,0.000000,4.383091,0.000000,0.000000,1.462377,3.441146,0.028816,11.063794
0.000000,0.000000,4.609920,0.000000,0.000000,1.455489,3.689571,0.028756,10.876880
0.000000,0.000000,5.747491,0.000000,0.000000,1.959198,4.886278,0.063357,12.423389
0.000000,0.000000,4.999076,0.000000,0.000000,1.439397,3.518360,0.028345,13.967943
0.000000,0.000000,6.235887,0.000000,0.000000,1.404454,3.598562,0.028937,12.628390
0.000000,0.000000,5.580109,0.000000,0.000000,1.388974,3.816139,0.030340,12.152655
0.000000,0.000000,6.303995,0.000000,0.000000,1.950023,4.004142,0.034371,12.976940
0.000000,0.000000,4.486284,0.000000,0.000000,1.503967,3.867843,0.030200,12.054747
0.000000,0.000000,5.395642,0.000000,0.000000,2.136205,4.377487,0.335194,12.307534
0.000000,0.000000,4.238250,0.000000,0.000000,2.432817,6.504718,0.084904,12.901802
0.000000,0.000000,4.059006,0.000000,0.000000,2.772834,4.931980,0.057231,14.520632
0.000000,0.000000,4.143379,0.000000,0.000000,1.806906,5.523609,0.072150,14.087398
0.000000,0.000000,4.408709,0.000000,0.000000,1.975187,4.216146,0.039802,13.503377
0.000000,0.000000,5.929514,0.000000,0.000000,1.569981,5.617018,0.056839,13.785172
0.000000,0.000000,4.236844,0.000000,0.000000,1.447485,4.443992,0.075621,12.814159
0.000000,0.000000,4.430778,0.000000,0.000000,1.806160,5.395921,0.050580,12.228294
0.000000,0.000000,4.287829,0.000000,0.000000,1.404926,4.284215,0.075674,12.941293
0.000000,0.000000,4.299363,0.000000,0.000000,1.442773,4.242167,0.143256,11.903504
0.000000,0.000000,4.515022,0.000000,0.000000,1.479153,4.573133,0.075724,12.268835
0.000000,0.000000,4.337998,0.000000,0.000000,1.439859,4.902244,0.081392,12.384113
0.000000,0.000000,4.154410,0.000000,0.000000,1.376768,5.014868,0.063331,12.174691
0.000000,0.000000,4.214439,0.000000,0.000000,1.446046,4.707131,0.074178,12.767733
0.000000,0.000000,4.379567,0.000000,0.000000,1.453609,3.883493,0.082530,12.446217
0.000000,0.000000,4.167491,0.000000,0.000000,1.355594,6.996780,0.056406,11.463228
0.000000,0.000000,4.019296,0.000000,0.000000,1.358079,3.936357,0.055110,14.530537
0.000000,0.000000,3.854267,0.000000,0.000000,1.392812,3.314847,0.283630,10.752592
0.000000,0.000000,4.054918,0.000000,0.000000,1.978910,4.800856,0.154761,10.292111
0.000000,0.000000,3.916271,0.000000,0.000000,1.690272,4.161075,0.044763,12.779058
0.000000,0.000000,3.969145,0.000000,0.000000,1.431957,3.635097,0.174917,11.599519
0.000000,0.000000,4.207244,0.000000,0.000000,1.593524,3.470506,0.028787,11.325220
0.000000,0.000000,4.164129,0.000000,0.000000,1.383502,3.524898,0.041679,10.674693
0.000000,0.000000,5.137020,0.000000,0.000000,1.288520,3.267899,0.471647,11.691779
0.000000,0.000000,4.044102,0.000000,0.000000,1.545548,3.462305,0.028538,10.455143
0.000000,0.000000,4.297158,0.000000,0.000000,1.520852,4.035660,0.366368,10.642005
0.000000,0.000000,5.182540,0.000000,0.000000,1.920268,4.030681,0.043016,12.910172
0.000000,0.000000,4.434118,0.000000,0.000000,1.773908,4.169417,0.074926,12.084129
0.000000,0.000000,4.680220,0.000000,0.000000,1.675424,4.450185,0.054533,12.459628
0.000000,0.000000,4.202358,0.000000,0.000000,1.423364,3.752021,0.031151,12.179849
0.000000,0.000000,4.141503,0.000000,0.000000,1.709100,4.234535,0.051808,10.721321
0.000000,0.000000,5.505871,0.000000,0.000000,1.592445,4.029581,0.037950,13.244501
0.000000,0.000000,4.648480,0.000000,0.000000,1.401189,3.328922,0.030721,12.010478
0.000000,0.000000,4.270569,0.000000,0.000000,1.412361,3.673637,0.067034,10.464318
0.000000,0.000000,4.132976,0.000000,0.000000,1.355071,3.987049,0.040915,10.891732
0.000000,0.000000,5.097369,0.000000,0.000000,1.378485,3.293198,0.028524,11.992276
0.000000,0.000000,4.102736,0.000000,0.000000,1.333985,4.191973,0.054902,10.201356
0.000000,0.000000,5.297831,0.000000,0.000000,1.542904,3.336989,0.028255,12.531880
0.000000,0.000000,4.445282,0.000000,0.000000,1.966143,4.401332,0.037510,10.674834
0.000000,0.000000,4.514552,0.000000,0.000000,1.442133,3.027180,0.042223,12.444960
0.000000,0.000000,4.731339,0.000000,0.000000,1.441095,3.255239,0.033896,10.665949
0.000000,0.000000,4.159464,0.000000,0.000000,1.370917,3.096460,0.027736,10.150895
0.000000,0.000000,4.007726,0.000000,0.000000,1.449241,2.940688,0.028155,9.712621
0.000000,0.000000,4.210775,0.000000,0.000000,1.571109,4.333739,0.030172,9.799293
0.000000,0.000000,4.253745,0.000000,0.000000,1.390176,2.985027,0.295581,11.601215
0.000000,0.000000,4.149382,0.000000,0.000000,2.062399,3.832334,0.054673,10.059372
0.000000,0.000000,4.946797,0.000000,0.000000,1.704437,3.670550,0.035154,12.363227
0.000000,0.000000,4.272156,0.000000,0.000000,1.518173,3.249599,0.028944,11.081570
0.000000,0.000000,4.367406,0.000000,0.000000,1.701971,2.934487,0.028685,10.567266
0.000000,0.000000,4.370331,0.000000,0.000000,1.495918,2.895720,0.028674,10.379284
0.000000,0.000000,4.570377,0.000000,0.000000,1.435110,2.959896,0.050866,10.271988
0.000000,0.000000,3.808936,0.000000,0.000000,1.350400,3.394945,0.063173,9.544233
0.000000,0.000000,4.847158,0.000000,0.000000,1.379599,3.002661,0.032465,11.489625
0.000000,0.000000,3.989750,0.000000,0.000000,1.497705,2.991703,0.032246,9.806580
0.000000,0.000000,4.263085,0.000000,0.000000,1.428967,2.869761,0.341299,10.051685
0.000000,0.000000,3.913451,0.000000,0.000000,1.386451,2.716034,0.033454,9.830605
0.000000,0.000000,3.984891,0.000000,0.000000,1.346364,2.434742,0.028200,9.452312
0.000000,0.000000,4.452336,0.000000,0.000000,1.259786,2.961555,0.029658,9.430984
0.000000,0.000000,4.005769,0.000000,0.000000,1.310573,2.636898,0.028990,9.442751
0.000000,0.000000,4.499605,0.000000,0.000000,1.295129,2.557353,0.029639,9.644957
0.000000,0.000000,4.085653,0.000000,0.000000,1.232215,2.444932,0.387470,9.261313
0.000000,0.000000,3.997467,0.000000,0.000000,2.140034,3.124741,0.041666,9.390027
0.000000,0.000000,4.011612,0.000000,0.000000,1.353087,2.672490,0.028590,10.757809
0.000000,0.000000,4.121645,0.000000,0.000000,1.522728,2.930017,0.031117,9.452650
0.000000,0.000000,4.166448,0.000000,0.000000,1.654748,2.541049,0.040607,9.962530
0.000000,0.000000,4.030353,0.000000,0.000000,1.415172,2.627328,0.028081,9.538230
0.000000,0.000000,3.944582,0.000000,0.000000,1.625439,2.737931,0.035852,9.151649
0.000000,0.000000,4.141744,0.000000,0.000000,1.640856,2.574824,0.028709,9.801122
0.000000,0.000000,5.801704,0.000000,0.000000,2.800844,2.953044,0.399237,11.299625
0.000000,0.000000,4.458340,0.000000,0.000000,2.981583,4.160445,0.066829,12.033469
0.000000,0.000000,4.494551,0.000000,0.000000,2.680086,4.836798,0.050536,12.920429
0.000000,0.000000,4.518772,0.000000,0.000000,1.469280,4.714869,0.083800,13.476071
0.000000,0.000000,4.207182,0.000000,0.000000,2.880952,4.459935,0.054127,11.967998
0.000000,0.000000,3.922942,0.000000,0.000000,2.601263,3.176078,0.037538,12.598110
0.000000,0.000000,10.867966,0.000000,0.000000,1.457198,2.821641,0.030172,17.976021
0.000000,0.000000,3.914737,0.000000,0.000000,1.678885,2.615064,0.029373,9.409168
0.000000,0.000000,4.121034,0.000000,0.000000,1.592846,2.863566,0.028743,9.557859
0.000000,0.000000,4.836356,0.000000,0.000000,1.533102,2.467793,0.028993,10.520484
0.000000,0.000000,3.859780,0.000000,0.000000,1.446854,3.098635,0.029322,9.047075
0.000000,0.000000,4.302026,0.000000,0.000000,1.585111,3.671953,0.040695,10.043679
0.000000,0.000000,4.388184,0.000000,0.000000,1.942257,2.672590,0.098750,10.835615
0.000000,0.000000,4.797289,0.000000,0.000000,1.573558,2.440339,0.541866,11.314758
0.000000,0.000000,4.736262,0.000000,0.000000,1.837041,2.517813,0.029112,10.866227
0.000000,0.000000,3.951286,0.000000,0.000000,1.648263,2.415735,0.028982,9.352413
0.000000,0.000000,3.999556,0.000000,0.000000,1.454490,2.400163,0.354818,9.129326
0.000000,0.000000,3.946918,0.000000,0.000000,2.090448,2.773040,0.071957,9.206400
0.000000,0.000000,4.140063,0.000000,0.000000,1.846165,2.672705,0.026594,10.712739
0.000000,0.000000,4.127885,0.000000,0.000000,2.069172,2.870951,0.025874,9.787022
0.000000,0.000000,5.286785,0.000000,0.000000,1.703780,2.693779,0.025605,11.668716
0.000000,0.000000,4.712419,0.000000,0.000000,1.794336,2.616634,0.028053,10.374891
0.000000,0.000000,4.629543,0.000000,0.000000,1.453430,2.476628,0.035528,10.200418
0.000000,0.000000,4.177060,0.000000,0.000000,1.417282,2.238370,0.334280,9.290579
0.000000,0.000000,3.875200,0.000000,0.000000,2.129155,3.479815,0.060238,8.975348
0.000000,0.000000,4.022163,0.000000,0.000000,1.771852,2.334173,0.025585,10.896707
0.000000,0.000000,3.809581,0.000000,0.000000,1.756406,2.912519,0.029685,9.022939
0.000000,0.000000,3.970171,0.000000,0.000000,1.623492,2.842712,0.023106,9.803219
0.000000,0.000000,4.542329,0.000000,0.000000,1.534529,2.518526,0.025225,10.191603
0.000000,0.000000,4.095696,0.000000,0.000000,1.788869,2.728555,0.025985,9.441838
0.000000,0.000000,4.732613,0.000000,0.000000,1.704289,2.777186,0.026865,10.495312
0.000000,0.000000,5.927204,0.000000,0.000000,2.214236,3.297994,0.028085,12.808468
0.000000,0.000000,6.442208,0.000000,0.000000,1.601686,2.588002,0.025945,13.332067
0.000000,0.000000,5.524868,0.000000,0.000000,1.624931,2.609438,0.026905,10.804962
0.000000,0.000000,5.429605,0.000000,0.000000,1.927023,3.662792,0.029614,10.897473
0.000000,0.000000,3.934079,0.000000,0.000000,1.688349,2.410407,0.026825,10.553501
0.000000,0.000000,6.073870,0.000000,0.000000,1.934221,3.315800,0.031094,11.406793
0.000000,0.000000,3.910580,0.000000,0.000000,1.633730,2.775479,0.302271,10.182871
0.000000,0.000000,5.230871,0.000000,0.000000,2.422114,2.690873,0.036122,11.113091
0.000000,0.000000,5.049780,0.000000,0.000000,1.582570,2.204288,0.026135,11.429569
0.000000,0.000000,7.116295,0.000000,0.000000,1.655840,2.426214,0.026155,12.023183
0.000000,0.000000,7.095815,0.000000,0.000000,1.641978,2.685683,0.033203,12.409048
0.000000,0.000000,6.454016,0.000000,0.000000,2.252548,3.571689,0.035483,12.028302
0.000000,0.000000,5.192973,0.000000,0.000000,1.629590,2.611448,0.026495,13.104990
0.000000,0.000000,4.479242,0.000000,0.000000,2.478354,2.792333,0.293753,9.919565
0.000000,0.000000,3.600424,0.000000,0.000000,1.998298,4.276612,0.061148,10.268928
0.000000,0.000000,4.440199,0.000000,0.000000,2.237591,3.599534,0.030614,12.372853
0.000000,0.000000,3.553843,0.000000,0.000000,2.027536,3.629605,0.035796,10.414279
0.000000,0.000000,3.861233,0.000000,0.000000,1.693674,2.823069,0.027544,10.681690
0.000000,0.000000,5.275273,0.000000,0.000000,2.019025,2.831841,0.024653,10.876375
0.000000,0.000000,4.083296,0.000000,0.000000,1.912158,4.155617,0.032485,10.203281
0.000000,0.000000,3.917580,0.000000,0.000000,1.654368,2.573611,0.023044,11.114462
0.000000,0.000000,6.060431,0.000000,0.000000,2.506612,2.868177,0.025024,11.455135
0.000000,0.000000,3.698417,0.000000,0.000000,1.642486,2.407825,0.022513,10.082992
0.000000,0.000000,4.858777,0.000000,0.000000,1.875113,2.620838,0.023704,10.089372
0.000000,0.000000,4.044459,0.000000,0.000000,2.029637,3.313766,0.027655,9.644163
0.000000,0.000000,3.747874,0.000000,0.000000,1.577366,2.457232,0.023864,10.039195
0.000000,0.000000,5.328131,0.000000,0.000000,1.776377,2.529794,0.023583,10.338981
0.000000,0.000000,4.411737,0.000000,0.000000,1.441114,2.322182,0.023073,9.817500
0.000000,0.000000,5.985913,0.000000,0.000000,1.844998,2.925536,0.281194,10.860242
0.000000,0.000000,3.417602,0.000000,0.000000,3.193498,2.935798,0.058049,9.472277
0.000000,0.000000,3.985322,0.000000,0.000000,2.249901,2.510722,0.031495,11.435093
0.000000,0.000000,4.501092,0.000000,0.000000,2.349176,3.004738,0.024224,10.359825
0.000000,0.000000,3.883535,0.000000,0.000000,1.895285,2.981734,0.029964,10.151512
0.000000,0.000000,3.799933,0.000000,0.000000,1.654627,2.404965,0.022003,9.829422
0.000000,0.000000,6.551729,0.000000,0.000000,2.012944,3.124507,0.023404,11.740330
0.000000,0.000000,5.539793,0.000000,0.000000,1.749963,2.488368,0.022284,11.735069
0.000000,0.000000,4.795667,0.000000,0.000000,2.147374,2.898482,0.024634,10.177917
0.000000,0.000000,3.825336,0.000000,0.000000,1.544571,3.187006,0.032355,9.767381
0.000000,0.000000,3.537451,0.000000,0.000000,1.624243,2.717024,0.026144,9.365880
0.000000,0.000000,4.451354,0.000000,0.000000,1.388737,2.206359,0.031345,9.940749
0.000000,0.000000,4.009356,0.000000,0.000000,1.690874,2.225271,0.023061,8.678006
0.000000,0.000000,4.144331,0.000000,0.000000,1.880102,2.087367,0.028023,9.145630
0.000000,0.000000,3.586463,0.000000,0.000000,1.515032,2.204352,0.043420,8.651250
0.000000,0.000000,3.488196,0.000000,0.000000,1.485428,2.141253,0.023361,8.642517
0.000000,0.000000,3.973572,0.000000,0.000000,1.424400,2.222120,0.021680,8.606019
0.000000,0.000000,3.829406,0.000000,0.000000,1.501646,2.340454,0.024712,8.419343
0.000000,0.000000,4.446661,0.000000,0.000000,1.412104,2.277146,0.027243,9.190210
0.000000,0.000000,4.359090,0.000000,0.000000,1.390924,2.163833,0.025952,9.019520
0.000000,0.000000,4.998198,0.000000,0.000000,1.371866,2.270792,0.024501,9.798692
0.000000,0.000000,4.336476,0.000000,0.000000,1.820443,3.459164,0.035126,9.035298
0.000000,0.000000,5.864758,0.000000,0.000000,1.375237,2.175369,0.021600,12.356288
0.000000,0.000000,3.792909,0.000000,0.000000,1.384181,2.141083,0.021840,8.343609
0.000000,0.000000,4.943471,0.000000,0.000000,1.209130,2.147136,0.022131,9.377406
0.000000,0.000000,5.309260,0.000000,0.000000,1.407763,2.068259,0.021710,9.887172
0.000000,0.000000,4.099411,0.000000,0.000000,1.232081,2.327039,0.027293,8.562530
0.000000,0.000000,3.672602,0.000000,0.000000,1.438241,2.079334,0.021700,8.246213
0.000000,0.000000,4.044911,0.000000,0.000000,1.424110,2.364826,0.024682,8.500450
0.000000,0.000000,3.888893,0.000000,0.000000,1.526848,2.148016,0.024872,8.670310
0.000000,0.000000,3.967389,0.000000,0.000000,1.384801,2.244350,0.021310,8.654712
0.000000,0.000000,4.218706,0.000000,0.000000,1.641531,2.201201,0.022140,8.831624
0.000000,0.000000,4.353868,0.000000,0.000000,0.000000,0.000000,0.000000,9.302919
