#LBA time[ms], KF opt[#], KF fixed[#], MP[#], Edges[#]
0.007741,3,1,0,4040
0.001357,4,1,0,4510
0.336399,5,1,0,5357
0.640306,6,1,0,6040
0.514787,7,1,0,6608
1.043220,8,1,0,7109
1.240041,9,1,0,7640
1.468412,10,1,0,8375
1.155928,11,1,0,8782
1.539312,12,1,0,9112
1.289436,9,4,0,8641
2.145649,7,7,0,6397
1.835446,8,7,0,6930
1.143618,8,8,0,6671
0.830429,8,9,0,6488
1.010532,9,9,0,6937
0.796025,10,9,0,7430
0.797437,10,10,0,7448
1.289134,11,10,0,7991
2.093345,11,11,0,8117
1.443160,11,12,0,8252
1.676219,11,13,0,8242
1.822494,12,13,0,8601
1.948339,12,14,0,8635
1.532267,12,15,0,8590
2.049854,12,16,0,8562
1.846791,12,17,0,9239
1.408528,13,17,0,9855
1.106261,12,19,0,9733
2.026155,12,20,0,9917
1.385753,12,21,0,10050
2.119236,10,24,0,9341
1.359232,7,28,0,7992
1.529031,6,19,0,7153
1.518425,5,21,0,6515
0.975662,5,19,0,6118
1.002151,6,19,0,6539
0.717580,6,9,0,5786
1.617270,7,9,0,6079
1.180376,8,9,0,6448
0.940260,9,9,0,6807
1.070002,10,9,0,7205
1.199136,11,9,0,7857
1.548693,12,9,0,8454
2.007787,13,9,0,9213
1.652879,12,4,0,8896
2.292012,14,7,0,9933
1.741865,13,5,0,9848
5.633279,12,6,0,8984
1.485705,14,6,0,10441
1.213226,14,6,0,9777
2.089436,14,6,0,9994
1.627258,15,6,0,10545
1.380585,14,8,0,10171
2.788028,13,10,0,9842
2.335164,14,10,0,10601
1.539182,12,13,0,9903
2.776879,12,14,0,10196
1.626097,11,16,0,10062
3.716991,8,20,0,8438
1.325892,6,23,0,6789
1.398020,6,23,0,6157
1.119527,6,22,0,5643
0.760559,7,22,0,6266
0.821363,8,22,0,6765
0.941617,9,22,0,7481
0.949065,10,22,0,8111
0.938404,10,23,0,8824
1.521801,9,11,0,7545
1.645366,10,11,0,8292
1.277615,11,11,0,8968
2.386633,12,11,0,9726
1.441793,13,11,0,10498
1.641057,14,11,0,11152
2.234181,15,11,0,11820
1.800587,16,11,0,12571
1.925269,17,11,0,13425
3.748242,17,5,0,13860
4.630286,18,5,0,14600
2.924545,20,11,0,16011
3.725184,20,5,0,16284
4.986970,20,6,0,16436
4.359866,21,6,0,17201
3.423004,22,6,0,18083
3.568725,23,6,0,18859
3.318383,24,6,0,19644
4.055036,24,7,0,19887
5.502919,23,9,0,19686
3.813423,23,10,0,20300
7.295830,23,11,0,20037
3.785066,24,11,0,20737
3.691171,25,11,0,21496
3.991116,25,12,0,21705
5.246290,26,12,0,22422
8.144497,24,14,0,21020
6.770079,24,15,0,21314
3.862177,23,17,0,20848
7.204010,24,17,0,21598
5.761892,24,18,0,21651
7.754165,24,17,0,22226
7.060544,22,20,0,20629
7.158175,21,22,0,18953
5.706351,22,22,0,19915
5.729171,23,22,0,20820
5.587596,20,26,0,19026
6.309497,18,28,0,17548
4.789247,19,28,0,18275
5.344039,17,29,0,16730
6.952668,16,31,0,16708
6.860587,15,33,0,15065
7.919168,14,35,0,14420
2.717528,12,38,0,12899
16.413808,13,38,0,13504
7.191156,13,39,0,13153
5.179948,14,39,0,13579
7.143666,13,41,0,12308
9.347574,12,39,0,11209
2.838781,12,34,0,11089
2.023333,13,34,0,11860
2.556391,13,35,0,11851
2.767305,15,34,0,13567
7.701958,13,36,0,12430
4.756473,16,35,0,14115
6.817455,15,36,0,13648
3.204187,12,28,0,10456
7.699309,12,29,0,10520
2.370121,13,29,0,11045
2.660686,14,29,0,11750
2.481267,14,30,0,12472
6.118396,15,30,0,13070
4.480260,14,22,0,12120
5.829699,15,22,0,12861
3.140885,16,22,0,13740
3.842528,15,23,0,12991
5.053182,13,25,0,11445
6.110146,10,23,0,9849
3.340193,8,26,0,8796
2.094017,6,28,0,7630
1.703142,6,26,0,7330
1.150598,7,26,0,7917
1.823830,7,21,0,7114
1.951151,8,21,0,7782
0.959259,8,10,0,7352
1.407768,9,10,0,7920
1.104894,10,10,0,8657
1.661574,11,10,0,9377
1.902493,12,10,0,10160
3.687057,13,10,0,10934
2.261169,14,10,0,11626
2.583271,14,8,0,11626
3.245166,15,8,0,12318
1.991416,16,8,0,12995
3.442632,15,5,0,12203
2.371197,14,7,0,12434
2.930894,17,5,0,13103
3.304249,15,7,0,12248
6.084285,16,7,0,12748
5.494104,17,7,0,13368
3.870613,16,9,0,12568
4.415829,16,10,0,12476
3.291330,18,9,0,13515
4.484548,14,14,0,10912
9.609229,16,13,0,11925
3.800992,17,13,0,12433
7.047952,16,15,0,11774
3.458850,15,16,0,10785
2.749250,18,15,0,12826
1.988300,18,16,0,13152
2.701038,17,17,0,11749
7.585710,20,16,0,14284
5.579628,19,17,0,13175
4.370928,18,19,0,12809
3.951132,19,19,0,13776
2.972192,20,19,0,14570
9.585029,21,19,0,15230
3.831759,20,20,0,15303
3.286292,16,25,0,13486
8.758966,14,28,0,12912
14.188845,11,32,0,11746
3.665355,8,33,0,10695
5.748713,6,25,0,8257
1.852544,6,21,0,7256
1.079794,7,21,0,7769
1.241247,8,21,0,8488
1.741899,9,21,0,9112
1.953018,10,21,0,9658
1.591411,11,21,0,10232
2.036828,12,21,0,10815
3.674844,12,20,0,10254
2.348051,13,20,0,10942
2.286366,14,20,0,11604
2.630788,14,15,0,11328
2.212436,15,15,0,12007
3.258837,11,7,0,9632
5.130608,12,7,0,10182
2.363781,12,8,0,9861
4.237039,10,11,0,8577
2.775185,10,12,0,8521
1.815101,11,12,0,9252
1.820475,11,13,0,9066
1.626270,12,13,0,9607
1.727070,12,14,0,9630
2.252777,13,14,0,10334
2.627618,11,16,0,8783
3.367268,12,16,0,9367
2.323842,13,16,0,9917
2.696728,13,17,0,10412
2.771179,12,19,0,9427
2.519839,13,19,0,10093
2.183614,12,20,0,9721
2.180421,13,20,0,10342
1.756674,14,20,0,10896
2.564154,14,21,0,10818
1.815840,15,21,0,11416
4.026680,15,21,0,11944
3.408597,15,15,0,11731
4.221515,16,15,0,12432
2.029282,17,15,0,12855
5.305326,16,17,0,12139
2.833103,18,16,0,13473
3.993765,18,17,0,13632
2.703297,19,17,0,14232
4.914006,21,16,0,15399
3.681987,19,19,0,14129
3.995165,19,20,0,14141
4.308060,20,19,0,14779
5.008400,20,20,0,15239
19.530885,20,21,0,14746
3.653587,21,21,0,15518
4.633375,23,20,0,17254
7.712901,24,20,0,17898
7.022104,25,20,0,18521
8.540290,25,21,0,18340
4.995135,24,23,0,18197
5.846472,26,22,0,20291
5.297966,27,22,0,20735
5.009757,24,26,0,19328
6.116356,23,28,0,19242
4.352494,21,29,0,18541
6.508761,20,30,0,18301
8.541202,18,33,0,17476
5.809409,14,38,0,15351
6.461603,12,41,0,14597
5.413062,5,39,0,8468
18.207479,5,40,0,7615
1.298285,6,40,0,8240
1.368610,6,17,0,7062
1.476999,7,17,0,7719
1.347225,8,17,0,8374
2.224487,8,17,0,7822
1.399550,10,17,0,9494
1.158805,10,17,0,9023
1.824948,11,17,0,9377
2.175786,12,17,0,9949
5.416906,13,17,0,10384
5.151184,13,13,0,9936
2.968467,13,5,0,9728
1.911396,11,8,0,10078
2.474709,11,8,0,9504
14.095405,15,6,0,11423
2.253494,14,8,0,11684
6.042565,15,8,0,12120
4.175040,16,8,0,12671
3.563373,16,9,0,12876
7.392353,19,7,0,13914
6.082756,19,8,0,14564
3.730167,20,8,0,15324
2.720558,20,9,0,15780
4.489292,19,10,0,14800
3.292729,19,10,0,13403
19.032057,18,12,0,12750
2.661587,18,13,0,12555
3.926652,18,14,0,12427
6.772369,19,14,0,13516
4.236030,18,16,0,12858
5.513590,20,15,0,14207
4.359898,20,16,0,14499
4.861224,21,16,0,15026
7.101006,22,16,0,15811
4.434642,17,22,0,14391
10.423628,15,25,0,14507
3.724359,17,24,0,14131
3.980672,17,25,0,14823
4.753096,19,24,0,15684
15.949427,18,26,0,16006
18.590593,20,25,0,16898
3.820457,17,29,0,14697
3.683898,17,30,0,14824
2.933533,18,30,0,15634
18.432169,19,30,0,16477
4.344255,17,33,0,15687
7.070848,17,34,0,15793
12.250971,17,35,0,15868
6.845366,18,35,0,16613
8.505443,19,35,0,17339
8.414869,18,37,0,16438
4.937520,18,38,0,16364
5.005664,18,39,0,16474
8.813355,16,42,0,15500
5.671275,17,42,0,16035
5.175237,14,35,0,14073
7.206593,16,45,0,15617
4.934155,16,35,0,14671
18.808464,13,30,0,11243
3.414569,11,33,0,9320
3.220407,11,34,0,8891
5.440897,11,35,0,8781
3.044580,11,24,0,8566
1.835251,11,25,0,8425
4.063581,13,24,0,9757
2.490776,14,24,0,10204
4.294328,13,25,0,9328
3.322769,16,24,0,11450
3.822096,14,25,0,9878
3.138290,13,27,0,10203
23.914293,14,27,0,10583
6.637102,10,30,0,8522
4.419803,7,34,0,7236
2.854913,5,37,0,5730
1.485162,4,20,0,4654
0.937133,5,20,0,5101
1.264805,6,20,0,5586
1.141207,6,6,0,5244
1.386903,7,6,0,5971
1.013268,7,6,0,6009
1.688542,8,6,0,6463
1.160293,9,6,0,7009
1.226949,10,6,0,7473
1.429318,11,6,0,7892
1.543492,11,4,0,7661
1.739446,11,5,0,7665
21.247892,12,5,0,8196
2.510806,12,5,0,8329
19.476204,13,5,0,8908
1.311399,14,5,0,9361
2.089990,14,6,0,9241
2.206118,14,7,0,9699
3.099132,12,10,0,8509
2.606676,13,10,0,9121
3.170599,14,10,0,9644
2.621257,14,11,0,10183
4.189024,13,12,0,9695
2.181496,14,12,0,10141
2.876592,12,15,0,9375
3.140668,13,15,0,9922
2.111637,12,17,0,9282
2.409366,11,18,0,8540
1.370967,12,19,0,9670
2.074780,12,19,0,9089
3.775611,12,20,0,9109
2.288939,11,22,0,8756
1.825827,9,25,0,7253
2.316633,9,26,0,7154
2.164605,8,19,0,6371
1.250876,8,18,0,6105
1.353835,7,14,0,5285
1.166589,7,15,0,5143
0.795179,8,15,0,5531
1.067842,8,16,0,5158
1.587080,9,16,0,5529
1.511086,7,16,0,4798
1.058788,10,17,0,5969
1.746806,8,17,0,5618
1.468618,8,18,0,5786
1.158675,8,19,0,5733
1.270623,9,19,0,5994
1.156308,9,20,0,6016
1.029531,11,19,0,6780
1.279026,11,20,0,6802
1.857517,12,20,0,7284
1.657796,13,20,0,7826
1.557128,14,20,0,8301
2.451119,13,22,0,8272
1.822777,13,23,0,8589
1.585505,11,20,0,8176
4.244454,10,22,0,8299
1.728546,9,24,0,8324
1.753569,6,20,0,7069
1.609997,6,21,0,6956
1.889586,7,21,0,7631
1.906652,7,21,0,7490
1.662063,8,21,0,8099
2.494185,8,11,0,7840
2.540595,9,11,0,8558
2.015191,10,11,0,9225
1.365017,11,11,0,9896
20.409245,12,11,0,10556
1.987226,12,10,0,10267
26.422356,13,10,0,10671
3.306974,14,10,0,11221
21.628980,15,10,0,11688
2.431220,16,10,0,12226
2.228231,17,10,0,12758
4.644969,18,10,0,13261
2.570113,19,10,0,13747
7.300032,17,6,0,12542
3.846479,16,7,0,11917
2.641883,12,12,0,10249
4.356728,11,14,0,8308
1.521954,12,14,0,8730
1.976098,13,14,0,9445
2.673702,14,14,0,10290
5.449398,15,14,0,10837
2.278941,11,18,0,8954
1.823450,11,19,0,9108
3.702125,11,20,0,9430
1.461463,11,21,0,9614
5.363765,10,22,0,9547
2.444041,10,23,0,9715
4.608211,8,25,0,8646
3.783807,9,25,0,9397
1.644606,9,25,0,9493
2.912580,10,25,0,9976
2.097948,10,26,0,10140
3.095354,12,25,0,11444
2.339366,12,26,0,11507
7.528640,13,26,0,12146
31.707373,14,26,0,13119
29.141655,15,26,0,13990
3.291231,16,26,0,14631
26.620581,16,22,0,14354
3.084335,13,14,0,11980
3.434554,12,16,0,12604
2.537393,10,17,0,10613
3.338293,10,16,0,10542
2.249205,10,16,0,10032
4.396668,11,16,0,10588
1.871760,12,16,0,11082
5.282116,13,16,0,11550
4.134948,14,16,0,12039
3.358996,14,17,0,11761
2.870492,15,17,0,12354
2.746666,16,17,0,13019
3.561788,17,17,0,13606
6.724548,17,17,0,13326
3.414426,12,15,0,10469
28.689650,12,16,0,10924
3.027004,13,12,0,10923
2.396404,13,11,0,10631
1.975707,14,11,0,11107
2.370675,15,11,0,11704
2.933990,17,12,0,12867
10.766915,16,12,0,12006
3.578594,16,12,0,12053
5.463935,17,12,0,12752
7.204943,18,12,0,13331
3.192658,19,12,0,13838
5.866143,19,13,0,14341
28.707052,21,12,0,14896
7.145451,14,20,0,11948
30.986416,21,14,0,15767
5.657044,15,21,0,12451
5.242881,18,19,0,14331
3.864055,20,18,0,15812
28.051842,21,18,0,16976
6.316173,18,21,0,12637
3.435998,19,21,0,13220
2.674255,16,25,0,11849
4.469936,9,31,0,7957
7.981927,9,32,0,8183
1.630798,9,32,0,8600
2.528252,7,33,0,7615
1.523235,6,35,0,6997
2.510860,7,35,0,7863
2.014529,7,12,0,7358
2.622722,8,12,0,8024
1.810097,9,12,0,8681
1.870522,10,12,0,9135
1.966187,11,12,0,9581
3.344590,11,10,0,9349
3.588690,12,10,0,9807
2.925369,10,6,0,8300
2.597438,10,6,0,8077
2.844165,9,7,0,6967
2.178087,8,9,0,6203
1.949739,7,11,0,5411
1.044783,6,13,0,4944
0.942638,7,13,0,5427
0.983555,7,14,0,5390
1.268365,7,14,0,5198
1.291044,6,16,0,4970
1.136094,5,14,0,4599
1.693882,7,14,0,5551
0.955839,7,14,0,5521
0.878739,8,14,0,5975
0.923607,8,9,0,5917
1.484761,8,10,0,5911
1.139101,9,10,0,6413
1.430165,8,12,0,6165
1.169574,9,12,0,6703
1.555770,10,12,0,7296
1.209731,8,13,0,6737
3.263950,9,13,0,7267
34.446819,10,13,0,7800
1.732791,10,9,0,7715
3.129107,10,10,0,7851
2.055261,11,10,0,8462
2.900563,10,12,0,8342
3.870113,11,12,0,8652
1.641838,9,12,0,6985
6.842705,9,13,0,6940
2.060342,9,14,0,7101
1.916888,8,15,0,5922
1.321343,8,16,0,5681
1.456589,8,17,0,5752
2.552765,9,17,0,6392
1.229869,9,18,0,6361
1.082856,9,19,0,6585
33.437184,11,18,0,7549
3.835189,12,18,0,8314
2.913785,10,21,0,7629
6.176640,9,21,0,7461
3.567281,6,15,0,6242
3.352156,6,16,0,6559
1.735645,7,16,0,7007
1.561036,6,14,0,6286
1.800034,32,38,0,22798
1.474969,31,29,0,21444
37.877660,34,35,0,22428
5.516076,35,34,0,23194
3.633037,34,31,0,22921
5.322305,33,25,0,22550
38.254477,35,28,0,23792
15.734757,26,43,0,19565
6.737076,28,45,0,21914
6.643648,28,43,0,21412
7.844044,27,33,0,20975
10.017235,27,34,0,21093
16.313433,26,33,0,20888
6.549775,25,31,0,20450
13.344216,23,33,0,18691
4.776579,20,37,0,17411
11.875685,21,37,0,17924
4.670036,21,38,0,16791
8.705119,24,36,0,19014
5.972913,22,39,0,17345
17.791376,23,39,0,17812
6.513027,24,39,0,18273
4.335982,20,38,0,16409
8.544253,18,40,0,15881
3.873283,17,42,0,15267
38.111557,17,43,0,14800
37.913507,15,44,0,12067
7.107661,15,44,0,12648
4.194060,16,44,0,13254
4.937792,15,34,0,11662
28.777801,16,34,0,12098
2.781736,16,35,0,12081
3.419876,17,35,0,12667
3.540250,18,35,0,13380
5.050294,18,35,0,13393
5.261154,17,37,0,13824
5.107765,16,34,0,13743
6.690449,14,29,0,11165
5.323564,15,29,0,11788
2.648125,15,30,0,12630
4.308820,14,25,0,12056
7.054955,15,25,0,12649
8.163148,18,30,0,14202
6.953895,19,30,0,14719
7.879955,14,24,0,11351
3.443967,17,22,0,12813
2.087232,21,24,0,15796
3.212862,17,24,0,13179
9.966554,18,24,0,13775
5.908926,17,26,0,14134
5.702628,16,24,0,12218
4.215219,17,24,0,12717
4.122300,15,22,0,11396
3.983516,16,22,0,11886
4.606398,17,22,0,12320
5.370213,13,27,0,11315
2.927268,14,27,0,11050
2.638192,12,30,0,9918
2.962725,12,31,0,9817
3.006627,13,31,0,10354
2.823127,13,32,0,9989
2.987835,15,31,0,11175
3.727356,12,34,0,8788
4.560726,12,35,0,8617
4.505012,9,31,0,7560
3.472377,9,32,0,7860
2.062643,8,28,0,7540
2.239859,8,28,0,7607
2.309664,8,29,0,7541
2.009340,8,24,0,7425
2.242833,9,24,0,7903
3.131061,10,24,0,8630
2.948178,10,21,0,8451
3.191388,10,17,0,8486
2.932610,11,17,0,8949
2.633850,13,21,0,9912
2.720167,13,17,0,9622
5.555245,14,17,0,9855
2.436333,12,19,0,8701
5.699567,13,19,0,9246
2.393169,14,19,0,9758
2.781807,14,20,0,9258
39.973308,18,23,0,12548
6.049145,17,20,0,11986
4.071581,17,20,0,10769
42.367171,17,10,0,10961
6.525620,17,11,0,11461
3.844123,19,10,0,12172
6.387216,18,12,0,11547
5.538603,20,11,0,12952
3.445030,20,12,0,12441
3.362567,22,11,0,13689
3.413308,21,12,0,13418
7.898183,22,12,0,14255
4.087909,22,13,0,14905
7.343424,22,13,0,14620
5.864981,18,18,0,13318
3.620878,19,18,0,13946
38.281877,14,23,0,12118
4.787424,15,23,0,12833
4.840000,14,25,0,12436
5.752815,14,26,0,12349
2.434759,16,25,0,13420
5.441256,16,26,0,13189
3.792698,14,29,0,11869
43.643243,12,31,0,10341
3.770432,12,32,0,10276
4.295717,12,33,0,10274
3.902703,12,34,0,9984
4.115429,12,32,0,9710
3.838109,10,29,0,8200
8.753743,12,28,0,9104
3.390109,11,30,0,8257
6.256573,12,30,0,8437
2.362099,13,30,0,8759
2.794683,12,19,0,8310
3.972356,11,21,0,8248
2.371468,8,24,0,6352
2.916532,4,15,0,4761
4.768513,3,14,0,3856
1.200927,4,14,0,4529
1.135714,5,14,0,5307
1.483892,6,14,0,5969
1.873682,6,5,0,5868
1.821170,7,5,0,6664
1.877851,8,5,0,7400
3.232380,9,5,0,8180
1.988246,10,5,0,8839
1.770689,11,5,0,9425
5.505991,12,5,0,9917
4.267242,13,5,0,10380
7.525492,14,5,0,10888
3.977187,14,2,0,11008
7.951942,15,2,0,11441
3.239144,16,2,0,11791
3.794240,17,2,0,12436
7.661324,18,2,0,13161
3.422971,19,2,0,13869
5.021862,17,5,0,13311
6.713823,17,6,0,13219
4.492777,18,6,0,13552
8.927669,17,7,0,12685
5.207676,15,10,0,11373
8.058138,17,9,0,12560
2.884268,15,12,0,11951
3.080937,17,11,0,12569
6.391807,17,12,0,13142
2.804194,16,14,0,12427
8.730272,17,14,0,13172
2.583357,20,12,0,14983
4.672826,19,14,0,14141
10.823867,21,13,0,15637
3.619206,21,14,0,15137
12.725644,21,15,0,15331
9.774677,20,17,0,14740
10.703591,19,19,0,13798
42.013660,17,22,0,12455
7.882898,20,20,0,14188
4.310481,18,23,0,13186
37.988019,15,26,0,11797
8.485499,14,28,0,11072
4.857109,15,28,0,11601
4.544268,15,29,0,11511
3.947962,13,32,0,10512
2.372944,14,32,0,10969
4.685745,12,32,0,10069
7.068394,11,29,0,9489
6.656285,10,30,0,8768
2.831030,10,31,0,8268
5.144590,10,32,0,7948
4.017996,11,32,0,8036
4.165529,11,32,0,7840
4.324019,12,33,0,8485
3.528797,12,33,0,7903
4.233663,13,33,0,8311
3.634036,13,30,0,8408
48.169055,13,31,0,8574
2.564349,13,32,0,8915
2.437711,13,28,0,9378
2.210655,13,18,0,9608
2.101552,13,19,0,10014
3.169534,12,21,0,10013
3.733911,9,25,0,9456
4.211386,7,27,0,8326
48.373836,7,28,0,8059
4.432482,7,21,0,7758
4.875912,6,18,0,6341
3.873511,7,18,0,6926
2.750347,8,18,0,7469
4.218943,9,18,0,7938
3.759085,10,18,0,8557
7.426462,11,18,0,9159
5.417209,12,18,0,9766
7.569424,13,18,0,10419
5.900013,14,18,0,11007
4.285490,14,12,0,10908
3.466711,15,12,0,11646
2.940708,16,12,0,12335
6.545694,17,12,0,12863
9.666246,18,12,0,13541
2.946995,19,12,0,14265
40.712887,20,12,0,15048
10.612553,19,13,0,15050
52.249377,19,14,0,15642
6.382406,21,13,0,16607
10.454552,20,7,0,15506
6.557690,21,7,0,16062
52.092104,17,11,0,14857
8.160292,21,8,0,16686
12.640796,18,11,0,15595
7.438426,17,13,0,14887
44.636471,17,14,0,14584
5.592546,18,14,0,15070
5.527182,17,16,0,14307
7.690918,16,18,0,13732
10.783243,17,18,0,14279
3.929702,16,20,0,13516
50.555645,17,20,0,14134
8.620452,17,21,0,13869
4.342855,12,26,0,10157
50.407144,15,24,0,12255
51.287349,13,27,0,10506
7.659424,13,28,0,10508
4.908968,15,27,0,11506
3.420029,15,28,0,11982
50.243140,15,29,0,11581
47.533181,16,29,0,11795
7.734190,17,29,0,12158
4.431983,18,29,0,12703
3.451880,17,29,0,12424
8.981375,20,29,0,14601
5.301950,19,29,0,14179
4.407915,20,29,0,14928
5.069140,22,28,0,16442
11.783017,22,29,0,16631
5.486254,23,29,0,17563
13.163352,24,29,0,18589
11.039632,25,29,0,19386
12.791302,23,32,0,18485
4.403203,24,32,0,19243
6.766138,25,32,0,19855
4.748776,26,32,0,20367
9.642384,27,32,0,20962
14.149381,27,33,0,20754
8.523355,27,33,0,20474
9.200560,27,26,0,20300
7.835021,26,27,0,19338
14.126529,26,28,0,19513
8.353250,24,31,0,18976
6.238824,19,37,0,16319
15.279082,20,37,0,16823
8.312420,19,39,0,15442
5.679993,20,39,0,15881
51.810093,17,43,0,13889
8.301825,16,35,0,11997
8.615990,14,35,0,10564
4.042183,15,35,0,11066
3.563884,13,38,0,9778
3.721384,14,38,0,10225
3.824821,12,37,0,9652
4.181141,12,38,0,9178
4.653209,10,34,0,8386
4.436705,11,34,0,8821
3.161544,12,34,0,9421
3.061255,13,34,0,10201
3.409238,14,34,0,10692
7.401102,15,34,0,11207
5.893425,15,35,0,11345
6.668161,14,37,0,10589
5.725806,16,36,0,12054
3.795401,18,35,0,13228
8.791588,17,37,0,12392
4.601328,15,40,0,11383
5.609189,16,40,0,11946
4.093858,16,41,0,11920
3.255786,17,41,0,12341
4.007194,18,41,0,12732
7.668565,19,41,0,13412
7.169085,19,17,0,13539
6.888432,15,17,0,11581
49.469805,16,17,0,12027
9.465494,17,17,0,12559
5.093881,17,18,0,12656
9.383715,14,22,0,12700
3.599394,12,25,0,9419
5.227901,13,25,0,9788
3.116155,13,26,0,10159
10.339845,12,28,0,9337
3.027601,12,29,0,9124
3.079852,12,30,0,8958
3.532705,11,32,0,8335
3.723392,9,32,0,7568
3.549434,7,31,0,6696
3.468414,5,34,0,5654
2.388696,5,34,0,5417
2.098056,5,16,0,5257
5.713223,27,68,0,23129
1.920873,26,67,0,22263
7.064639,26,53,0,21981
12.996429,27,53,0,22696
8.934150,25,46,0,21078
12.079464,26,46,0,21790
17.710420,25,47,0,21032
22.265295,25,47,0,20874
9.582653,25,48,0,20576
10.534247,24,40,0,19623
16.104083,23,39,0,19132
23.567716,22,41,0,18431
14.517220,22,41,0,18499
16.722729,19,37,0,17061
8.855151,17,37,0,16029
6.839623,16,39,0,15632
14.657764,18,38,0,16703
57.921245,16,40,0,16071
12.754054,17,39,0,16276
12.820809,14,32,0,11966
56.543204,14,33,0,11872
9.248056,15,33,0,12301
13.826086,15,34,0,12048
6.419925,14,36,0,11508
57.296404,14,35,0,11555
60.539054,12,32,0,10525
4.888895,13,32,0,11264
6.460928,15,34,0,13113
7.127291,15,32,0,12859
5.080984,14,34,0,12324
7.178932,15,34,0,13016
52.762566,16,34,0,13630
4.370896,15,36,0,12991
55.027851,16,36,0,13556
43.576337,15,38,0,12770
5.201683,13,36,0,11621
3.601707,14,36,0,12134
7.872920,12,37,0,10825
51.994463,14,38,0,12254
53.419807,15,38,0,13023
5.980296,18,36,0,14909
7.081693,18,37,0,14826
7.007047,18,38,0,14799
11.157606,20,37,0,15658
6.814687,20,37,0,16234
12.497523,17,39,0,13718
56.316681,13,42,0,11467
4.936358,14,42,0,12052
71.498024,13,29,0,11524
5.520137,13,30,0,12075
10.288443,12,32,0,10823
51.668942,12,33,0,10542
3.026331,13,33,0,11078
4.084630,13,34,0,10737
7.679041,14,34,0,11174
4.416937,14,30,0,11153
53.380549,15,30,0,11918
61.722589,15,31,0,12289
3.660286,13,34,0,11137
6.928438,15,33,0,12896
10.657113,15,34,0,12996
55.028860,13,36,0,11822
58.453222,15,36,0,13241
4.727096,14,29,0,12596
53.454722,15,29,0,13310
6.460375,15,26,0,13365
56.191161,16,26,0,14036
47.722468,14,29,0,13598
12.473499,12,32,0,12710
5.986538,17,28,0,15290
5.246920,15,31,0,14985
6.622870,15,32,0,14778
12.757213,15,33,0,15305
8.766271,18,31,0,16889
5.614596,18,32,0,16783
15.308155,19,32,0,17401
7.828541,18,34,0,17562
64.365827,19,34,0,18101
14.779037,19,35,0,18232
13.525719,17,38,0,15859
7.075331,18,38,0,16454
10.429996,19,38,0,16932
12.373938,20,38,0,17551
7.425126,20,39,0,17319
53.162235,20,40,0,16081
11.047189,20,38,0,16005
12.813861,17,42,0,13700
4.775873,17,43,0,13723
5.676736,18,43,0,14289
7.492001,16,31,0,13058
9.036937,15,33,0,12493
4.723297,16,33,0,13027
57.822785,14,36,0,11543
55.950275,9,33,0,8606
3.943033,7,36,0,7660
4.411898,5,27,0,5874
2.832050,5,24,0,5527
4.331000,6,24,0,6113
2.780548,6,12,0,5630
4.287738,7,12,0,6360
2.721827,8,12,0,7167
2.795812,9,12,0,7654
6.402023,10,12,0,8169
3.797084,11,12,0,8808
6.802950,12,12,0,9624
8.439838,13,12,0,10197
7.908908,14,12,0,10835
10.332551,15,12,0,11480
7.765987,15,10,0,11266
5.354623,16,10,0,11872
10.072579,16,10,0,11954
10.729310,17,10,0,12496
5.062030,16,6,0,12513
48.957266,19,10,0,13572
6.989025,18,6,0,13403
12.250231,17,7,0,12774
4.605476,15,10,0,11779
59.261231,14,11,0,10517
55.291517,15,11,0,11149
3.726150,18,9,0,13018
8.948633,17,11,0,12329
15.746394,21,9,0,14810
4.918435,21,10,0,15261
62.991160,23,9,0,15829
7.563391,17,15,0,13084
10.205348,16,17,0,11606
58.874413,15,19,0,10765
59.014287,17,18,0,11761
5.063028,17,19,0,11624
8.329855,16,20,0,11191
9.383746,14,23,0,10115
10.074100,16,22,0,10949
8.078329,15,24,0,10322
6.812211,14,25,0,9858
3.253636,14,26,0,10172
62.628684,13,28,0,9047
10.829045,13,29,0,9190
3.897502,14,29,0,9595
5.021787,13,31,0,9087
8.766999,13,27,0,9079
4.566143,13,28,0,9196
4.283797,14,28,0,9853
7.708754,15,28,0,10436
3.936401,16,28,0,11118
6.815110,16,29,0,11439
10.974355,16,29,0,11701
4.343061,18,29,0,13042
4.153783,18,29,0,13410
5.310060,18,28,0,13731
60.760992,19,28,0,14596
7.038181,17,31,0,14819
11.814989,16,21,0,14245
7.388769,14,18,0,13091
15.694909,13,18,0,12934
52.745107,11,20,0,11900
57.591180,9,22,0,10722
6.582050,9,23,0,10562
11.176137,10,23,0,11229
12.835638,10,24,0,11103
10.264136,8,24,0,8856
12.446001,9,24,0,9662
4.250002,9,25,0,9548
9.022987,10,25,0,10375
3.920844,10,23,0,10187
9.283362,11,23,0,10777
4.638401,12,23,0,11394
6.639436,13,23,0,11894
65.887366,14,23,0,12492
12.922748,15,23,0,13181
11.109253,16,23,0,13801
4.953630,16,14,0,13816
65.131849,17,14,0,14419
65.075812,18,14,0,15252
6.638122,19,14,0,15945
10.107199,15,14,0,15027
17.186472,11,12,0,10687
63.935132,11,13,0,10294
3.027677,10,15,0,9516
3.293457,10,16,0,9364
2.853415,10,17,0,9071
5.697829,11,17,0,9614
3.902725,12,17,0,10141
2.718071,12,17,0,9767
6.459778,13,17,0,10341
10.169632,12,18,0,9409
16.430592,11,20,0,8863
5.275743,12,20,0,9530
3.240816,12,21,0,9686
9.075358,12,22,0,9904
3.786922,12,22,0,10064
5.117699,11,23,0,9752
7.331895,12,23,0,10223
4.092859,12,24,0,10318
9.304236,11,18,0,9774
3.909433,12,18,0,10266
5.240862,13,18,0,10822
5.955652,14,18,0,11175
5.961698,14,19,0,11105
6.258299,12,18,0,9439
3.864207,13,18,0,10030
2.414252,14,18,0,10664
8.150307,13,20,0,10912
63.212083,6,23,0,6280
9.441609,4,26,0,5424
4.369473,4,26,0,5201
1.500643,4,9,0,4698
3.200702,5,9,0,5565
2.245731,6,9,0,6042
1.997040,7,9,0,6510
2.855705,7,3,0,6266
2.310239,8,3,0,6780
6.490892,9,3,0,7544
5.004036,10,3,0,8320
10.434002,11,3,0,8986
9.109749,11,4,0,9311
2.837999,12,4,0,9889
3.147822,13,4,0,10516
3.261204,13,4,0,10477
3.703948,14,4,0,10944
6.245879,15,4,0,11360
4.743424,11,8,0,9568
10.068454,8,11,0,7249
7.864898,8,12,0,7028
3.620737,4,16,0,4587
1.846129,5,16,0,4948
1.640839,6,16,0,5454
1.907173,7,16,0,5999
2.550713,8,16,0,6549
7.674372,9,16,0,7186
4.455454,10,16,0,7868
3.175821,11,16,0,8596
5.348446,11,17,0,8906
2.657363,11,18,0,9107
3.081035,12,18,0,9796
9.775707,13,18,0,10311
5.730430,13,19,0,10224
9.491505,12,21,0,10019
9.143468,13,21,0,10490
8.989430,13,21,0,10721
8.924434,15,21,0,11900
4.275383,14,22,0,11800
6.885099,14,23,0,11841
57.769188,15,23,0,12465
4.727878,14,22,0,11761
7.388042,15,22,0,12396
6.915790,10,24,0,9328
5.450255,8,22,0,8295
10.440472,7,24,0,7881
6.199643,5,27,0,6390
2.451955,5,25,0,6033
2.939298,6,25,0,6585
6.067579,6,9,0,6042
9.364433,7,9,0,6693
4.402725,8,9,0,7331
2.683191,9,9,0,8032
2.551853,10,9,0,8615
3.626892,11,9,0,9225
9.982603,12,9,0,10025
3.981411,13,9,0,10796
8.497756,14,9,0,11473
3.344014,15,9,0,12196
6.522352,16,9,0,12874
77.935753,16,8,0,12809
9.086637,16,7,0,12828
7.604046,17,7,0,13441
4.409228,15,6,0,12804
5.119101,16,6,0,13333
7.442268,15,8,0,12817
72.406705,16,8,0,13193
5.726489,12,12,0,10195
65.570599,15,11,0,12385
4.099004,14,12,0,11286
14.183644,16,11,0,13964
3.724109,15,13,0,11598
7.883940,14,15,0,10709
5.698655,15,15,0,11257
5.388712,17,14,0,13766
12.825575,17,15,0,12515
9.892932,18,15,0,13162
72.393991,19,15,0,13634
10.549955,20,15,0,14079
10.701323,21,15,0,14532
7.985596,16,21,0,11928
13.070586,20,18,0,14050
5.661755,13,26,0,10299
10.483495,16,24,0,11278
4.119783,14,27,0,10034
6.924432,12,30,0,8726
8.601432,12,31,0,8529
4.784308,9,34,0,6947
3.957038,10,34,0,7284
9.310469,9,35,0,6688
10.788904,10,35,0,7161
3.334091,9,31,0,6867
14.016698,9,32,0,7027
5.437032,10,32,0,7577
3.529393,9,34,0,7152
5.519094,12,32,0,8348
3.684821,11,34,0,7727
4.619424,12,34,0,8082
9.280330,11,35,0,7769
4.722406,11,36,0,8020
6.498979,10,25,0,7925
8.721968,10,26,0,7969
12.570879,7,25,0,6422
14.044793,6,22,0,5830
3.400119,5,16,0,5356
7.965860,38,58,0,24879
3.988413,39,63,0,25553
11.306313,40,56,0,25820
70.527997,42,62,0,26465
10.759956,41,56,0,26014
15.156972,40,64,0,25625
12.580367,42,54,0,26323
13.271773,41,59,0,25995
11.613933,38,34,0,24396
10.685516,38,32,0,25112
17.557751,35,55,0,25361
9.830042,25,46,0,15037
73.456144,26,46,0,15632
9.746081,22,70,0,14473
77.594176,23,97,0,16440
69.071483,25,107,0,21636
15.884865,27,108,0,23584
15.937061,34,117,0,27922
23.837339,36,111,0,30178
12.754217,43,125,0,34771
12.892991,49,119,0,38296
13.072888,55,139,0,43599
18.250980,57,129,0,45261
61.388242,53,117,0,42722
15.570177,54,121,0,44960
11.172337,52,130,0,43193
16.473039,59,120,0,47902
50.525031,44,107,0,37658
14.389401,56,79,0,44850
68.573220,45,86,0,35645
61.132601,46,65,0,34179
47.811987,47,65,0,34765
11.478731,47,39,0,34021
10.252585,46,25,0,33327
10.240730,46,26,0,33887
61.014064,47,40,0,36182
64.094642,44,29,0,33520
20.311441,42,36,0,33257
10.774982,32,45,0,26427
16.933013,37,74,0,29935
18.698470,36,83,0,29547
13.462460,35,83,0,27825
10.783318,42,52,0,35438
15.334209,39,37,0,31341
10.283524,54,26,0,40254
9.527297,49,26,0,36096
84.011529,53,28,0,39438
81.279019,50,32,0,38416
16.295042,48,34,0,36967
21.377210,49,34,0,37624
70.635728,48,37,0,37632
16.683278,47,39,0,36529
57.203506,43,40,0,33947
15.555533,46,75,0,36312
63.459884,45,77,0,35871
58.244968,45,78,0,36185
66.262797,38,82,0,30997
79.359003,34,87,0,29311
77.085947,34,88,0,30134
27.259441,36,87,0,32688
76.953773,30,87,0,28757
11.376943,38,83,0,33802
13.763099,50,87,0,40468
79.078676,41,87,0,33712
13.002639,40,88,0,31745
10.471846,40,69,0,30159
9.712904,46,64,0,36168
12.314478,46,64,0,35781
78.898507,53,58,0,38720
15.708018,51,47,0,36514
15.868950,49,42,0,36209
74.138027,48,52,0,37128
81.568899,45,42,0,33959
59.824046,45,46,0,35296
76.441374,41,51,0,30374
12.830915,40,53,0,30220
10.416783,38,56,0,28806
13.639339,42,53,0,31211
85.349690,41,57,0,29550
13.132553,38,59,0,28279
11.974996,31,57,0,25690
16.434489,30,66,0,25479
10.606668,29,61,0,20435
10.838641,29,62,0,20330
21.619704,30,70,0,21243
25.627733,30,64,0,21985
13.674111,29,66,0,20507
23.250792,26,62,0,19597
21.284411,19,64,0,15557
21.580914,18,59,0,14275
22.010534,20,58,0,15829
86.569566,20,59,0,15179
20.931317,19,61,0,15117
86.168920,18,61,0,14069
17.936164,13,67,0,11014
14.154160,12,69,0,10479
10.994807,11,71,0,9805
4.441156,12,71,0,10303
14.497614,13,71,0,10675
14.603516,14,71,0,11153
14.290446,14,57,0,10083
74.739012,15,57,0,10636
11.892892,17,71,0,12561
80.260452,17,57,0,11364
14.758303,18,57,0,12009
14.738164,18,57,0,11729
18.453154,19,57,0,12296
8.154018,20,57,0,12767
17.028341,21,57,0,13447
12.991435,19,60,0,12475
15.215877,20,60,0,13143
90.873623,20,61,0,13217
15.143576,21,61,0,13733
16.828979,22,61,0,14274
16.961152,23,61,0,14952
84.669889,27,58,0,17527
18.815434,24,62,0,16264
19.581605,25,62,0,16952
20.387955,24,63,0,16161
20.815133,24,42,0,16330
77.138121,23,31,0,16166
17.625809,24,31,0,16862
18.789922,19,30,0,15300
19.434223,16,29,0,14326
87.465928,14,32,0,13558
80.399819,11,36,0,12023
84.015762,5,24,0,7549
15.591727,5,25,0,7161
6.045996,6,25,0,7647
6.041883,6,19,0,6987
6.883200,6,20,0,6284
5.032762,7,20,0,6709
7.781208,8,20,0,7088
3.470792,8,17,0,6567
4.753324,9,17,0,7027
11.722396,10,17,0,7497
11.975018,11,17,0,7915
16.238449,11,7,0,7642
16.040260,12,7,0,8039
11.374511,13,7,0,8440
14.910744,11,5,0,7712
14.055042,10,7,0,7486
10.754475,12,6,0,8207
14.005615,12,7,0,8280
11.003730,13,7,0,8785
13.855050,13,8,0,8886
15.975488,14,8,0,9529
5.781303,14,9,0,9616
12.190646,13,11,0,9175
7.993054,17,8,0,10839
16.501851,15,11,0,10045
5.727575,15,11,0,10084
15.286246,16,11,0,10342
12.762816,13,15,0,9081
14.472775,11,18,0,8214
12.094718,12,18,0,8699
8.697910,13,18,0,9108
15.430828,11,20,0,7824
14.617195,11,19,0,7800
11.444860,10,21,0,7345
14.045912,10,21,0,7359
14.275074,10,22,0,7419
14.291326,11,22,0,7811
13.555855,10,24,0,7375
13.901428,9,26,0,6917
13.789946,10,26,0,7219
13.203249,11,26,0,7578
13.499262,11,27,0,7973
15.819718,12,27,0,8336
14.604536,10,29,0,7066
16.664216,12,29,0,7849
13.655981,14,28,0,8675
13.609974,11,22,0,7558
14.766716,9,25,0,6969
11.617147,10,17,0,7314
6.573681,11,17,0,7793
13.214496,12,17,0,8254
10.063774,13,17,0,8711
7.330591,14,17,0,9026
5.593427,15,25,0,9568
5.452752,15,18,0,9678
7.405065,14,28,0,9464
16.224327,14,16,0,9622
15.356540,13,18,0,9145
14.906424,14,18,0,9545
6.318757,12,21,0,8756
6.650705,13,21,0,9218
11.940463,12,23,0,9153
12.725698,13,23,0,9663
14.235492,14,23,0,10111
17.160878,14,24,0,10134
16.056956,15,24,0,10564
15.765632,12,28,0,9457
10.420931,12,29,0,8865
9.864705,11,31,0,8326
13.353194,9,23,0,7934
12.685530,7,37,0,6315
13.292323,8,37,0,6715
13.118484,7,21,0,5872
15.643186,8,23,0,6263
10.310340,9,21,0,6605
12.694282,9,22,0,6569
13.767768,10,17,0,6964
14.914230,11,17,0,7341
13.681896,11,18,0,7499
13.680484,10,20,0,7249
13.724799,11,20,0,7685
14.046335,12,20,0,8169
18.056558,11,22,0,7804
12.710532,12,22,0,8201
8.600303,13,20,0,8563
12.834249,12,22,0,8187
16.034397,13,22,0,8666
12.307477,12,16,0,8349
12.303720,10,13,0,7563
11.843909,11,13,0,8199
14.133055,10,16,0,8167
15.045164,10,17,0,7728
15.300696,11,17,0,8193
15.081999,11,17,0,8175
15.991396,11,18,0,8172
11.763616,10,16,0,7506
17.086573,11,16,0,7854
15.950349,10,18,0,7068
12.869336,10,19,0,7117
12.715992,10,20,0,7210
11.609927,10,21,0,7193
14.468346,10,22,0,7611
14.192470,11,22,0,8112
14.298002,10,21,0,7191
14.748728,11,21,0,7808
13.880573,12,21,0,8299
15.043157,14,21,0,9110
11.467657,15,21,0,9268
9.120269,16,21,0,9563
13.068925,17,21,0,10185
11.703300,18,21,0,10608
13.020192,18,21,0,10656
17.038785,17,23,0,10528
13.474467,17,24,0,10673
17.477047,19,23,0,11492
15.760009,19,24,0,11745
17.655272,20,24,0,12366
9.299308,18,21,0,11826
17.370526,21,25,0,13407
14.886090,21,20,0,13467
15.357757,19,23,0,12355
7.885633,18,25,0,12356
9.003608,18,26,0,12605
10.000744,16,24,0,11229
13.514266,16,25,0,11376
17.675150,17,25,0,11827
13.081182,17,26,0,11948
6.717285,15,23,0,10981
13.414486,15,24,0,10904
7.683416,17,23,0,11889
12.337466,13,27,0,10177
15.854663,12,29,0,9182
16.577487,12,30,0,9175
16.892129,13,30,0,9607
16.001264,14,30,0,10172
13.855268,12,31,0,9131
16.472352,14,30,0,10160
16.212415,12,33,0,10049
18.013210,11,24,0,8796
12.379535,13,25,0,9757
16.206250,14,25,0,10069
9.293369,14,24,0,10037
15.849843,15,24,0,10580
17.560491,17,25,0,11639
9.268227,17,24,0,11701
9.083521,18,24,0,12360
11.902804,18,25,0,12447
13.202750,20,24,0,13304
13.000272,20,25,0,13398
17.015032,21,25,0,13768
12.977842,20,27,0,13206
12.419654,19,29,0,12895
9.624004,18,30,0,12531
7.844054,15,25,0,10121
15.867300,14,27,0,10062
14.081209,14,28,0,9740
16.544038,14,29,0,10134
9.074641,13,31,0,10043
13.994475,12,28,0,8475
13.678997,12,29,0,8370
7.091822,13,29,0,8774
13.681764,12,29,0,8442
5.969080,13,29,0,8935
12.654298,12,28,0,8551
15.378567,13,28,0,8988
12.770544,15,30,0,9859
16.882620,15,28,0,9797
12.259134,14,30,0,9536
16.378297,15,30,0,10058
16.401128,16,30,0,10604
9.035145,14,33,0,9733
17.822977,14,31,0,9829
12.306988,18,31,0,11698
21.785309,18,32,0,12067
9.151350,17,31,0,11179
17.590883,17,32,0,11159
18.096346,17,24,0,11088
18.440800,16,26,0,10393
16.874846,17,26,0,11695
9.147267,15,29,0,10732
14.679834,15,30,0,10807
17.420421,15,31,0,10393
15.212717,13,34,0,9531
14.052351,13,27,0,8980
18.932083,14,27,0,9380
13.007513,14,28,0,9284
14.533983,14,29,0,9148
14.010858,14,30,0,9039
17.646913,13,32,0,8613
17.265689,14,32,0,8956
17.470034,11,27,0,7572
13.967216,10,27,0,7129
18.898386,11,27,0,7697
11.738192,9,20,0,6717
13.468834,9,20,0,6974
16.782329,9,21,0,6942
12.738725,8,23,0,6537
9.909498,9,23,0,6929
15.072924,10,23,0,7488
9.522368,11,23,0,8248
16.003240,11,24,0,8531
10.268348,12,24,0,9333
17.017408,13,24,0,10147
12.376271,14,24,0,10900
14.147634,15,24,0,11769
12.975324,15,25,0,12091
18.125299,15,18,0,12361
10.671870,14,12,0,12061
17.664825,15,12,0,12597
11.402229,15,13,0,12699
99.507570,14,9,0,12390
17.532272,10,13,0,10800
20.362443,28,29,0,21459
8.766164,32,24,0,22963
14.323124,30,26,0,21764
19.431302,36,23,0,24973
13.066364,36,22,0,24606
19.938597,33,23,0,23176
16.658092,30,28,0,21620
106.683054,31,20,0,21841
23.790712,31,29,0,22765
31.128003,30,26,0,21255
38.833015,30,27,0,21670
31.601036,29,63,0,23017
23.643307,28,69,0,22082
33.120829,28,70,0,22767
29.976580,22,72,0,18876
19.770785,21,40,0,17730
17.680436,18,44,0,16032
30.110435,18,45,0,16039
21.606795,1079635148,32261,0,32261
24.030318,417814419,0,562793801,0
