#Stereo rect[ms], MP culling[ms], MP creation[ms], LBA[ms], KF culling[ms], Total[ms]
5.768915,0.080574,0.788872,0.007741,0.007741,6.655318
6.695867,0.123977,2.277670,0.001357,0.001357,9.101292
8.136225,0.649512,3.658484,0.336399,0.336399,26.659532
7.276843,0.695302,5.093143,0.640306,0.640306,30.573677
7.277354,0.511041,6.252122,0.514787,0.514787,33.949967
8.044947,0.741018,7.701861,1.043220,1.043220,41.418552
7.014623,0.678172,7.101310,1.240041,1.240041,42.360037
8.430264,0.736958,8.766348,1.468412,1.468412,49.577715
7.467933,0.785289,9.144282,1.155928,1.155928,48.099989
6.711326,0.721574,8.868222,1.539312,1.539312,51.646264
6.181872,0.866938,10.196045,1.289436,1.289436,50.828254
6.710391,0.738629,10.310796,2.145649,2.145649,57.736835
6.111633,0.726959,9.767815,1.835446,1.835446,52.559546
6.117767,0.804483,9.075324,1.143618,1.143618,43.372144
7.967857,0.814623,10.424589,0.830429,0.830429,43.813380
6.383394,0.692285,10.254105,1.010532,1.010532,41.691398
7.369729,0.844542,10.386082,0.796025,0.796025,45.089584
5.929358,0.827216,12.256691,0.797437,0.797437,47.408366
8.050474,0.804580,12.623705,1.289134,1.289134,49.551727
6.749550,0.746674,12.556821,2.093345,2.093345,51.924453
6.858915,0.754306,12.977647,1.443160,1.443160,51.147044
7.332252,0.770558,13.212866,1.676219,1.676219,55.465255
6.958150,0.823687,11.631357,1.822494,1.822494,71.881485
6.587599,0.855995,12.784050,1.948339,1.948339,54.048075
6.748139,0.839971,12.454251,1.532267,1.532267,54.055859
6.774791,0.630611,12.381830,2.049854,2.049854,54.682376
6.257659,0.642867,13.477355,1.846791,1.846791,57.908244
6.679246,0.584809,13.954591,1.408528,1.408528,59.193414
7.185001,0.701436,14.630721,1.106261,1.106261,63.366576
6.982099,0.847712,12.644625,2.026155,2.026155,66.704978
7.889585,0.746587,13.068242,1.385753,1.385753,60.485369
6.416169,0.819757,12.641227,2.119236,2.119236,58.901307
7.049766,0.814894,12.936329,1.359232,1.359232,59.845738
7.474935,0.763870,11.103098,1.529031,1.529031,68.552311
6.553346,0.900061,8.707638,1.518425,1.518425,44.671850
7.587014,1.139763,9.296724,0.975662,0.975662,51.046061
6.941942,0.831949,8.056226,1.002151,1.002151,38.545953
7.500881,0.928829,7.111960,0.717580,0.717580,37.802004
7.377241,0.982523,8.441663,1.617270,1.617270,41.868201
6.553075,0.910841,8.583530,1.180376,1.180376,39.760287
7.432900,1.064498,8.518817,0.940260,0.940260,41.454766
7.017212,1.154940,9.778258,1.070002,1.070002,43.262197
6.695943,1.026067,10.340443,1.199136,1.199136,46.061989
6.793280,1.112764,12.226001,1.548693,1.548693,49.122627
6.542429,0.992642,12.864135,2.007787,2.007787,53.324039
6.990958,0.964643,10.920769,1.652879,1.652879,53.196455
7.251845,0.953960,11.392913,2.292012,2.292012,66.599155
6.910372,0.971548,11.052475,1.741865,1.741865,59.462266
7.162366,1.161399,11.592775,5.633279,5.633279,101.118090
6.808303,1.145061,11.078834,1.485705,1.485705,59.387749
7.283845,0.958011,11.307605,1.213226,1.213226,61.008082
6.152386,1.075387,12.046419,2.089436,2.089436,62.217009
7.419471,1.070458,13.099866,1.627258,1.627258,60.190853
6.908788,0.907160,13.133390,1.380585,1.380585,61.587049
8.063565,1.085048,18.380419,2.788028,2.788028,81.405884
6.619374,1.067516,13.223419,2.335164,2.335164,65.638743
6.898257,0.911362,13.378607,1.539182,1.539182,63.244096
7.151933,0.870813,13.147839,2.776879,2.776879,67.259237
7.861957,1.006537,12.906137,1.626097,1.626097,66.712945
7.316033,0.941596,15.209429,3.716991,3.716991,84.012114
7.903253,0.960116,12.206797,1.325892,1.325892,62.186688
6.825934,1.133054,10.599851,1.398020,1.398020,54.091543
8.253960,1.230803,9.195056,1.119527,1.119527,45.219803
7.206135,1.057767,7.973274,0.760559,0.760559,38.456833
7.412392,1.060416,8.687837,0.821363,0.821363,37.250176
6.790196,0.974891,9.940385,0.941617,0.941617,40.128919
8.015473,1.027239,10.635286,0.949065,0.949065,45.568514
7.501564,0.871444,10.665150,0.938404,0.938404,46.132142
7.018803,0.774564,10.952609,1.521801,1.521801,49.242824
8.132870,1.152020,13.332871,1.645366,1.645366,61.258346
7.806123,1.164027,11.356436,1.277615,1.277615,49.706882
7.959736,0.845183,13.066482,2.386633,2.386633,64.712681
7.467575,0.718990,12.090278,1.441793,1.441793,56.275417
7.422229,0.753437,12.147989,1.641057,1.641057,61.110444
6.798163,0.912729,12.987472,2.234181,2.234181,65.938534
7.186856,0.861195,12.864603,1.800587,1.800587,71.226620
7.910862,0.708714,12.344496,1.925269,1.925269,74.368898
7.575278,0.618615,15.346585,3.748242,3.748242,111.432369
7.932021,0.752818,14.206312,4.630286,4.630286,113.555923
7.735176,0.675490,14.645355,2.924545,2.924545,131.682742
7.100377,0.701458,13.792259,3.725184,3.725184,120.474244
6.532785,0.573649,15.674755,4.986970,4.986970,142.785438
6.834901,0.723073,14.335922,4.359866,4.359866,139.024876
7.106858,0.826206,14.183839,3.423004,3.423004,130.430619
7.098498,0.799185,14.462549,3.568725,3.568725,141.061203
7.932532,0.656850,15.475806,3.318383,3.318383,158.871469
8.305288,0.839092,14.778169,4.055036,4.055036,153.053904
8.029021,0.749344,14.678933,5.502919,5.502919,158.212956
8.001929,0.952473,15.272406,3.813423,3.813423,164.829937
8.649959,0.902525,14.873464,7.295830,7.295830,175.167543
7.969876,1.198061,16.190628,3.785066,3.785066,178.543907
7.706963,0.935538,15.132688,3.691171,3.691171,162.570976
8.791879,0.897161,14.917030,3.991116,3.991116,177.210781
7.722780,0.778201,14.244384,5.246290,5.246290,171.150425
7.562620,0.783899,14.372725,8.144497,8.144497,177.906198
8.378146,0.848971,13.980092,6.770079,6.770079,181.968009
8.960727,0.889855,21.626239,3.862177,3.862177,190.713566
8.246560,0.976031,15.897382,7.204010,7.204010,187.186802
7.930654,0.798718,14.223214,5.761892,5.761892,176.668674
9.420886,1.045630,15.599500,7.754165,7.754165,191.034527
8.033928,0.842686,15.367515,7.060544,7.060544,197.370685
8.892247,0.812505,15.320879,7.158175,7.158175,191.203057
7.492288,0.730400,14.534188,5.706351,5.706351,160.211465
7.760517,0.859631,14.631622,5.729171,5.729171,153.344319
7.409169,0.695204,13.885047,5.587596,5.587596,156.001195
8.349258,0.974403,14.573520,6.309497,6.309497,169.931602
7.072900,0.872626,14.762797,4.789247,4.789247,155.656012
8.693927,1.056171,14.676209,5.344039,5.344039,153.825214
8.107456,0.934670,15.047315,6.952668,6.952668,156.113718
7.905392,0.942290,14.603462,6.860587,6.860587,132.803540
7.591226,0.889378,13.351803,7.919168,7.919168,125.015060
7.681744,1.000620,13.868393,2.717528,2.717528,110.665685
7.389530,1.007666,13.193783,16.413808,16.413808,110.798381
8.063190,0.988537,13.505429,7.191156,7.191156,86.406917
8.027501,1.264164,15.178728,5.179948,5.179948,93.724271
9.355303,1.042052,15.438276,7.143666,7.143666,115.752760
7.372420,1.385926,15.020349,9.347574,9.347574,103.274225
9.425904,1.614915,16.287627,2.838781,2.838781,83.786722
7.988113,1.277994,15.523366,2.023333,2.023333,73.423335
8.655214,0.911925,15.023703,2.556391,2.556391,71.748378
7.594146,1.808045,14.587833,2.767305,2.767305,78.892150
7.117268,1.032744,14.327401,7.701958,7.701958,108.807963
8.339203,1.450541,16.044820,4.756473,4.756473,125.689183
8.499873,0.991132,15.004584,6.817455,6.817455,92.754047
8.222716,1.120678,13.661518,3.204187,3.204187,122.817453
7.958077,1.026567,14.992403,7.699309,7.699309,113.531477
7.530312,0.971830,14.282945,2.370121,2.370121,66.986412
8.905078,0.833502,14.729175,2.660686,2.660686,68.825625
8.201155,0.920036,15.215225,2.481267,2.481267,74.095712
8.408476,0.940185,15.613613,6.118396,6.118396,92.813169
7.679327,0.808162,15.265849,4.480260,4.480260,93.720093
8.481784,1.285236,15.799569,5.829699,5.829699,96.734390
7.999167,0.993097,15.593291,3.140885,3.140885,81.879353
7.903264,0.750875,16.019123,3.842528,3.842528,88.378809
8.713102,0.790055,15.368015,5.053182,5.053182,99.288628
8.739284,1.017046,14.697225,6.110146,6.110146,97.164002
6.919644,0.902372,14.841471,3.340193,3.340193,82.870593
7.664994,0.788252,13.717655,2.094017,2.094017,63.517530
7.375785,0.776963,11.297813,1.703142,1.703142,53.616218
8.178912,0.916453,10.298528,1.150598,1.150598,48.798495
8.108217,0.933204,11.412789,1.823830,1.823830,53.295483
8.064944,1.159250,10.808050,1.951151,1.951151,52.722562
8.940448,0.988201,10.313074,0.959259,0.959259,47.383170
8.891834,0.846225,10.952967,1.407768,1.407768,51.427067
7.863499,0.896196,10.807365,1.104894,1.104894,48.738723
7.681853,0.855474,11.966150,1.661574,1.661574,56.032326
6.324217,0.998938,11.663881,1.902493,1.902493,62.506845
6.277580,0.943637,12.648065,3.687057,3.687057,99.123317
7.728566,1.048928,11.644897,2.261169,2.261169,63.536616
7.323785,0.771165,12.448541,2.583271,2.583271,70.168842
7.684231,0.824686,12.747096,3.245166,3.245166,76.993025
7.828322,0.854182,13.406204,1.991416,1.991416,76.103650
7.789198,1.217776,13.157522,3.442632,3.442632,85.019673
8.092529,0.848168,13.465392,2.371197,2.371197,89.675866
7.856190,0.973697,13.381452,2.930894,2.930894,83.917490
8.371098,1.113632,13.794603,3.304249,3.304249,92.396707
8.376677,1.221868,15.103799,6.084285,6.084285,118.766867
7.893427,1.130981,15.386298,5.494104,5.494104,96.683609
9.665336,1.047236,16.602161,3.870613,3.870613,106.994623
9.017018,1.104883,15.519708,4.415829,4.415829,102.967856
8.146793,0.977985,14.455145,3.291330,3.291330,86.034496
8.740788,1.466218,15.226108,4.484548,4.484548,87.895559
8.255284,0.961853,15.774045,9.609229,9.609229,113.661988
9.208356,1.090194,16.058879,3.800992,3.800992,82.529006
8.251652,0.928308,15.386362,7.047952,7.047952,102.874591
8.613157,0.912480,16.092499,3.458850,3.458850,100.811163
7.701333,0.856896,15.841061,2.749250,2.749250,85.855274
7.690331,0.823742,16.045372,1.988300,1.988300,77.833715
8.371803,0.821853,15.841028,2.701038,2.701038,92.189137
9.219070,0.670312,16.490832,7.585710,7.585710,101.263951
9.397643,0.622490,16.819806,5.579628,5.579628,87.655617
7.375037,7.239607,17.540728,4.370928,4.370928,119.504163
7.507904,0.542698,23.211397,3.951132,3.951132,114.965213
7.191557,0.641468,16.948765,2.972192,2.972192,110.626266
8.917530,0.664515,16.687252,9.585029,9.585029,112.342784
7.716602,0.888477,24.086271,3.831759,3.831759,140.996262
8.261320,0.822298,14.828172,3.286292,3.286292,132.181821
8.848232,0.718579,15.874106,8.758966,8.758966,120.335651
8.654062,1.275009,17.698001,14.188845,14.188845,126.804170
8.955484,0.792497,14.815884,3.665355,3.665355,96.973077
8.139884,1.159261,16.766470,5.748713,5.748713,91.503681
7.946492,0.928352,12.432202,1.852544,1.852544,64.543314
7.819454,0.964253,10.824974,1.079794,1.079794,50.442232
10.546200,0.768896,11.042597,1.241247,1.241247,52.799326
6.413335,0.764315,10.536711,1.741899,1.741899,53.497754
7.772958,0.904196,11.652413,1.953018,1.953018,56.229712
8.779332,0.951268,13.017848,1.591411,1.591411,60.563426
6.782911,0.832090,22.645357,2.036828,2.036828,75.315420
6.732104,0.896043,13.710578,3.674844,3.674844,76.704937
7.660043,1.122546,13.548257,2.348051,2.348051,68.972574
7.849568,0.839569,13.785137,2.286366,2.286366,66.308781
7.980093,0.855474,14.885959,2.630788,2.630788,73.499059
7.949630,0.997700,13.327606,2.212436,2.212436,76.644188
9.123177,0.800032,13.691894,3.258837,3.258837,99.826031
8.945831,0.925963,14.422490,5.130608,5.130608,97.496438
9.298385,1.078730,14.269548,2.363781,2.363781,90.018302
7.333305,10.664172,14.813376,4.237039,4.237039,90.130553
7.016002,1.190440,13.660075,2.775185,2.775185,70.185279
6.384958,0.922424,13.045802,1.815101,1.815101,54.773947
6.582973,0.951214,13.414997,1.820475,1.820475,54.468042
7.042329,0.923422,14.860481,1.626270,1.626270,60.297635
7.426906,1.775799,15.867922,1.727070,1.727070,67.971811
7.669183,1.170628,14.985803,2.252777,2.252777,64.484691
12.030847,0.792889,15.184481,2.627618,2.627618,74.167590
6.945155,0.859577,14.030779,3.367268,3.367268,76.307670
7.195129,0.884580,15.077700,2.323842,2.323842,66.619823
7.999199,1.044077,14.611822,2.696728,2.696728,68.210864
8.081065,1.520087,15.708366,2.771179,2.771179,72.510446
8.228546,1.099411,15.267032,2.519839,2.519839,74.368082
7.117029,1.013007,13.942802,2.183614,2.183614,76.285155
6.750147,0.962027,13.622393,2.180421,2.180421,66.083909
8.758807,1.029661,15.247783,1.756674,1.756674,65.504977
9.154596,0.869619,16.055708,2.564154,2.564154,79.671827
7.666024,1.354737,15.063761,1.815840,1.815840,74.553004
7.189646,1.019271,23.756830,4.026680,4.026680,93.415400
7.033861,0.967314,14.431035,3.408597,3.408597,93.094690
6.857481,1.172582,15.490031,4.221515,4.221515,100.456878
7.040614,1.076548,14.296081,2.029282,2.029282,77.310701
9.339164,1.130058,15.390737,5.305326,5.305326,96.364919
7.675188,1.118507,16.334211,2.833103,2.833103,110.552404
7.917735,0.900668,24.482399,3.993765,3.993765,115.103303
7.203292,0.771785,14.144181,2.703297,2.703297,127.784698
7.226655,0.932900,14.166839,4.914006,4.914006,123.208622
8.625684,1.054641,21.016286,3.681987,3.681987,153.899892
9.042441,1.094992,15.381129,3.995165,3.995165,134.994157
8.046307,1.279580,17.472748,4.308060,4.308060,149.777867
15.996414,0.953635,17.618184,5.008400,5.008400,153.689186
7.705929,0.814828,14.853468,19.530885,19.530885,163.113595
7.631134,0.924138,15.325938,3.653587,3.653587,139.398870
7.722629,0.677238,14.768963,4.633375,4.633375,132.915219
9.947543,0.800661,17.065110,7.712901,7.712901,154.172473
8.014094,0.755370,17.288008,7.022104,7.022104,155.909146
16.710007,0.652768,17.220896,8.540290,8.540290,173.276305
7.274682,0.585830,16.060657,4.995135,4.995135,160.300373
7.652096,0.524525,16.435662,5.846472,5.846472,157.438199
7.705100,0.923770,16.606559,5.297966,5.297966,153.010801
9.276683,0.899083,17.521025,5.009757,5.009757,185.974265
16.796336,0.663526,19.358860,6.116356,6.116356,196.610475
8.212787,0.797882,16.334884,4.352494,4.352494,167.842261
9.629214,0.854084,16.875368,6.508761,6.508761,166.028817
7.773577,0.640555,25.889701,8.541202,8.541202,179.078930
8.383398,0.723517,15.232097,5.809409,5.809409,162.810062
9.777162,0.936330,15.312497,6.461603,6.461603,153.956735
7.516731,0.968030,13.865571,5.413062,5.413062,132.206682
7.548293,1.030909,12.695671,18.207479,18.207479,119.209379
15.315017,0.940271,9.909955,1.298285,1.298285,62.246995
6.782140,1.021648,9.408640,1.368610,1.368610,48.030358
8.208448,1.001012,10.082653,1.476999,1.476999,49.898620
19.082891,0.915368,9.384658,1.347225,1.347225,60.852685
6.923096,0.988635,9.952413,2.224487,2.224487,59.551482
6.799847,0.917202,10.777727,1.399550,1.399550,50.480956
8.691397,0.982133,11.273061,1.158805,1.158805,52.546270
6.822569,1.026360,12.338362,1.824948,1.824948,81.406165
7.272190,1.049506,11.650865,2.175786,2.175786,59.353319
19.673895,1.291532,14.311178,5.416906,5.416906,96.688321
7.219798,1.223454,11.169537,5.151184,5.151184,84.000134
8.478920,1.444072,11.913789,2.968467,2.968467,71.735153
7.216854,1.131611,12.856037,1.911396,1.911396,68.601567
7.024558,1.196877,12.292473,2.474709,2.474709,74.106274
6.875362,1.008914,11.769230,14.095405,14.095405,73.320031
7.168210,1.468411,13.395640,2.253494,2.253494,60.574458
14.323374,1.315383,14.535611,6.042565,6.042565,104.119711
7.632534,1.146852,14.201079,4.175040,4.175040,112.999885
7.787266,1.075506,14.309174,3.563373,3.563373,115.887374
8.478551,1.654160,16.153271,7.392353,7.392353,108.962358
7.901038,1.013376,16.477512,6.082756,6.082756,106.210177
7.639655,0.973827,15.775260,3.730167,3.730167,111.570489
7.750920,1.132077,27.590043,2.720558,2.720558,137.904761
7.384861,1.120570,14.563380,4.489292,4.489292,139.495391
10.348306,1.222704,15.685699,3.292729,3.292729,157.700355
8.685220,2.033364,15.263735,19.032057,19.032057,133.142344
7.284171,1.040517,14.432358,2.661587,2.661587,131.145929
7.535328,1.115869,14.987648,3.926652,3.926652,131.019358
7.101723,0.900320,18.431985,6.772369,6.772369,103.646816
7.597295,0.961288,29.427813,4.236030,4.236030,130.611331
8.653064,0.983109,16.133047,5.513590,5.513590,108.000962
7.045043,0.820485,15.171063,4.359898,4.359898,112.188085
7.942151,0.827682,16.658244,4.861224,4.861224,143.698093
8.233319,1.062186,14.377425,7.101006,7.101006,133.757163
6.793507,0.973144,13.935918,4.434642,4.434642,149.524439
7.499622,1.027782,13.460702,10.423628,10.423628,144.066626
16.163976,0.818227,14.181086,3.724359,3.724359,129.466643
7.324079,0.848222,13.494811,3.980672,3.980672,130.598520
7.306556,0.872377,14.463688,4.753096,4.753096,102.396853
8.958577,0.947707,16.169426,15.949427,15.949427,128.345167
18.391242,1.077166,16.208030,18.590593,18.590593,156.517652
7.729668,0.882158,15.859571,3.820457,3.820457,158.208195
8.448242,0.800303,15.137919,3.683898,3.683898,148.284700
10.543812,0.758963,18.766071,2.933533,2.933533,156.387597
17.569498,0.703064,18.539960,18.432169,18.432169,157.205725
7.453233,0.887424,14.216581,4.344255,4.344255,132.308416
8.762863,0.846018,14.424205,7.070848,7.070848,152.243951
9.105536,1.216517,16.564154,12.250971,12.250971,133.486891
9.250464,0.782672,15.236287,6.845366,6.845366,153.821400
8.384060,0.787894,17.049066,8.505443,8.505443,152.660013
17.588448,0.938632,15.189252,8.414869,8.414869,178.624340
7.608238,1.073378,13.601419,4.937520,4.937520,168.392471
7.882832,1.346182,14.474968,5.005664,5.005664,148.503634
8.239879,1.612309,15.473624,8.813355,8.813355,166.876367
18.361637,1.531854,15.498234,5.671275,5.671275,170.330624
7.019260,1.126725,13.435668,5.175237,5.175237,127.424231
8.453376,1.329485,14.295495,7.206593,7.206593,149.676683
8.337433,1.481927,14.849646,4.934155,4.934155,102.334180
18.553953,1.172679,15.200603,18.808464,18.808464,154.222427
6.984921,1.173331,14.259529,3.414569,3.414569,136.882266
8.718733,1.569199,16.664455,3.220407,3.220407,90.383167
19.709772,1.093169,16.226008,5.440897,5.440897,87.317643
6.554964,1.191037,16.507334,3.044580,3.044580,79.332476
8.192340,1.559353,14.826762,1.835251,1.835251,61.575184
8.766814,1.265413,14.998950,4.063581,4.063581,72.888196
14.545707,1.512824,18.244879,2.490776,2.490776,76.184659
14.033774,3.193256,18.317496,4.294328,4.294328,100.207693
12.801865,1.550050,16.071068,3.322769,3.322769,108.491366
17.163603,1.495356,16.784425,3.822096,3.822096,87.990935
20.911944,0.994704,15.177175,3.138290,3.138290,106.147853
14.547476,1.146266,13.618963,23.914293,23.914293,105.012796
14.832602,1.100790,13.363724,6.637102,6.637102,89.410423
12.127776,1.095210,12.284450,4.419803,4.419803,99.787887
13.026522,1.201795,11.329796,2.854913,2.854913,93.970814
13.745328,1.833047,10.872763,1.485162,1.485162,55.087039
11.707524,1.317380,8.195631,0.937133,0.937133,42.497162
10.724978,1.151651,5.844951,1.264805,1.264805,52.740529
10.519375,1.217102,6.937339,1.141207,1.141207,56.969427
12.603170,1.353727,8.848735,1.386903,1.386903,50.122426
11.616921,1.384016,7.756249,1.013268,1.013268,43.617224
9.336707,1.060231,7.942531,1.688542,1.688542,54.833505
9.964529,1.188366,8.126128,1.160293,1.160293,44.102023
10.404103,1.310889,9.249152,1.226949,1.226949,48.391302
22.434391,1.252927,9.521740,1.429318,1.429318,68.703776
9.858681,1.106131,9.777520,1.543492,1.543492,54.425456
10.159439,1.586721,12.411848,1.739446,1.739446,60.104428
9.445865,1.274456,10.945586,21.247892,21.247892,78.344856
10.124189,2.049757,15.127801,2.510806,2.510806,67.867853
10.463921,1.178313,11.607604,19.476204,19.476204,78.792444
11.874718,1.469963,12.889648,1.311399,1.311399,62.473409
23.447441,0.992001,12.391231,2.089990,2.089990,82.478936
8.048487,1.134498,12.111013,2.206118,2.206118,63.286719
8.327293,1.145636,12.380789,3.099132,3.099132,71.479678
23.254995,0.968247,12.608409,2.606676,2.606676,93.124360
8.160814,1.036294,13.490425,3.170599,3.170599,66.155526
9.451815,1.319030,16.419421,2.621257,2.621257,75.466461
8.804985,1.249117,13.657143,4.189024,4.189024,81.960859
8.875832,1.147840,13.630090,2.181496,2.181496,74.210179
9.065297,1.291109,15.491222,2.876592,2.876592,74.208783
8.751063,1.107184,12.891461,3.140668,3.140668,90.158738
8.719960,1.216896,13.987430,2.111637,2.111637,68.958959
8.058181,1.104014,13.271371,2.409366,2.409366,105.216060
9.585388,1.588209,14.066419,1.370967,1.370967,66.264664
23.836601,1.048561,14.329854,2.074780,2.074780,83.596226
7.638678,1.183948,13.511053,3.775611,3.775611,82.180675
8.750291,1.274825,13.410503,2.288939,2.288939,64.280955
7.612048,1.370945,13.456153,1.825827,1.825827,65.203032
7.507970,1.828531,15.657516,2.316633,2.316633,68.781028
7.892038,1.201296,12.085403,2.164605,2.164605,56.630128
22.187348,0.945297,11.627091,1.250876,1.250876,69.210995
7.904686,1.144421,10.932688,1.353835,1.353835,45.206570
6.687833,1.368980,29.197749,1.166589,1.166589,67.363999
7.209969,1.539367,11.012763,0.795179,0.795179,40.689279
22.107501,1.365148,10.289843,1.067842,1.067842,60.087134
8.456828,1.722455,14.048714,1.587080,1.587080,53.760549
27.846537,1.243830,11.353255,1.511086,1.511086,69.410661
7.447306,1.124565,10.946216,1.058788,1.058788,42.644870
7.740052,1.326305,9.902767,1.746806,1.746806,58.718697
7.653594,1.526112,12.888974,1.468618,1.468618,49.751022
7.176337,1.262720,8.862641,1.158675,1.158675,41.066736
20.368084,1.161650,10.169192,1.270623,1.270623,61.721154
7.667262,1.374712,10.533509,1.156308,1.156308,43.217000
25.451884,1.123620,11.077238,1.029531,1.029531,67.055923
7.590759,1.150120,10.581862,1.279026,1.279026,44.038395
7.303494,1.200927,12.926710,1.857517,1.857517,80.552956
9.256145,1.417126,13.371172,1.657796,1.657796,54.116273
8.920438,1.593626,15.075421,1.557128,1.557128,73.312365
8.890639,1.453354,14.499481,2.451119,2.451119,64.552868
10.199921,1.619561,13.828920,1.822777,1.822777,64.618765
7.877893,1.119647,11.184670,1.585505,1.585505,65.699254
7.230064,1.258399,11.994082,4.244454,4.244454,86.492870
7.704232,1.254871,12.580877,1.728546,1.728546,71.448000
27.316631,0.859752,11.602273,1.753569,1.753569,80.818229
7.647911,1.046509,11.488631,1.609997,1.609997,58.083238
7.419373,0.957012,8.909540,1.889586,1.889586,63.238343
8.049786,1.442150,10.122127,1.906652,1.906652,52.127231
7.259267,0.909212,8.224062,1.662063,1.662063,46.610572
27.057344,0.965066,9.756503,2.494185,2.494185,78.221291
7.754969,1.077058,10.924211,2.540595,2.540595,57.013719
7.717526,1.145278,10.530676,2.015191,2.015191,72.335088
8.045825,0.930512,12.088627,1.365017,1.365017,61.324341
8.225753,1.162116,12.553237,20.409245,20.409245,80.689093
7.937431,1.551895,14.801890,1.987226,1.987226,69.999480
7.151563,1.080098,12.221561,26.422356,26.422356,91.802159
8.133957,1.305992,15.955027,3.306974,3.306974,82.100785
6.972985,1.289545,12.639164,21.628980,21.628980,91.065777
7.804701,1.148665,13.615934,2.431220,2.431220,77.677746
7.219219,1.144421,12.174543,2.228231,2.228231,75.777055
7.541396,1.229055,12.661539,4.644969,4.644969,101.378365
7.926582,1.058408,16.883824,2.570113,2.570113,111.371802
7.645094,1.327943,12.691492,7.300032,7.300032,112.081466
26.333967,0.993933,14.394785,3.846479,3.846479,142.599125
7.941032,1.652314,14.335706,2.641883,2.641883,158.638561
22.748946,1.309738,14.243798,4.356728,4.356728,114.742348
8.103733,2.113178,15.539347,1.521954,1.521954,68.528090
8.060439,1.330473,13.883255,1.976098,1.976098,58.037855
7.570805,1.123642,14.510284,2.673702,2.673702,73.236852
29.052929,1.016231,16.167320,5.449398,5.449398,129.430769
8.061448,1.737057,15.144259,2.278941,2.278941,81.854783
7.390062,1.183394,13.916355,1.823450,1.823450,72.488560
31.155164,0.861379,14.613059,3.702125,3.702125,104.377739
8.051475,1.021214,12.692468,1.461463,1.461463,59.753225
26.360575,0.736024,13.005504,5.363765,5.363765,90.502670
7.221639,1.099813,13.980059,2.444041,2.444041,64.238822
6.860130,0.887695,12.099289,4.608211,4.608211,83.011993
7.304993,0.874526,13.294028,3.783807,3.783807,69.703376
6.872930,0.820354,10.951991,1.644606,1.644606,55.852450
24.687743,0.782065,11.048871,2.912580,2.912580,94.072860
8.323775,1.087187,12.174880,2.097948,2.097948,61.677384
7.558604,1.052903,11.741373,3.095354,3.095354,73.490625
7.139600,0.809161,30.896039,2.339366,2.339366,97.290410
8.004020,0.998514,14.897663,7.528640,7.528640,93.436289
10.500180,1.503846,18.673555,31.707373,31.707373,143.731780
6.901719,1.081054,13.130664,29.141655,29.141655,105.043533
23.127919,0.951584,13.365602,3.291231,3.291231,133.517983
7.349699,1.154050,13.937557,26.620581,26.620581,128.293482
6.764456,1.016014,32.744035,3.084335,3.084335,144.360165
8.926084,1.259355,14.132761,3.434554,3.434554,112.596437
10.477972,1.357733,15.801479,2.537393,2.537393,118.090805
32.480839,1.062403,14.158534,3.338293,3.338293,144.944647
8.062338,0.974707,15.902679,2.249205,2.249205,76.246843
7.931880,1.146570,12.578642,4.396668,4.396668,74.471670
8.483720,1.353043,15.113700,1.871760,1.871760,68.935620
7.253546,1.210339,13.365624,5.282116,5.282116,80.400552
24.420043,1.107770,13.577579,4.134948,4.134948,110.152799
7.328051,1.244189,14.115326,3.358996,3.358996,115.815617
30.611683,1.315470,15.241322,2.870492,2.870492,132.150296
8.390660,1.383386,16.749078,2.746666,2.746666,95.368300
28.605712,1.185945,13.659846,3.561788,3.561788,135.725556
7.153919,0.995019,12.779555,6.724548,6.724548,119.668121
28.011478,0.922163,13.658675,3.414426,3.414426,134.300787
7.239248,1.023722,12.984389,28.689650,28.689650,119.368340
7.736936,1.165764,15.398738,3.027004,3.027004,75.033779
7.405184,1.055791,12.948162,2.396404,2.396404,77.451787
8.773606,0.950237,15.948854,1.975707,1.975707,76.098493
7.104253,1.008295,14.144682,2.370675,2.370675,79.682007
7.837551,1.134096,16.850160,2.933990,2.933990,81.475850
7.352392,1.235710,14.395599,10.766915,10.766915,99.090066
7.246305,26.927929,15.856595,3.578594,3.578594,144.690561
7.954906,1.430817,18.215121,5.463935,5.463935,109.548993
7.938373,1.222324,14.825763,7.204943,7.204943,95.717326
7.707603,0.948728,16.388513,3.192658,3.192658,96.026161
7.434006,1.121211,36.501668,5.866143,5.866143,143.851174
8.653986,1.629006,15.954051,28.707052,28.707052,140.251227
7.377892,1.098901,13.189831,7.145451,7.145451,123.484173
25.830341,1.321300,14.657145,30.986416,30.986416,184.532746
9.627142,1.240954,15.389228,5.657044,5.657044,101.935675
7.318302,0.950758,14.304343,5.242881,5.242881,138.327249
31.599441,1.217254,15.099175,3.864055,3.864055,132.892681
7.659587,1.652596,16.135512,28.051842,28.051842,140.603596
8.314570,1.185566,17.441843,6.316173,6.316173,164.293188
7.761482,1.261330,40.082889,3.435998,3.435998,202.998580
30.046081,1.347528,15.917846,2.674255,2.674255,142.540655
7.815557,1.183047,15.320791,4.469936,4.469936,137.771698
7.680496,1.021301,15.113764,7.981927,7.981927,101.690531
8.267259,1.098829,12.676477,1.630798,1.630798,60.885780
7.461756,0.828540,13.241603,2.528252,2.528252,60.627096
7.391202,1.192622,11.859629,1.523235,1.523235,57.557472
8.342340,1.362498,11.726521,2.510860,2.510860,63.545886
6.682019,1.137386,10.408772,2.014529,2.014529,50.930545
7.850872,0.831992,9.404286,2.622722,2.622722,80.182907
28.534787,0.954297,9.042582,1.810097,1.810097,77.658997
7.622274,0.951844,10.866423,1.870522,1.870522,58.348025
7.351001,1.133716,10.153567,1.966187,1.966187,56.767644
6.598802,1.294974,11.205210,3.344590,3.344590,79.115497
26.759299,1.028065,12.073028,3.588690,3.588690,106.071810
7.690397,1.244992,13.632847,2.925369,2.925369,70.063452
7.349938,1.255023,11.930182,2.597438,2.597438,74.788137
6.686032,1.267551,10.276652,2.844165,2.844165,71.987691
26.430260,1.145583,11.212050,2.178087,2.178087,80.859525
30.478002,1.595656,10.685852,1.949739,1.949739,80.002044
7.228153,1.244645,12.294633,1.044783,1.044783,49.434370
6.795700,1.507819,10.484981,0.942638,0.942638,43.931159
6.581388,1.677838,39.056331,0.983555,0.983555,78.034273
7.147047,1.410494,12.641932,1.268365,1.268365,52.223202
8.120299,1.293703,9.321856,1.291044,1.291044,43.434468
6.766931,1.213965,8.830290,1.136094,1.136094,39.190309
6.927405,1.198702,31.926426,1.693882,1.693882,65.968887
7.724214,1.348939,8.380135,0.955839,0.955839,41.563908
7.141164,1.390768,8.221012,0.878739,0.878739,39.802833
7.439294,1.253850,9.903984,0.923607,0.923607,45.420001
7.095578,1.222856,8.371011,1.484761,1.484761,43.010927
7.960616,1.221098,11.606692,1.139101,1.139101,49.458135
7.360424,1.336119,9.731143,1.430165,1.430165,76.159126
7.082732,1.203424,12.171290,1.169574,1.169574,50.822447
6.403153,1.191981,36.597419,1.555770,1.555770,78.167564
6.752014,1.114556,10.085259,1.209731,1.209731,46.478235
7.571070,1.517437,13.267147,3.263950,3.263950,62.819874
6.991815,1.499731,10.523185,34.446819,34.446819,85.969139
7.853553,1.211653,14.372334,1.732791,1.732791,62.548435
6.587196,1.235363,12.355407,3.129107,3.129107,90.443016
8.464839,1.405250,12.740333,2.055261,2.055261,60.208189
6.751822,1.287614,11.466712,2.900563,2.900563,72.523851
33.570469,1.303094,11.928738,3.870113,3.870113,109.102989
7.819997,1.822941,12.033152,1.641838,1.641838,62.401998
6.803679,1.322949,10.847718,6.842705,6.842705,94.530933
31.252728,1.232258,10.353166,2.060342,2.060342,81.160741
7.231150,1.340732,12.362637,1.916888,1.916888,55.334243
7.862358,1.444528,13.228022,1.321343,1.321343,62.227019
6.706581,1.471450,10.617112,1.456589,1.456589,45.531569
28.810131,1.013430,11.077499,2.552765,2.552765,75.465792
7.797057,1.021877,13.065951,1.229869,1.229869,50.425067
6.823773,1.047540,11.369148,1.082856,1.082856,46.759235
7.586687,1.309141,11.212050,33.437184,33.437184,82.726940
7.859719,1.229565,12.261361,3.835189,3.835189,87.178392
6.971319,1.154778,12.045984,2.913785,2.913785,82.535441
32.366462,0.997190,13.318953,6.176640,6.176640,109.768539
31.247724,1.265912,11.550414,3.567281,3.567281,89.217293
6.927943,29.462366,9.858909,3.352156,3.352156,92.709498
32.077479,1.282923,7.628169,1.735645,1.735645,74.867528
7.646928,0.940727,10.101749,1.561036,1.561036,50.293643
33.427660,1.077232,9.040573,1.800034,1.800034,80.689251
7.147665,1.342980,8.255469,1.474969,1.474969,43.578997
8.187271,1.131024,21.984523,37.877660,37.877660,288.583055
40.958427,1.233865,27.693502,5.516076,5.516076,298.409664
10.511175,1.466023,33.169856,3.633037,3.633037,182.556428
9.177817,2.009002,23.746399,5.322305,5.322305,231.860995
9.416370,1.135182,18.147510,38.254477,38.254477,261.240304
10.538743,1.549746,25.929945,15.734757,15.734757,254.364693
33.577169,1.169064,28.135065,6.737076,6.737076,301.423937
9.203351,1.346811,19.047408,6.643648,6.643648,194.084860
39.423411,0.767279,23.251466,7.844044,7.844044,254.450420
9.914677,1.609747,23.228441,10.017235,10.017235,214.581030
9.485881,1.125119,48.421287,16.313433,16.313433,264.882730
8.683124,1.095231,27.060156,6.549775,6.549775,223.012282
8.984045,1.082161,48.828479,13.344216,13.344216,261.014982
9.274153,1.104351,20.882886,4.776579,4.776579,209.570447
7.825077,1.101029,48.050431,11.875685,11.875685,249.383181
8.378469,1.162735,18.536421,4.670036,4.670036,175.911794
8.731022,1.291706,15.840148,8.705119,8.705119,168.388907
7.691982,1.310541,14.844978,5.972913,5.972913,149.927134
8.817165,1.201969,18.886259,17.791376,17.791376,213.277774
7.454101,1.265988,15.443032,6.513027,6.513027,175.198221
8.445755,1.516569,25.316813,4.335982,4.335982,193.509399
8.651970,1.253915,14.803800,8.544253,8.544253,167.799975
7.624771,1.096046,14.435919,3.873283,3.873283,147.170459
35.870438,1.056974,14.838540,38.111557,38.111557,202.148840
7.975608,1.353641,16.086420,37.913507,37.913507,162.124747
7.395406,1.397434,13.922261,7.107661,7.107661,116.678532
7.367514,1.255598,42.523325,4.194060,4.194060,139.359797
8.055434,1.314829,19.305068,4.937792,4.937792,118.997029
8.327381,1.354704,13.728403,28.777801,28.777801,131.864063
6.928448,1.287668,14.307306,2.781736,2.781736,109.125691
7.811367,1.302757,16.896461,3.419876,3.419876,95.290267
7.186477,1.048192,14.983925,3.540250,3.540250,113.094245
6.887640,1.079968,14.786648,5.050294,5.050294,102.114671
38.381484,1.309000,15.173983,5.261154,5.261154,154.629544
7.384916,1.332970,15.097622,5.107765,5.107765,116.989675
7.719700,1.245654,13.221215,6.690449,6.690449,119.721863
7.591736,1.370185,15.623460,5.323564,5.323564,118.835511
29.113930,1.075180,13.664993,2.648125,2.648125,129.943651
7.051350,1.306177,44.709192,4.308820,4.308820,139.435398
7.960138,1.503542,16.788247,7.054955,7.054955,169.668803
7.786234,1.565378,14.358796,8.163148,8.163148,112.108551
7.633967,1.667773,15.851754,6.953895,6.953895,105.723324
7.389497,1.339831,14.218525,7.879955,7.879955,118.871434
38.353832,1.137451,14.218926,3.443967,3.443967,163.169573
8.574998,1.485064,14.112005,2.087232,2.087232,79.302431
7.543730,1.236622,44.505143,3.212862,3.212862,146.827491
8.294583,1.425856,16.266588,9.966554,9.966554,190.938262
8.666623,1.490156,18.694236,5.908926,5.908926,120.547186
8.842416,1.378588,14.231747,5.702628,5.702628,156.335453
7.178335,1.430111,13.254945,4.215219,4.215219,131.151609
7.305221,1.414576,44.248707,4.122300,4.122300,149.179604
8.967140,1.390334,13.476454,3.983516,3.983516,99.026748
36.993852,1.139937,13.487723,4.606398,4.606398,140.393280
7.629222,1.431489,14.291738,5.370213,5.370213,95.885280
8.710286,1.727818,14.331733,2.927268,2.927268,96.973064
7.068557,1.495301,13.010325,2.638192,2.638192,112.434846
7.524535,35.261535,13.436562,2.962725,2.962725,149.683792
7.889758,1.493011,15.114634,3.006627,3.006627,75.798312
9.233878,2.196695,13.949228,2.823127,2.823127,73.571068
8.795927,1.467634,12.528105,2.987835,2.987835,73.285530
8.035892,1.433998,12.976247,3.727356,3.727356,116.425039
35.768933,1.455818,14.101647,4.560726,4.560726,133.569267
7.318683,1.686641,49.250695,4.505012,4.505012,129.566871
8.634489,1.328780,13.826782,3.472377,3.472377,66.860068
7.898356,1.263285,11.826898,2.062643,2.062643,56.548175
7.666241,1.189962,11.051043,2.239859,2.239859,54.346650
7.605241,1.455264,12.956696,2.309664,2.309664,61.137584
8.051211,1.420448,13.363496,2.009340,2.009340,61.577301
7.681972,2.173473,12.013257,2.242833,2.242833,60.514153
33.507307,1.288981,11.329687,3.131061,3.131061,93.054186
7.532733,1.497125,47.507897,2.948178,2.948178,125.160847
37.258048,1.485727,12.841717,3.191388,3.191388,112.985968
8.123624,2.415565,18.452297,2.932610,2.932610,78.488801
7.014048,1.294811,11.220278,2.633850,2.633850,59.023027
7.518175,1.513258,12.917439,2.720167,2.720167,71.369825
6.847168,1.580718,12.135852,5.555245,5.555245,110.276494
35.787106,1.275270,13.476854,2.436333,2.436333,119.007254
8.549757,1.658708,19.573138,5.699567,5.699567,109.002168
7.886827,1.349580,11.882915,2.393169,2.393169,108.534997
7.986791,1.605263,13.320136,2.781807,2.781807,73.340483
7.120265,1.475066,12.612175,39.973308,39.973308,105.608663
7.615488,1.386241,12.931108,6.049145,6.049145,108.316353
7.464035,34.705923,13.721596,4.071581,4.071581,150.014233
8.417660,1.547726,15.861724,42.367171,42.367171,170.294164
8.637703,1.295951,13.827422,6.525620,6.525620,122.614803
7.323676,1.585582,46.708418,3.844123,3.844123,138.083138
8.957653,2.119812,14.643032,6.387216,6.387216,88.685038
40.289014,1.351611,14.539247,5.538603,5.538603,157.579493
8.012248,1.442444,16.742705,3.445030,3.445030,110.290769
7.679465,1.462744,16.302478,3.362567,3.362567,113.505118
7.824015,1.248075,15.554284,3.413308,3.413308,110.732767
13.223367,1.719730,16.241651,7.898183,7.898183,163.525732
7.395402,1.171497,12.909742,4.087909,4.087909,119.195163
7.011248,1.165992,48.720320,7.343424,7.343424,184.287322
9.578866,1.276692,19.233449,5.864981,5.864981,187.890333
8.157633,1.285626,49.894954,3.620878,3.620878,178.141383
8.406491,1.398541,16.129280,38.281877,38.281877,164.452929
7.583008,1.290664,14.867970,4.787424,4.787424,142.352085
8.564124,1.422360,15.863934,4.840000,4.840000,103.975175
7.937406,1.149459,13.080009,5.752815,5.752815,122.878194
39.701891,1.069612,13.958693,2.434759,2.434759,159.697446
8.142294,1.158805,14.624284,5.441256,5.441256,91.630623
8.074877,1.418636,52.506569,3.792698,3.792698,165.357605
8.466187,1.185273,17.664976,43.643243,43.643243,155.986831
9.655464,1.879924,15.780277,3.770432,3.770432,96.633398
7.466738,1.353380,13.301605,4.295717,4.295717,116.228531
7.307317,1.551677,12.906659,3.902703,3.902703,111.076211
7.223300,1.323167,42.522359,4.115429,4.115429,130.647850
7.798501,1.530878,14.986172,3.838109,3.838109,109.227672
7.500479,1.315872,12.595174,8.753743,8.753743,107.465885
7.610615,1.596502,14.639917,3.390109,3.390109,73.954496
7.478452,1.737003,16.855111,6.256573,6.256573,83.388636
6.596250,1.547270,13.378413,2.362099,2.362099,60.261299
8.489158,1.704608,14.582563,2.794683,2.794683,66.343956
7.244167,1.516406,50.280204,3.972356,3.972356,128.905854
40.060014,1.298600,12.858153,2.371468,2.371468,113.667004
8.387482,1.498450,14.913946,2.916532,2.916532,68.663751
7.191406,1.521552,10.857010,4.768513,4.768513,63.387745
7.119016,1.439719,7.760429,1.200927,1.200927,43.559423
6.492064,1.366211,4.508997,1.135714,1.135714,30.543117
7.211326,1.636540,6.483662,1.483892,1.483892,45.186941
7.517697,1.438275,7.184858,1.873682,1.873682,47.950803
7.422470,1.212370,7.309769,1.821170,1.821170,43.114259
7.294575,1.168576,10.191855,1.877851,1.877851,53.629532
7.690694,1.213780,7.775270,3.232380,3.232380,53.231079
7.550331,1.270992,46.711258,1.988246,1.988246,109.207675
7.585538,1.267899,11.177396,1.770689,1.770689,62.170817
7.655505,1.357440,11.725414,5.505991,5.505991,119.230023
37.167177,1.129439,11.121737,4.267242,4.267242,117.952278
8.743511,1.371509,11.398753,7.525492,7.525492,96.675678
7.393991,1.728937,50.493603,3.977187,3.977187,145.591162
8.533190,1.822593,14.887196,7.951942,7.951942,95.790680
7.319064,1.353402,11.549284,3.239144,3.239144,121.521471
7.131110,1.572858,49.004740,3.794240,3.794240,146.262463
8.877992,2.098566,14.257803,7.661324,7.661324,98.117127
7.381583,1.148742,12.323402,3.422971,3.422971,112.226136
7.949835,1.255903,14.870110,5.021862,5.021862,122.474996
7.474208,1.084918,12.514514,6.713823,6.713823,125.937897
38.492194,1.011607,13.656937,4.492777,4.492777,162.364581
8.668100,1.904599,16.204307,8.927669,8.927669,168.772521
7.717982,1.380921,54.743541,5.207676,5.207676,173.990032
8.279471,1.523419,19.564692,8.058138,8.058138,123.093417
7.444353,1.256543,50.548319,2.884268,2.884268,145.242823
8.851514,1.218286,16.018287,3.080937,3.080937,114.039207
8.085114,1.395512,13.795549,6.391807,6.391807,130.285732
42.551605,0.988961,14.582176,2.804194,2.804194,168.402134
9.062818,1.548106,15.178664,8.730272,8.730272,107.548013
7.459377,1.157969,51.364896,2.583357,2.583357,150.990622
7.904490,1.344629,16.737647,4.672826,4.672826,116.915256
7.347060,1.477780,13.834490,10.823867,10.823867,152.668406
7.396304,39.667011,14.677619,3.619206,3.619206,170.566702
7.941911,1.345336,18.998489,12.725644,12.725644,188.242285
7.758149,1.550180,14.092768,9.774677,9.774677,146.766014
7.860491,1.463558,50.409925,10.703591,10.703591,250.353211
45.790032,1.422523,15.950999,42.013660,42.013660,227.757266
9.801241,1.469769,15.317168,7.882898,7.882898,181.507917
7.808500,1.382126,53.937425,4.310481,4.310481,162.073680
8.784793,1.523951,15.795068,37.988019,37.988019,170.282760
7.568797,1.525558,13.526457,8.485499,8.485499,137.633412
43.119511,1.545957,13.036846,4.857109,4.857109,153.829604
8.546956,1.587557,12.974227,4.544268,4.544268,81.477066
7.307012,1.465990,50.362082,3.947962,3.947962,144.322505
7.983469,1.665048,15.182560,2.372944,2.372944,88.149853
7.778722,1.720046,53.940847,4.685745,4.685745,165.746395
7.866504,1.469106,16.358409,7.068394,7.068394,111.844748
8.065139,1.475457,13.537106,6.656285,6.656285,124.974554
47.478411,1.278983,14.512259,2.831030,2.831030,134.256917
7.687976,1.374896,52.090476,5.144590,5.144590,136.679648
7.384753,1.476184,53.248559,4.017996,4.017996,131.715995
6.631870,1.371498,51.663808,4.165529,4.165529,125.561350
6.802278,1.451302,53.701057,4.324019,4.324019,126.723782
6.777255,40.634195,14.848213,3.528797,3.528797,128.420628
6.837583,1.166698,52.583635,4.233663,4.233663,128.474518
6.605326,1.080923,53.205085,3.634036,3.634036,132.408920
6.535044,0.969192,14.321201,48.169055,48.169055,109.132572
7.436863,0.946383,16.910074,2.564349,2.564349,69.497685
7.124206,0.914271,58.466182,2.437711,2.437711,135.772356
7.190972,1.033069,13.054085,2.210655,2.210655,66.385450
7.316587,40.346073,13.512540,2.101552,2.101552,136.413466
8.019044,1.308859,14.509751,3.169534,3.169534,80.929732
45.148225,1.340124,12.451842,3.733911,3.733911,143.398030
7.275486,1.304994,11.960199,4.211386,4.211386,116.449529
7.462527,1.322548,11.526573,48.373836,48.373836,115.332509
7.915216,1.367406,10.525432,4.432482,4.432482,68.752617
7.904023,1.289372,10.526289,4.875912,4.875912,78.725754
7.544471,1.247793,10.152078,3.873511,3.873511,60.909836
6.860825,1.375755,8.835045,2.750347,2.750347,49.170708
48.917911,1.207039,11.803535,4.218943,4.218943,128.569759
9.158416,1.305385,11.665771,3.759085,3.759085,62.598210
7.133585,1.312962,52.952908,7.426462,7.426462,152.146213
8.155147,1.424173,16.400303,5.417209,5.417209,80.287494
8.077962,1.352608,18.172143,7.569424,7.569424,101.213404
9.348420,1.840008,16.352208,5.900013,5.900013,124.220130
41.650485,1.071261,14.461712,4.285490,4.285490,133.691500
8.212120,1.369306,13.685391,3.466711,3.466711,82.271649
6.953417,1.059265,55.688349,2.940708,2.940708,148.641322
7.987833,1.158664,14.042753,6.545694,6.545694,98.440857
9.893055,1.176403,14.812572,9.666246,9.666246,139.332173
7.300879,1.146462,52.266572,2.946995,2.946995,159.222513
7.667632,1.163929,16.095040,40.712887,40.712887,168.355859
7.716017,1.062392,13.564844,10.612553,10.612553,142.435145
45.378932,1.038129,14.678336,52.249377,52.249377,226.070756
8.414544,1.117747,16.099209,6.382406,6.382406,194.079313
8.288124,1.278266,14.624165,10.454552,10.454552,163.390094
46.848538,0.992283,15.755254,6.557690,6.557690,255.920918
48.184623,1.108356,15.289613,52.092104,52.092104,232.940109
8.538732,1.305319,16.730546,8.160292,8.160292,188.805980
7.786941,1.168521,14.088262,12.640796,12.640796,155.346699
49.754267,1.402667,22.437941,7.438426,7.438426,270.960602
7.737273,1.357462,14.478866,44.636471,44.636471,186.086324
7.328529,1.335804,14.954853,5.592546,5.592546,157.476651
7.977845,43.788682,15.101227,5.527182,5.527182,174.737476
8.031258,1.311073,16.541422,7.690918,7.690918,189.396326
9.402474,1.939361,17.139388,10.783243,10.783243,164.799872
7.948979,1.785438,58.246112,3.929702,3.929702,177.549160
7.485536,1.536186,16.265996,50.555645,50.555645,169.913466
7.124771,1.182927,13.770437,8.620452,8.620452,130.908354
47.555131,0.970148,16.139202,4.342855,4.342855,168.671799
7.810932,1.452018,16.692670,50.407144,50.407144,179.541086
7.475413,1.283770,14.079534,51.287349,51.287349,128.349629
7.246695,1.219697,13.639047,7.659424,7.659424,142.877542
7.298664,1.227296,13.756847,4.908968,4.908968,130.892830
6.906085,1.547584,56.377887,3.420029,3.420029,146.761411
7.538530,1.378924,17.193973,50.243140,50.243140,169.034998
7.853010,1.400093,17.043790,47.533181,47.533181,177.695305
7.508839,1.335500,14.955840,7.734190,7.734190,147.286902
49.247515,1.084180,15.836914,4.431983,4.431983,160.311196
7.419547,1.032093,16.272678,3.451880,3.451880,113.815169
7.046747,0.901189,14.977651,8.981375,8.981375,140.028352
7.273402,0.843576,57.755812,5.301950,5.301950,162.496028
46.987073,0.989797,15.933142,4.407915,4.407915,180.596561
8.944837,1.177684,19.169029,5.069140,5.069140,192.221850
7.678509,1.028945,14.893070,11.783017,11.783017,159.612172
8.174939,1.061230,16.973658,5.486254,5.486254,192.770574
8.214931,1.010662,60.683382,13.163352,13.163352,275.328141
8.112331,0.955611,14.728523,11.039632,11.039632,173.296716
7.842632,0.892091,13.672690,12.791302,12.791302,178.369014
7.643866,0.948695,13.929405,4.403203,4.403203,201.711847
9.874530,1.339940,16.656085,6.766138,6.766138,195.750169
8.343393,1.240052,15.061655,4.748776,4.748776,204.680813
8.132295,1.241442,59.763672,9.642384,9.642384,292.599627
7.831422,1.263003,60.381894,14.149381,14.149381,284.257290
48.698673,0.953353,15.459869,8.523355,8.523355,275.961542
51.007749,1.278939,15.985773,9.200560,9.200560,272.639511
50.094766,1.068721,14.712739,7.835021,7.835021,276.228873
7.598412,1.122220,57.965603,14.126529,14.126529,280.202174
7.273250,1.347984,57.530380,8.353250,8.353250,276.168720
7.447632,1.277343,57.893664,6.238824,6.238824,270.415513
7.424823,1.412676,17.151731,15.279082,15.279082,210.812867
8.713153,1.555922,17.591134,8.312420,8.312420,203.493055
8.722500,1.286972,15.534168,5.679993,5.679993,180.722949
7.323806,1.290035,60.607098,51.810093,51.810093,249.270776
8.042605,1.145235,17.924135,8.301825,8.301825,197.967487
7.357536,1.202327,14.946027,8.615990,8.615990,155.426818
49.926306,1.129938,15.413980,4.042183,4.042183,151.183265
8.438481,1.217841,57.745879,3.563884,3.563884,150.818846
6.917267,1.183817,55.867095,3.721384,3.721384,151.283672
7.283821,1.228925,14.911894,3.824821,3.824821,73.628743
7.430197,1.333383,17.015813,4.181141,4.181141,94.863047
6.973262,1.072151,55.853055,4.653209,4.653209,144.462506
7.549050,1.427701,13.949477,4.436705,4.436705,71.525979
7.200427,1.320898,14.416714,3.161544,3.161544,69.541706
7.020252,1.324296,60.606110,3.061255,3.061255,135.782761
7.991839,1.110625,13.377880,3.409238,3.409238,71.303874
7.434594,1.100605,13.140728,7.401102,7.401102,157.941196
6.934614,1.300065,14.408334,5.893425,5.893425,145.764101
51.775724,1.395708,13.571369,6.668161,6.668161,157.512432
7.587871,1.100258,15.210677,5.725806,5.725806,98.425247
6.978278,1.133879,13.888607,3.795401,3.795401,76.913692
6.925039,1.130819,13.285266,8.791588,8.791588,152.938115
7.256358,1.245176,58.860978,4.601328,4.601328,187.194658
8.094570,1.488398,16.898795,5.609189,5.609189,116.145144
7.055020,1.194272,13.750462,4.093858,4.093858,139.070220
6.908754,1.304256,60.001848,3.255786,3.255786,159.373097
7.499383,1.421350,15.204847,4.007194,4.007194,112.704934
7.520520,1.309380,13.870814,7.668565,7.668565,144.070230
7.360793,49.168016,15.509775,7.169085,7.169085,180.925015
8.517861,1.871092,16.160784,6.888432,6.888432,124.218897
7.789611,1.492891,15.081985,49.469805,49.469805,182.542653
7.624804,1.528521,15.826491,9.465494,9.465494,106.861578
7.634944,1.840321,16.080710,5.093881,5.093881,112.934250
7.741225,1.408225,13.178192,9.383715,9.383715,158.296875
8.168729,1.397108,59.920688,3.599394,3.599394,168.287859
7.588566,1.914967,68.420225,5.227901,5.227901,182.200275
7.755630,1.474458,59.858635,3.116155,3.116155,145.081782
8.383434,1.836086,15.480420,10.339845,10.339845,101.078975
7.109354,1.718873,13.748151,3.027601,3.027601,77.256213
7.054965,1.408421,13.609572,3.079852,3.079852,71.441920
6.560588,1.446732,57.739561,3.532705,3.532705,138.813138
7.158847,1.380064,53.133180,3.723392,3.723392,136.927296
7.664591,1.762656,57.241708,3.549434,3.549434,139.416347
6.841621,1.494292,10.593685,3.468414,3.468414,128.225305
6.595708,1.363487,9.993796,2.388696,2.388696,63.737801
6.681015,2.147744,8.692852,2.098056,2.098056,51.542625
6.253066,1.455743,7.949792,5.713223,5.713223,80.691452
6.161777,0.987224,7.028976,1.920873,1.920873,40.450422
8.838388,1.165547,71.063146,7.064639,7.064639,365.078598
9.713104,1.120439,20.557160,12.996429,12.996429,274.332528
12.359205,1.342437,32.363625,8.934150,8.934150,277.500626
9.759120,0.819247,22.161316,12.079464,12.079464,264.304662
8.866159,1.073128,21.931360,17.710420,17.710420,253.548351
13.147111,1.854249,28.797463,22.265295,22.265295,276.673595
9.261998,1.590087,26.001455,9.582653,9.582653,245.946687
10.558042,1.196020,21.184796,10.534247,10.534247,253.994170
8.883587,1.117465,20.623305,16.104083,16.104083,293.528502
10.989228,1.355953,25.110224,23.567716,23.567716,289.155589
10.177069,1.772958,22.261240,14.517220,14.517220,243.049783
9.560485,1.431565,20.707376,16.722729,16.722729,230.156213
11.183378,1.538108,29.083493,8.855151,8.855151,252.163875
10.448277,1.526654,21.736943,6.839623,6.839623,236.404745
8.523767,1.231313,19.333978,14.657764,14.657764,210.111984
8.961356,1.427581,74.714945,57.921245,57.921245,275.058808
7.938666,1.412404,19.272303,12.754054,12.754054,222.877273
9.236371,1.529759,16.724450,12.820809,12.820809,184.249151
8.334013,1.713966,66.891194,56.543204,56.543204,270.072839
9.359353,1.629114,19.539393,9.248056,9.248056,209.109442
9.992711,1.627562,16.523519,13.826086,13.826086,190.556118
8.763794,1.447372,66.305960,6.419925,6.419925,198.951466
9.152891,1.554489,19.326226,57.296404,57.296404,189.142607
7.316784,1.169704,14.878903,60.539054,60.539054,152.597450
8.039704,45.104325,15.043504,4.888895,4.888895,156.265996
7.763013,1.376612,17.944913,6.460928,6.460928,100.565022
7.707647,1.251093,13.588879,7.127291,7.127291,158.163875
7.805384,1.241442,63.304837,5.080984,5.080984,187.400285
8.292244,1.276453,16.986903,7.178932,7.178932,118.753368
7.628206,1.266487,13.642096,52.762566,52.762566,156.671434
7.423336,1.126345,60.529615,4.370896,4.370896,169.115934
7.965394,1.506255,16.136163,55.027851,55.027851,184.425487
7.775078,1.143411,13.710392,43.576337,43.576337,154.585448
7.363561,1.200808,60.380387,5.201683,5.201683,172.477750
7.792748,1.498863,13.403653,3.601707,3.601707,118.034536
7.658012,1.992393,13.352242,7.872920,7.872920,110.456199
7.830191,1.452887,14.356484,51.994463,51.994463,181.776992
7.329419,1.529477,14.000088,53.419807,53.419807,145.527219
7.144333,1.378522,63.443433,5.980296,5.980296,171.846153
7.442648,1.219198,13.319540,7.081693,7.081693,116.591147
7.300640,1.067657,12.955901,7.007047,7.007047,175.277080
7.208960,1.405891,14.531355,11.157606,11.157606,175.923552
7.164493,1.338908,13.824545,6.814687,6.814687,179.266860
7.009439,1.572945,13.900647,12.497523,12.497523,188.627737
7.499143,1.095753,61.534371,56.316681,56.316681,273.769276
10.851149,1.490590,19.277323,4.936358,4.936358,197.050944
13.357899,1.230162,17.758557,71.498024,71.498024,202.743932
11.459797,1.522291,18.226944,5.520137,5.520137,136.087793
9.966134,1.200525,14.239250,10.288443,10.288443,110.129687
8.775195,1.078437,13.637332,51.668942,51.668942,143.011257
8.685306,1.133913,56.673423,3.026331,3.026331,149.471730
8.020466,1.060818,13.652606,4.084630,4.084630,150.792737
7.496333,1.219035,63.100068,7.679041,7.679041,187.814501
7.832144,1.233225,63.980707,4.416937,4.416937,166.191116
10.171848,1.028738,17.064492,53.380549,53.380549,179.557510
8.272513,0.816153,15.154768,61.722589,61.722589,146.796737
7.916649,0.853205,66.443301,3.660286,3.660286,170.671486
8.292489,0.816131,62.752902,6.928438,6.928438,169.328671
7.885156,1.083692,15.015072,10.657113,10.657113,146.871423
9.307352,1.111190,17.354688,55.028860,55.028860,187.908601
11.753607,1.365637,21.489940,58.453222,58.453222,190.330007
8.501110,1.082661,15.522943,4.727096,4.727096,111.664732
9.785467,1.062240,17.022381,53.454722,53.454722,182.905488
8.131080,1.173255,13.816934,6.460375,6.460375,114.626306
7.756945,1.382648,14.327705,56.191161,56.191161,189.058733
8.213943,1.417670,14.683406,47.722468,47.722468,185.561375
8.830518,1.305754,16.794381,12.473499,12.473499,208.284171
8.534906,1.365202,15.092563,5.986538,5.986538,201.653681
8.653954,1.292216,14.039073,5.246920,5.246920,165.480237
8.056757,49.665606,14.169455,6.622870,6.622870,194.890568
8.297515,1.366624,16.887211,12.757213,12.757213,203.634750
8.617445,1.214084,14.026874,8.766271,8.766271,179.038732
7.479933,1.209069,64.725813,5.614596,5.614596,195.790981
8.529716,1.612494,15.142175,15.308155,15.308155,223.931883
8.638748,1.448762,14.589490,7.828541,7.828541,192.256269
7.826533,1.712848,69.372578,64.365827,64.365827,288.201937
8.804062,1.344467,19.243339,14.779037,14.779037,218.306182
8.544806,1.211370,16.356553,13.525719,13.525719,197.556378
8.311389,1.349135,15.610292,7.075331,7.075331,199.209128
9.112539,1.191396,14.659576,10.429996,10.429996,190.555653
8.287568,1.266661,14.448023,12.373938,12.373938,190.939370
8.096243,1.695792,14.446504,7.425126,7.425126,197.247784
7.718329,1.150208,13.677791,53.162235,53.162235,283.059433
7.506721,1.288710,14.371813,11.047189,11.047189,213.879833
7.678933,1.131654,14.332774,12.813861,12.813861,198.998183
7.345583,1.257455,14.724606,4.775873,4.775873,182.209978
51.817694,1.475869,15.213760,5.676736,5.676736,181.591093
7.561122,1.335728,67.539824,7.492001,7.492001,186.619652
8.204640,1.734647,14.938015,9.036937,9.036937,188.625202
7.458086,1.230933,66.910958,4.723297,4.723297,177.806559
8.286962,1.466468,16.323604,57.822785,57.822785,191.880121
8.627726,1.479571,15.710091,55.950275,55.950275,175.704105
7.932437,1.274174,64.397165,3.943033,3.943033,175.916151
51.267938,2.097676,12.184737,4.411898,4.411898,135.861941
8.300055,1.269592,12.518466,2.832050,2.832050,61.614049
7.387803,1.156829,9.041453,4.331000,4.331000,61.426953
7.241517,1.052328,10.440721,2.780548,2.780548,52.662375
7.558451,1.194066,10.258458,4.287738,4.287738,62.977047
7.552263,1.219589,8.927051,2.721827,2.721827,58.698363
7.870468,1.126703,9.092184,2.795812,2.795812,52.001769
7.790527,1.064563,11.539763,6.402023,6.402023,143.142893
7.415096,1.170899,11.846622,3.797084,3.797084,144.863791
7.964872,1.046422,12.995310,6.802950,6.802950,82.192583
7.518403,1.236556,13.180450,8.439838,8.439838,111.773760
8.531855,1.147526,13.339775,7.908908,7.908908,111.212086
8.013313,1.797949,12.118243,10.332551,10.332551,108.774462
7.854198,1.487008,13.303484,7.765987,7.765987,109.817914
10.625735,1.964927,20.428764,5.354623,5.354623,134.034466
9.718887,2.193198,13.401829,10.072579,10.072579,105.329691
7.375927,1.384396,11.568836,10.729310,10.729310,114.842138
8.561367,1.477215,13.756314,5.062030,5.062030,121.800857
8.891280,1.572967,13.733798,48.957266,48.957266,170.022756
7.389975,1.441217,62.533494,6.989025,6.989025,175.211987
7.986562,1.583953,14.949653,12.250231,12.250231,214.763641
9.900405,1.543828,15.422057,4.605476,4.605476,195.141662
8.162160,1.450813,16.881219,59.261231,59.261231,181.501443
7.553928,1.379185,13.849264,55.291517,55.291517,147.745459
7.127641,1.212901,65.661973,3.726150,3.726150,159.301940
9.573219,1.493967,15.995956,8.948633,8.948633,116.435037
8.766413,1.404219,14.391061,15.746394,15.746394,222.431325
8.935465,2.164354,14.319379,4.918435,4.918435,138.290632
7.785561,1.443193,13.698592,62.991160,62.991160,200.144797
56.273436,2.960102,13.495355,7.563391,7.563391,199.575794
9.044710,1.427668,12.861443,10.205348,10.205348,192.688990
9.258219,1.493760,13.424995,58.874413,58.874413,169.647554
8.491149,1.671291,14.591237,59.014287,59.014287,188.465937
8.757663,1.548453,14.496692,5.063028,5.063028,117.374199
7.970832,1.525884,13.923184,8.329855,8.329855,118.555369
7.656070,1.684459,13.335953,9.383746,9.383746,108.096290
7.727860,2.334633,12.954144,10.074100,10.074100,109.993587
7.927821,1.466066,13.004266,8.078329,8.078329,91.534046
7.806612,1.525807,12.911121,6.812211,6.812211,101.204166
7.351011,1.507635,13.645571,3.253636,3.253636,79.215549
7.704086,1.982535,13.476230,62.628684,62.628684,159.444567
6.800780,1.280241,13.205420,10.829045,10.829045,104.826422
58.553597,1.086253,13.673156,3.897502,3.897502,149.079595
7.780524,1.986531,13.316532,5.021787,5.021787,80.899471
7.856919,1.547086,14.499296,8.766999,8.766999,100.989421
7.589695,1.447394,68.651048,4.566143,4.566143,156.831299
8.222220,1.610062,13.368664,4.283797,4.283797,73.073425
7.822299,1.438025,15.779560,7.708754,7.708754,87.873630
7.446828,1.371140,13.912599,3.936401,3.936401,90.882623
7.907769,1.532159,16.316667,6.815110,6.815110,92.055151
8.187379,1.346106,13.645159,10.974355,10.974355,95.149941
7.336573,0.991924,12.940455,4.343061,4.343061,174.007217
9.330654,1.659967,20.505028,4.153783,4.153783,145.275135
8.506010,1.659620,16.205154,5.310060,5.310060,198.027778
8.080403,1.335868,14.840582,60.760992,60.760992,196.816986
7.796667,1.204271,68.863479,7.038181,7.038181,190.392940
8.695663,1.310498,13.466596,11.814989,11.814989,183.459293
7.876102,1.261526,65.245810,7.388769,7.388769,191.536480
8.691636,1.513279,12.872778,15.694909,15.694909,221.301159
9.029999,2.007082,13.001259,52.745107,52.745107,169.736334
8.494815,1.644172,13.356775,57.591180,57.591180,186.663513
7.674199,1.470919,65.526521,6.582050,6.582050,184.672570
8.023865,1.360773,13.543989,11.176137,11.176137,109.694053
7.800282,2.056108,14.165590,12.835638,12.835638,94.740632
8.435082,1.732128,14.231086,10.264136,10.264136,112.951720
9.539152,1.579383,15.004382,12.446001,12.446001,183.738551
7.432444,1.159685,68.482100,4.250002,4.250002,151.632569
8.030932,1.004344,12.530960,9.022987,9.022987,87.370068
9.027275,1.128994,12.865991,3.920844,3.920844,76.782604
7.251288,1.212662,12.617344,9.283362,9.283362,109.117168
7.385871,1.184947,67.900921,4.638401,4.638401,158.665168
7.711610,1.284052,14.661271,6.639436,6.639436,121.944740
9.606949,1.433042,14.575496,65.887366,65.887366,172.784509
8.334523,1.256532,13.259700,12.922748,12.922748,179.686579
7.181939,1.140621,12.697288,11.109253,11.109253,134.268999
7.534133,1.026708,68.936672,4.953630,4.953630,185.686590
7.270905,1.255772,13.306805,65.131849,65.131849,204.351592
9.269180,1.267616,13.833566,65.075812,65.075812,177.567102
8.544590,1.196888,14.167186,6.638122,6.638122,202.242222
9.609206,1.145724,13.595610,10.107199,10.107199,203.629700
7.487887,1.258149,14.940892,17.186472,17.186472,214.134908
8.200971,1.300684,12.580714,63.935132,63.935132,207.349842
7.369913,1.988637,73.741454,3.027677,3.027677,171.046945
6.851239,1.430132,13.097543,3.293457,3.293457,167.636036
7.045726,1.345075,12.874069,2.853415,2.853415,73.932814
7.359891,2.130071,20.156557,5.697829,5.697829,99.830430
8.055413,1.444809,13.927266,3.902725,3.902725,72.782826
6.945264,1.365538,14.897239,2.718071,2.718071,159.160860
7.217405,1.451259,15.858582,6.459778,6.459778,98.329549
7.528184,1.315340,16.156084,10.169632,10.169632,92.222606
8.108662,1.290045,14.785344,16.430592,16.430592,98.106911
7.588652,1.406217,13.889150,5.275743,5.275743,182.708329
6.759744,1.371379,74.395602,3.240816,3.240816,158.582706
7.609877,1.307762,13.710642,9.075358,9.075358,90.096750
8.694968,1.525319,14.790664,3.786922,3.786922,78.709209
6.947913,1.080315,12.468756,5.117699,5.117699,75.891738
6.672493,1.084180,13.232517,7.331895,7.331895,108.578981
7.445971,1.259084,11.959917,4.092859,4.092859,75.933698
7.149783,1.289719,14.893929,9.304236,9.304236,98.106694
7.432934,1.202066,13.007643,3.909433,3.909433,79.399041
7.845042,1.276844,13.825272,5.240862,5.240862,111.292188
6.751787,1.130459,73.959239,5.955652,5.955652,168.763249
7.830176,1.958272,15.084598,5.961698,5.961698,118.486040
7.661660,1.272578,16.503285,6.258299,6.258299,116.528822
7.412511,1.265781,15.311314,3.864207,3.864207,111.360457
7.034959,1.275356,14.149165,2.414252,2.414252,73.330333
7.114913,1.756631,75.673486,8.150307,8.150307,182.731811
7.492489,1.128375,17.351800,63.212083,63.212083,190.774610
7.396413,1.044566,13.124900,9.441609,9.441609,122.567318
6.899374,1.156472,9.458545,4.369473,4.369473,109.438346
8.903092,1.804398,9.448850,1.500643,1.500643,63.599364
6.948807,1.706595,7.638048,3.200702,3.200702,57.234745
9.187653,2.225419,6.091310,2.245731,2.245731,48.145422
7.266920,1.636377,6.307695,1.997040,1.997040,55.314908
7.596079,1.590108,8.465297,2.855705,2.855705,58.447327
7.743516,1.646419,7.900880,2.310239,2.310239,52.617176
6.755417,1.245165,8.540833,6.490892,6.490892,106.380656
7.403218,2.323635,69.759231,5.004036,5.004036,146.705348
8.282740,1.475186,10.930289,10.434002,10.434002,89.464684
10.176309,1.733246,15.622928,9.109749,9.109749,96.908655
9.198812,1.519902,12.239365,2.837999,2.837999,78.820126
8.018110,1.452051,13.186092,3.147822,3.147822,166.471009
7.878098,1.579274,11.737052,3.261204,3.261204,78.988667
7.521920,1.312908,12.452949,3.703948,3.703948,85.685901
7.359350,1.670748,10.850279,6.245879,6.245879,100.872979
7.931521,1.608998,71.280317,4.743424,4.743424,181.294504
7.373560,1.596318,10.625200,10.068454,10.068454,127.182323
7.830940,1.710166,12.842922,7.864898,7.864898,85.338929
7.296774,1.791425,10.668320,3.620737,3.620737,72.254370
64.152472,1.745156,9.689422,1.846129,1.846129,140.870872
6.906247,1.642109,7.725354,1.640839,1.640839,51.402728
7.040494,1.499601,10.292199,1.907173,1.907173,52.877913
8.077645,1.660174,10.049836,2.550713,2.550713,52.011269
6.556256,1.287440,9.916999,7.674372,7.674372,107.387211
7.320261,1.242951,11.614367,4.455454,4.455454,150.757642
67.175460,1.330180,16.533301,3.175821,3.175821,150.941672
8.632644,1.652878,15.109640,5.348446,5.348446,83.297413
7.391581,1.119799,13.208025,2.657363,2.657363,72.494529
7.122317,1.141337,12.444514,3.081035,3.081035,161.060184
8.358559,1.487898,14.151911,9.775707,9.775707,91.938785
8.964584,1.887035,14.462712,5.730430,5.730430,199.867079
6.903566,1.330842,11.214101,9.491505,9.491505,121.611781
8.707844,1.512628,13.856006,9.143468,9.143468,90.338590
7.139425,1.427733,14.919821,8.989430,8.989430,91.157598
8.632698,1.390768,14.016351,8.924434,8.924434,120.501591
7.480624,1.623404,16.376821,4.275383,4.275383,115.274168
7.584506,1.935279,15.837174,6.885099,6.885099,115.322814
7.802497,1.042861,13.136810,57.769188,57.769188,163.328833
7.989531,1.823819,15.807385,4.727878,4.727878,114.330070
8.501415,1.345324,14.912981,7.388042,7.388042,137.050124
7.938101,1.287928,82.552564,6.915790,6.915790,184.231402
7.861707,1.208364,15.576669,5.450255,5.450255,122.580943
7.214323,1.317272,12.181024,10.440472,10.440472,115.400447
7.380432,1.279156,11.005501,6.199643,6.199643,105.689736
6.813829,1.478117,11.461480,2.451955,2.451955,63.463142
7.716606,1.432119,8.781948,2.939298,2.939298,59.819945
7.017827,1.349927,8.098880,6.067579,6.067579,65.093253
6.894370,1.326478,7.748097,9.364433,9.364433,101.192397
6.825087,1.639395,67.177576,4.402725,4.402725,135.339577
7.116323,1.467739,9.834113,2.683191,2.683191,67.188172
7.727372,1.222108,14.415065,2.551853,2.551853,70.540796
8.585887,1.604938,12.065439,3.626892,3.626892,69.343691
7.230412,1.374039,11.099753,9.982603,9.982603,113.495467
7.926344,1.179225,12.992791,3.981411,3.981411,76.439757
7.947654,1.242398,12.144797,8.497756,8.497756,98.842741
7.261069,65.424493,17.656942,3.344014,3.344014,177.435887
7.841851,1.412491,12.329189,6.522352,6.522352,125.419299
8.075290,1.277777,13.369424,77.935753,77.935753,207.084426
8.992535,1.704695,12.777754,9.086637,9.086637,204.510814
7.463416,1.342773,11.347925,7.604046,7.604046,188.829059
7.477953,1.493630,12.697352,4.409228,4.409228,197.591576
69.028178,1.681724,15.135607,5.119101,5.119101,197.146236
7.853271,1.743071,13.392623,7.442268,7.442268,136.221594
7.696964,1.457425,15.150764,72.406705,72.406705,204.995068
8.260343,1.667024,14.830887,5.726489,5.726489,204.607610
8.093973,1.539628,13.896727,65.570599,65.570599,188.376186
7.893463,1.611322,14.000772,4.099004,4.099004,95.050229
7.638385,1.612081,13.238097,14.183644,14.183644,209.286364
7.440174,1.649306,77.841577,3.724109,3.724109,185.510428
64.965116,2.966452,15.495716,7.883940,7.883940,202.297068
7.485095,1.860600,14.940740,5.698655,5.698655,121.058391
7.729392,1.374328,76.146175,5.388712,5.388712,172.503742
7.334543,1.420276,12.963566,12.825575,12.825575,126.224313
9.095487,1.605220,15.276390,9.892932,9.892932,205.009119
7.973742,1.648113,15.766185,72.393991,72.393991,221.771349
8.282891,1.605416,82.407893,10.549955,10.549955,215.076406
9.531825,1.659468,13.552435,10.701323,10.701323,213.646654
7.874572,1.986563,16.237612,7.985596,7.985596,211.013652
8.789114,1.984254,12.942963,13.070586,13.070586,237.710055
6.510107,1.628160,81.116827,5.661755,5.661755,192.451187
7.606924,1.639743,14.925888,10.483495,10.483495,209.346866
7.963588,1.633739,13.217872,4.119783,4.119783,97.127448
6.687779,1.397043,82.578802,6.924432,6.924432,197.952717
6.866286,1.614003,14.583486,8.601432,8.601432,125.987921
7.598556,1.637376,13.483847,4.784308,4.784308,78.501936
69.198279,1.245698,13.377370,3.957038,3.957038,156.596220
6.824928,1.425627,11.565483,9.310469,9.310469,121.184837
6.644441,1.566702,12.414942,10.788904,10.788904,110.826454
6.908321,1.739011,15.805007,3.334091,3.334091,65.528551
7.184567,1.372888,11.958941,14.016698,14.016698,124.572131
6.972676,1.404078,12.834238,5.437032,5.437032,79.681625
68.753927,1.538509,11.332140,3.529393,3.529393,145.904874
7.415465,2.412862,11.830468,5.519094,5.519094,78.441436
7.227556,1.500078,12.142713,3.684821,3.684821,65.647807
66.970290,1.619876,16.149820,4.619424,4.619424,158.018840
7.127549,1.763047,12.534164,9.280330,9.280330,123.579738
8.281771,1.308587,14.674808,4.722406,4.722406,78.540187
7.368645,1.210079,84.823046,6.498979,6.498979,176.480333
9.996119,1.315546,12.662483,8.721968,8.721968,92.689920
7.031831,1.335944,9.607904,12.570879,12.570879,124.919448
7.238651,1.696520,9.658581,14.044793,14.044793,130.583918
8.522541,1.960910,9.913917,3.400119,3.400119,58.286883
6.744665,1.348689,77.284950,7.965860,7.965860,141.105051
7.052089,1.612222,7.173851,3.988413,3.988413,58.175218
9.679109,1.412035,20.647352,11.306313,11.306313,316.623907
14.835553,1.191265,23.952501,70.527997,70.527997,449.029290
13.782452,1.319227,31.246141,10.759956,10.759956,341.768119
10.532032,1.247609,23.871981,15.156972,15.156972,365.823742
80.862313,1.240595,32.231988,12.580367,12.580367,485.327850
73.521879,1.556248,45.869716,13.271773,13.271773,460.045669
10.895592,1.506973,110.446349,11.613933,11.613933,455.572443
11.678202,1.550461,28.103592,10.685516,10.685516,369.153719
12.489241,2.074433,29.515086,17.557751,17.557751,348.356683
11.654406,2.022193,27.140112,9.830042,9.830042,327.653566
11.794899,2.201408,24.668757,73.456144,73.456144,202.994398
10.213698,1.502435,19.929902,9.746081,9.746081,187.809259
9.523302,1.669401,91.078305,77.594176,77.594176,322.751662
9.149485,1.617520,18.307302,69.071483,69.071483,333.444682
8.838856,1.794703,25.468515,15.884865,15.884865,240.373699
8.292217,2.351665,89.104816,15.937061,15.937061,362.973857
8.609671,1.647679,21.730815,23.837339,23.837339,274.111668
7.732671,1.226764,90.424213,12.754217,12.754217,400.217529
9.205946,1.109333,24.769925,12.892991,12.892991,404.358081
68.000103,0.988060,31.888920,13.072888,13.072888,451.308789
11.352890,0.877067,33.357547,18.250980,18.250980,481.236180
11.289226,0.741104,93.722316,61.388242,61.388242,570.332031
19.609462,0.993357,35.005021,15.570177,15.570177,507.771045
61.091880,0.697202,26.756467,11.172337,11.172337,604.937903
10.675551,0.665958,24.330316,16.473039,16.473039,492.306508
11.445782,0.754273,102.083860,50.525031,50.525031,551.171187
13.666099,0.913587,27.177272,14.389401,14.389401,523.882141
9.523140,0.909721,29.732143,68.573220,68.573220,446.887354
9.388611,0.700198,23.397427,61.132601,61.132601,576.384185
9.882391,1.011313,19.633563,47.811987,47.811987,413.579918
10.199042,1.249822,20.447838,11.478731,11.478731,377.954024
9.764751,1.176709,19.194444,10.252585,10.252585,443.213364
66.581348,1.262970,28.687266,10.240730,10.240730,465.280771
10.002069,1.088457,27.562110,61.014064,61.014064,461.779644
12.285580,1.617444,27.809103,64.094642,64.094642,435.100446
10.483152,1.221955,23.698913,20.311441,20.311441,470.425959
9.908228,1.457609,97.490849,10.774982,10.774982,453.606355
9.393322,1.163907,92.542526,16.933013,16.933013,455.255140
9.995641,1.200113,25.322240,18.698470,18.698470,308.774926
9.970043,1.024102,27.751463,13.462460,13.462460,370.016640
11.112586,0.914771,23.337610,10.783318,10.783318,321.147550
10.427718,1.144269,26.003789,15.334209,15.334209,344.371955
9.435292,1.076266,22.741250,10.283524,10.283524,362.738918
9.588932,1.147038,22.143402,9.527297,9.527297,331.634707
8.997529,0.949228,89.989630,84.011529,84.011529,589.331325
9.529230,1.207354,96.826506,81.279019,81.279019,562.679916
10.432720,1.287016,25.786970,16.295042,16.295042,522.446384
10.119336,1.204531,24.033032,21.377210,21.377210,519.820656
10.329946,1.165525,23.839684,70.635728,70.635728,476.216633
10.743977,1.041635,24.753705,16.683278,16.683278,514.953411
11.205872,1.254306,24.624181,57.203506,57.203506,467.556210
10.564959,1.166231,21.234484,15.555533,15.555533,484.178132
10.288746,1.226428,29.594476,63.459884,63.459884,449.683796
10.857445,1.286365,25.588672,58.244968,58.244968,463.370088
10.583686,1.273771,26.502650,66.262797,66.262797,447.975650
12.977202,1.005723,24.487347,79.359003,79.359003,475.788774
12.952526,1.022908,28.031237,77.085947,77.085947,445.192257
72.456078,0.881355,25.672135,27.259441,27.259441,402.021480
11.178852,0.855072,26.404662,76.953773,76.953773,430.615405
9.539966,0.796428,20.728870,11.376943,11.376943,448.989557
9.942404,1.013713,21.882019,13.763099,13.763099,311.183347
10.052452,1.346529,21.136030,79.078676,79.078676,425.321040
11.898613,1.103211,28.173966,13.002639,13.002639,525.693101
9.986212,1.565237,29.955833,10.471846,10.471846,380.091635
9.541454,65.852141,27.299099,9.712904,9.712904,426.199171
9.159817,1.246121,90.682318,12.314478,12.314478,417.411264
72.934518,0.986747,24.633582,78.898507,78.898507,554.498818
9.938472,1.460052,90.171862,15.708018,15.708018,486.069008
11.850878,1.419515,21.940588,15.868950,15.868950,475.589804
78.515785,1.267931,31.982336,74.138027,74.138027,576.280668
10.227778,1.382105,99.564870,81.568899,81.568899,570.441602
11.195298,1.255370,24.846301,59.824046,59.824046,444.924885
13.334445,1.411438,26.067308,76.441374,76.441374,445.971270
10.159037,1.381802,97.030353,12.830915,12.830915,458.271345
9.886809,1.163310,94.145238,10.416783,10.416783,428.559478
10.685886,1.404815,26.144820,13.639339,13.639339,352.194001
10.105085,1.227741,19.817488,85.349690,85.349690,407.046313
11.135562,1.507840,21.804365,13.132553,13.132553,347.860727
10.182258,1.299164,19.689744,11.974996,11.974996,333.014832
10.519374,1.278049,24.386997,16.434489,16.434489,334.198640
11.441179,1.585472,20.997984,10.606668,10.606668,275.902254
9.469976,1.458673,24.032208,10.838641,10.838641,294.829615
9.585595,1.533689,24.173564,21.619704,21.619704,251.071116
9.664519,1.383886,21.578861,25.627733,25.627733,274.181940
75.597658,1.610800,26.120253,13.674111,13.674111,366.288040
8.341765,1.399127,20.299967,23.250792,23.250792,376.098040
9.131721,1.448034,18.573017,21.284411,21.284411,271.671870
9.273170,1.481895,87.750115,21.580914,21.580914,372.624451
7.204650,1.852230,17.035604,22.010534,22.010534,226.140497
7.439414,1.487876,91.244773,86.569566,86.569566,321.165046
8.864086,2.190126,16.284132,20.931317,20.931317,261.797471
7.587730,1.343664,15.817846,86.168920,86.168920,321.179931
8.701313,1.239075,17.853987,17.936164,17.936164,239.072731
7.235242,1.280155,14.374202,14.154160,14.154160,227.006609
7.975283,1.455091,15.095202,10.994807,10.994807,116.566982
7.611071,1.474773,84.703841,4.441156,4.441156,181.570163
7.277147,1.507070,16.262257,14.497614,14.497614,99.074041
7.727818,1.559147,17.139518,14.603516,14.603516,101.420812
7.807799,1.700591,16.072676,14.290446,14.290446,108.115768
8.426987,1.630081,19.488938,74.739012,74.739012,210.694015
7.924703,3.915015,17.470674,11.892892,11.892892,114.972367
9.363511,1.646702,15.473971,80.260452,80.260452,184.641578
7.359860,1.345563,13.834826,14.758303,14.758303,158.344252
7.177075,1.616043,15.085832,14.738164,14.738164,150.369823
7.493586,1.131176,14.024808,18.453154,18.453154,146.757014
8.340173,1.389531,15.583379,8.154018,8.154018,144.694505
7.374668,1.244677,13.904598,17.028341,17.028341,213.071008
7.392645,1.198104,87.597849,12.991435,12.991435,236.154411
8.203066,0.932216,94.494946,15.215877,15.215877,245.022650
8.526601,1.029085,15.453518,90.873623,90.873623,234.803896
8.413306,1.000903,21.658709,15.143576,15.143576,238.560585
7.717494,1.019206,14.561209,16.828979,16.828979,158.794510
8.629916,1.091899,17.813457,16.961152,16.961152,244.606395
76.033939,1.192275,20.456299,84.669889,84.669889,308.579896
7.461474,0.971091,15.563785,18.815434,18.815434,190.333003
8.139971,1.072683,15.323929,19.581605,19.581605,371.891757
7.783249,1.145864,16.167341,20.387955,20.387955,365.798316
8.306373,1.189040,91.106043,20.815133,20.815133,379.572785
7.838160,1.216875,86.408308,77.138121,77.138121,337.436046
72.425311,1.323872,18.680895,17.625809,17.625809,353.990884
10.165432,1.460442,14.784412,18.789922,18.789922,257.840422
9.170790,1.115642,14.549506,19.434223,19.434223,236.920198
8.041517,1.846454,85.057897,87.465928,87.465928,335.171989
8.639320,1.523853,14.580740,80.399819,80.399819,219.924695
9.590491,1.423358,13.373180,84.015762,84.015762,200.289726
76.930888,1.575539,15.947983,15.591727,15.591727,226.886770
75.499025,1.404469,13.979045,6.045996,6.045996,165.021141
8.797917,1.322700,10.961023,6.041883,6.041883,75.465701
74.012358,1.711469,9.926694,6.883200,6.883200,161.820589
7.844439,1.557974,10.425164,5.032762,5.032762,70.479290
8.234998,1.889618,83.402826,7.781208,7.781208,160.161290
7.148893,1.872378,10.556275,3.470792,3.470792,69.291678
7.211326,1.855726,8.094277,4.753324,4.753324,78.137504
7.946519,2.354858,9.427453,11.722396,11.722396,129.362196
6.840654,1.824254,8.887903,11.975018,11.975018,122.623736
6.905249,1.690223,9.206932,16.238449,16.238449,140.849422
7.371138,1.423576,10.046622,16.040260,16.040260,137.548626
8.668277,2.135086,13.398519,11.374511,11.374511,131.223838
7.776887,1.497918,10.658897,14.910744,14.910744,130.794202
6.899984,1.550972,11.284155,14.055042,14.055042,130.152062
7.406975,1.641730,10.586790,10.754475,10.754475,130.245566
7.239704,1.469595,10.251976,14.005615,14.005615,128.332043
7.013517,1.683384,11.296868,11.003730,11.003730,125.821681
7.012572,1.640633,11.426458,13.855050,13.855050,133.024453
7.484738,1.634358,12.684629,15.975488,15.975488,134.880879
8.285551,1.552340,12.106431,5.781303,5.781303,185.569213
7.478148,1.485304,11.530232,12.190646,12.190646,199.844200
7.348461,2.195532,12.868955,7.993054,7.993054,187.432992
6.993944,1.632795,12.077153,16.501851,16.501851,138.966091
7.293691,1.649415,11.643581,5.727575,5.727575,191.245494
6.823806,1.656559,11.900794,15.286246,15.286246,129.718087
7.272327,1.575691,11.822229,12.762816,12.762816,135.493354
7.044511,1.667176,12.780164,14.472775,14.472775,129.821233
7.186437,1.556639,12.116832,12.094718,12.094718,129.868787
7.559047,1.627334,14.955537,8.697910,8.697910,185.488116
7.373669,1.427603,12.387703,15.430828,15.430828,132.744385
7.486338,1.588632,13.053335,14.617195,14.617195,130.527178
6.736815,1.586353,12.494419,11.444860,11.444860,133.698727
7.299359,1.437536,11.859976,14.045912,14.045912,133.629357
6.702065,1.653378,11.368530,14.275074,14.275074,133.072231
7.316077,1.601605,10.529405,14.291326,14.291326,129.660192
6.803428,1.578276,11.173347,13.555855,13.555855,136.676509
6.995442,1.698767,11.235639,13.901428,13.901428,130.303679
6.685900,2.193933,11.498992,13.789946,13.789946,131.792356
6.521093,1.706823,10.619381,13.203249,13.203249,131.527849
6.540450,1.794833,10.836568,13.499262,13.499262,136.474247
6.771935,1.772209,11.232970,15.819718,15.819718,143.416616
7.567343,1.840831,12.014892,14.604536,14.604536,141.710120
7.665330,1.632882,11.762476,16.664216,16.664216,139.192863
7.190244,1.772915,9.889001,13.655981,13.655981,130.713389
7.103415,1.707127,11.083350,13.609974,13.609974,128.007931
6.911567,1.677218,11.212766,14.766716,14.766716,131.808272
6.954687,1.460258,11.022730,11.617147,11.617147,127.985222
7.233419,1.481145,85.901395,6.573681,6.573681,165.140818
6.909960,1.736731,10.957973,13.214496,13.214496,125.202349
78.021169,1.751854,16.685460,10.063774,10.063774,187.748972
80.609057,2.750597,17.246745,7.330591,7.330591,180.216798
7.333904,1.720609,87.061788,5.593427,5.593427,188.134182
7.323470,2.347693,88.544430,5.452752,5.452752,185.829228
7.310996,1.903699,12.135961,7.405065,7.405065,187.063246
7.697892,1.578579,11.554994,16.224327,16.224327,134.714030
7.011748,1.641121,11.695603,15.356540,15.356540,135.140846
6.789468,1.821680,12.108484,14.906424,14.906424,130.058699
7.171278,1.528662,11.531112,6.318757,6.318757,181.134245
7.173765,1.707289,13.594417,6.650705,6.650705,201.933432
6.972622,1.631959,11.967365,11.940463,11.940463,138.967631
6.831166,1.636551,12.305794,12.725698,12.725698,131.271002
7.231735,1.690311,12.653743,14.235492,14.235492,133.450914
7.116813,1.630037,12.355168,17.160878,17.160878,143.400200
6.935292,1.599021,12.323153,16.056956,16.056956,145.439768
7.340058,1.524993,12.235783,15.765632,15.765632,137.015265
7.475814,1.602105,12.923388,10.420931,10.420931,161.821470
7.502209,1.659837,12.319863,9.864705,9.864705,141.510400
7.686629,1.727482,12.072604,13.353194,13.353194,133.459067
7.422240,1.791457,12.765084,12.685530,12.685530,136.177878
7.020562,1.543112,11.091264,13.292323,13.292323,136.743318
6.942691,1.672626,86.791480,13.118484,13.118484,179.081102
6.649174,1.766119,10.427021,15.643186,15.643186,141.848077
7.980516,1.775488,10.726194,10.310340,10.310340,85.709840
6.667380,1.812865,10.034300,12.694282,12.694282,140.045580
6.603501,1.581229,10.766134,13.767768,13.767768,135.497795
7.000859,1.407877,10.620119,14.914230,14.914230,133.787390
6.718913,1.382800,11.683889,13.681896,13.681896,129.213288
7.237924,1.432695,10.338727,13.680484,13.680484,129.774204
6.953602,1.240519,11.552824,13.724799,13.724799,133.151567
6.961157,1.407769,10.550010,14.046335,14.046335,132.314484
6.826975,1.502467,11.237486,18.056558,18.056558,139.651513
7.112514,1.460692,11.420292,12.710532,12.710532,136.919165
7.507047,1.475760,14.565835,8.600303,8.600303,183.635671
7.307945,1.484380,11.230093,12.834249,12.834249,136.874492
6.993606,1.502054,12.580367,16.034397,16.034397,148.256668
6.763489,1.419179,12.318148,12.307477,12.307477,135.848110
6.849883,1.343088,12.651660,12.303720,12.303720,195.771697
6.666511,1.440262,12.614976,11.843909,11.843909,157.562305
6.812255,1.513692,11.105724,14.133055,14.133055,128.597181
7.113979,1.404447,11.926773,15.045164,15.045164,139.739717
6.975021,1.445233,11.965563,15.300696,15.300696,141.836017
6.924149,1.632533,12.068936,15.081999,15.081999,139.923003
7.026012,1.616120,11.768795,15.991396,15.991396,134.740959
6.773856,1.532669,12.160571,11.763616,11.763616,137.561251
6.871149,1.399812,12.022926,17.086573,17.086573,135.006489
6.759341,1.707768,11.567371,15.950349,15.950349,138.676384
6.657002,1.482763,11.381166,12.869336,12.869336,140.812804
7.349557,1.544838,11.064212,12.715992,12.715992,126.455028
7.068854,1.501935,13.507991,11.609927,11.609927,133.956087
6.597271,1.345444,11.131660,14.468346,14.468346,127.995372
6.468962,1.516341,11.405799,14.192470,14.192470,138.262841
6.662353,1.467087,11.199044,14.298002,14.298002,127.942447
6.913673,1.428146,12.594045,14.748728,14.748728,143.525372
7.054900,1.436581,12.179352,13.880573,13.880573,133.256796
6.888248,1.415758,12.337701,15.043157,15.043157,136.595763
6.710337,1.460628,12.499412,11.467657,11.467657,135.984551
6.904640,1.429460,12.882080,9.120269,9.120269,145.076854
7.397465,1.604417,12.921521,13.068925,13.068925,152.317469
7.536835,1.496757,13.442040,11.703300,11.703300,141.309667
6.393892,1.306025,13.084960,13.020192,13.020192,134.951480
7.064595,1.448957,13.412327,17.038785,17.038785,146.498562
7.444776,1.297514,12.563866,13.474467,13.474467,155.527106
7.430284,1.290544,13.015948,17.477047,17.477047,146.784014
7.308759,1.249758,13.261242,15.760009,15.760009,139.930245
7.514972,1.484294,12.934353,17.655272,17.655272,144.470821
7.220434,1.250659,12.602611,9.299308,9.299308,138.788688
7.411784,1.472721,13.033687,17.370526,17.370526,177.135336
7.250181,1.481373,12.370041,14.886090,14.886090,148.967595
7.027922,1.545652,13.007763,15.357757,15.357757,157.071619
6.794765,1.740271,13.715984,7.885633,7.885633,155.464433
7.578329,1.678477,12.567068,9.003608,9.003608,141.697904
7.522376,1.488604,96.848555,10.000744,10.000744,260.056919
8.234162,1.699408,15.251703,13.514266,13.514266,154.517880
7.378457,1.508112,12.103446,17.675150,17.675150,150.665840
7.714845,1.625586,11.946825,13.081182,13.081182,142.805350
7.573589,1.679509,13.457532,6.717285,6.717285,209.878558
7.052349,1.656146,12.342889,13.414486,13.414486,138.723551
7.507742,1.456339,12.763207,7.683416,7.683416,198.536135
7.113458,1.509132,12.362745,12.337466,12.337466,146.324678
6.907952,1.656808,13.341567,15.854663,15.854663,167.353744
7.185033,1.738968,13.135474,16.577487,16.577487,156.303461
7.961865,1.648579,13.130426,16.892129,16.892129,151.169694
7.474207,1.537294,13.980004,16.001264,16.001264,151.504095
10.564568,2.262255,15.654281,13.855268,13.855268,149.435321
7.002855,1.423815,12.540460,16.472352,16.472352,141.743018
6.824240,1.314764,12.676770,16.212415,16.212415,133.512001
7.230791,1.457512,13.090681,18.013210,18.013210,145.050724
6.910220,1.671020,13.780360,12.379535,12.379535,206.044915
6.764162,1.580533,13.025859,16.206250,16.206250,146.177980
7.167576,1.392277,12.762893,9.293369,9.293369,136.005384
7.909585,1.612201,13.854313,15.849843,15.849843,142.412415
7.095307,1.312995,13.188137,17.560491,17.560491,149.082006
6.714984,1.473014,14.052828,9.268227,9.268227,140.243782
7.178519,1.547520,12.754619,9.083521,9.083521,156.847350
7.238293,1.587395,12.298488,11.902804,11.902804,168.417547
7.275888,1.631850,12.572073,13.202750,13.202750,165.020284
7.045976,1.699224,12.311461,13.000272,13.000272,158.404525
7.532342,1.474946,12.129578,17.015032,17.015032,162.651931
7.645550,1.795203,12.903142,12.977842,12.977842,167.515663
8.091009,1.633349,12.988709,12.419654,12.419654,163.738751
7.222790,1.639905,12.555094,9.624004,9.624004,165.419149
7.628347,1.729263,12.676921,7.844054,7.844054,176.040987
7.095394,1.690766,13.266594,15.867300,15.867300,175.770916
7.507580,1.707854,15.397392,14.081209,14.081209,163.120211
7.201512,1.544122,12.601092,16.544038,16.544038,140.301383
6.829755,1.816426,13.177802,9.074641,9.074641,143.554281
6.819984,1.596622,13.467259,13.994475,13.994475,145.510306
7.068623,1.688877,13.123543,13.678997,13.678997,138.539977
7.443788,1.781807,13.543957,7.091822,7.091822,99.319542
6.792464,1.699061,12.584883,13.681764,13.681764,142.201954
7.105707,1.448533,12.628807,5.969080,5.969080,183.643757
6.858035,1.467282,12.507685,12.654298,12.654298,140.430853
7.450421,1.541810,12.766995,15.378567,15.378567,146.281080
6.859848,1.555358,12.439303,12.770544,12.770544,154.430213
7.268093,1.752983,12.753859,16.882620,16.882620,152.334623
7.268082,1.705053,12.899288,12.259134,12.259134,146.960891
6.905964,1.806254,13.415030,16.378297,16.378297,141.517604
6.838701,1.667317,12.641477,16.401128,16.401128,140.430887
7.282651,1.476543,12.565701,9.035145,9.035145,155.536781
6.997157,1.408387,12.538615,17.822977,17.822977,147.699501
6.799140,1.390171,12.003700,12.306988,12.306988,144.152398
7.119238,1.499894,12.128991,21.785309,21.785309,154.702736
6.795373,1.548009,12.462502,9.151350,9.151350,149.826683
7.224625,1.761352,12.932616,17.590883,17.590883,151.682450
7.126334,1.555260,12.352312,18.096346,18.096346,148.292548
7.140696,1.447948,12.025955,18.440800,18.440800,152.807178
7.479733,1.576267,12.814100,16.874846,16.874846,142.277567
6.851152,1.646278,12.911197,9.147267,9.147267,142.117483
8.646605,1.592399,14.957561,14.679834,14.679834,239.379392
7.139618,1.692330,13.226332,17.420421,17.420421,148.653341
7.161018,1.492697,12.931997,15.212717,15.212717,163.147643
7.878827,1.602376,13.673243,14.052351,14.052351,156.776421
6.801681,1.567549,14.185283,18.932083,18.932083,146.206792
7.071174,1.261287,13.571575,13.007513,13.007513,138.609302
7.335401,1.362227,14.155376,14.533983,14.533983,167.434383
6.502443,1.362434,14.612330,14.010858,14.010858,152.057314
8.053110,1.446298,15.311726,17.646913,17.646913,150.144279
6.353801,1.175024,15.276184,17.265689,17.265689,153.262094
7.102364,1.024265,15.007907,17.470034,17.470034,149.365699
6.983272,1.149143,15.410897,13.967216,13.967216,107.929214
6.920077,1.050418,14.321430,18.898386,18.898386,152.863838
7.962417,1.211935,14.592996,11.738192,11.738192,97.951223
7.180777,1.419721,14.675373,13.468834,13.468834,106.369481
8.282848,1.497397,13.523657,16.782329,16.782329,166.984039
7.293627,1.507569,12.325118,12.738725,12.738725,91.964101
6.770719,1.420872,13.144984,9.909498,9.909498,87.377819
6.340773,1.214096,11.680144,15.072924,15.072924,146.041562
7.991810,1.370261,13.124389,9.522368,9.522368,113.041652
7.164678,1.135584,13.312798,16.003240,16.003240,153.194407
8.936464,1.119495,12.575916,10.268348,10.268348,105.084337
7.305112,1.081510,13.959920,17.017408,17.017408,152.370446
7.941241,1.053121,14.010066,12.376271,12.376271,116.089238
7.132554,0.869989,12.892209,14.147634,14.147634,152.470010
7.530019,1.165883,13.191524,12.975324,12.975324,161.631335
11.198135,1.367923,13.748512,18.125299,18.125299,169.092856
7.731497,1.177326,11.608928,10.671870,10.671870,163.177573
7.547139,1.321180,11.733622,17.664825,17.664825,169.302711
8.257184,1.158165,12.931975,11.402229,11.402229,145.086028
7.742843,1.142770,12.834976,99.507570,99.507570,249.400790
7.490894,1.287960,11.709955,17.532272,17.532272,172.509819
7.099052,1.176305,12.211433,20.362443,20.362443,167.740808
7.299642,1.144681,11.513567,8.766164,8.766164,166.859952
10.839196,1.317555,20.138225,14.323124,14.323124,277.613426
9.588678,1.229489,110.726111,19.431302,19.431302,462.498741
9.655150,1.458000,22.915806,13.066364,13.066364,435.934746
8.749054,1.325599,106.545879,19.938597,19.938597,443.519783
8.564575,1.184632,117.373907,16.658092,16.658092,469.232284
9.460858,1.342740,25.651573,106.683054,106.683054,428.465511
9.292867,1.400462,22.187458,23.790712,23.790712,315.203446
9.261452,0.975119,20.521063,31.128003,31.128003,451.942858
10.036298,1.502586,21.308795,38.833015,38.833015,345.799783
10.662285,1.428862,26.749116,31.601036,31.601036,353.962964
9.685700,1.278081,25.081333,23.643307,23.643307,351.741658
10.560305,1.542277,124.324421,33.120829,33.120829,467.954648
11.037764,1.354725,123.622133,29.976580,29.976580,445.580807
9.886082,1.171757,22.694601,19.770785,19.770785,461.802854
9.430103,1.464666,19.668932,17.680436,17.680436,314.691256
9.455408,1.416638,19.680765,30.110435,30.110435,299.979134
7.942302,1.541006,17.424535,21.606795,21.606795,231.207107
7.803998,1.465632,16.709887,24.030318,24.030318,228.149905
